0 -4.783181480916487e-06
1 -4.641698258453026e-06
2 -4.565857948288097e-06
3 -4.670882597177746e-06
4 -4.6292313458368586e-06
5 -4.5580085775719415e-06
6 -4.5365413154080985e-06
7 -4.4790205114134395e-06
8 -4.660207717732068e-06
9 -4.500264029025072e-06
10 -4.691700333532112e-06
11 -4.642575533667503e-06
12 -4.461902516905105e-06
13 -4.583514443190273e-06
14 -4.49312898474814e-06
15 -4.351577862442217e-06
16 -4.6605267660123646e-06
17 -4.873584361822387e-06
18 -4.506055822845518e-06
19 -4.739744759945456e-06
20 -4.767233224183256e-06
21 -4.732112988921843e-06
22 -4.482407932714308e-06
23 -4.821739359479107e-06
24 -4.633695297197707e-06
25 -4.581680000601209e-06
26 -4.588356406132667e-06
27 -4.371940821766636e-06
28 -4.6187535013001575e-06
29 -4.5286465751726094e-06
30 -4.776725839984481e-06
31 -4.759511515382086e-06
32 -4.424269586890527e-06
33 -4.520581009773528e-06
34 -4.561172993500102e-06
35 -4.870379933835005e-06
36 -4.6146003158743695e-06
37 -4.665585096015834e-06
38 -4.741334990883732e-06
39 -4.586731856176902e-06
40 -4.577134125670383e-06
41 -4.355875630471674e-06
42 -4.351884160011458e-06
43 -4.38757125397434e-06
44 -4.51709626914823e-06
45 -4.606800767020863e-06
46 -4.68776911297269e-06
47 -4.476487809262774e-06
48 -4.5254177856882926e-06
49 -4.6863908664492886e-06
50 -4.596147460403447e-06
51 -4.753218892499326e-06
52 -4.451599062774145e-06
53 -4.693282080340252e-06
54 -4.431240292499841e-06
55 -4.702152783500257e-06
56 -4.5761540216611044e-06
57 -4.749396836333214e-06
58 -4.8443178374686885e-06
59 -4.527518452377032e-06
60 -4.746117750561175e-06
61 -4.690466626050256e-06
62 -4.472015682039099e-06
63 -4.45532277956218e-06
64 -4.295710967659465e-06
65 -4.654666536263864e-06
66 -4.781147349535173e-06
67 -4.644303665630955e-06
68 -4.782085201268456e-06
69 -4.39474273612041e-06
70 -4.756618752442299e-06
71 -4.797797088742827e-06
72 -4.536722790873498e-06
73 -4.479903859082176e-06
74 -4.586380719059854e-06
75 -4.533973432623349e-06
76 -4.398110058390717e-06
77 -4.4717101202527396e-06
78 -4.4145509098329855e-06
79 -4.446455538461291e-06
80 -4.8712499809868955e-06
81 -4.684218649055402e-06
82 -4.597042142030686e-06
83 -4.81844002005745e-06
84 -4.643862505173406e-06
85 -4.615595047816633e-06
86 -4.647503353422974e-06
87 -4.662111754980856e-06
88 -4.681090657662218e-06
89 -4.558617834368665e-06
90 -4.590998889231482e-06
91 -4.534516341120919e-06
92 -4.689732511901476e-06
93 -4.581926743052301e-06
94 -4.538053943674318e-06
95 -4.553105391850126e-06
96 -4.421570558035173e-06
97 -4.425437536063335e-06
98 -4.574957469226141e-06
99 -4.7051869893740375e-06
100 -4.309030212033211e-06
101 -4.671343342994359e-06
102 -4.660365283415096e-06
103 -4.505758356105821e-06
104 -4.632987942445674e-06
105 -4.747934966395255e-06
106 -4.619965628850929e-06
107 -4.5388951916033245e-06
108 -4.59813054409721e-06
109 -4.742087244909309e-06
110 -4.472669290614924e-06
111 -4.439006027624554e-06
112 -4.342201353304237e-06
113 -4.407016957519902e-06
114 -4.454313758554904e-06
115 -4.40694863188296e-06
116 -4.6382301996317365e-06
117 -4.780029486328511e-06
118 -4.896757089990694e-06
119 -4.4406820555023536e-06
120 -4.536273183410174e-06
121 -4.5256490645937324e-06
122 -4.590244427255969e-06
123 -4.808479801667496e-06
124 -4.466590539505953e-06
125 -4.445944721542252e-06
126 -4.5584185178466945e-06
127 -4.374177193861217e-06
128 -4.4030883201578186e-06
129 -4.468956817056198e-06
130 -4.706562653068987e-06
131 -4.72098265688759e-06
132 -4.543090074662164e-06
133 -4.603689326255678e-06
134 -4.445877442201362e-06
135 -4.571152714864528e-06
136 -4.581529119319466e-06
137 -4.774045512371677e-06
138 -4.470967887266036e-06
139 -4.504205092545531e-06
140 -4.484783932646245e-06
141 -4.449090323563408e-06
142 -4.687700293379723e-06
143 -4.628502980455707e-06
144 -4.539172902688752e-06
145 -4.580156340808189e-06
146 -4.585288873619916e-06
147 -4.494132765471714e-06
148 -4.595287355819907e-06
149 -4.661151851801792e-06
150 -4.8333783190843645e-06
151 -4.583217008212865e-06
152 -4.8489516628437785e-06
153 -4.615866613191541e-06
154 -4.469399638854454e-06
155 -4.421827556744157e-06
156 -4.5152575681386415e-06
157 -4.503552327306973e-06
158 -4.673766090735678e-06
159 -4.686570480767311e-06
160 -4.5796163209775125e-06
161 -4.774096167599473e-06
162 -4.6348348620860735e-06
163 -4.800052523746647e-06
164 -4.547964100681419e-06
165 -4.540864801836877e-06
166 -4.603285536219994e-06
167 -4.588750872956923e-06
168 -4.5576182500361794e-06
169 -4.6411521991338774e-06
170 -4.505104270789375e-06
171 -4.56450906355172e-06
172 -4.415001995673192e-06
173 -4.537293876517133e-06
174 -4.8302253357178384e-06
175 -4.649610114503581e-06
176 -4.848927099074881e-06
177 -4.706096750209757e-06
178 -4.738931586631289e-06
179 -4.669452272703403e-06
180 -4.462728885199776e-06
181 -4.419759374481433e-06
182 -4.576091382789435e-06
183 -4.6289954696134836e-06
184 -4.311560300577332e-06
185 -4.7427550156026094e-06
186 -4.691827955928822e-06
187 -4.608509675084292e-06
188 -4.7674487939975945e-06
189 -4.657546227050472e-06
190 -4.6102319960267865e-06
191 -4.445603398202217e-06
192 -4.595219612383254e-06
193 -4.409956965118477e-06
194 -4.679393991126465e-06
195 -4.812089241433505e-06
196 -4.621939504876115e-06
197 -4.673660758321477e-06
198 -4.83388796082157e-06
199 -4.697695347929184e-06
200 -4.352851330574687e-06
201 -4.663379979430053e-06
202 -4.6735322579701575e-06
203 -4.645440096785598e-06
204 -4.295779972655861e-06
205 -4.7199374012510995e-06
206 -4.503497568085417e-06
207 -4.515269229598149e-06
208 -4.666097329306527e-06
209 -4.654757541272944e-06
210 -4.66537905838046e-06
211 -4.4223913459608255e-06
212 -4.71557041030764e-06
213 -4.617088193244802e-06
214 -4.591355549860132e-06
215 -4.35144742913731e-06
216 -4.636225702302348e-06
217 -4.5480498719930696e-06
218 -4.527403087406372e-06
219 -4.370786410141283e-06
220 -4.510876940594319e-06
221 -4.675864864279736e-06
222 -5.021182807617379e-06
223 -4.589827121969995e-06
224 -4.390391669497613e-06
225 -4.63774172004849e-06
226 -4.712336395889524e-06
227 -4.5952112686452835e-06
228 -4.453238180927275e-06
229 -4.895130240502054e-06
230 -4.40470043950796e-06
231 -4.624317136442306e-06
232 -4.648642368413736e-06
233 -4.592382184664773e-06
234 -4.227508912934927e-06
235 -4.592530962820108e-06
236 -4.610553910477032e-06
237 -4.765870704478493e-06
238 -4.741095767870928e-06
239 -4.78759574341582e-06
240 -4.738718529546371e-06
241 -4.625386559360896e-06
242 -4.356673603996179e-06
243 -4.4917346785460384e-06
244 -4.439983126819446e-06
245 -4.656067805051449e-06
246 -4.7110641294027365e-06
247 -4.679360014166354e-06
248 -4.558991068062719e-06
249 -4.736496440478339e-06
250 -4.614192804977379e-06
251 -4.485662785446182e-06
252 -4.523883012256455e-06
253 -4.607060587723447e-06
254 -4.429924293037001e-06
255 -4.734817232150831e-06
256 -4.569563939681871e-06
257 -4.500096204405469e-06
258 -4.55573581641358e-06
259 -4.468229717226296e-06
260 -4.782044341566287e-06
261 -4.789764888972426e-06
262 -4.867288480689612e-06
263 -4.51166375707969e-06
264 -4.676091360099451e-06
265 -4.549463071349781e-06
266 -4.423012106590802e-06
267 -4.47349998246739e-06
268 -4.726941723591712e-06
269 -4.666456938427904e-06
270 -4.385606304091743e-06
271 -4.790313405075066e-06
272 -4.25373708123638e-06
273 -4.562024819736388e-06
274 -4.69642206449606e-06
275 -4.750174173946125e-06
276 -4.559378882279958e-06
277 -4.4946964711648605e-06
278 -4.471148822333604e-06
279 -4.5625283174485625e-06
280 -4.558027399073418e-06
281 -4.6098018829389065e-06
282 -4.66301312950458e-06
283 -4.694336068531409e-06
284 -4.610686414997427e-06
285 -4.590394923312879e-06
286 -4.58657640956469e-06
287 -4.6181520644791495e-06
288 -4.541141883978743e-06
289 -4.61158588337882e-06
290 -4.493934204962497e-06
291 -4.637011943900895e-06
292 -4.510267296533885e-06
293 -4.670210381828433e-06
294 -4.5344660188241e-06
295 -4.634750743897365e-06
296 -5.021259506056915e-06
297 -4.517457942189828e-06
298 -4.5637263256379654e-06
299 -4.545284290038836e-06
