0 -9.072704980554188e-06
1 -9.049396210722222e-06
2 -9.201674950887238e-06
3 -9.049720499385158e-06
4 -9.168956866628944e-06
5 -9.056369899433525e-06
6 -9.264714341848646e-06
7 -8.906021636758775e-06
8 -9.218427040405317e-06
9 -9.051825191371858e-06
10 -9.159545416481625e-06
11 -9.188807228560877e-06
12 -9.057318273503074e-06
13 -9.11086158236058e-06
14 -9.052265470006996e-06
15 -9.110923217911098e-06
16 -9.16065840685501e-06
17 -9.23247144659671e-06
18 -9.10783624216798e-06
19 -9.019286425366682e-06
20 -9.044224615637886e-06
21 -9.147029376635919e-06
22 -9.105335748622335e-06
23 -9.180739370125932e-06
24 -9.172840681373744e-06
25 -9.175029250119694e-06
26 -9.213433113077622e-06
27 -9.021094750068452e-06
28 -9.173033242699145e-06
29 -9.096219194571603e-06
30 -9.225810994210681e-06
31 -9.151119807764469e-06
32 -9.031175916422238e-06
33 -9.204353757815422e-06
34 -9.159301257657629e-06
35 -9.20840873765218e-06
36 -9.040221329851031e-06
37 -9.010486947100022e-06
38 -9.300728184532081e-06
39 -9.252510827521552e-06
40 -9.071249456259065e-06
41 -8.96141515201687e-06
42 -8.961203534423974e-06
43 -8.917942668111658e-06
44 -9.039114594382026e-06
45 -9.319692457168306e-06
46 -9.045128137377108e-06
47 -8.963197724821757e-06
48 -8.939823979771526e-06
49 -9.141002895973786e-06
50 -9.119461840937677e-06
51 -9.136508409103542e-06
52 -9.17992488630301e-06
53 -9.16880592896099e-06
54 -8.987321898738868e-06
55 -9.11891979876211e-06
56 -9.011452540214712e-06
57 -9.315935394043651e-06
58 -9.316184427087836e-06
59 -9.141427353273542e-06
60 -9.290193408924526e-06
61 -9.008171894940567e-06
62 -8.990285012409426e-06
63 -9.018882359730224e-06
64 -8.835101099629571e-06
65 -9.161422209158581e-06
66 -9.154282446360031e-06
67 -9.228517499171889e-06
68 -9.208372641836058e-06
69 -9.058114726070107e-06
70 -9.230647625583813e-06
71 -9.207294214081864e-06
72 -9.086459744472583e-06
73 -9.11257125763519e-06
74 -9.116316526930921e-06
75 -9.25483863861136e-06
76 -8.977471546744405e-06
77 -9.085558104401137e-06
78 -8.983471108941282e-06
79 -9.055670966941125e-06
80 -9.334614245955398e-06
81 -8.973825485662196e-06
82 -9.087082205278317e-06
83 -9.261142019985082e-06
84 -9.325695767949014e-06
85 -9.073882149423043e-06
86 -9.087311889595255e-06
87 -9.072387186787054e-06
88 -9.120456102749763e-06
89 -9.103416751895857e-06
90 -9.048611804921276e-06
91 -9.02933115172743e-06
92 -9.130771908038001e-06
93 -9.171101681008495e-06
94 -9.138638230253448e-06
95 -9.104808916260045e-06
96 -9.004131682263418e-06
97 -9.07932403174565e-06
98 -9.048848679415344e-06
99 -9.208311524494629e-06
100 -8.93140896963175e-06
101 -9.17335155481678e-06
102 -9.259660830452507e-06
103 -8.977512019383098e-06
104 -9.299207751344592e-06
105 -9.194623415699113e-06
106 -8.98488135782995e-06
107 -8.9720747844024e-06
108 -9.089334043816202e-06
109 -9.430877277408693e-06
110 -9.09486229451202e-06
111 -8.942374509041654e-06
112 -8.950595989827096e-06
113 -9.039724905793327e-06
114 -8.971234139088003e-06
115 -8.961293730382044e-06
116 -8.99657639238248e-06
117 -9.104754180672049e-06
118 -9.27673206909401e-06
119 -9.183250461543082e-06
120 -8.834460213314559e-06
121 -9.202178655897231e-06
122 -9.163689378324584e-06
123 -9.072561566499711e-06
124 -9.007778171554648e-06
125 -9.102980812778277e-06
126 -9.102475902578394e-06
127 -9.031226612538217e-06
128 -9.11290442612674e-06
129 -8.918153325109443e-06
130 -9.232296522487292e-06
131 -9.167848482549161e-06
132 -9.159191308430272e-06
133 -9.120310167248968e-06
134 -9.069327478740659e-06
135 -9.148019925077199e-06
136 -9.119809622023181e-06
137 -9.24751557020018e-06
138 -9.048256842909937e-06
139 -8.96091942655163e-06
140 -9.01242558752812e-06
141 -8.98742280457121e-06
142 -9.136079265576257e-06
143 -9.11703318504621e-06
144 -9.085708818156554e-06
145 -9.04944771407937e-06
146 -8.745558258122052e-06
147 -9.138399428238179e-06
148 -9.13317954519973e-06
149 -9.179564665541511e-06
150 -9.374506372985057e-06
151 -9.055782814720426e-06
152 -9.195048749577862e-06
153 -9.102505456237063e-06
154 -9.249930633322174e-06
155 -9.078281946510616e-06
156 -9.031532940563547e-06
157 -8.896894463341523e-06
158 -9.15530387871457e-06
159 -9.237619316958583e-06
160 -9.008110892966958e-06
161 -9.235497850628348e-06
162 -9.106246578706876e-06
163 -9.2129118040406e-06
164 -9.024261123006303e-06
165 -9.183675698659958e-06
166 -9.115250825649762e-06
167 -9.019905656215125e-06
168 -9.177541935491453e-06
169 -9.116847963656496e-06
170 -9.151308704150073e-06
171 -9.15442612034956e-06
172 -9.00698253516078e-06
173 -9.101089261653866e-06
174 -9.422782966289118e-06
175 -9.172483975745532e-06
176 -9.110900384362238e-06
177 -9.1420020464456e-06
178 -9.108536806083078e-06
179 -9.110460605651862e-06
180 -9.034874807877588e-06
181 -9.073711358774352e-06
182 -9.063235632471523e-06
183 -8.984470818366286e-06
184 -8.95182945780061e-06
185 -9.128176252949847e-06
186 -9.258440662752382e-06
187 -8.98357512213728e-06
188 -9.081888769450693e-06
189 -9.061391784732806e-06
190 -9.173581808710184e-06
191 -9.173063780575133e-06
192 -9.118632548109848e-06
193 -9.02912896414119e-06
194 -9.069766345438e-06
195 -9.37444474477259e-06
196 -9.036680037998967e-06
197 -9.026826037028271e-06
198 -9.161242879077909e-06
199 -9.190437136956478e-06
200 -8.751742963413497e-06
201 -9.34716720178745e-06
202 -9.134735143339836e-06
203 -9.143830066280454e-06
204 -8.996574942794191e-06
205 -9.140351073373996e-06
206 -9.084639715834182e-06
207 -9.173432173312726e-06
208 -9.10694825676952e-06
209 -9.309631402333809e-06
210 -9.032290094257224e-06
211 -8.91332199613149e-06
212 -9.11571683974913e-06
213 -8.934844863122311e-06
214 -9.163089303332905e-06
215 -8.961210418325055e-06
216 -9.022968043809702e-06
217 -9.109928815348844e-06
218 -8.994297652298304e-06
219 -9.063848284127093e-06
220 -9.185529291308478e-06
221 -9.017827526078486e-06
222 -9.230233858424248e-06
223 -9.069169728496788e-06
224 -9.039425772969384e-06
225 -9.01670714951543e-06
226 -9.147108895434224e-06
227 -8.909601567742933e-06
228 -9.033351692178065e-06
229 -8.991060781999775e-06
230 -8.890647079255263e-06
231 -9.30905608503032e-06
232 -9.026764948890322e-06
233 -9.045221967322786e-06
234 -9.035838170967418e-06
235 -8.95171070592259e-06
236 -8.85649444484211e-06
237 -9.141798384882067e-06
238 -9.235564834481162e-06
239 -9.189209928849875e-06
240 -8.922694852899288e-06
241 -9.098220460214032e-06
242 -9.145147991332853e-06
243 -8.871531706817494e-06
244 -9.074977709431365e-06
245 -9.20780483292472e-06
246 -9.234782507429055e-06
247 -9.157014442228504e-06
248 -9.132502144270661e-06
249 -9.469068156295918e-06
250 -9.277391168516086e-06
251 -9.1022384065826e-06
252 -9.156225191137144e-06
253 -9.197155622007716e-06
254 -9.133183079960594e-06
255 -8.983337926590634e-06
256 -9.075436844898974e-06
257 -8.967605424836958e-06
258 -9.131063385281759e-06
259 -9.025439201133818e-06
260 -9.068717179694255e-06
261 -9.211128258401458e-06
262 -9.219026070172731e-06
263 -8.943128514072052e-06
264 -9.160186260900956e-06
265 -8.959768697673885e-06
266 -9.086966912658971e-06
267 -9.128436380786171e-06
268 -9.109001018441381e-06
269 -9.241262210393155e-06
270 -9.018678212963992e-06
271 -9.190141304881008e-06
272 -8.788854040930876e-06
273 -9.119812992051855e-06
274 -9.28017425991711e-06
275 -9.12486870039065e-06
276 -9.050371552192076e-06
277 -8.88573377678283e-06
278 -9.037628357408279e-06
279 -9.214460526691567e-06
280 -9.189436457778562e-06
281 -9.042825380595521e-06
282 -9.30116076712768e-06
283 -9.18598806640376e-06
284 -9.086875663100936e-06
285 -9.059532812275338e-06
286 -9.0182815403515e-06
287 -9.129343400449429e-06
288 -9.294493249732172e-06
289 -9.211135417067657e-06
290 -9.11189295059447e-06
291 -9.070037786780662e-06
292 -8.934880034761648e-06
293 -9.024873336770371e-06
294 -9.100234334739092e-06
295 -9.116205711875887e-06
296 -9.252182351514753e-06
297 -8.89056843300087e-06
298 -9.182664272128426e-06
299 -8.937547701646919e-06
