0 -2.4829887981183377e-06
1 -2.7065365351502674e-06
2 -2.778431941751641e-06
3 -2.697078209769227e-06
4 -2.682967330737004e-06
5 -2.70986344035279e-06
6 -2.821541293633941e-06
7 -2.6611413696492968e-06
8 -2.768519684628726e-06
9 -2.688725971156688e-06
10 -2.662911125848409e-06
11 -2.7589773013904618e-06
12 -2.7624599179914233e-06
13 -2.7194850171713367e-06
14 -2.7634876083987745e-06
15 -2.8408533986577185e-06
16 -2.725750065919603e-06
17 -2.6147109612463112e-06
18 -2.75116943022199e-06
19 -2.5908372947952007e-06
20 -2.6918076469536873e-06
21 -2.705460740907495e-06
22 -2.750862720448797e-06
23 -2.643744468346014e-06
24 -2.729679848857581e-06
25 -2.7603862974827364e-06
26 -2.7699614512462598e-06
27 -2.859155602354126e-06
28 -2.77978955781891e-06
29 -2.7878088386519196e-06
30 -2.6996585043744898e-06
31 -2.6301479676609505e-06
32 -2.655646492038903e-06
33 -2.8190458400376687e-06
34 -2.7198999942648805e-06
35 -2.634377843024486e-06
36 -2.7709083271767684e-06
37 -2.6118810295435428e-06
38 -2.6401296379539156e-06
39 -2.7900249153954486e-06
40 -2.7175447683072866e-06
41 -2.8068867798730506e-06
42 -2.7607236799533205e-06
43 -2.7262433182553678e-06
44 -2.6103969306598295e-06
45 -2.8004212009862248e-06
46 -2.7027345453405973e-06
47 -2.691967744753868e-06
48 -2.696748615704633e-06
49 -2.700227052656119e-06
50 -2.754842844213007e-06
51 -2.655797295857202e-06
52 -2.829600738168489e-06
53 -2.6869942516057114e-06
54 -2.721435196745006e-06
55 -2.6113394057538466e-06
56 -2.61154125173345e-06
57 -2.7526116690087808e-06
58 -2.7686497726875114e-06
59 -2.6875739825314227e-06
60 -2.8034735090214073e-06
61 -2.6065228480462156e-06
62 -2.6930519907003817e-06
63 -2.750514229864865e-06
64 -2.7150168921415143e-06
65 -2.643212035818201e-06
66 -2.7323364437727382e-06
67 -2.866774220273356e-06
68 -2.6672523840382354e-06
69 -2.832666321151102e-06
70 -2.779427920769247e-06
71 -2.642937682993391e-06
72 -2.718140338488347e-06
73 -2.8044993750184407e-06
74 -2.706064386266748e-06
75 -2.7951279189754596e-06
76 -2.7767398078785503e-06
77 -2.7431041412887545e-06
78 -2.690011451332434e-06
79 -2.7992797365956283e-06
80 -2.7423835044682174e-06
81 -2.6812245851192046e-06
82 -2.776329819825817e-06
83 -2.739324067139427e-06
84 -2.7229105264477963e-06
85 -2.6138192122930184e-06
86 -2.6920502669608757e-06
87 -2.6388751008293657e-06
88 -2.649136613198536e-06
89 -2.6994314847033154e-06
90 -2.6975887110118716e-06
91 -2.7516069302519597e-06
92 -2.7445120849172778e-06
93 -2.838960026854214e-06
94 -2.7828625063228405e-06
95 -2.775216002241886e-06
96 -2.7350690352180677e-06
97 -2.8730458420530526e-06
98 -2.6707572377740946e-06
99 -2.7438438757096754e-06
100 -2.760232660337504e-06
101 -2.6955290897385295e-06
102 -2.7043281064300164e-06
103 -2.584080451007365e-06
104 -2.8376517699983387e-06
105 -2.705319944706811e-06
106 -2.5718011127246857e-06
107 -2.715127383794138e-06
108 -2.6911478994876366e-06
109 -2.8624019342526648e-06
110 -2.800990195813566e-06
111 -2.7290784770468287e-06
112 -2.754517750591792e-06
113 -2.779321748458569e-06
114 -2.7083248499066935e-06
115 -2.77911613147816e-06
116 -2.7115283180435504e-06
117 -2.6958188522451227e-06
118 -2.6450068883707888e-06
119 -2.8013623836193954e-06
120 -2.7016838324720817e-06
121 -2.8796877420740255e-06
122 -2.7263711915988477e-06
123 -2.6284658970678505e-06
124 -2.676050284293107e-06
125 -2.7712238251097053e-06
126 -2.7778972617084035e-06
127 -2.7595996799275146e-06
128 -2.7874331197201425e-06
129 -2.7536080325307882e-06
130 -2.7105649247888826e-06
131 -2.7370343020451595e-06
132 -2.8232281592905684e-06
133 -2.760843468502602e-06
134 -2.78870418447911e-06
135 -2.817500556968391e-06
136 -2.8378854883538597e-06
137 -2.655833060036297e-06
138 -2.7143950793744024e-06
139 -2.699268012683168e-06
140 -2.7229297025997114e-06
141 -2.6352518376346798e-06
142 -2.784618804167935e-06
143 -2.7032762607738564e-06
144 -2.711347964890836e-06
145 -2.6310857540358425e-06
146 -2.5813179159921437e-06
147 -2.7389279694329485e-06
148 -2.7267263287588084e-06
149 -2.716796508297422e-06
150 -2.6973333145556425e-06
151 -2.6969279354047633e-06
152 -2.658548679674151e-06
153 -2.6502769904966137e-06
154 -2.9262890874252387e-06
155 -2.8336834019049606e-06
156 -2.6516805320784573e-06
157 -2.711798470778602e-06
158 -2.6876617554244876e-06
159 -2.7446082458267652e-06
160 -2.669065598623756e-06
161 -2.6729234765516237e-06
162 -2.7229837972600328e-06
163 -2.7335269464822157e-06
164 -2.699849030100065e-06
165 -2.776165578440631e-06
166 -2.7475108618651894e-06
167 -2.6928210134841447e-06
168 -2.7521197911582603e-06
169 -2.692499944414345e-06
170 -2.748426534656536e-06
171 -2.601657952566487e-06
172 -2.773850790267156e-06
173 -2.7721778557652283e-06
174 -2.766689824201673e-06
175 -2.7194395828179767e-06
176 -2.6300551621529096e-06
177 -2.721005048004887e-06
178 -2.7091617386430587e-06
179 -2.700240368936476e-06
180 -2.7404781378445927e-06
181 -2.8591927942743887e-06
182 -2.7284414655568254e-06
183 -2.6741489206126186e-06
184 -2.876534227239585e-06
185 -2.6856438300563757e-06
186 -2.739667340571073e-06
187 -2.5857508480645912e-06
188 -2.63187218637171e-06
189 -2.5905591689597027e-06
190 -2.661602188415044e-06
191 -2.8977087029290217e-06
192 -2.6713183570850236e-06
193 -2.6561231187007276e-06
194 -2.571704963914721e-06
195 -2.7204063172110524e-06
196 -2.7333905448793193e-06
197 -2.676837619115351e-06
198 -2.5937716700184763e-06
199 -2.6792322904745584e-06
200 -2.6835622379468606e-06
201 -2.738650556951188e-06
202 -2.6797284050562887e-06
203 -2.7682942398379436e-06
204 -2.8409329785910174e-06
205 -2.625842274051145e-06
206 -2.819502669890947e-06
207 -2.7783557526533914e-06
208 -2.653992408026097e-06
209 -2.7376736281812453e-06
210 -2.678329503534469e-06
211 -2.691689046183501e-06
212 -2.6709579675079246e-06
213 -2.592424501134167e-06
214 -2.7414563455884997e-06
215 -2.6855160999889084e-06
216 -2.6669856174322793e-06
217 -2.7306805589786847e-06
218 -2.675264479695708e-06
219 -2.7479346911019376e-06
220 -2.7882938043885726e-06
221 -2.6602751946340645e-06
222 -2.5740250490169186e-06
223 -2.7541562083628094e-06
224 -2.6840488778178148e-06
225 -2.643308081770351e-06
226 -2.765635628321757e-06
227 -2.663588404711604e-06
228 -2.743483119320918e-06
229 -2.5619360912619366e-06
230 -2.6214961636241764e-06
231 -2.761310382295536e-06
232 -2.636123381493096e-06
233 -2.668270168220641e-06
234 -2.814147345741302e-06
235 -2.658534463971218e-06
236 -2.643630466654065e-06
237 -2.6736531597716757e-06
238 -2.7037687101512746e-06
239 -2.634025685656952e-06
240 -2.575223944801526e-06
241 -2.650114173243814e-06
242 -2.8353938110556273e-06
243 -2.6770887561264638e-06
244 -2.724863435720364e-06
245 -2.7082380209902497e-06
246 -2.718467529722374e-06
247 -2.776228079334806e-06
248 -2.6922492673675826e-06
249 -2.8384609273483476e-06
250 -2.774822592742289e-06
251 -2.7571513761841236e-06
252 -2.7220033890406964e-06
253 -2.759713106151356e-06
254 -2.8464335821812075e-06
255 -2.6268356138652136e-06
256 -2.6652112937197926e-06
257 -2.6967977003130243e-06
258 -2.746390537545866e-06
259 -2.713188842300008e-06
260 -2.6244733744842434e-06
261 -2.7073215643280713e-06
262 -2.667260361614581e-06
263 -2.7392428649606853e-06
264 -2.66648591077547e-06
265 -2.65506764687209e-06
266 -2.7600642966068374e-06
267 -2.8316022044880067e-06
268 -2.6102584386857575e-06
269 -2.6768906949996124e-06
270 -2.732628132462629e-06
271 -2.7033032139835926e-06
272 -2.7246024196527e-06
273 -2.8180995171643536e-06
274 -2.680693762729365e-06
275 -2.635685727194282e-06
276 -2.685236156940988e-06
277 -2.6924286613685232e-06
278 -2.7988120560721802e-06
279 -2.7653003770576245e-06
280 -2.7123395302914766e-06
281 -2.644710198706335e-06
282 -2.8659756271661607e-06
283 -2.7706902803871443e-06
284 -2.7458080011688058e-06
285 -2.659249051005453e-06
286 -2.612715041980766e-06
287 -2.7877384872436346e-06
288 -2.727080683489524e-06
289 -2.7404436549679196e-06
290 -2.7797118165081274e-06
291 -2.6321948572349143e-06
292 -2.709890482952168e-06
293 -2.6896785387470743e-06
294 -2.7790650394932435e-06
295 -2.7934929194821878e-06
296 -2.5622021416526044e-06
297 -2.5431944871478277e-06
298 -2.7769421090444597e-06
299 -2.770311755778875e-06
