0.1248 9.021284482848796e-07 6.545636315010064e-08
0.1664 1.0376182403829179e-06 8.239888404669654e-08
0.2496 1.5415478334097805e-06 7.420393280797291e-08
0.3328 2.216152929690381e-06 1.4671122044673e-08
0.41600000000000004 3.0407229382999313e-06 2.133280087643285e-07
0.4992 3.980169261315299e-06 3.2188258635974146e-07
0.5824 5.097021651279494e-06 2.3908857085211356e-07
0.6656 5.926595558725601e-06 3.4359579342057337e-07
0.7488 6.727166300143409e-06 3.936503498337216e-07
0.832 7.130392220384633e-06 6.435189450229245e-07
0.9152 7.438119073049856e-06 9.570452354855826e-07
