0 -4.299584075210759e-06
1 -4.379436199855789e-06
2 -4.331403431968184e-06
3 -4.405941369082619e-06
4 -4.434638157231892e-06
5 -4.440766457797398e-06
6 -4.474984152778525e-06
7 -4.545572042249613e-06
8 -4.411502255139169e-06
9 -4.318592918853695e-06
10 -4.577122044644847e-06
11 -4.427557801422577e-06
12 -4.5379284753424735e-06
13 -4.4004286276041336e-06
14 -4.502742633485858e-06
15 -4.5321563011650175e-06
16 -4.270334781440286e-06
17 -4.404799985696952e-06
18 -4.554484719692563e-06
19 -4.351192913086874e-06
20 -4.446184964682649e-06
21 -4.293466475324196e-06
22 -4.441813331684606e-06
23 -4.428237908896249e-06
24 -4.408046758202923e-06
25 -4.406245689099024e-06
26 -4.3785274092921335e-06
27 -4.370848440293649e-06
28 -4.4758056739140715e-06
29 -4.32698017453727e-06
30 -4.478630878592949e-06
31 -4.401919479673185e-06
32 -4.402380950451457e-06
33 -4.310800066436362e-06
34 -4.293853769214417e-06
35 -4.414453586069268e-06
36 -4.5008695918917934e-06
37 -4.235983349017238e-06
38 -4.312540997854582e-06
39 -4.309597758860969e-06
40 -4.302674974562112e-06
41 -4.498846457568663e-06
42 -4.4096797812985526e-06
43 -4.351355129151706e-06
44 -4.256841133696796e-06
45 -4.2577485782122814e-06
46 -4.367400700855246e-06
47 -4.359777299761944e-06
48 -4.337021876601594e-06
49 -4.374250715926727e-06
50 -4.5251295704235194e-06
51 -4.493558785732247e-06
52 -4.362329686713176e-06
53 -4.358747039652062e-06
54 -4.383380496107448e-06
55 -4.3852525178813325e-06
56 -4.315265154371e-06
57 -4.4212692296818865e-06
58 -4.368196663837741e-06
59 -4.2686481607076955e-06
60 -4.347717581973646e-06
61 -4.471202660985028e-06
62 -4.414077387995068e-06
63 -4.42523917235659e-06
64 -4.437113201156064e-06
65 -4.3551876727537894e-06
66 -4.435542968675179e-06
67 -4.478825703042269e-06
68 -4.379766926896281e-06
69 -4.438158734916179e-06
70 -4.44430842080453e-06
71 -4.349529728372861e-06
72 -4.471894017861236e-06
73 -4.498792846798508e-06
74 -4.310015501645927e-06
75 -4.282026564619297e-06
76 -4.494937779309182e-06
77 -4.372739314911225e-06
78 -4.310631033991806e-06
79 -4.390169863887724e-06
80 -4.245189694237207e-06
81 -4.341381556174731e-06
82 -4.4264584351671475e-06
83 -4.343640046431696e-06
84 -4.3134739818832705e-06
85 -4.438274576077586e-06
86 -4.407378461780385e-06
87 -4.448146272939146e-06
88 -4.295869083613316e-06
89 -4.480069817482562e-06
90 -4.418513004019888e-06
91 -4.345897854431925e-06
92 -4.3848987873282e-06
93 -4.2499872234700625e-06
94 -4.3047205346849115e-06
95 -4.267821981871429e-06
96 -4.3030314555313315e-06
97 -4.456556633060847e-06
98 -4.491675591067682e-06
99 -4.40822342767772e-06
100 -4.410965868313854e-06
101 -4.422817255796411e-06
102 -4.383573211909558e-06
103 -4.293587768195451e-06
104 -4.5804822795239324e-06
105 -4.3526460111999444e-06
106 -4.456752152140371e-06
107 -4.404658401594467e-06
108 -4.4315474287216e-06
109 -4.272586752882881e-06
110 -4.515278753243075e-06
111 -4.38588087913785e-06
112 -4.361720293588998e-06
113 -4.369305208225431e-06
114 -4.342479350973726e-06
115 -4.32986276565271e-06
116 -4.458288478239733e-06
117 -4.4606205950597586e-06
118 -4.356437921250801e-06
119 -4.239103580893252e-06
120 -4.376568096866955e-06
121 -4.3643753618117e-06
122 -4.5031382280141805e-06
123 -4.425251362325048e-06
124 -4.295097988063402e-06
125 -4.380808280633901e-06
126 -4.300536493005267e-06
127 -4.474437715870384e-06
128 -4.283348368165676e-06
129 -4.390147885846563e-06
130 -4.312268205388085e-06
131 -4.399568192375425e-06
132 -4.325302068881898e-06
133 -4.498413319734002e-06
134 -4.504522299706417e-06
135 -4.351880275661109e-06
136 -4.303958366787217e-06
137 -4.332721710076874e-06
138 -4.463171207701423e-06
139 -4.2586228321786045e-06
140 -4.355877819352295e-06
141 -4.297227563984346e-06
142 -4.305569077820204e-06
143 -4.314639188088788e-06
144 -4.3965096331306166e-06
145 -4.399604305896189e-06
146 -4.2866776604101e-06
147 -4.403618389238823e-06
148 -4.324785494859139e-06
149 -4.431165962575395e-06
150 -4.407590948229401e-06
151 -4.379373683875459e-06
152 -4.3861746276669936e-06
153 -4.40248984955158e-06
154 -4.41267818697282e-06
155 -4.460320837431099e-06
156 -4.411338477047654e-06
157 -4.429761587029119e-06
158 -4.4322682804169605e-06
159 -4.357649679475666e-06
160 -4.274295305543243e-06
161 -4.434023725532568e-06
162 -4.500061449695524e-06
163 -4.445990997619908e-06
164 -4.262772852188321e-06
165 -4.379438103488002e-06
166 -4.34940948946919e-06
167 -4.416137796223947e-06
168 -4.306722121944908e-06
169 -4.359377384128541e-06
170 -4.40448864238043e-06
171 -4.517190938091705e-06
172 -4.35758565851004e-06
173 -4.414466822481949e-06
174 -4.385776462055627e-06
175 -4.351084120951172e-06
176 -4.329434075411286e-06
177 -4.3148401822449145e-06
178 -4.444814875698433e-06
179 -4.395693969776983e-06
180 -4.376842546964907e-06
181 -4.5408013458498314e-06
182 -4.5811322022703905e-06
183 -4.329451147181158e-06
184 -4.378332153759008e-06
185 -4.380314041628639e-06
186 -4.416511655495741e-06
187 -4.3544178515936556e-06
188 -4.49387774914058e-06
189 -4.3385397806454534e-06
190 -4.4258824708452885e-06
191 -4.3999586274832045e-06
192 -4.398895519802001e-06
193 -4.411945032135416e-06
194 -4.422041397572139e-06
195 -4.432193239682103e-06
196 -4.349278096217855e-06
197 -4.416743990173792e-06
198 -4.479547431543185e-06
199 -4.222019406116573e-06
200 -4.44451418356018e-06
201 -4.465700790082796e-06
202 -4.344343984626595e-06
203 -4.515065936994591e-06
204 -4.35897346956456e-06
205 -4.4752212234761235e-06
206 -4.365622826762973e-06
207 -4.3402999836047885e-06
208 -4.36704720480615e-06
209 -4.357779527935658e-06
210 -4.357808292198287e-06
211 -4.358023256475416e-06
212 -4.330589878528374e-06
213 -4.471287518628767e-06
214 -4.361503647060854e-06
215 -4.437725072148023e-06
216 -4.349735548857016e-06
217 -4.34198634669448e-06
218 -4.46601584908633e-06
219 -4.446660716489837e-06
220 -4.2542345394930425e-06
221 -4.344177354787238e-06
222 -4.251129341417895e-06
223 -4.440880745492665e-06
224 -4.301417470141902e-06
225 -4.5904628688955035e-06
226 -4.424759518761346e-06
227 -4.330064726564751e-06
228 -4.473111038616993e-06
229 -4.384039887434953e-06
230 -4.3797308821969984e-06
231 -4.42922440568134e-06
232 -4.426162754762973e-06
233 -4.5488165012085505e-06
234 -4.4802530252885006e-06
235 -4.356583449429696e-06
236 -4.383375043136865e-06
237 -4.354391072576112e-06
238 -4.445623403103239e-06
239 -4.337984414179285e-06
240 -4.406888440578756e-06
241 -4.422231393970769e-06
242 -4.371511128505924e-06
243 -4.30363638539248e-06
244 -4.3179713144029055e-06
245 -4.239342235572771e-06
246 -4.355028470867852e-06
247 -4.587151245862964e-06
248 -4.420963108394641e-06
249 -4.26957387499623e-06
250 -4.343446920945333e-06
251 -4.349890908452866e-06
252 -4.351808643847451e-06
253 -4.419853539062916e-06
254 -4.395250345486341e-06
255 -4.438089631011595e-06
256 -4.382012354049592e-06
257 -4.23994780988195e-06
258 -4.347310685557125e-06
259 -4.407671931075955e-06
260 -4.429938439529961e-06
261 -4.467919361105675e-06
262 -4.439576594647504e-06
263 -4.4112607344309785e-06
264 -4.4571878416052784e-06
265 -4.3152017602132586e-06
266 -4.314790234110839e-06
267 -4.414476887753017e-06
268 -4.364710366703774e-06
269 -4.3621304662396615e-06
270 -4.453454254386515e-06
271 -4.533391198496924e-06
272 -4.387725239304155e-06
273 -4.381818275732498e-06
274 -4.469269943992583e-06
275 -4.454775155190721e-06
276 -4.316351992770251e-06
277 -4.337358564253377e-06
278 -4.448477098678046e-06
279 -4.386595530154728e-06
280 -4.587995721569628e-06
281 -4.603786731082976e-06
282 -4.400010569718585e-06
283 -4.468334542506152e-06
284 -4.4511160019844805e-06
285 -4.3506497863872316e-06
286 -4.4238103920202326e-06
287 -4.300128232260245e-06
288 -4.425927876073904e-06
289 -4.46014616349613e-06
290 -4.356600532496681e-06
291 -4.5337577720347515e-06
292 -4.337425045102475e-06
293 -4.316112200257326e-06
294 -4.440471929505097e-06
295 -4.367022516205377e-06
296 -4.433083170006437e-06
297 -4.386049629513203e-06
298 -4.427922010214332e-06
299 -4.395893219164615e-06
