0 1.921121718142756e-06
1 1.9128842974256235e-06
2 1.8937176670544125e-06
3 1.9269635765263043e-06
4 1.8775916743206364e-06
5 1.939925595345462e-06
6 1.8897917101508738e-06
7 1.8987383412005562e-06
8 1.94283026295233e-06
9 1.906465603845833e-06
10 1.9269046641613243e-06
11 1.8944992667316394e-06
12 1.9072979084881586e-06
13 1.937963213711915e-06
14 1.9070334936941191e-06
15 1.8911316394549978e-06
16 1.9267461401447437e-06
17 1.917943153814106e-06
18 1.8891089434117548e-06
19 1.9354960865239923e-06
20 1.8762138782554487e-06
21 1.9237976580430702e-06
22 1.9411324445865295e-06
23 1.8941057959635167e-06
24 1.9155712177081496e-06
25 1.9412830987269587e-06
26 1.9098999344598602e-06
27 1.880813431553841e-06
28 1.9569073314550933e-06
29 1.8991631679340119e-06
30 1.9043391665341764e-06
31 1.9152376461207787e-06
32 1.928708589778151e-06
33 1.9013961021206081e-06
34 1.926390858735525e-06
35 1.9341742042521605e-06
36 1.8839275208121635e-06
37 1.89541645886964e-06
38 1.8677685508421483e-06
39 1.9288142609507124e-06
40 1.9056365295693864e-06
41 1.9066992722499446e-06
42 1.9107104422056936e-06
43 1.942019537764703e-06
44 1.9041105636985792e-06
45 1.9379028015637275e-06
46 1.9187793770018662e-06
47 1.885285523331313e-06
48 1.88243731191723e-06
49 1.8834579041008685e-06
50 1.9251294265906427e-06
51 1.917713611821563e-06
52 1.937402717112385e-06
53 1.9373062228565777e-06
54 1.898842227851773e-06
55 1.922817521473007e-06
56 1.9092325165717634e-06
57 1.9452038873548486e-06
58 1.8694551993705969e-06
59 1.861520790579031e-06
60 1.911238044791628e-06
61 1.9061182831955598e-06
62 1.8983205731533656e-06
63 1.926540297054548e-06
64 1.8919655775353873e-06
65 1.919657096238654e-06
66 1.944800427133793e-06
67 1.867941316074308e-06
68 1.9011486554770635e-06
69 1.9292406261116502e-06
70 1.8968556594692408e-06
71 1.9311142362783956e-06
72 1.9019583513787556e-06
73 1.902667558976222e-06
74 1.9510039431818703e-06
75 1.922489378416716e-06
76 1.944206046355597e-06
77 1.933335917527625e-06
78 1.929826440198954e-06
79 1.9087277734831407e-06
80 1.9092863105272363e-06
81 1.940961178827827e-06
82 1.9155456065295097e-06
83 1.9332341530573014e-06
84 1.958356760917268e-06
85 1.8812765443963175e-06
86 1.9006721266533919e-06
87 1.921245943009253e-06
88 1.9438429524185955e-06
89 1.8747828377425774e-06
90 1.924302036892386e-06
91 1.8885502728726754e-06
92 1.9150400026410726e-06
93 1.926347448527028e-06
94 1.9350372645251077e-06
95 1.904552922976101e-06
96 1.871157972073215e-06
97 1.908729332128175e-06
98 1.9174990596855977e-06
99 1.9568730654193917e-06
100 1.900541508930174e-06
101 1.902465786734091e-06
102 1.8738678627693584e-06
103 1.9257992751418686e-06
104 1.8620409478646967e-06
105 1.8446069831214517e-06
106 1.938671429624145e-06
107 1.8973995387313255e-06
108 1.924363762277503e-06
109 1.8759409194188497e-06
110 1.878991499363895e-06
111 1.9043198827833437e-06
112 1.8790802865406613e-06
113 1.9547783471818938e-06
114 1.884372588192211e-06
115 1.9125435839610314e-06
116 1.909413786536008e-06
117 1.892793468449884e-06
118 1.9557045841850257e-06
119 1.9504773959444553e-06
120 1.9287717438870313e-06
121 1.8774224126288845e-06
122 1.9045924879381306e-06
123 1.939250434076052e-06
124 1.911389915777725e-06
125 1.913585606253205e-06
126 1.909830249251402e-06
127 1.9099913381041406e-06
128 1.8728092170568274e-06
129 1.909057355717382e-06
130 1.9078082334526212e-06
131 1.9323507065917898e-06
132 1.9058884140519004e-06
133 1.8819565026126497e-06
134 1.8931050599599303e-06
135 1.9340649566968343e-06
136 1.929178310456178e-06
137 1.8860875022312163e-06
138 1.9039654801937878e-06
139 1.8971297058789823e-06
140 1.8785560424936412e-06
141 1.91413894282451e-06
142 1.8982136466871047e-06
143 1.9026651577214355e-06
144 1.9294389272277506e-06
145 1.8741816868207409e-06
146 1.9214617155499762e-06
147 1.9192455095143976e-06
148 1.9284928772947032e-06
149 1.9075280841257664e-06
150 1.9093933515824766e-06
151 1.9140003354067446e-06
152 1.8956405520186496e-06
153 1.8992133519274778e-06
154 1.8886414495719354e-06
155 1.9111121947135543e-06
156 1.8763298207007248e-06
157 1.8857116405971598e-06
158 1.8788615540777468e-06
159 1.9133906374585553e-06
160 1.94072025789352e-06
161 1.928857910270828e-06
162 1.949145292876108e-06
163 1.8916090705135627e-06
164 1.8720272726979906e-06
165 1.9218995396036968e-06
166 1.9241305177966683e-06
167 1.931142859542013e-06
168 1.9206684496442167e-06
169 1.8797678319303277e-06
170 1.897783677873196e-06
171 1.9105131358440714e-06
172 1.919324725092429e-06
173 1.909605030561263e-06
174 1.9518155112707568e-06
175 1.9026637985943518e-06
176 1.9302403442020267e-06
177 1.907638491400772e-06
178 1.8953045975618676e-06
179 1.915938153128563e-06
180 1.92814833168987e-06
181 1.8974788336342034e-06
182 1.925375506784124e-06
183 1.9230046926669666e-06
184 1.9011652138264804e-06
185 1.898818151289678e-06
186 1.8788815872241198e-06
187 1.912008776559445e-06
188 1.8635823967454488e-06
189 1.923059811728965e-06
190 1.892684620550397e-06
191 1.9298018483469486e-06
192 1.933420664672792e-06
193 1.934755122819219e-06
194 1.911640270358197e-06
195 1.9007793778374258e-06
196 1.9111257651424552e-06
197 1.9328590813907306e-06
198 1.918129274466355e-06
199 1.8813608648268643e-06
200 1.9517913526794425e-06
201 1.8736394090268436e-06
202 1.8957265594856866e-06
203 1.9599569722774847e-06
204 1.920471007105662e-06
205 1.9409082772467646e-06
206 1.8784228652244287e-06
207 1.871092628016032e-06
208 1.9233287634998927e-06
209 1.9229502940199895e-06
210 1.9342153749979955e-06
211 1.8805888470312188e-06
212 1.8726756007176382e-06
213 1.9229972607447095e-06
214 1.8945129294128968e-06
215 1.9488431295432547e-06
216 1.928313174329078e-06
217 1.8605041403462186e-06
218 1.8997672050956442e-06
219 1.9471189012082225e-06
220 1.880832330381113e-06
221 1.9117083995041857e-06
222 1.8829857524512924e-06
223 1.9364195976507695e-06
224 1.8982186361784785e-06
225 1.9036427084560468e-06
226 1.9582244286160685e-06
227 1.8995958883104178e-06
228 1.9421257105678465e-06
229 1.8895783402386696e-06
230 1.940410845381824e-06
231 1.9769944312345245e-06
232 1.913291536612274e-06
233 1.896864985614441e-06
234 1.8919649745047593e-06
235 1.8763883272817147e-06
236 1.8784665795948159e-06
237 1.9224699061640026e-06
238 1.9021874778257078e-06
239 1.933317048338799e-06
240 1.9232562314641787e-06
241 1.923479000435448e-06
242 1.8717057873917247e-06
243 1.9066439641131387e-06
244 1.9093328504426006e-06
245 1.935565883733005e-06
246 1.9284693133676384e-06
247 1.929623942947093e-06
248 1.9039380110604826e-06
249 1.884711879663921e-06
250 1.8967958355983623e-06
251 1.8828936177140492e-06
252 1.9862821541594775e-06
253 1.882423183037923e-06
254 1.9368544126601934e-06
255 1.9047336331505348e-06
256 1.9113766123637434e-06
257 1.932863247834867e-06
258 1.8855662577490157e-06
259 1.9299632658270317e-06
260 1.9411583106102363e-06
261 1.9060435275421852e-06
262 1.9513077063076903e-06
263 1.8908504774742326e-06
264 1.878264836379399e-06
265 1.8894447500679053e-06
266 1.92010868966753e-06
267 1.897039442395097e-06
268 1.9000138555370574e-06
269 1.8967560635905166e-06
270 1.8944659463237866e-06
271 1.934859029490632e-06
272 1.9022349534357968e-06
273 1.9017213372665625e-06
274 1.9112240361930405e-06
275 1.894253515214331e-06
276 1.8943278112504687e-06
277 1.9086793473365666e-06
278 1.9014586025078707e-06
279 1.918809323723196e-06
280 1.8892356093499476e-06
281 1.8896001144942203e-06
282 1.9305366746309373e-06
283 1.964288038856907e-06
284 1.8922102263082833e-06
285 1.861352111908187e-06
286 1.906289191905233e-06
287 1.8988483592913223e-06
288 1.911128082209179e-06
289 1.9197016811015593e-06
290 1.8891385225228199e-06
291 1.9028286689999891e-06
292 1.912398937919625e-06
293 1.9063525246341905e-06
294 1.9066115907146931e-06
295 1.8904744428975887e-06
296 1.9119234184039173e-06
297 1.9412784710207823e-06
298 1.9120923119784133e-06
299 1.92317133228742e-06
