0 4.887711433907271e-06
1 4.9849592835981445e-06
2 4.891380123103139e-06
3 4.994882541345718e-06
4 5.017634651643451e-06
5 5.142523817108101e-06
6 5.063740768938637e-06
7 5.094480435687035e-06
8 4.878797355107897e-06
9 4.954399106974655e-06
10 5.108939981125535e-06
11 5.0684258356825e-06
12 5.24000710940865e-06
13 5.012137109266183e-06
14 5.142101488409174e-06
15 5.221543526578409e-06
16 4.779798622045793e-06
17 5.016220216175566e-06
18 5.051081772043544e-06
19 4.94246584537983e-06
20 5.037364424777728e-06
21 4.826373339674579e-06
22 4.933038904407059e-06
23 5.0133202200099255e-06
24 5.004375500819115e-06
25 5.008960926662218e-06
26 5.107114349984229e-06
27 5.030554073166549e-06
28 5.117791387046002e-06
29 4.887197731334744e-06
30 5.046357428074822e-06
31 5.077067037929769e-06
32 4.937883097841494e-06
33 4.856756450757922e-06
34 4.810410824543762e-06
35 5.089066511064773e-06
36 4.976331489972765e-06
37 4.750717069661895e-06
38 4.884084286727392e-06
39 5.0029877529538885e-06
40 4.890822867459067e-06
41 5.096587358193317e-06
42 5.09650632839614e-06
43 4.844053900766304e-06
44 4.861929692646427e-06
45 4.900247637947724e-06
46 4.989718605703165e-06
47 4.950538165301959e-06
48 4.899119577454676e-06
49 5.017615429986031e-06
50 5.078127477089321e-06
51 5.091979924125142e-06
52 5.015002340981865e-06
53 4.8961895988936684e-06
54 5.031615616872565e-06
55 4.891225450472843e-06
56 4.987038591410001e-06
57 4.992199106821278e-06
58 4.974132046275973e-06
59 4.850370321022056e-06
60 5.0002937492350155e-06
61 4.95852983881274e-06
62 4.977657323906642e-06
63 5.004250256385341e-06
64 5.06997422371896e-06
65 4.938001593521771e-06
66 5.066985159998895e-06
67 5.053322470411535e-06
68 4.891323232349699e-06
69 4.900384009119302e-06
70 5.0723341234726096e-06
71 4.9754442338745e-06
72 5.162215479726399e-06
73 5.158665956632428e-06
74 4.866763142717634e-06
75 4.838088525482695e-06
76 5.068702080739862e-06
77 4.947427399011381e-06
78 5.014165566320109e-06
79 5.014072412525136e-06
80 4.943992077555547e-06
81 4.911308092948361e-06
82 4.999001202336678e-06
83 4.865083755146663e-06
84 4.8884842138551264e-06
85 5.036689662806554e-06
86 5.040046086296529e-06
87 5.071705608345346e-06
88 4.939030127826867e-06
89 5.046398675526022e-06
90 4.916831814668457e-06
91 4.815752595960835e-06
92 4.921111092804316e-06
93 4.893208085798561e-06
94 4.838886676905531e-06
95 4.957277725459449e-06
96 4.964402361930442e-06
97 5.113917120577794e-06
98 5.12839030613642e-06
99 4.964787721192769e-06
100 5.084480699964884e-06
101 4.98685002991533e-06
102 4.953160987165621e-06
103 4.874085188010551e-06
104 5.124419357994782e-06
105 4.909966271081251e-06
106 5.015192753664917e-06
107 4.964223866262448e-06
108 5.0492059162602625e-06
109 4.861981273034932e-06
110 5.112413759323176e-06
111 5.047020148338756e-06
112 5.065466436432083e-06
113 4.8170207711272894e-06
114 4.967358508546193e-06
115 4.907344478239748e-06
116 5.068106469347482e-06
117 5.0048187960580395e-06
118 4.858993364276939e-06
119 4.825588211853132e-06
120 4.965938273175343e-06
121 4.902795828122007e-06
122 5.078932641538912e-06
123 5.031678813798296e-06
124 4.881051495140127e-06
125 4.984931850904948e-06
126 4.928569240489165e-06
127 5.211096439421848e-06
128 4.882090307679122e-06
129 4.9125474440260206e-06
130 4.750793869882917e-06
131 4.951692646006383e-06
132 4.883297123747534e-06
133 5.113299413496793e-06
134 5.080369174934963e-06
135 4.922673440011558e-06
136 4.93223784266951e-06
137 4.87967828442928e-06
138 4.970615285882927e-06
139 4.8327354436946765e-06
140 4.868074672963113e-06
141 4.778261650972535e-06
142 4.761459154007825e-06
143 4.924409195382562e-06
144 5.001251239283631e-06
145 4.905105743946469e-06
146 4.942207729468706e-06
147 4.995146425085759e-06
148 4.789278266029732e-06
149 5.102382657956207e-06
150 4.977949633956375e-06
151 4.969116047904531e-06
152 4.984911024428823e-06
153 5.061651604632781e-06
154 5.0245599034133945e-06
155 5.068311697193737e-06
156 5.067322378882225e-06
157 5.038064737478717e-06
158 5.014720461609664e-06
159 4.998922379911791e-06
160 4.9636183046175104e-06
161 4.838279055978696e-06
162 5.099081534675274e-06
163 5.050173589261157e-06
164 4.827062985467248e-06
165 4.889915384726734e-06
166 4.964990884707825e-06
167 5.0285639279290475e-06
168 4.948562194208159e-06
169 4.976792339373878e-06
170 4.939024290974046e-06
171 4.989981715874565e-06
172 5.030923042994027e-06
173 4.979677953020999e-06
174 4.972308577923564e-06
175 4.878613166008761e-06
176 4.985989172774826e-06
177 4.879170960015198e-06
178 5.00443343328124e-06
179 5.086814435421644e-06
180 4.966624502688835e-06
181 5.193497143588719e-06
182 5.155869953444471e-06
183 5.052336812498525e-06
184 4.964005731395179e-06
185 4.988864185127084e-06
186 5.115412594406062e-06
187 4.955576210817899e-06
188 5.088657432109987e-06
189 4.8400120780999e-06
190 5.102402204246616e-06
191 5.040092035794392e-06
192 5.003986926187683e-06
193 4.9696619876973575e-06
194 5.090748919204299e-06
195 4.983336793751276e-06
196 5.000037772295456e-06
197 4.98099910080489e-06
198 5.119507669299989e-06
199 4.77863372202354e-06
200 5.028150720189997e-06
201 5.162468450404221e-06
202 4.991488898404671e-06
203 5.006586175666002e-06
204 4.850042954036105e-06
205 5.148567487583561e-06
206 4.913113410342157e-06
207 4.934665683771383e-06
208 4.907344723114943e-06
209 5.008652486161187e-06
210 4.969815700577652e-06
211 4.903701250441329e-06
212 4.8760836591076874e-06
213 5.067762302177218e-06
214 4.9429358831167664e-06
215 5.056425960059199e-06
216 4.993828829561835e-06
217 4.926189357579896e-06
218 5.118209036479215e-06
219 4.944323162172553e-06
220 4.884131191016615e-06
221 4.994550457919785e-06
222 4.943644306282234e-06
223 5.079985864359012e-06
224 5.0809582312290605e-06
225 5.1883904180464275e-06
226 5.118975672198264e-06
227 4.955109045371458e-06
228 5.1062360440889344e-06
229 5.059738105033687e-06
230 4.974010891216253e-06
231 5.007294318079003e-06
232 5.065518303975492e-06
233 5.104562977912849e-06
234 5.018907983966617e-06
235 5.031763107192799e-06
236 5.094782849331643e-06
237 4.8959639043986736e-06
238 5.030154555529102e-06
239 5.005143126747331e-06
240 4.933939814253482e-06
241 5.002710528745922e-06
242 4.951374787366453e-06
243 4.882769033592044e-06
244 5.046273211289563e-06
245 4.84119605420016e-06
246 4.914851468016919e-06
247 5.303536973785865e-06
248 4.995405040530094e-06
249 4.721747156382234e-06
250 4.900621857145455e-06
251 4.94145770862668e-06
252 5.055944603924696e-06
253 5.100919375697714e-06
254 5.063923747318281e-06
255 5.028468057650575e-06
256 4.950106511964378e-06
257 4.696996784122398e-06
258 5.0093174186826416e-06
259 4.972590711575812e-06
260 5.145418300982543e-06
261 5.033945096616708e-06
262 5.005962367507186e-06
263 5.067701195073924e-06
264 5.13060102553411e-06
265 4.893208962221706e-06
266 4.820127705922747e-06
267 4.984540776163985e-06
268 4.895711693713744e-06
269 4.9101173298235094e-06
270 5.122461226735124e-06
271 5.165742980533117e-06
272 4.991852942145237e-06
273 4.858755334281875e-06
274 5.042205522232288e-06
275 5.174468384365354e-06
276 4.985647211588923e-06
277 4.879688250480827e-06
278 4.943449980029064e-06
279 5.009187147324038e-06
280 5.122812935243621e-06
281 5.285390378845593e-06
282 5.116955167796733e-06
283 4.923801308878619e-06
284 5.076044369053756e-06
285 4.9757292881492455e-06
286 4.998639059439531e-06
287 4.883872090589769e-06
288 5.0414840198569785e-06
289 5.113552452164366e-06
290 5.01867710698133e-06
291 5.130535138206391e-06
292 4.924258256262465e-06
293 5.005626152143668e-06
294 5.0425506270109415e-06
295 5.001354292986804e-06
296 5.041670200498443e-06
297 4.949438467909471e-06
298 5.018392952094284e-06
299 4.973736426561437e-06
