0 7.651139176245624e-07
1 7.639674057502594e-07
2 7.676224606533345e-07
3 7.783746520935954e-07
4 7.75622676351399e-07
5 7.64997481638095e-07
6 7.73883692824933e-07
7 7.731962453093706e-07
8 7.718807702014576e-07
9 7.54312575716115e-07
10 7.835680035696132e-07
11 7.609417138128002e-07
12 7.664629448647319e-07
13 7.547077326929202e-07
14 7.717586366594587e-07
15 7.80340438473175e-07
16 7.664932515625255e-07
17 7.706138395259677e-07
18 7.736213271856512e-07
19 7.621349064703939e-07
20 7.659213111066553e-07
21 7.673199705546718e-07
22 7.702737352685818e-07
23 7.638863149666495e-07
24 7.760499375284022e-07
25 7.688082050843887e-07
26 7.584371005963178e-07
27 7.646592301292959e-07
28 7.574943197729985e-07
29 7.655951918211532e-07
30 7.649464634542196e-07
31 7.788822632098748e-07
32 7.738469436492922e-07
33 7.541438483683606e-07
34 7.727615929728842e-07
35 7.774153949326918e-07
36 7.806416761713843e-07
37 7.731962928386104e-07
38 7.698436223721321e-07
39 7.532712652116164e-07
40 7.705050547099099e-07
41 7.711020922018864e-07
42 7.655872557649544e-07
43 7.654419086848324e-07
44 7.595993990937009e-07
45 7.508262699315627e-07
46 7.589782943677919e-07
47 7.814950678112651e-07
48 7.664281124960405e-07
49 7.742828869314781e-07
50 7.655975390990096e-07
51 7.720653805544515e-07
52 7.757744357814288e-07
53 7.60836966527538e-07
54 7.800794552230795e-07
55 7.648211538819295e-07
56 7.73879952800879e-07
57 7.664945556855201e-07
58 7.646024508889386e-07
59 7.642715741992082e-07
60 7.654415130895328e-07
61 7.752344786833611e-07
62 7.755632025988153e-07
63 7.620379600088538e-07
64 7.658633409419168e-07
65 7.622868057471887e-07
66 7.705184323746346e-07
67 7.770389854227169e-07
68 7.794317461138083e-07
69 7.786711152738508e-07
70 7.690796847039631e-07
71 7.598815394683954e-07
72 7.838994087075078e-07
73 7.689052966478561e-07
74 7.68015845607747e-07
75 7.521285459337603e-07
76 7.711474659606017e-07
77 7.762980308273127e-07
78 7.584326181474074e-07
79 7.736635515239363e-07
80 7.58317288976732e-07
81 7.643636864676766e-07
82 7.670567638279727e-07
83 7.702500449847921e-07
84 7.784124918220629e-07
85 7.793957356951063e-07
86 7.661241897202137e-07
87 7.683649369020007e-07
88 7.532938170209728e-07
89 7.825285667557471e-07
90 7.765500235807215e-07
91 7.768313602692856e-07
92 7.646507329916665e-07
93 7.490845309863404e-07
94 7.637050728382294e-07
95 7.666239532865399e-07
96 7.64303194407047e-07
97 7.782166915066915e-07
98 7.744672289612392e-07
99 7.651881915037003e-07
100 7.701489690472253e-07
101 7.680411866571648e-07
102 7.573735367329962e-07
103 7.621566842708876e-07
104 7.843098284771974e-07
105 7.718244552471104e-07
106 7.670943127593152e-07
107 7.718405032456862e-07
108 7.594404310976095e-07
109 7.563094821809442e-07
110 7.707779883651483e-07
111 7.726532551920716e-07
112 7.683947359658024e-07
113 7.699240242562857e-07
114 7.541500355795189e-07
115 7.695607166517515e-07
116 7.699649535198308e-07
117 7.697529907691496e-07
118 7.712193924232403e-07
119 7.665428993537347e-07
120 7.675490214888468e-07
121 7.764495207876721e-07
122 7.804227016821805e-07
123 7.763429844835085e-07
124 7.623531069532236e-07
125 7.753739522153834e-07
126 7.69565151986084e-07
127 7.643852342629995e-07
128 7.719116627569687e-07
129 7.695634341589339e-07
130 7.708727131082449e-07
131 7.703658451441295e-07
132 7.710640204837507e-07
133 7.712674829083945e-07
134 7.734374610119481e-07
135 7.589033852829657e-07
136 7.724185261965155e-07
137 7.728453964960041e-07
138 7.721063891745256e-07
139 7.660836178377103e-07
140 7.893255345363523e-07
141 7.775829065302525e-07
142 7.769631266442677e-07
143 7.663187436205958e-07
144 7.571787281182848e-07
145 7.801890094543617e-07
146 7.674291346215546e-07
147 7.732273471611055e-07
148 7.659467249309833e-07
149 7.659816139227583e-07
150 7.749727749640186e-07
151 7.722235509607025e-07
152 7.748915304671113e-07
153 7.784537554960605e-07
154 7.741867373364546e-07
155 7.595535825938558e-07
156 7.827566360917233e-07
157 7.713960492028334e-07
158 7.774179928402382e-07
159 7.618995491872128e-07
160 7.639591815402558e-07
161 7.58999823201409e-07
162 7.902397179368714e-07
163 7.683264995475858e-07
164 7.752820706448306e-07
165 7.673623363662525e-07
166 7.669778245658654e-07
167 7.667270819723718e-07
168 7.636386207659394e-07
169 7.595683553884457e-07
170 7.720106668030089e-07
171 7.787600781255296e-07
172 7.610038294714885e-07
173 7.709824882224176e-07
174 7.657186189663578e-07
175 7.671849313052229e-07
176 7.713682778091329e-07
177 7.656365236806595e-07
178 7.728198520048526e-07
179 7.61444550379016e-07
180 7.723259270490909e-07
181 7.80390946376394e-07
182 7.776766450893913e-07
183 7.61731216900684e-07
184 7.715024954016561e-07
185 7.707664812985723e-07
186 7.6443722021331e-07
187 7.808085005971975e-07
188 7.86846489399583e-07
189 7.733990155984027e-07
190 7.710214376663023e-07
191 7.709351150123793e-07
192 7.756258598261467e-07
193 7.660958766693327e-07
194 7.728117138619413e-07
195 7.76115672184281e-07
196 7.664542929267125e-07
197 7.753947597082065e-07
198 7.698992270770205e-07
199 7.811817273783983e-07
200 7.760159485115484e-07
201 7.677524206729144e-07
202 7.592135631897711e-07
203 7.756066675594972e-07
204 7.678253350888093e-07
205 7.722728841349184e-07
206 7.671351987056918e-07
207 7.689120031819681e-07
208 7.701827222520042e-07
209 7.713519078337804e-07
210 7.638144406239657e-07
211 7.774003757868314e-07
212 7.72905163094632e-07
213 7.701747478571785e-07
214 7.560318890979438e-07
215 7.646755672847709e-07
216 7.654089731978783e-07
217 7.782368849539642e-07
218 7.658903006880793e-07
219 7.743243473739312e-07
220 7.673712322794821e-07
221 7.581093136002751e-07
222 7.723461370804035e-07
223 7.626901313822103e-07
224 7.530595530669915e-07
225 7.854085688379964e-07
226 7.60106982480583e-07
227 7.654444988126306e-07
228 7.725972789174264e-07
229 7.720255717313021e-07
230 7.725833093989678e-07
231 7.736050279849481e-07
232 7.704265969601488e-07
233 7.803739779939161e-07
234 7.813018321829381e-07
235 7.646485111250526e-07
236 7.724531860111366e-07
237 7.701377057267388e-07
238 7.740536736911564e-07
239 7.641812781941545e-07
240 7.729416308620563e-07
241 7.714160083935639e-07
242 7.694660120208048e-07
243 7.57076552728749e-07
244 7.668262435172865e-07
245 7.687484180526284e-07
246 7.70786506196599e-07
247 7.728299916157737e-07
248 7.724036804350268e-07
249 7.665304578626156e-07
250 7.665014839834547e-07
251 7.773608458622525e-07
252 7.600312303406037e-07
253 7.645339532475322e-07
254 7.606328123611723e-07
255 7.772731822199245e-07
256 7.698955101693108e-07
257 7.633269480177094e-07
258 7.618715788434659e-07
259 7.78151995982975e-07
260 7.642226279547575e-07
261 7.726647625684656e-07
262 7.685911752697016e-07
263 7.744536938098748e-07
264 7.672884736819417e-07
265 7.692724108715351e-07
266 7.779683178545137e-07
267 7.662651182146939e-07
268 7.750543902664869e-07
269 7.630256756506189e-07
270 7.699253617716611e-07
271 7.77707081250959e-07
272 7.66213342577355e-07
273 7.776193503299096e-07
274 7.67187684084223e-07
275 7.631029186802102e-07
276 7.670640659812185e-07
277 7.727172661573892e-07
278 7.673597132231197e-07
279 7.70772159808446e-07
280 7.772689953989467e-07
281 7.674613047013957e-07
282 7.612144267291437e-07
283 7.804469831996998e-07
284 7.840984311351106e-07
285 7.603024513158791e-07
286 7.621669333723698e-07
287 7.775924782659009e-07
288 7.722108007233421e-07
289 7.700918479997134e-07
290 7.655862221968427e-07
291 7.773050418498123e-07
292 7.754873638785154e-07
293 7.558401581930567e-07
294 7.671800379019449e-07
295 7.720928206134132e-07
296 7.706924606548332e-07
297 7.809761401033871e-07
298 7.675415132200841e-07
299 7.667735854876581e-07
