0 -8.9101253070952e-07
1 -9.37499477688372e-07
2 -9.308492933905131e-07
3 -1.0562244337325039e-06
4 -1.0704744018672816e-06
5 -9.6928686604432e-07
6 -1.1485327639936703e-06
7 -1.268133834759765e-06
8 -1.0457683373969747e-06
9 -8.83952309840021e-07
10 -1.2377486739072207e-06
11 -1.0491890564304456e-06
12 -1.152566640622582e-06
13 -1.0176383202426373e-06
14 -1.0583263311446849e-06
15 -1.1440027678251784e-06
16 -9.371192640821392e-07
17 -1.0427625805181688e-06
18 -1.2027775118838833e-06
19 -9.25257014755805e-07
20 -1.0913225195322879e-06
21 -1.0211889155948716e-06
22 -1.0656837438915314e-06
23 -1.0582182063024946e-06
24 -1.01857844603763e-06
25 -1.0397589663650869e-06
26 -8.903078757011451e-07
27 -9.640882433874213e-07
28 -1.013368460630146e-06
29 -1.0039275896171525e-06
30 -1.1170638982825301e-06
31 -1.0395665017851524e-06
32 -1.0665566825697665e-06
33 -9.673876506463697e-07
34 -9.477320678905901e-07
35 -1.02649223693248e-06
36 -1.1879894048900952e-06
37 -9.195790810708234e-07
38 -9.614717325130567e-07
39 -8.547334504994525e-07
40 -9.417798329604553e-07
41 -1.1484650009558676e-06
42 -9.917931070686671e-07
43 -9.552054088993179e-07
44 -8.823459653050468e-07
45 -9.113266616502742e-07
46 -9.208440892160669e-07
47 -1.0363570134696683e-06
48 -9.127259435744176e-07
49 -9.57116539871804e-07
50 -1.2209758548119407e-06
51 -1.103577672959967e-06
52 -9.506564837352521e-07
53 -9.763981887898132e-07
54 -1.0315533460418724e-06
55 -1.040959321010567e-06
56 -9.823315198641225e-07
57 -1.0473444988634393e-06
58 -9.907897512537364e-07
59 -9.3408252703576e-07
60 -9.660632344011658e-07
61 -1.141610056451673e-06
62 -1.066113126311272e-06
63 -9.641100701769845e-07
64 -1.0447234093381394e-06
65 -9.503439473097752e-07
66 -1.0401214734329843e-06
67 -1.1855204617443225e-06
68 -1.0570735765904835e-06
69 -1.0470262079680756e-06
70 -1.1303674384252813e-06
71 -9.580592186524422e-07
72 -1.1033817344084515e-06
73 -1.1138622404796882e-06
74 -1.0006257196950096e-06
75 -8.489401118940387e-07
76 -1.0986570251324116e-06
77 -9.635363331669739e-07
78 -8.348732158350601e-07
79 -1.0032071855650035e-06
80 -8.643629279763923e-07
81 -9.330174889970629e-07
82 -1.1115847713728764e-06
83 -9.557507806315268e-07
84 -9.727149730042816e-07
85 -1.1176385145735007e-06
86 -1.0346580273318676e-06
87 -1.0450509064650634e-06
88 -8.485079279083115e-07
89 -1.2314709105999324e-06
90 -1.0736542346119487e-06
91 -1.0574287510555438e-06
92 -1.0390341308675414e-06
93 -7.587131390036877e-07
94 -9.017113990610312e-07
95 -8.692070591890727e-07
96 -9.432753908454594e-07
97 -1.1604208092031667e-06
98 -1.036155802051091e-06
99 -9.939398384740564e-07
100 -1.0366895027022852e-06
101 -1.0243883726067645e-06
102 -9.961102820998234e-07
103 -1.0024216700540157e-06
104 -1.2907460080191483e-06
105 -1.0063931351909513e-06
106 -1.0178604283252478e-06
107 -1.0950053259552965e-06
108 -9.725638388583765e-07
109 -8.708515214802788e-07
110 -1.1842741035597495e-06
111 -1.0100141094301592e-06
112 -9.435952822966893e-07
113 -1.0253252861273973e-06
114 -9.036471350554826e-07
115 -1.0146813239647823e-06
116 -1.145835790467021e-06
117 -1.1832654085112628e-06
118 -1.0681315076955812e-06
119 -8.239904715541841e-07
120 -9.29736482130016e-07
121 -1.0555832508334452e-06
122 -1.1646154564889578e-06
123 -1.037321037237098e-06
124 -8.40075628579117e-07
125 -1.009998806070304e-06
126 -9.570782930816212e-07
127 -1.0305527990597371e-06
128 -9.717724874395203e-07
129 -1.0423979758515457e-06
130 -9.703015252006985e-07
131 -9.95571781260532e-07
132 -9.726922811965507e-07
133 -1.0847741762672845e-06
134 -1.1813824346000744e-06
135 -9.211259994932511e-07
136 -9.288199783590006e-07
137 -1.0127819290870973e-06
138 -1.2388602528480965e-06
139 -9.423159483999795e-07
140 -1.154382612909761e-06
141 -1.0308273177840476e-06
142 -9.082526220142338e-07
143 -9.233647792157629e-07
144 -1.008870571646059e-06
145 -1.0860095119300559e-06
146 -8.894770112800379e-07
147 -1.0434786114823877e-06
148 -9.281364950143764e-07
149 -1.1209615211706227e-06
150 -9.846635771477778e-07
151 -9.598225761102723e-07
152 -1.0262755797587703e-06
153 -9.758667259892258e-07
154 -1.0156961082557215e-06
155 -1.0042657665873405e-06
156 -9.943158711357504e-07
157 -1.0847422479675363e-06
158 -1.0729885069144826e-06
159 -9.70438548323072e-07
160 -8.676820889296505e-07
161 -1.1268215667686052e-06
162 -1.2054853186373798e-06
163 -1.1033172828656654e-06
164 -8.822964293997776e-07
165 -9.373339072997518e-07
166 -1.0348140459653838e-06
167 -1.0087134644365435e-06
168 -8.72035705893956e-07
169 -1.030852917984719e-06
170 -1.091792482621064e-06
171 -1.132197438275195e-06
172 -9.175811413082793e-07
173 -1.096577978349742e-06
174 -1.0218271099108445e-06
175 -1.1419647260641267e-06
176 -8.791377824213453e-07
177 -9.478212852397968e-07
178 -1.1483272699273454e-06
179 -9.331327772282565e-07
180 -9.877853683145651e-07
181 -1.2070442053051102e-06
182 -1.2480001317637324e-06
183 -8.61309939491719e-07
184 -1.017727131027233e-06
185 -1.0355986164168543e-06
186 -9.969927414160922e-07
187 -9.541626460516348e-07
188 -1.1227344751369935e-06
189 -1.0549260983071285e-06
190 -1.0670368575132362e-06
191 -1.0053170539519975e-06
192 -1.0202821879356557e-06
193 -1.0630099709002834e-06
194 -1.032848623427957e-06
195 -1.0850934023619274e-06
196 -9.50752124745895e-07
197 -1.0265891621031706e-06
198 -1.0708240632737171e-06
199 -9.530028404784366e-07
200 -1.1138369498347812e-06
201 -1.1029312635845356e-06
202 -9.941158717422465e-07
203 -1.2263400758093317e-06
204 -9.76523706078845e-07
205 -1.0939416822581575e-06
206 -9.864324212978146e-07
207 -1.01531555422608e-06
208 -1.0765621579417181e-06
209 -1.0045934838456555e-06
210 -1.0421445866512962e-06
211 -9.891453949774628e-07
212 -1.025164789776604e-06
213 -1.1280916768278416e-06
214 -9.941903944938668e-07
215 -1.0191361194720309e-06
216 -9.091274456714194e-07
217 -1.0254857293891879e-06
218 -1.0920781094989157e-06
219 -1.0818268964960893e-06
220 -9.078824091555404e-07
221 -9.658312594639842e-07
222 -8.898875247985918e-07
223 -9.615557197433921e-07
224 -8.630012118428108e-07
225 -1.344005096432994e-06
226 -9.207144585361977e-07
227 -9.86183523936374e-07
228 -1.0350130976025329e-06
229 -1.069098749007853e-06
230 -9.775458750284586e-07
231 -9.114912402847745e-07
232 -9.990706285983302e-07
233 -1.2557384282694392e-06
234 -1.2359226246691097e-06
235 -8.914147440104492e-07
236 -1.0316447143155354e-06
237 -9.533233436373664e-07
238 -1.1357884715204674e-06
239 -9.029513489462911e-07
240 -1.038149854631727e-06
241 -1.058997552974273e-06
242 -1.0509123472648445e-06
243 -8.4931239914082e-07
244 -9.56332643274169e-07
245 -8.783733729960817e-07
246 -9.744610418695066e-07
247 -1.1157084743561278e-06
248 -1.025545117708122e-06
249 -9.59299574420716e-07
250 -9.54722093395048e-07
251 -9.93832081151924e-07
252 -8.179149880236119e-07
253 -1.105467340831463e-06
254 -9.144368816991002e-07
255 -1.1114985893330198e-06
256 -1.017426886574075e-06
257 -8.594032874351423e-07
258 -9.316420490857157e-07
259 -1.0248964930273198e-06
260 -1.0267050382202346e-06
261 -1.1080177325921052e-06
262 -1.0219619968099174e-06
263 -1.0142836371990394e-06
264 -1.0895665508277603e-06
265 -1.0114200934408308e-06
266 -9.708239316071346e-07
267 -1.0723994075126806e-06
268 -1.0454515490179606e-06
269 -1.0157833427160658e-06
270 -1.043891866055057e-06
271 -1.1538427120316214e-06
272 -1.0226552643559178e-06
273 -1.163502723429794e-06
274 -1.1136340823123728e-06
275 -1.0669662708788686e-06
276 -8.620526986290081e-07
277 -9.72977871787325e-07
278 -1.1649040803302813e-06
279 -9.460547103957868e-07
280 -1.2596205232241105e-06
281 -1.2762773840720144e-06
282 -9.849998300548987e-07
283 -1.1922954662192802e-06
284 -1.0972381595972797e-06
285 -1.0110271209106731e-06
286 -9.800397724636658e-07
287 -9.21183045814094e-07
288 -9.769140053580768e-07
289 -1.0850394833954299e-06
290 -9.508237259235057e-07
291 -1.1474803030072576e-06
292 -9.390322159979638e-07
293 -9.572237683635478e-07
294 -1.0995417349871369e-06
295 -9.883987482507637e-07
296 -1.1458789664852707e-06
297 -1.060542489984419e-06
298 -1.0389035493921087e-06
299 -1.022008292812531e-06
