0 1.7406466744062931e-06
1 1.7829625013062237e-06
2 1.7666012744826679e-06
3 1.7467530711278101e-06
4 1.7773068341899276e-06
5 1.7304747169147056e-06
6 1.7317858886846971e-06
7 1.7805301018921597e-06
8 1.7665743899625463e-06
9 1.7165440515668135e-06
10 1.7159373258963785e-06
11 1.6853763879049046e-06
12 1.7162382663932089e-06
13 1.7474786999717002e-06
14 1.7823206096445192e-06
15 1.7719394954903022e-06
16 1.7242929123260192e-06
17 1.7495997532680112e-06
18 1.6981586459764409e-06
19 1.7600232879162721e-06
20 1.7685792217218044e-06
21 1.7813981929478472e-06
22 1.7389898954195194e-06
23 1.75447099285631e-06
24 1.7917584813308862e-06
25 1.7147277062572458e-06
26 1.765665658467522e-06
27 1.7806481001703785e-06
28 1.7423074030135446e-06
29 1.7388079405477235e-06
30 1.7074738477796803e-06
31 1.7282178875352052e-06
32 1.6537797676925241e-06
33 1.734117633031133e-06
34 1.790907302901124e-06
35 1.7300453234099122e-06
36 1.780048013848806e-06
37 1.7074117964128315e-06
38 1.716261621500767e-06
39 1.7161206449381048e-06
40 1.7655031954742268e-06
41 1.7660065901378992e-06
42 1.7274665241273475e-06
43 1.8077663778592222e-06
44 1.7608319277501945e-06
45 1.688667055107653e-06
46 1.7654745626570317e-06
47 1.6929662307530926e-06
48 1.7593215692093375e-06
49 1.7518792145963126e-06
50 1.694049986059461e-06
51 1.6733009798396826e-06
52 1.7644404420310274e-06
53 1.7858347118061394e-06
54 1.7469472284080687e-06
55 1.743904662195825e-06
56 1.7269616407205365e-06
57 1.7897008886511492e-06
58 1.7816181705357596e-06
59 1.7846997660136767e-06
60 1.8223207831208614e-06
61 1.6826113184227094e-06
62 1.8082656147178184e-06
63 1.7308359392224212e-06
64 1.7022109674938906e-06
65 1.7123258024690607e-06
66 1.7030352245832202e-06
67 1.728210857914477e-06
68 1.7617668241920102e-06
69 1.694779714701924e-06
70 1.739618770453401e-06
71 1.7873582723215577e-06
72 1.7322332181258368e-06
73 1.7235519908506847e-06
74 1.755719910917691e-06
75 1.7925706961657612e-06
76 1.7489974662312741e-06
77 1.7771834902928302e-06
78 1.7565802888843123e-06
79 1.7428845312151665e-06
80 1.689630773924305e-06
81 1.836531180832478e-06
82 1.6901880885507268e-06
83 1.6757655775943343e-06
84 1.7222304883518323e-06
85 1.7047948825655368e-06
86 1.8211287004851959e-06
87 1.7735831191946468e-06
88 1.7902544092503797e-06
89 1.7598450881409793e-06
90 1.7312557406772598e-06
91 1.6590024357540492e-06
92 1.739587055979164e-06
93 1.7469839823017804e-06
94 1.8175647924176016e-06
95 1.6760620659409772e-06
96 1.7593528336592707e-06
97 1.7753526069621079e-06
98 1.7568728692332468e-06
99 1.6915487507399286e-06
100 1.726561915329957e-06
101 1.6951421051030384e-06
102 1.8035526790083456e-06
103 1.769547544194385e-06
104 1.7477003410254714e-06
105 1.7896713817565845e-06
106 1.7204813052153968e-06
107 1.736601317976066e-06
108 1.8112953919429177e-06
109 1.7057213701120337e-06
110 1.7688297239340474e-06
111 1.7618182368861507e-06
112 1.6957118360791909e-06
113 1.6915318823131621e-06
114 1.7897644118359486e-06
115 1.7543882496276507e-06
116 1.6961886155725825e-06
117 1.7718320229128464e-06
118 1.812726929177361e-06
119 1.7848290891853694e-06
120 1.7471451520932976e-06
121 1.7369397551160473e-06
122 1.6917160670780386e-06
123 1.805007224599143e-06
124 1.7817354589960098e-06
125 1.7183258333627088e-06
126 1.776416034201157e-06
127 1.72937402610286e-06
128 1.7069860892534921e-06
129 1.6909156551718021e-06
130 1.7046273468071272e-06
131 1.731348506105926e-06
132 1.8002105232128826e-06
133 1.744179135633551e-06
134 1.7300806709765917e-06
135 1.7116987676277327e-06
136 1.7962495683233824e-06
137 1.720367137679228e-06
138 1.78944323400924e-06
139 1.7421609732934827e-06
140 1.7748271597776615e-06
141 1.7415220426318543e-06
142 1.7041057580740485e-06
143 1.711143419248039e-06
144 1.735199273574086e-06
145 1.7527293116792168e-06
146 1.7758931442107258e-06
147 1.7668029413610022e-06
148 1.7381048866774568e-06
149 1.7333154881639198e-06
150 1.698008313449565e-06
151 1.695029383137661e-06
152 1.7878216743030492e-06
153 1.6849205807983094e-06
154 1.7309681903989725e-06
155 1.7708698975300607e-06
156 1.7306386095567935e-06
157 1.6748371560980889e-06
158 1.747463765296753e-06
159 1.7693548155506183e-06
160 1.7655583135907508e-06
161 1.7010619759250715e-06
162 1.772006517473978e-06
163 1.7244253101323085e-06
164 1.8135205224213904e-06
165 1.7999039318284985e-06
166 1.7035729909443618e-06
167 1.687613222819875e-06
168 1.6994259487751799e-06
169 1.7350573578034687e-06
170 1.7183382386250349e-06
171 1.7389041647919161e-06
172 1.7378280738797733e-06
173 1.7372767207227486e-06
174 1.674378859223269e-06
175 1.7492532895833933e-06
176 1.7127254928586581e-06
177 1.735186666141566e-06
178 1.6776456850181338e-06
179 1.7919862971099261e-06
180 1.677771828375056e-06
181 1.7466443180059919e-06
182 1.728816976629266e-06
183 1.7565047145889143e-06
184 1.7570455939614245e-06
185 1.7397214314903713e-06
186 1.79032302479629e-06
187 1.7568568718927033e-06
188 1.6776839513958426e-06
189 1.7703552576027828e-06
190 1.7372443770337149e-06
191 1.7437484624966785e-06
192 1.6959330836978372e-06
193 1.7706310761750975e-06
194 1.7326175671431547e-06
195 1.7276155210621494e-06
196 1.7223772246386129e-06
197 1.722702782067662e-06
198 1.761457036842907e-06
199 1.6891042086959865e-06
200 1.6546241439267487e-06
201 1.6881916005449795e-06
202 1.7756046699837427e-06
203 1.7757632483010777e-06
204 1.705444408950132e-06
205 1.7561910524722272e-06
206 1.7710600628845064e-06
207 1.7479617245073474e-06
208 1.7355269355672903e-06
209 1.7276721064261785e-06
210 1.781365610688898e-06
211 1.702616487988208e-06
212 1.72296145835722e-06
213 1.7722954713965386e-06
214 1.717075720537145e-06
215 1.7056475670998174e-06
216 1.7344122223695526e-06
217 1.7108809989996531e-06
218 1.7483365834849805e-06
219 1.7723304018952158e-06
220 1.703083305602729e-06
221 1.7986359418680197e-06
222 1.6966690750594257e-06
223 1.78075552932042e-06
224 1.8311538193289287e-06
225 1.7778372076812855e-06
226 1.7341446913411527e-06
227 1.7462876138935638e-06
228 1.7659831533656373e-06
229 1.758012648649658e-06
230 1.7435595929052754e-06
231 1.7417975811646276e-06
232 1.7567677040505173e-06
233 1.7710746282318341e-06
234 1.7736028625755454e-06
235 1.7641215632519753e-06
236 1.7477257174251572e-06
237 1.730437019423346e-06
238 1.7550907140809917e-06
239 1.8055410607829047e-06
240 1.7664751906063305e-06
241 1.7536623763620673e-06
242 1.7797298952662805e-06
243 1.7922754746801826e-06
244 1.7893899897037488e-06
245 1.7562444244280877e-06
246 1.7710109818943183e-06
247 1.7437345236380825e-06
248 1.733759292427537e-06
249 1.7321785255250393e-06
250 1.7582294665346806e-06
251 1.6857880240819036e-06
252 1.7392856174426097e-06
253 1.7649683982448069e-06
254 1.689097562625441e-06
255 1.6939736237424717e-06
256 1.8105951600902195e-06
257 1.7637999479236815e-06
258 1.712312514112981e-06
259 1.7252981641554267e-06
260 1.6923739660159878e-06
261 1.7487175033734648e-06
262 1.710889129545828e-06
263 1.7591264375070853e-06
264 1.7591538124170015e-06
265 1.6827672227554237e-06
266 1.7730193247345095e-06
267 1.7415024772919104e-06
268 1.7553104246461763e-06
269 1.6516237327067134e-06
270 1.778546940493833e-06
271 1.808496471251111e-06
272 1.7830018216632425e-06
273 1.7212968618742935e-06
274 1.7733542388436042e-06
275 1.7100912430839819e-06
276 1.7333839428341604e-06
277 1.7702243963729486e-06
278 1.7297340140335885e-06
279 1.797546365471677e-06
280 1.6346873364646787e-06
281 1.6878486169975117e-06
282 1.756408896842335e-06
283 1.711393029841064e-06
284 1.7238693786606563e-06
285 1.6809949556244489e-06
286 1.7328237819361308e-06
287 1.7124593676741343e-06
288 1.761932628042302e-06
289 1.762893668015522e-06
290 1.701764947097074e-06
291 1.7188229452508211e-06
292 1.741058191678595e-06
293 1.7245676968477314e-06
294 1.7533388159730832e-06
295 1.7370010819612668e-06
296 1.70409949012764e-06
297 1.7096679053016226e-06
298 1.7324866680331781e-06
299 1.8065107158439444e-06
