0 -1.510603224847697e-07
1 -9.905886641732853e-08
2 -1.205651066969084e-07
3 -2.7731435148254826e-07
4 -8.417949654564634e-08
5 -1.643848720125349e-07
6 -1.3715448722154216e-07
7 -1.0746934115947881e-07
8 -2.7688382798186523e-07
9 -1.0958371227954489e-07
10 -1.5776408978410633e-07
11 -1.6561700852377566e-07
12 -1.6851206672026938e-07
13 -1.5228727786323848e-07
14 -1.3012535346038199e-07
15 -2.781329973404072e-07
16 -1.7530811963559243e-07
17 -7.421926660670245e-08
18 -1.463607799508694e-07
19 -9.192818708734042e-08
20 -1.5794594381929162e-07
21 -1.3296248610412024e-07
22 -1.8209822530155462e-07
23 -1.1291134672473674e-07
24 -2.0033269145538552e-07
25 -9.456286089546822e-08
26 -1.1969709871705426e-07
27 -8.898562921846247e-09
28 -1.4010990890210212e-07
29 -1.8947624183882369e-07
30 -1.7067662368722268e-07
31 -2.2687503313543828e-07
32 -1.8024020808284701e-07
33 -4.7162497487877225e-08
34 -9.104651939701972e-08
35 -1.3042320553632536e-07
36 -1.3039159168862793e-07
37 -1.1820630098491943e-07
38 -1.8162613936210554e-07
39 -1.856397382191645e-07
40 -1.946182651731302e-07
41 -1.5411518456544167e-07
42 -1.7892570157653943e-07
43 -9.365117583741855e-08
44 -1.4172731110811052e-07
45 -8.879113665436337e-08
46 -1.5819409330110577e-07
47 -1.5010106536469461e-07
48 -1.440635638016033e-07
49 -2.920450439601753e-07
50 -2.027007754646191e-07
51 -1.5928265606665036e-07
52 -1.3448253131677623e-08
53 -2.491214525289046e-07
54 -1.8364199746084263e-07
55 -2.7817721212496808e-08
56 -1.7044422928806137e-07
57 -1.4632959906082675e-07
58 -1.7876066270745178e-07
59 -2.312722662676575e-07
60 -6.603157992075246e-08
61 -1.8368689892485478e-07
62 2.634546304059326e-09
63 -1.5092323954384415e-07
64 -2.3650737753768935e-07
65 -5.196253159913456e-08
66 -2.3549582234519522e-07
67 -1.3699622152031066e-07
68 -2.1123111702231788e-07
69 -1.7298839546039575e-07
70 -2.369526017499384e-07
71 -1.6170566306663918e-07
72 -2.619873553468182e-07
73 -2.558496436440256e-07
74 -1.5472749955804944e-07
75 -1.256259445875903e-07
76 -1.825926729907508e-07
77 -1.502026472802684e-07
78 -1.9021404856174682e-07
79 -1.678607426425962e-07
80 -1.9448549875706766e-07
81 -7.898941056069482e-08
82 -2.0762810341452603e-07
83 -1.751517486416511e-07
84 -1.2567743247909676e-07
85 -2.396860681590456e-07
86 -1.7853132856750313e-07
87 -1.591902739973001e-07
88 -1.206517874584191e-07
89 -1.6469300188162888e-07
90 -2.1632383923326133e-07
91 -2.0037933706937015e-07
92 -1.3818425397201695e-07
93 -1.3237366659841353e-07
94 -7.795975500925232e-08
95 -2.813380227442545e-07
96 -1.2625661757187165e-07
97 -2.1781672276696752e-07
98 -2.0568760731077428e-07
99 -7.018469755007553e-09
100 -1.4381700435946258e-07
101 -2.4011780681022226e-07
102 -1.1153118911147401e-07
103 -1.5627343763667825e-07
104 -2.0630634702940415e-07
105 -1.488793101539779e-07
106 -1.3130075958179534e-07
107 -1.446908055068124e-07
108 -1.3926110461961858e-07
109 -2.1155479798800742e-07
110 -2.2458777112828403e-07
111 -2.3588322520889033e-07
112 -1.6319176811582482e-07
113 -2.0597385201306247e-07
114 -1.1052755744807945e-07
115 -1.5768654536053067e-07
116 -2.2907355801157911e-07
117 -4.2056840902270506e-08
118 -2.521244202226338e-07
119 -1.8455997230160425e-07
120 -1.6875081274825989e-07
121 -1.1028979277164286e-07
122 -1.6749103006556049e-07
123 -1.5549465605133904e-07
124 -1.190570774221903e-07
125 -1.6330270737166997e-07
126 1.3203158922306024e-08
127 -1.7034871748729558e-07
128 -1.9237239054202079e-07
129 -2.8388127747205427e-07
130 -2.245315533104923e-07
131 -1.432361672877018e-07
132 -1.6051206973493606e-07
133 -8.681715161455398e-08
134 -1.6526160301518842e-07
135 -1.6173222384396586e-07
136 -2.0321203208823748e-07
137 -1.610809824435018e-07
138 -2.2043983295137254e-07
139 -8.019685091453695e-08
140 -2.2488352497435847e-07
141 -6.025977548408894e-08
142 -9.060994093062019e-08
143 -2.3451403979397752e-07
144 -1.7500011309429965e-07
145 -5.152240473669547e-08
146 -2.3061014605209957e-07
147 -1.4988671160214197e-07
148 -1.3621180920191396e-07
149 -1.5508001102550085e-07
150 -2.2404026540710412e-07
151 -2.880692016185552e-07
152 -1.1916080566706948e-07
153 -1.6778362450921956e-07
154 -1.4447869264972155e-07
155 -3.708259475618036e-08
156 -3.230913707909846e-07
157 -2.0570077042483656e-07
158 -1.5093583133899338e-07
159 -7.258711867989556e-08
160 -1.0860128019707629e-07
161 -3.321760281222314e-07
162 -3.023164843211601e-08
163 -8.302064171228547e-08
164 -2.4280550563673853e-07
165 -1.900887551572443e-07
166 -1.355663967575986e-07
167 -2.3135050570083196e-07
168 -2.3345720900909005e-07
169 -1.251539469950298e-07
170 -1.0541143037679844e-07
171 -2.3212361661350793e-07
172 -1.7998705574653653e-07
173 -1.087529903139493e-07
174 -2.531930253004553e-07
175 -1.631542312529207e-07
176 -2.5488667553321977e-07
177 -1.9235781418054306e-07
178 -2.486490565699575e-07
179 -9.895326029643837e-08
180 -3.4053945930494605e-07
181 -1.73134523177635e-07
182 -1.6585427983510035e-07
183 -2.571504134663989e-07
184 -1.2469923942026343e-07
185 -1.5315668547455145e-07
186 -1.774198620234265e-07
187 -1.4936129274072246e-07
188 -1.2218838641498365e-07
189 -9.15494846419399e-08
190 -2.5513261835405173e-07
191 -1.5552015427117014e-07
192 -1.3686733903787337e-07
193 -1.1658134131419375e-07
194 -2.6447037063900457e-07
195 -2.063166432986677e-07
196 -2.888418163163503e-07
197 -1.3328407708725247e-07
198 -1.9007384484235066e-07
199 -2.176632684014884e-07
200 -2.3588609703937812e-07
201 -1.456004023209904e-07
202 -1.157720239929566e-07
203 -1.2874726855638955e-07
204 -2.764192827141796e-07
205 -1.5935078598179668e-07
206 -1.463533857694575e-07
207 -2.1854631686249825e-07
208 -2.8676782587194526e-07
209 -6.02959374974014e-08
210 -1.3134426846134066e-07
211 -1.4915129116130428e-07
212 -1.3942113264789787e-07
213 -1.4828912454784568e-07
214 -1.928888582836341e-07
215 -2.454671162184676e-07
216 -1.7405753252666606e-07
217 -1.7739978525748709e-07
218 -2.0171202032013292e-07
219 -1.1674802021072197e-07
220 -1.8774919571768068e-07
221 -1.912681177764044e-07
222 -1.3259842397412998e-07
223 -1.8491867292664493e-07
224 -2.038776670843493e-07
225 -1.6487254908888216e-07
226 -2.2361830862068784e-07
227 -7.018092928758003e-08
228 -1.9679487619075043e-07
229 -1.1824147649879671e-07
230 -1.7142288161130784e-07
231 -2.6452039783787636e-07
232 -1.9663357208978845e-07
233 -1.395111669714522e-07
234 -1.9242938060293117e-07
235 -1.9642639579370862e-07
236 -1.2735802694682334e-07
237 -1.0162308922656972e-07
238 -1.9516813142769816e-07
239 -7.017778164674442e-08
240 -9.218308149080412e-08
241 -1.588840804435078e-07
242 -1.294519812789234e-07
243 -1.4332083276585457e-07
244 -1.462025903783456e-07
245 -1.7140665050679047e-07
246 -1.1714409016896571e-07
247 -2.269994262059399e-07
248 -1.9775925788495183e-07
249 -1.3988808419632728e-07
250 -1.3612286572987704e-07
251 -1.99533059887862e-07
252 -2.2535097157521898e-07
253 -1.377544299102519e-07
254 -1.4013060594061555e-07
255 -2.1258948305346936e-07
256 -1.9590639471368106e-07
257 -1.2188116783075777e-07
258 -2.559057777139506e-07
259 -1.6806739395482616e-07
260 -2.021964885291508e-07
261 -1.951036027131125e-07
262 -1.8086704170378156e-07
263 -2.636824014024602e-07
264 -8.806957144945935e-08
265 -1.7520029398278621e-07
266 -1.753193586643315e-07
267 -7.877629277487658e-08
268 -2.4834632475829447e-07
269 -2.3452791321790163e-07
270 -1.8445023996750327e-07
271 -1.40099240941615e-07
272 -2.1458425967407872e-07
273 -1.3594000058541066e-07
274 -1.6786316547808113e-07
275 -2.5186105126404604e-07
276 -1.2094883034506619e-07
277 -3.812983692628805e-08
278 -1.9648284405855914e-07
279 -6.291141759608192e-08
280 -2.3618410637393588e-07
281 -1.1758070698874867e-07
282 -2.403476609579467e-07
283 -2.4423684694225884e-07
284 -1.0400042384328356e-07
285 -2.1155000759131114e-07
286 -8.84009157695816e-08
287 -1.170485394504249e-07
288 -1.8166675346196344e-07
289 -1.2561689101270947e-07
290 -1.914246294266555e-07
291 -1.8779108130363846e-07
292 -1.245420817841698e-07
293 -1.8514909431495208e-07
294 -1.1673738401661031e-07
295 -1.4278115203598162e-07
296 -2.2841417359471225e-07
297 -1.2117682528258287e-07
298 -1.0671300478663443e-07
299 -7.808525132360862e-08
