0 1.1700010174107456e-06
1 1.1528207966423142e-06
2 1.1735957801577737e-06
3 1.1752300784678248e-06
4 1.173855591862523e-06
5 1.1464315025724868e-06
6 1.153603574588153e-06
7 1.1838442959284346e-06
8 1.1582228851247248e-06
9 1.1378622628183753e-06
10 1.1903440522535462e-06
11 1.1805805386567285e-06
12 1.1502191419992135e-06
13 1.1454741036352993e-06
14 1.134314376799402e-06
15 1.1557623768078754e-06
16 1.184153549775389e-06
17 1.1584226779996175e-06
18 1.185954828511661e-06
19 1.1637252346738488e-06
20 1.1564897098959615e-06
21 1.1605763754542973e-06
22 1.1598558154444746e-06
23 1.1672026241421408e-06
24 1.1739505602877336e-06
25 1.16857484241908e-06
26 1.1221307141342696e-06
27 1.180236185313973e-06
28 1.164071743776326e-06
29 1.1781850786828933e-06
30 1.1758362377468244e-06
31 1.1523916776421712e-06
32 1.1704258297528243e-06
33 1.1744574085008559e-06
34 1.1668178762427927e-06
35 1.153536686944301e-06
36 1.1694197839642494e-06
37 1.1866253820825552e-06
38 1.2020666196708304e-06
39 1.162602232877049e-06
40 1.1604337861903947e-06
41 1.1507674917279395e-06
42 1.1671592233689197e-06
43 1.1535411709607464e-06
44 1.2041775963891181e-06
45 1.1873378438294746e-06
46 1.188744572532748e-06
47 1.1513755180175292e-06
48 1.1681528353825883e-06
49 1.137038047194583e-06
50 1.1883541604592256e-06
51 1.1707277318564985e-06
52 1.1618676125267883e-06
53 1.157435112567895e-06
54 1.1524339221307338e-06
55 1.2090266190837708e-06
56 1.1688216345018461e-06
57 1.1626863327667758e-06
58 1.1752915632478924e-06
59 1.1480824863080787e-06
60 1.1590005687161513e-06
61 1.1905155151321733e-06
62 1.1620699968639089e-06
63 1.1502779614578046e-06
64 1.1652983967790547e-06
65 1.161176108177707e-06
66 1.1631450188886449e-06
67 1.167854321347328e-06
68 1.1359406697595857e-06
69 1.1742285321023875e-06
70 1.1822291331600822e-06
71 1.144486240378857e-06
72 1.1740638283868927e-06
73 1.1710023351217949e-06
74 1.1616658751912471e-06
75 1.1600062498914944e-06
76 1.1553359164894678e-06
77 1.1664706734855915e-06
78 1.1721804109574501e-06
79 1.1636425433094601e-06
80 1.163579583537054e-06
81 1.1444086445237294e-06
82 1.1732345085478671e-06
83 1.1657993203864808e-06
84 1.1883834370315163e-06
85 1.166727808460808e-06
86 1.1535472650765755e-06
87 1.144032431184256e-06
88 1.1623750262618856e-06
89 1.1712464417555586e-06
90 1.1694099064405733e-06
91 1.202452806543036e-06
92 1.1517053389594632e-06
93 1.158043477228107e-06
94 1.1709889198761012e-06
95 1.16649172414913e-06
96 1.185506223413123e-06
97 1.169035606304096e-06
98 1.143512764508507e-06
99 1.1832282889946999e-06
100 1.1444686566880589e-06
101 1.1564974820093077e-06
102 1.183571197038349e-06
103 1.1531877283008845e-06
104 1.1383529090714935e-06
105 1.1492284695861493e-06
106 1.1825722672209888e-06
107 1.182793953725477e-06
108 1.1620834393880766e-06
109 1.1568296862249751e-06
110 1.1740163283981729e-06
111 1.1731210019569417e-06
112 1.1497222478293584e-06
113 1.1849648913939744e-06
114 1.1351621897301345e-06
115 1.1750421894475909e-06
116 1.1618569442769736e-06
117 1.1510577865919128e-06
118 1.1602208336125943e-06
119 1.1622256938523212e-06
120 1.1723409954714816e-06
121 1.2126968603918896e-06
122 1.183756114463762e-06
123 1.189774259719686e-06
124 1.1730115900850111e-06
125 1.1749264338695954e-06
126 1.1556889845709562e-06
127 1.1804603575968874e-06
128 1.1864088099449026e-06
129 1.1520034180661067e-06
130 1.155325122832376e-06
131 1.1826260938837025e-06
132 1.1606075842758589e-06
133 1.1531792936355875e-06
134 1.160757721086819e-06
135 1.166506199717916e-06
136 1.1638800563849952e-06
137 1.1730040510330119e-06
138 1.1565748512721953e-06
139 1.129756724148755e-06
140 1.1280302712176104e-06
141 1.1760923331348899e-06
142 1.1707254230927745e-06
143 1.1765800881723404e-06
144 1.1953221744836736e-06
145 1.1952956415169366e-06
146 1.1413548454891886e-06
147 1.1449268473309876e-06
148 1.1586178651323698e-06
149 1.1690159116726741e-06
150 1.1652133582998107e-06
151 1.1692083618889254e-06
152 1.1697199856781458e-06
153 1.1595544215306384e-06
154 1.1596172816344054e-06
155 1.159991836475839e-06
156 1.1514747713657443e-06
157 1.1495944160877467e-06
158 1.1392790740315286e-06
159 1.1656697106749071e-06
160 1.1566730139918586e-06
161 1.149865277835438e-06
162 1.1927534351243309e-06
163 1.160949102507703e-06
164 1.1959343204549169e-06
165 1.1847581416229124e-06
166 1.1457502588045793e-06
167 1.1673651958670103e-06
168 1.1686091722333088e-06
169 1.1540957904866864e-06
170 1.1626938206721318e-06
171 1.1680654299128103e-06
172 1.168847621360211e-06
173 1.1628221230195514e-06
174 1.1459776079831299e-06
175 1.1785227239254229e-06
176 1.140446453289048e-06
177 1.1663188777720516e-06
178 1.148893136180674e-06
179 1.1505516272866584e-06
180 1.1434377434867764e-06
181 1.1988253261268822e-06
182 1.1458403433714513e-06
183 1.1702527961877043e-06
184 1.151304661182206e-06
185 1.175053527756053e-06
186 1.159076394253068e-06
187 1.166517052567473e-06
188 1.1801027624832588e-06
189 1.161301151579419e-06
190 1.1819486060280944e-06
191 1.1648477819418776e-06
192 1.1663357715031744e-06
193 1.153106064310161e-06
194 1.1834136727606028e-06
195 1.158221316711879e-06
196 1.1514603860733405e-06
197 1.1632325174399303e-06
198 1.1724617824912542e-06
199 1.180859289927086e-06
200 1.1779826158712576e-06
201 1.168748866162035e-06
202 1.1477578896313894e-06
203 1.1639993347310696e-06
204 1.1471363056723966e-06
205 1.1789869057045524e-06
206 1.1480039763214264e-06
207 1.1795227908209132e-06
208 1.1587262165249773e-06
209 1.175520546907689e-06
210 1.1854005213077959e-06
211 1.1610512240295374e-06
212 1.1898134490789005e-06
213 1.1728154348245509e-06
214 1.1670889694875762e-06
215 1.1757393735265218e-06
216 1.1705929946891586e-06
217 1.2018426286335488e-06
218 1.1545071703309e-06
219 1.1905301597497924e-06
220 1.1588906412156883e-06
221 1.1524163763664634e-06
222 1.1941337135141784e-06
223 1.1590372953054112e-06
224 1.1612733868374172e-06
225 1.1469552407431895e-06
226 1.1255334240838584e-06
227 1.1693980535461298e-06
228 1.1622862817726884e-06
229 1.1611691999867368e-06
230 1.1578989578229119e-06
231 1.1616698053534542e-06
232 1.1767661623532654e-06
233 1.183976492200359e-06
234 1.1163578871019777e-06
235 1.1225113536441707e-06
236 1.2094407321643722e-06
237 1.1794224326540229e-06
238 1.1784117898273868e-06
239 1.1972538053516065e-06
240 1.165540012566141e-06
241 1.1621073522908049e-06
242 1.1600725002556842e-06
243 1.1738073164791008e-06
244 1.1438199641170154e-06
245 1.1439596792045853e-06
246 1.1698902389135131e-06
247 1.1584925183601927e-06
248 1.1629477312433593e-06
249 1.160304297431998e-06
250 1.1599269645437415e-06
251 1.1730639348472376e-06
252 1.159704540161371e-06
253 1.1615013607247558e-06
254 1.1863686324763604e-06
255 1.1647208146757889e-06
256 1.1686467508496053e-06
257 1.1656576002943427e-06
258 1.1910994687652279e-06
259 1.1633173579775524e-06
260 1.1744296605644796e-06
261 1.1453007271354887e-06
262 1.1534533273531552e-06
263 1.1541715042219384e-06
264 1.1366209733204578e-06
265 1.1599381486952986e-06
266 1.1588133471625404e-06
267 1.1684179335425935e-06
268 1.1755664833704775e-06
269 1.1776233530113274e-06
270 1.1744914807967333e-06
271 1.1715758130919193e-06
272 1.1487110780061574e-06
273 1.1319610821688139e-06
274 1.1517541029137458e-06
275 1.1344341934853562e-06
276 1.1558612599320704e-06
277 1.151035373573729e-06
278 1.1728543634632114e-06
279 1.2030496600979014e-06
280 1.1931373380306268e-06
281 1.1502452339822758e-06
282 1.1674059552085286e-06
283 1.1766272394994332e-06
284 1.1845457698753708e-06
285 1.1693703851768925e-06
286 1.1650898151852765e-06
287 1.1519588241793208e-06
288 1.1484866447652364e-06
289 1.1506302000123088e-06
290 1.1720356867610424e-06
291 1.16134054093954e-06
292 1.1667959655908312e-06
293 1.1665139792153712e-06
294 1.1762179686605716e-06
295 1.1890388187566947e-06
296 1.1564598834328304e-06
297 1.194390600939511e-06
298 1.15354764516842e-06
299 1.1739207933384265e-06
