0 2.0345169220324032e-07
1 2.0854039663071875e-07
2 1.9845316104906998e-07
3 2.087022121070605e-07
4 2.0214399771393427e-07
5 2.0858456552782437e-07
6 1.9973152421928555e-07
7 2.0310588422510215e-07
8 2.0774640092307097e-07
9 2.0185776485333913e-07
10 2.01224923783765e-07
11 2.033678469003272e-07
12 2.0729284042019441e-07
13 2.0922772168970292e-07
14 1.9809041891059653e-07
15 2.0328788091570008e-07
16 2.0317237405594747e-07
17 2.065778558543778e-07
18 2.0386938185391063e-07
19 2.0224820179668148e-07
20 2.0910001019682078e-07
21 1.985961301167552e-07
22 2.108792506619854e-07
23 1.9888926706335435e-07
24 1.9923001469819884e-07
25 2.0229989675232135e-07
26 2.0498217697678712e-07
27 2.0331728272864629e-07
28 2.0101939884954448e-07
29 1.9918760678590837e-07
30 2.0748210562091143e-07
31 2.05623465714094e-07
32 2.040686966760849e-07
33 2.0113434151462257e-07
34 1.950768635470746e-07
35 2.0141330072491367e-07
36 2.0352528611301928e-07
37 2.023158033465434e-07
38 2.0147452727686879e-07
39 2.029176100922789e-07
40 2.0337222081778912e-07
41 2.0564725965249479e-07
42 2.0498119597849703e-07
43 2.0507469073707977e-07
44 2.003313824354653e-07
45 1.9844496921709975e-07
46 2.0984758085020702e-07
47 2.0927144498029293e-07
48 2.0652795640083246e-07
49 2.0801437117041045e-07
50 2.0524542531458525e-07
51 2.0537233397087974e-07
52 2.0193274919929137e-07
53 2.0470371939215483e-07
54 1.993024143124212e-07
55 2.0236115814564794e-07
56 2.0796739609098122e-07
57 2.125847083994881e-07
58 2.05129186232163e-07
59 2.10705429003115e-07
60 1.9458045463818987e-07
61 2.0731081452193774e-07
62 1.9840614545220263e-07
63 2.0773614044474352e-07
64 2.158901656601812e-07
65 2.0478612497649292e-07
66 2.0491781480670658e-07
67 2.0491740225669337e-07
68 2.0816271930321008e-07
69 2.075264953414017e-07
70 2.086177044569502e-07
71 2.0352688991198832e-07
72 2.0106261495314398e-07
73 2.0441720019498937e-07
74 2.090282660258823e-07
75 2.0818790434310883e-07
76 2.0654840536504332e-07
77 2.0836973051307597e-07
78 2.094895449128451e-07
79 2.0701199295937458e-07
80 2.0684265290982162e-07
81 1.955198282358939e-07
82 2.0747100387542854e-07
83 2.076479480200384e-07
84 2.0332893032555546e-07
85 2.0726056460283674e-07
86 2.0357791354703572e-07
87 2.023768946760762e-07
88 2.0629422938121392e-07
89 2.0986496790135025e-07
90 2.0787502501112793e-07
91 2.0565341005544752e-07
92 2.1334764648431226e-07
93 2.0397227164014372e-07
94 2.0354680478071757e-07
95 2.1098843569764627e-07
96 2.0590568458080187e-07
97 2.1078505262213354e-07
98 1.9755136912580312e-07
99 2.0916791928974015e-07
100 2.0527687388788136e-07
101 2.0361515211925944e-07
102 1.9991674760302622e-07
103 2.080574635237555e-07
104 2.049040838018433e-07
105 2.1098219498552682e-07
106 2.0246884519585327e-07
107 2.013076898654988e-07
108 2.0380707057551104e-07
109 2.099736144697916e-07
110 2.0351237577054718e-07
111 2.074706368980247e-07
112 2.0704435827815666e-07
113 2.114287678152338e-07
114 2.0439536729854227e-07
115 2.0810379342318503e-07
116 2.0959079827350635e-07
117 1.9849210222279304e-07
118 2.117797301840864e-07
119 2.066515877160818e-07
120 2.0433135384698738e-07
121 1.969732647900302e-07
122 2.103276807022596e-07
123 2.113068002782765e-07
124 2.0394887879339094e-07
125 2.047644083443543e-07
126 1.9845128046361596e-07
127 2.0574288529892004e-07
128 2.1118481305238195e-07
129 2.154343145679318e-07
130 2.1044473424213283e-07
131 2.0094663889123487e-07
132 2.0909485142268622e-07
133 1.9643726774948722e-07
134 2.0974422484900544e-07
135 2.0194924291339632e-07
136 2.034333441204502e-07
137 2.0334101002118808e-07
138 2.0636254547512346e-07
139 2.0050029256956486e-07
140 2.1172195434466585e-07
141 2.0136019174541057e-07
142 1.9824727309814764e-07
143 2.0607098455986325e-07
144 1.999877824795974e-07
145 1.9932634566071466e-07
146 2.0800635238036162e-07
147 2.067604984976872e-07
148 2.0012523949850464e-07
149 2.0787960193059191e-07
150 2.002979405133262e-07
151 2.1203180831552702e-07
152 1.997599222333939e-07
153 2.0675621572139714e-07
154 2.0907722155650694e-07
155 2.0748797890131848e-07
156 2.0731895988503507e-07
157 2.155422536724263e-07
158 1.991300838540203e-07
159 2.0305601303567442e-07
160 2.0481609314068542e-07
161 2.1408575211483226e-07
162 2.0197977971205177e-07
163 2.0489500989064068e-07
164 2.0390545039483617e-07
165 2.0419895193983416e-07
166 2.0762041748982788e-07
167 2.138726586718734e-07
168 1.9529351430138257e-07
169 2.031180968314941e-07
170 1.9693052742951242e-07
171 2.1356347301896863e-07
172 2.0868798670186172e-07
173 2.075691229655851e-07
174 2.0617222924065745e-07
175 2.022963730520067e-07
176 2.1617099528730695e-07
177 2.0791006309179143e-07
178 2.0821223667257857e-07
179 2.0082782676023336e-07
180 2.1654273572781703e-07
181 2.0154792629016037e-07
182 2.0794715998133423e-07
183 2.1088507814205665e-07
184 1.982427590012833e-07
185 2.0802278768633238e-07
186 2.05429512886168e-07
187 2.0224210089418278e-07
188 2.024350048908081e-07
189 2.0156425185869998e-07
190 2.0962366606864588e-07
191 2.0649947788090123e-07
192 2.0415333513385726e-07
193 2.0850637798318576e-07
194 2.068820284062494e-07
195 2.0724948596737784e-07
196 2.091806283283915e-07
197 1.966607656347577e-07
198 2.058366767934002e-07
199 2.093996314286189e-07
200 2.0659106216603165e-07
201 2.0242910334927641e-07
202 1.9966248230395632e-07
203 2.0183283431888462e-07
204 2.128050191295619e-07
205 2.0117741262415927e-07
206 2.0304318346876823e-07
207 2.062466213349655e-07
208 2.08469718105888e-07
209 2.0354756310092937e-07
210 2.0972625154326675e-07
211 2.0469485403076825e-07
212 2.049935522100966e-07
213 2.0145945317864354e-07
214 2.0980847080691737e-07
215 2.1053880467622712e-07
216 2.0895543684800645e-07
217 2.065958014076088e-07
218 2.0641744896503933e-07
219 2.065756738200021e-07
220 2.0807952546506592e-07
221 2.0485092505516062e-07
222 1.9735318525937193e-07
223 2.107532248809361e-07
224 2.0880513589184108e-07
225 2.0611863296918747e-07
226 2.059698206740063e-07
227 2.021220384391378e-07
228 2.0532678064329446e-07
229 2.0430133903922068e-07
230 2.12618781102579e-07
231 2.1057654971910363e-07
232 2.0371219670175548e-07
233 2.067207856861377e-07
234 1.9820638972827777e-07
235 2.0657284190923572e-07
236 2.0589079411082303e-07
237 2.0098682053344648e-07
238 2.0199014509226383e-07
239 2.0081090192806472e-07
240 2.019444318532649e-07
241 2.015741203850617e-07
242 2.087808192575685e-07
243 2.0456838048478828e-07
244 2.1220676377170994e-07
245 2.1257785464987114e-07
246 2.0616709753564606e-07
247 2.0808874255560377e-07
248 2.113874817871899e-07
249 2.0137461157744563e-07
250 2.0440508009544527e-07
251 2.0650685549825243e-07
252 2.127619181617993e-07
253 2.063007504057038e-07
254 2.0972793553654877e-07
255 2.0478127150002342e-07
256 2.000944404186982e-07
257 2.039710588341916e-07
258 2.1169276804801432e-07
259 2.0748213136196198e-07
260 2.0101892263756262e-07
261 2.0102623355187935e-07
262 2.082354304649156e-07
263 2.1042680019689524e-07
264 2.0074077737247466e-07
265 2.067752383072708e-07
266 2.00120615761877e-07
267 2.1099982653606645e-07
268 2.1003302244101073e-07
269 2.0406843784711714e-07
270 2.0370760327955735e-07
271 1.968793344532385e-07
272 2.038788731427875e-07
273 2.1133003070735248e-07
274 2.0557904685730436e-07
275 2.0668030745725496e-07
276 2.043228149120451e-07
277 2.0090263048681783e-07
278 2.0155504445064269e-07
279 1.9848126213639156e-07
280 2.0788166337879997e-07
281 2.0675372684399073e-07
282 2.0162126615820983e-07
283 2.0607112044138144e-07
284 1.9909511730286362e-07
285 2.0723338506103283e-07
286 2.0031009305827734e-07
287 2.0499511279338982e-07
288 2.064043194394369e-07
289 2.1046977861517742e-07
290 2.0247952105712068e-07
291 2.0315618852205504e-07
292 2.069791568594852e-07
293 2.0804878637890315e-07
294 2.015254263803089e-07
295 2.060419119379683e-07
296 2.0469723558263982e-07
297 2.0051680325575156e-07
298 2.0934987614504842e-07
299 2.0071100644852165e-07
