0 -1.5083794546136026e-06
1 -1.448267202675978e-06
2 -1.4687539413199274e-06
3 -1.5631129956105853e-06
4 -1.432826831973116e-06
5 -1.5186446642634626e-06
6 -1.46521584784995e-06
7 -1.4853122972904555e-06
8 -1.5741340861195262e-06
9 -1.4659542822335393e-06
10 -1.5059705131517044e-06
11 -1.5426895357038189e-06
12 -1.5123958439816728e-06
13 -1.479755687383826e-06
14 -1.446894177799518e-06
15 -1.5657390811169635e-06
16 -1.5563395856990514e-06
17 -1.4287502395643346e-06
18 -1.526724092865671e-06
19 -1.466594937737321e-06
20 -1.4765590721122672e-06
21 -1.4484987905104428e-06
22 -1.503228617348941e-06
23 -1.481024561070189e-06
24 -1.492159782892963e-06
25 -1.478184985233021e-06
26 -1.4910528844181427e-06
27 -1.4133356694145817e-06
28 -1.493374358973134e-06
29 -1.5484309169732512e-06
30 -1.5229925790469417e-06
31 -1.5354275466642385e-06
32 -1.5402064324733323e-06
33 -1.4470913620553304e-06
34 -1.4405929311732867e-06
35 -1.4620165622526935e-06
36 -1.4860442339278832e-06
37 -1.4792420489729118e-06
38 -1.5451236166247763e-06
39 -1.5312403230496043e-06
40 -1.5313201297042045e-06
41 -1.474893694174467e-06
42 -1.5237647158549603e-06
43 -1.4559560174774133e-06
44 -1.5419407808833403e-06
45 -1.476149746362793e-06
46 -1.520856500964804e-06
47 -1.5054117807962897e-06
48 -1.488560325446259e-06
49 -1.5722523168453948e-06
50 -1.5527222309989982e-06
51 -1.5263378876125135e-06
52 -1.4092572794870555e-06
53 -1.5106534786661855e-06
54 -1.5174928335280668e-06
55 -1.4501561761944986e-06
56 -1.4840469573535495e-06
57 -1.4833568791650177e-06
58 -1.553753077660582e-06
59 -1.5239747231556366e-06
60 -1.432396129953293e-06
61 -1.5466366940310339e-06
62 -1.3715464838826129e-06
63 -1.4761415006311928e-06
64 -1.545546729563931e-06
65 -1.4693163291196437e-06
66 -1.5284186241760419e-06
67 -1.4856053194587576e-06
68 -1.517534683518876e-06
69 -1.5610603216472466e-06
70 -1.5607546954387502e-06
71 -1.503953113860654e-06
72 -1.5677142659710399e-06
73 -1.558498070576001e-06
74 -1.5290110368502514e-06
75 -1.4602336612221158e-06
76 -1.538235697749111e-06
77 -1.5041038548530125e-06
78 -1.5178998337759913e-06
79 -1.505891665449897e-06
80 -1.5666860885282886e-06
81 -1.4172544816320502e-06
82 -1.558747801138013e-06
83 -1.5183684674576312e-06
84 -1.4737445996593881e-06
85 -1.5795771908888007e-06
86 -1.5065915292547504e-06
87 -1.4950624739182907e-06
88 -1.462127047066349e-06
89 -1.5211644340371154e-06
90 -1.5566104530185241e-06
91 -1.57396725354354e-06
92 -1.5136333166573183e-06
93 -1.5097713424883994e-06
94 -1.4148053411783258e-06
95 -1.5676789038086357e-06
96 -1.4876036867337167e-06
97 -1.5234652798997377e-06
98 -1.5196934185651875e-06
99 -1.4163621794618388e-06
100 -1.4984320168009874e-06
101 -1.5668473469211928e-06
102 -1.4670272406457064e-06
103 -1.4755716280843424e-06
104 -1.512681470092774e-06
105 -1.5133693948125379e-06
106 -1.540408899816048e-06
107 -1.4780007526965504e-06
108 -1.5088097161239486e-06
109 -1.559969457631103e-06
110 -1.5384991398920302e-06
111 -1.545456596521534e-06
112 -1.526530877882257e-06
113 -1.570600643568251e-06
114 -1.4560774199415945e-06
115 -1.5325275882297162e-06
116 -1.5863262926367812e-06
117 -1.4145484990738986e-06
118 -1.5592057254665942e-06
119 -1.502387510175142e-06
120 -1.5087707223059885e-06
121 -1.5095916923796082e-06
122 -1.4982177877355968e-06
123 -1.5355921634660104e-06
124 -1.4851324328990953e-06
125 -1.545220573805907e-06
126 -1.3795758745410364e-06
127 -1.5260045060400923e-06
128 -1.5427400140619295e-06
129 -1.5934020053947034e-06
130 -1.5505819050120557e-06
131 -1.5113569966829304e-06
132 -1.5327453847602858e-06
133 -1.4510797287460674e-06
134 -1.5287268768662493e-06
135 -1.5144263435389093e-06
136 -1.4642636334524168e-06
137 -1.528876656289658e-06
138 -1.543069224192511e-06
139 -1.4477097514813515e-06
140 -1.5301714668663445e-06
141 -1.4301663355826264e-06
142 -1.5201376628748947e-06
143 -1.5552141722271964e-06
144 -1.5438929629458171e-06
145 -1.4448062855157096e-06
146 -1.5275330545655593e-06
147 -1.4690448781095813e-06
148 -1.4831283231426793e-06
149 -1.514760155264394e-06
150 -1.5520128247783749e-06
151 -1.623143408716501e-06
152 -1.4430697977497908e-06
153 -1.5130762678141161e-06
154 -1.5231977162808624e-06
155 -1.4309238465391232e-06
156 -1.6164460996886822e-06
157 -1.540753551478405e-06
158 -1.4807425368380423e-06
159 -1.40643753283084e-06
160 -1.4714000510275647e-06
161 -1.6344053309019546e-06
162 -1.466595205086331e-06
163 -1.434895346982278e-06
164 -1.5364835704120611e-06
165 -1.5279185097826145e-06
166 -1.5076952302587464e-06
167 -1.5673687868575007e-06
168 -1.5708853359886606e-06
169 -1.4806094973949068e-06
170 -1.4705460696547625e-06
171 -1.569395713005021e-06
172 -1.4890321695143065e-06
173 -1.5040111615034798e-06
174 -1.5676568726922676e-06
175 -1.520598655404366e-06
176 -1.5543158794696857e-06
177 -1.5359309579038847e-06
178 -1.5675571491678327e-06
179 -1.3947495103861646e-06
180 -1.6503975545137724e-06
181 -1.5411078405251814e-06
182 -1.5149848898935827e-06
183 -1.5795995317183688e-06
184 -1.4485584465796577e-06
185 -1.5274906706587678e-06
186 -1.5218672907577198e-06
187 -1.4733653036347972e-06
188 -1.485370370000901e-06
189 -1.4249344424645162e-06
190 -1.5601324802416826e-06
191 -1.4914564006279249e-06
192 -1.4914188004967338e-06
193 -1.4687234956101913e-06
194 -1.55234420490627e-06
195 -1.51957269779355e-06
196 -1.588396950212946e-06
197 -1.5136886693938685e-06
198 -1.512216528900905e-06
199 -1.569681935196473e-06
200 -1.5808094982807172e-06
201 -1.5010247109387458e-06
202 -1.4440894672345636e-06
203 -1.519501743630568e-06
204 -1.5997502137040847e-06
205 -1.5162750982595574e-06
206 -1.4915500351669796e-06
207 -1.5534996142195045e-06
208 -1.578203542832298e-06
209 -1.4597404637656222e-06
210 -1.4944551802988337e-06
211 -1.5277378410472144e-06
212 -1.5216962762432355e-06
213 -1.4601078978690193e-06
214 -1.5635110909101544e-06
215 -1.573433247489693e-06
216 -1.5184312211603692e-06
217 -1.5624764772984012e-06
218 -1.528039676968528e-06
219 -1.4908044870417836e-06
220 -1.5246662046805541e-06
221 -1.496634781447723e-06
222 -1.5159023305345453e-06
223 -1.5038837817719622e-06
224 -1.4910032605739442e-06
225 -1.5206061108070801e-06
226 -1.5284821584272328e-06
227 -1.4644745513639843e-06
228 -1.5338962545109976e-06
229 -1.4939843522053672e-06
230 -1.4966631751131614e-06
231 -1.6023129817708077e-06
232 -1.5284064085443567e-06
233 -1.4720640761081468e-06
234 -1.506097874462847e-06
235 -1.5035815243331976e-06
236 -1.5492989605194863e-06
237 -1.4725852610075728e-06
238 -1.5464511931474653e-06
239 -1.4373311412847439e-06
240 -1.4321613363958807e-06
241 -1.5151945902959723e-06
242 -1.493921796007943e-06
243 -1.506918392357388e-06
244 -1.4858766567698071e-06
245 -1.4963883566744812e-06
246 -1.4660045643990642e-06
247 -1.5361328444821e-06
248 -1.5494675802329043e-06
249 -1.4702539796085122e-06
250 -1.4829611115781882e-06
251 -1.5893629246902395e-06
252 -1.552771022155857e-06
253 -1.4509613923383108e-06
254 -1.5308291594631117e-06
255 -1.5541736997888838e-06
256 -1.4977261799074324e-06
257 -1.4868434730437877e-06
258 -1.5971251263076674e-06
259 -1.4966433251256924e-06
260 -1.5326334732628016e-06
261 -1.5221107705644167e-06
262 -1.510654010393909e-06
263 -1.5641814735556297e-06
264 -1.43907433147713e-06
265 -1.5183973692173292e-06
266 -1.5398465026503135e-06
267 -1.4774615658793888e-06
268 -1.5471472841527306e-06
269 -1.5875000702820525e-06
270 -1.5063053814035009e-06
271 -1.4928930924045163e-06
272 -1.5600388749664357e-06
273 -1.4641823516685815e-06
274 -1.4527065993591017e-06
275 -1.5666342941480102e-06
276 -1.506491276070452e-06
277 -1.4079484237941672e-06
278 -1.529369871177445e-06
279 -1.4732857393785043e-06
280 -1.578683782403983e-06
281 -1.4902616977638073e-06
282 -1.5767530228144848e-06
283 -1.5727091552031599e-06
284 -1.489386729568759e-06
285 -1.5725969369209233e-06
286 -1.4825339184015309e-06
287 -1.4937904979610922e-06
288 -1.48432846056889e-06
289 -1.500909201982981e-06
290 -1.5165727412570308e-06
291 -1.537544612663671e-06
292 -1.4498498701887057e-06
293 -1.5150312783502958e-06
294 -1.4522586721632428e-06
295 -1.5339336900568836e-06
296 -1.5392366267082245e-06
297 -1.4969952434955965e-06
298 -1.4864008616559164e-06
299 -1.4371683089703135e-06
