0 -6.193939751520702e-07
1 -6.025691761326889e-07
2 -3.9248034322411185e-07
3 -4.758138709446024e-07
4 -9.020409023913425e-07
5 -6.25060978118706e-07
6 -6.121025299347132e-07
7 -5.80466310286584e-07
8 -5.550487062582321e-07
9 -8.181882374984244e-07
10 -4.727118300729486e-07
11 -7.374594639604312e-07
12 -2.880080787529455e-07
13 -4.5792817899091624e-07
14 -6.53358369564628e-07
15 -6.720772705563396e-07
16 -5.339409725901726e-07
17 -9.235831681246444e-07
18 -4.849192312941367e-07
19 -7.18248419658022e-07
20 -8.732181274702569e-07
21 -6.296006138296069e-07
22 -5.087571917824243e-07
23 -7.182632573542111e-07
24 -7.225115429500801e-07
25 -2.2326894122712176e-07
26 -9.528530063485379e-07
27 -6.479873553900149e-07
28 -4.999404476636211e-07
29 -5.581705467822025e-07
30 -3.564936583764055e-07
31 -6.89362775430272e-07
32 -6.156470173452755e-07
33 -6.986271565499372e-07
34 -8.960216475860873e-07
35 -6.087497111340983e-07
36 -9.398186045433999e-07
37 -9.193511121795762e-07
38 -4.5861700525190866e-07
39 -6.534962486399111e-07
40 -9.853805815960853e-07
41 -7.079070428592362e-07
42 -8.654901227401846e-07
43 -8.328913676121872e-07
44 -8.744498286389826e-07
45 -5.594456681161029e-07
46 -3.6112420703385703e-07
47 -4.4342871356074384e-07
48 -6.953600215343147e-07
49 -6.202008223798224e-07
50 -8.038817499029563e-07
51 -7.742064630722488e-07
52 -7.583915452545334e-07
53 -8.526211564543356e-07
54 -3.3469745538735873e-07
55 -7.295423268752308e-07
56 -6.909661890692258e-07
57 -6.492674783471282e-07
58 -7.104235882441034e-07
59 -6.960259478638043e-07
60 -7.61871816379249e-07
61 -6.237334757091267e-07
62 -7.432897810749406e-07
63 -7.159185782505205e-07
64 -1.0005236944532445e-06
65 -6.905014724160042e-07
66 -6.534066903490922e-07
67 -6.499138557486962e-07
68 -4.855764149356629e-07
69 -8.009325796310315e-07
70 -6.16337830955663e-07
71 -4.2819262333804424e-07
72 -6.165429711649238e-07
73 -8.463325148482126e-07
74 -9.421340181707619e-07
75 -5.85929141460346e-07
76 -8.106400146248959e-07
77 -6.438168662438865e-07
78 -8.292849187225404e-07
79 -4.5593071579550786e-07
80 -7.528221646496781e-07
81 -9.785895451249576e-07
82 -6.448908168536212e-07
83 -5.77802704223949e-07
84 -7.041312277189391e-07
85 -5.987780152738768e-07
86 -6.636876736324308e-07
87 -6.307091772257023e-07
88 -8.078738830748508e-07
89 -7.810938326353138e-07
90 -7.347904790196364e-07
91 -5.930644237825151e-07
92 -8.506214567492043e-07
93 -6.506876557987074e-07
94 -1.023010516322534e-06
95 -7.626428276583211e-07
96 -6.089477849432899e-07
97 -8.822601962602798e-07
98 -5.948467500727268e-07
99 -6.086603205151116e-07
100 -6.118892447246256e-07
101 -5.460777244938923e-07
102 -6.3604835104817e-07
103 -7.441509162021965e-07
104 -6.057238491684046e-07
105 -5.205031845943461e-07
106 -9.520222308310962e-07
107 -6.014030438875634e-07
108 -5.274288422069805e-07
109 -1.133102329470746e-06
110 -7.870140120636255e-07
111 -6.867377716961385e-07
112 -7.994692292628784e-07
113 -5.83652688545016e-07
114 -6.154663864563571e-07
115 -4.831656188999674e-07
116 -6.598792339812905e-07
117 -9.84081120713651e-07
118 -8.348692908264309e-07
119 -6.962325879840991e-07
120 -6.892483210061827e-07
121 -8.891578362571663e-07
122 -6.703137512586846e-07
123 -6.609709749490465e-07
124 -6.334738703653096e-07
125 -6.768869231670816e-07
126 -8.911082033192379e-07
127 -9.45986314390313e-07
128 -5.277979328565285e-07
129 -8.88834811875279e-07
130 -7.324158945263909e-07
131 -7.755878316444498e-07
132 -4.6395224135588253e-07
133 -6.110503514088114e-07
134 -3.6065485641594413e-07
135 -7.574425589994375e-07
136 -7.52697389064329e-07
137 -7.214726320413337e-07
138 -8.167452695586391e-07
139 -1.0291978835893006e-06
140 -4.282837575800147e-07
141 -6.109848127823475e-07
142 -8.362658473882265e-07
143 -8.238022281992238e-07
144 -7.935436571046295e-07
145 -8.981087474397474e-07
146 -8.420783211276063e-07
147 -6.891803177302209e-07
148 -7.848103492318277e-07
149 -6.427512515982035e-07
150 -6.782146269985522e-07
151 -6.353689091298049e-07
152 -4.3466450510523017e-07
153 -8.70981521840692e-07
154 -7.718393273625722e-07
155 -8.012220971121846e-07
156 -3.4258877795526937e-07
157 -9.417056705010102e-07
158 -5.919535931226333e-07
159 -6.031837225365986e-07
160 -7.813231516859606e-07
161 -9.786107895663075e-07
162 -9.745871647731507e-07
163 -8.709273148126816e-07
164 -6.404738075128283e-07
165 -8.300201012914654e-07
166 -8.637173540131405e-07
167 -8.97266938122232e-07
168 -1.1049091976261888e-06
169 -6.527223875375512e-07
170 -6.623590335332532e-07
171 -6.999028322736965e-07
172 -7.076976320240407e-07
173 -7.632092955594205e-07
174 -7.423644952733543e-07
175 -5.350162181034184e-07
176 -8.478812977380791e-07
177 -6.433385267416549e-07
178 -7.671685548716786e-07
179 -4.1891226840542883e-07
180 -7.811641369473144e-07
181 -7.080914066439555e-07
182 -6.343099028841961e-07
183 -9.802479876007514e-07
184 -3.409835742832271e-07
185 -6.81726363299206e-07
186 -8.367936083919272e-07
187 -7.515063997042127e-07
188 -7.584402703261586e-07
189 -5.140030865987737e-07
190 -8.20041482267435e-07
191 -6.979594987368256e-07
192 -5.724711148476255e-07
193 -6.258656046613578e-07
194 -5.727713633896691e-07
195 -1.1079393929084642e-06
196 -8.180071167142959e-07
197 -6.132582789763887e-07
198 -8.790740996702042e-07
199 -6.62679507645925e-07
200 -6.919101860134399e-07
201 -7.125012143159143e-07
202 -5.005769893882643e-07
203 -8.297976287209782e-07
204 -7.055881897094359e-07
205 -3.89671826749117e-07
206 -5.698852161368645e-07
207 -6.783573841004035e-07
208 -6.98836540068295e-07
209 -7.718408468551006e-07
210 -7.133777599414757e-07
211 -6.837349101954074e-07
212 -5.65462992205444e-07
213 -6.591279488622449e-07
214 -4.602649524276976e-07
215 -5.805312028605307e-07
216 -7.542833748034371e-07
217 -9.403481151256356e-07
218 -3.685583161639612e-07
219 -5.803971179220395e-07
220 -9.369300613132037e-07
221 -7.179947562985734e-07
222 -4.2276230439443016e-07
223 -7.629446619172329e-07
224 -7.209870972610253e-07
225 -7.465211941674814e-07
226 -8.743600297906389e-07
227 -5.634201878919698e-07
228 -5.457680752492208e-07
229 -5.450498005923511e-07
230 -7.75034847788638e-07
231 -6.873060467033023e-07
232 -7.401799065912293e-07
233 -8.9309618362311e-07
234 -7.112637707649385e-07
235 -6.338225898640425e-07
236 -6.49892443814804e-07
237 -9.176775672249383e-07
238 -4.0450122443196e-07
239 -6.427084588318852e-07
240 -4.166568698307787e-07
241 -7.897162668082367e-07
242 -7.059401154886333e-07
243 -4.066071011542529e-07
244 -6.122211891415356e-07
245 -7.260049934854798e-07
246 -6.000285497490679e-07
247 -8.301271216152493e-07
248 -5.469322672256786e-07
249 -3.387637750041463e-07
250 -8.832292334201912e-07
251 -4.281293100187571e-07
252 -8.758316981850015e-07
253 -7.193812743554544e-07
254 -5.460966587374792e-07
255 -7.920130050758108e-07
256 -3.477883323030152e-07
257 -4.4801105269460837e-07
258 -6.433255793789523e-07
259 -4.848120735738133e-07
260 -8.482518507812051e-07
261 -6.975852030805473e-07
262 -7.042257735933121e-07
263 -5.473374625198491e-07
264 -8.919190133124961e-07
265 -6.077846651858133e-07
266 -1.017604471488814e-06
267 -6.295495427274351e-07
268 -6.486041490162482e-07
269 -6.639405647974784e-07
270 -7.424722573712742e-07
271 -5.064155780921378e-07
272 -5.88250311684881e-07
273 -4.893378521999522e-07
274 -8.377570959793944e-07
275 -8.271348671579913e-07
276 -5.463885597251024e-07
277 -4.5298011898122544e-07
278 -7.447156285024527e-07
279 -5.835739096844485e-07
280 -7.964811370179882e-07
281 -5.005986396346492e-07
282 -5.401181220574414e-07
283 -4.807370860181906e-07
284 -6.773674064473118e-07
285 -3.79213078347095e-07
286 -6.032751277551478e-07
287 -6.802748922022009e-07
288 -6.606139563430503e-07
289 -6.60978852926685e-07
290 -7.601143262019667e-07
291 -5.90424331564208e-07
292 -6.941240047849209e-07
293 -6.669482920297107e-07
294 -6.950452354018561e-07
295 -5.452563232527253e-07
296 -6.134309805059007e-07
297 -7.80229625423508e-07
298 -7.128490293393155e-07
299 -7.493552574850314e-07
