0 4.286014393724066e-07
1 4.1039290233239855e-07
2 4.0136542007354047e-07
3 4.237183890778884e-07
4 4.396703029414683e-07
5 4.26195325083703e-07
6 4.1111088960080447e-07
7 4.287896603428881e-07
8 4.2335016678516053e-07
9 4.4574767984772834e-07
10 4.18205187225645e-07
11 4.3754268372131254e-07
12 3.604917301033282e-07
13 4.0683201215522905e-07
14 4.3756321649069326e-07
15 4.216103076642795e-07
16 4.232833611336483e-07
17 4.6004916612797544e-07
18 3.9901411232424136e-07
19 4.169735541324794e-07
20 4.4637237812758263e-07
21 4.1687915620687903e-07
22 4.235727563653637e-07
23 4.374696781514926e-07
24 4.321355152618299e-07
25 3.9219628115073887e-07
26 4.568448418378194e-07
27 4.234496487702915e-07
28 4.1539662798913725e-07
29 4.2749044323154513e-07
30 4.129504191113069e-07
31 4.2812409498407634e-07
32 4.217749907884002e-07
33 4.1305434341000904e-07
34 4.5653449929852034e-07
35 4.2268728284388095e-07
36 4.4467965077380725e-07
37 4.5907176554701053e-07
38 4.33522799692513e-07
39 4.427465541457026e-07
40 4.783481114960594e-07
41 4.1538389678461573e-07
42 4.491287889987334e-07
43 4.255631191226399e-07
44 4.596899946014329e-07
45 4.160627344873097e-07
46 4.0983804297382093e-07
47 4.0906498547406366e-07
48 4.1959945042436005e-07
49 4.3539242096513907e-07
50 4.181842392384831e-07
51 4.4026299309589594e-07
52 4.174943769244149e-07
53 4.4049220768008996e-07
54 4.0916312320790105e-07
55 4.1711926390062514e-07
56 4.399857892630482e-07
57 4.4469266087540745e-07
58 4.2486881194224426e-07
59 4.415895976574942e-07
60 4.4242073441932374e-07
61 4.4117284396420695e-07
62 4.6661615539095055e-07
63 4.30761082136194e-07
64 4.595872526477139e-07
65 4.1554511285257957e-07
66 4.2533244474407867e-07
67 4.312683199169672e-07
68 4.162201505774109e-07
69 4.386571061764486e-07
70 4.139281121052963e-07
71 4.1788426976797625e-07
72 4.192838538044123e-07
73 4.2886571855281323e-07
74 4.643810056431851e-07
75 4.2070713242192727e-07
76 4.586123102184365e-07
77 4.165027334914982e-07
78 4.408565321698701e-07
79 4.021068113957026e-07
80 4.1599879132664923e-07
81 4.495798682111632e-07
82 4.277151681065276e-07
83 4.20626956973969e-07
84 4.574061158524332e-07
85 4.18223681301606e-07
86 4.269359660174762e-07
87 4.174387040729472e-07
88 4.2963782125962e-07
89 4.2356784823352603e-07
90 4.2423668473277893e-07
91 4.4026403745895e-07
92 4.4483970496372464e-07
93 4.131494806640554e-07
94 4.432652009416614e-07
95 4.2506668189114903e-07
96 4.2543415662023157e-07
97 4.7550634312670387e-07
98 4.461071385468302e-07
99 4.4282681145176034e-07
100 4.391514342051074e-07
101 4.3386597262554845e-07
102 4.2894373143421975e-07
103 4.1902234197774964e-07
104 4.2495667580369077e-07
105 4.0440654865528325e-07
106 4.658002831751949e-07
107 4.3501536532626185e-07
108 4.143869891300483e-07
109 4.591616281720977e-07
110 4.3453914233242733e-07
111 4.341191110612958e-07
112 4.399689272307439e-07
113 4.2029869125801046e-07
114 4.351170977286695e-07
115 4.265547707393243e-07
116 4.554949144063916e-07
117 4.3686135980419115e-07
118 4.372153103994092e-07
119 4.006784474632104e-07
120 4.4686374871334437e-07
121 4.173841994931007e-07
122 4.40950372165018e-07
123 4.2511963382926276e-07
124 4.2730005897032025e-07
125 4.2854926761766357e-07
126 4.513817982659599e-07
127 4.2910526168193206e-07
128 3.963140406487231e-07
129 4.3060546640277214e-07
130 4.4414615133042367e-07
131 4.484456584517169e-07
132 4.4310868484723596e-07
133 4.413514417930144e-07
134 4.036955921227469e-07
135 4.245636963366186e-07
136 4.385831972031931e-07
137 4.5663058102620447e-07
138 4.474471506508004e-07
139 4.4329076663966077e-07
140 4.253590811898073e-07
141 4.163989277959503e-07
142 4.61146063820016e-07
143 4.305590496203525e-07
144 4.328823883819931e-07
145 4.5344887003343377e-07
146 4.572112381730136e-07
147 4.4800519740417e-07
148 4.0322880145511454e-07
149 4.162489677033633e-07
150 4.4252495843376235e-07
151 4.4779243773768154e-07
152 4.149003639756278e-07
153 4.3712326827726124e-07
154 4.3457352408091444e-07
155 4.3021210673982484e-07
156 3.901471008168127e-07
157 4.609889582899727e-07
158 4.1681989896597426e-07
159 4.253683436073704e-07
160 4.4145299665269647e-07
161 4.4200817788520303e-07
162 4.330143617353527e-07
163 4.436467630670092e-07
164 4.360381718649125e-07
165 4.659187796745459e-07
166 4.3985296271684076e-07
167 4.430491109998471e-07
168 4.7577838796661215e-07
169 4.2732613341557634e-07
170 4.212892736930931e-07
171 4.2859449131959865e-07
172 4.2427424769601875e-07
173 4.317073802363206e-07
174 4.420451384791135e-07
175 4.186271825801589e-07
176 4.656492493523965e-07
177 4.2793252458494766e-07
178 4.320974428727109e-07
179 4.320164581195742e-07
180 4.59731951082883e-07
181 4.2035921847589144e-07
182 4.3542196103767564e-07
183 4.449670589446221e-07
184 4.0985356130120786e-07
185 4.513183722019625e-07
186 4.414146221233668e-07
187 4.493647161723056e-07
188 4.2270514459357805e-07
189 4.214551744831248e-07
190 4.3314097836079117e-07
191 4.3123909598053237e-07
192 4.1120777191489924e-07
193 4.0877165051158734e-07
194 4.388913747780031e-07
195 4.6946889600130554e-07
196 4.161331048867226e-07
197 4.1879814870720594e-07
198 4.5856897633138973e-07
199 4.5181618883190687e-07
200 4.4187207694109536e-07
201 4.452598200485457e-07
202 4.0489629100352426e-07
203 4.2734960740273857e-07
204 4.5232019097750997e-07
205 4.1514773874402983e-07
206 4.061950027600667e-07
207 4.576372176467001e-07
208 4.6391724022247086e-07
209 4.350759181375385e-07
210 4.299777486145328e-07
211 4.197652796945644e-07
212 4.2026018018908607e-07
213 4.28216642044455e-07
214 4.22998685480762e-07
215 4.3493928523482723e-07
216 4.330535787287463e-07
217 4.7463484062537183e-07
218 3.805277373019302e-07
219 4.390938383656641e-07
220 4.5562719355778114e-07
221 4.3973839686051744e-07
222 4.086043628143593e-07
223 4.418374167588235e-07
224 4.606217566283056e-07
225 4.442505876467834e-07
226 4.3360663826917676e-07
227 4.2669354965569236e-07
228 4.416460327218465e-07
229 4.3315189498308817e-07
230 4.255686413186762e-07
231 4.3201981019365516e-07
232 4.4379627009478543e-07
233 4.192380799525687e-07
234 4.118624106028323e-07
235 4.357214788872e-07
236 4.3056835843139107e-07
237 4.5812157636412906e-07
238 4.1000222625320273e-07
239 4.2468889214106066e-07
240 4.0213958484449185e-07
241 4.062038311319033e-07
242 4.301133739883762e-07
243 4.0774828808941605e-07
244 4.264030601196629e-07
245 4.029531383776549e-07
246 4.241736737408992e-07
247 4.644965239064634e-07
248 4.3253883293324447e-07
249 4.2098513055206206e-07
250 4.283146529089384e-07
251 4.017243225575354e-07
252 4.50758747379966e-07
253 4.4414005360120385e-07
254 4.297886452517133e-07
255 4.46221388701921e-07
256 4.147726085427953e-07
257 4.1408569151913576e-07
258 4.224999789487181e-07
259 4.3126313419306496e-07
260 4.279276009904112e-07
261 4.074433819809998e-07
262 4.303304508368499e-07
263 4.349776525342706e-07
264 4.625456315877102e-07
265 4.3906372482355227e-07
266 4.4841679140271403e-07
267 4.243728876269613e-07
268 4.319521886681922e-07
269 4.332346566978285e-07
270 4.333521717470554e-07
271 4.116230467828522e-07
272 4.0793891170181635e-07
273 4.240601432979637e-07
274 4.3907990496408036e-07
275 4.476507361009859e-07
276 4.1802254699735356e-07
277 4.171629438451672e-07
278 4.500301644820709e-07
279 4.265860799343803e-07
280 4.322673367623367e-07
281 4.131000031824225e-07
282 4.2554856551404934e-07
283 3.99302033200399e-07
284 4.4745950698884253e-07
285 3.8261628198558756e-07
286 4.260230553674844e-07
287 4.409752061899586e-07
288 4.4388683114531277e-07
289 4.36084706524022e-07
290 4.2316475579783264e-07
291 4.307623082299807e-07
292 4.6561113384120465e-07
293 4.1952069679260316e-07
294 4.1499770396414185e-07
295 4.154679157938134e-07
296 4.2206055905354336e-07
297 4.5561802472587826e-07
298 4.224593452257958e-07
299 4.200192113781822e-07
