0 -4.177499378565045e-06
1 -4.297539573639524e-06
2 -4.5867879915597905e-06
3 -4.37185128325619e-06
4 -3.785579982725365e-06
5 -4.2384404572356594e-06
6 -4.3294191780375374e-06
7 -4.274191509025322e-06
8 -4.259666143495709e-06
9 -4.063040825113241e-06
10 -4.490044104454849e-06
11 -4.021734363868524e-06
12 -4.800648211204259e-06
13 -4.3995823914478496e-06
14 -4.1470048480136636e-06
15 -4.132610901634708e-06
16 -4.398369983804653e-06
17 -3.7564665520243384e-06
18 -4.504805595658888e-06
19 -4.101747878442543e-06
20 -3.9201029354614865e-06
21 -4.146880032794069e-06
22 -4.47626517611358e-06
23 -4.186547598164436e-06
24 -4.135226267592838e-06
25 -4.911415665791635e-06
26 -3.7416139400121215e-06
27 -4.242843426380705e-06
28 -4.356697998719912e-06
29 -4.362190841131865e-06
30 -4.608412066815433e-06
31 -4.205114917854105e-06
32 -4.290183135975794e-06
33 -4.109845992319846e-06
34 -3.836958343642831e-06
35 -4.095123313723718e-06
36 -3.752720346009999e-06
37 -3.7112107752552936e-06
38 -4.553634391502736e-06
39 -4.18574889420905e-06
40 -3.7897207290081303e-06
41 -4.114403456751369e-06
42 -3.847817110086057e-06
43 -3.956038279736363e-06
44 -3.7955205484683795e-06
45 -4.245624542374113e-06
46 -4.655430264480286e-06
47 -4.591457454780153e-06
48 -4.131755245262335e-06
49 -4.3049034202902115e-06
50 -3.8965216486278704e-06
51 -4.072232809430733e-06
52 -3.936341301088425e-06
53 -3.924359013714779e-06
54 -4.700768972546959e-06
55 -4.173327609915664e-06
56 -4.1165905410063765e-06
57 -4.202265303672552e-06
58 -3.989499573982772e-06
59 -4.117938128872535e-06
60 -4.002932371189275e-06
61 -4.298664411500511e-06
62 -4.027834585676275e-06
63 -4.076334934844347e-06
64 -3.5545902245814444e-06
65 -4.071256690512408e-06
66 -4.173550423689261e-06
67 -4.226754706750531e-06
68 -4.469360425123539e-06
69 -4.01314973298414e-06
70 -4.230323567472832e-06
71 -4.524845020890826e-06
72 -4.205151157621392e-06
73 -3.895021436493247e-06
74 -3.8808189833274664e-06
75 -4.301372484435637e-06
76 -3.942629313774933e-06
77 -4.171518877639385e-06
78 -3.951129873511086e-06
79 -4.510112959897083e-06
80 -4.0713798680905435e-06
81 -3.697156625541563e-06
82 -4.263405150279749e-06
83 -4.2778284483295346e-06
84 -4.285765096040364e-06
85 -4.225263505507225e-06
86 -4.1553461372205934e-06
87 -4.2158450622892835e-06
88 -3.929970981224599e-06
89 -3.965403144313705e-06
90 -4.093505828451192e-06
91 -4.1967710858870995e-06
92 -3.979989219250936e-06
93 -4.08444336028504e-06
94 -3.6926285666887476e-06
95 -4.058201418153421e-06
96 -4.126229499615499e-06
97 -3.8082760796451886e-06
98 -4.3131580022553884e-06
99 -4.310098725422234e-06
100 -4.221266415367359e-06
101 -4.347506819004725e-06
102 -4.290033994694679e-06
103 -4.045572086843589e-06
104 -4.23319805028533e-06
105 -4.353214190811764e-06
106 -3.7918882241597493e-06
107 -4.20213993923612e-06
108 -4.438193229958353e-06
109 -3.4504649475416495e-06
110 -4.0931451979697225e-06
111 -4.242855532253279e-06
112 -3.8819761931894345e-06
113 -4.428241589257216e-06
114 -4.337743002401e-06
115 -4.465391781241541e-06
116 -4.3620010426014485e-06
117 -3.673774188810062e-06
118 -3.819170742329339e-06
119 -4.059039504600058e-06
120 -4.186182971711549e-06
121 -3.774202495237546e-06
122 -4.200981234022302e-06
123 -4.163436626379268e-06
124 -4.190500536250161e-06
125 -4.11671694534478e-06
126 -3.765219578346e-06
127 -3.689935425208115e-06
128 -4.3168337175322816e-06
129 -3.924736989130006e-06
130 -3.9080915368930214e-06
131 -3.984441407762772e-06
132 -4.336299476376402e-06
133 -4.28123435473136e-06
134 -4.729200318589499e-06
135 -4.076279556281429e-06
136 -4.0660075840302e-06
137 -4.049416618138321e-06
138 -3.978206023032174e-06
139 -3.537225677952447e-06
140 -4.565574613376325e-06
141 -4.202862221436901e-06
142 -3.82918318943318e-06
143 -3.888673767686574e-06
144 -3.978245285380977e-06
145 -3.858947058186479e-06
146 -3.899708727246401e-06
147 -4.207687413949771e-06
148 -4.010800896479407e-06
149 -4.230239123325174e-06
150 -4.187232181040468e-06
151 -4.302640536397208e-06
152 -4.49623611092327e-06
153 -3.807710687114888e-06
154 -3.961527127088385e-06
155 -3.900826729321779e-06
156 -4.620796684628752e-06
157 -3.74656924455381e-06
158 -4.253281266947117e-06
159 -4.266822817856965e-06
160 -4.042104117235991e-06
161 -3.7553754545666593e-06
162 -3.6570949737052832e-06
163 -3.872269235967503e-06
164 -4.131785359306931e-06
165 -3.855262520117623e-06
166 -3.9604712552738195e-06
167 -3.832816996923808e-06
168 -3.612121759975241e-06
169 -4.123950566718077e-06
170 -4.190308243233725e-06
171 -4.089187258926009e-06
172 -4.048118642455292e-06
173 -4.110323422689401e-06
174 -4.048662077486304e-06
175 -4.41674663756831e-06
176 -3.900005799661462e-06
177 -4.216413620143556e-06
178 -3.930857117060906e-06
179 -4.4895849804581384e-06
180 -4.1175447600215186e-06
181 -4.09808321633674e-06
182 -4.175759503736918e-06
183 -3.7730852304243253e-06
184 -4.670278334612612e-06
185 -4.160457300594014e-06
186 -4.0741705399727266e-06
187 -4.13067291194881e-06
188 -4.055324698724797e-06
189 -4.386129482165029e-06
190 -3.927834449813288e-06
191 -4.178625738345397e-06
192 -4.444641328769067e-06
193 -4.374812497105776e-06
194 -4.245822342936278e-06
195 -3.591020467679329e-06
196 -3.938584951957488e-06
197 -4.331113203434196e-06
198 -3.785797959666362e-06
199 -4.3033666432953235e-06
200 -4.114813383232401e-06
201 -4.176523066047382e-06
202 -4.350126083123011e-06
203 -4.115612546490604e-06
204 -4.108957258219356e-06
205 -4.661175693769764e-06
206 -4.277268680433316e-06
207 -4.242877110396039e-06
208 -4.268688187677223e-06
209 -3.9836275771547e-06
210 -4.128059965473387e-06
211 -4.160629230715661e-06
212 -4.378392116568918e-06
213 -4.230800453038331e-06
214 -4.468739713182348e-06
215 -4.214108832839398e-06
216 -4.019568786544957e-06
217 -3.808106725144722e-06
218 -4.557045306270094e-06
219 -4.324073650768198e-06
220 -3.7829011916045672e-06
221 -4.156300808361505e-06
222 -4.476421074738955e-06
223 -4.1523588946531806e-06
224 -4.09405966074153e-06
225 -4.004434087036457e-06
226 -3.980682947572826e-06
227 -4.21821518092405e-06
228 -4.3878609771289355e-06
229 -4.294563398035547e-06
230 -3.9649278298959914e-06
231 -4.1582268675291165e-06
232 -4.0198316268161054e-06
233 -3.89404244288227e-06
234 -4.247900402879033e-06
235 -4.150571219871541e-06
236 -4.276116359547248e-06
237 -3.7869126620626725e-06
238 -4.524712868819856e-06
239 -4.319395277224572e-06
240 -4.570812171314432e-06
241 -4.023682159625204e-06
242 -4.159161120847443e-06
243 -4.6863146865143595e-06
244 -4.437925527466702e-06
245 -4.035616226316504e-06
246 -4.2772834023889264e-06
247 -3.920613377515306e-06
248 -4.404093120281422e-06
249 -4.642056683224751e-06
250 -3.817996238841521e-06
251 -4.509357925098981e-06
252 -3.886006162668346e-06
253 -4.142837319288376e-06
254 -4.367700148078844e-06
255 -3.970090435878838e-06
256 -4.68047274869647e-06
257 -4.4876118137639886e-06
258 -4.188974444198796e-06
259 -4.5246635232298585e-06
260 -3.827779035260633e-06
261 -3.972055662349323e-06
262 -4.253043838953297e-06
263 -4.4025391001094305e-06
264 -3.816059006448409e-06
265 -4.274358906987181e-06
266 -3.658058114466992e-06
267 -4.248446138912658e-06
268 -4.254659757551832e-06
269 -4.233307644833286e-06
270 -4.05017362021117e-06
271 -4.325247119565007e-06
272 -4.289239116480426e-06
273 -4.404814951508622e-06
274 -3.9132638361039385e-06
275 -3.840915628337194e-06
276 -4.395183599404043e-06
277 -4.571864235274049e-06
278 -4.178500911303642e-06
279 -4.416783614758077e-06
280 -3.969581266773047e-06
281 -4.3529246728021055e-06
282 -4.36011450502609e-06
283 -4.3460288650676334e-06
284 -4.111579283016741e-06
285 -4.507740713462201e-06
286 -4.176546044148508e-06
287 -4.182682516946323e-06
288 -4.119732156856151e-06
289 -4.131042818479807e-06
290 -4.098425373944484e-06
291 -4.219626447834061e-06
292 -4.184934455715146e-06
293 -4.116811950504084e-06
294 -4.16645615940148e-06
295 -4.366950015816724e-06
296 -4.210174257186274e-06
297 -4.0091205621243115e-06
298 -4.145888089768863e-06
299 -4.0231981248580065e-06
