0 4.869235650965243e-07
1 -1.770884426084321e-07
2 6.393397176450185e-07
3 4.904135693132419e-07
4 -4.5812284090222943e-07
5 3.907500698673867e-07
6 1.2291721611755537e-07
7 2.5360712537665883e-07
8 1.11542876772017e-07
9 1.4269095799184283e-07
10 3.5115280718279816e-07
11 1.2707766611968417e-07
12 4.069848013684155e-07
13 5.134612693892099e-07
14 3.7601710185448283e-07
15 -2.2170693828900155e-07
16 5.178174105627172e-07
17 -1.1601222444899984e-07
18 9.022641838430876e-08
19 -3.930736681616175e-08
20 -9.007820909096275e-08
21 -5.8773334407843095e-08
22 6.538157039839387e-07
23 5.114371463899136e-07
24 2.2119616631352674e-07
25 1.1166140578546659e-06
26 -3.567065661771955e-07
27 8.123102040813978e-08
28 2.996165427001274e-07
29 6.395619171603161e-07
30 8.286080187809973e-07
31 -3.749964664842023e-09
32 4.2017140629201334e-07
33 -4.822170059860843e-07
34 -2.0595303109378345e-08
35 9.148146797243787e-09
36 -5.329369474884511e-07
37 -4.385769882099792e-07
38 1.0751772994648208e-06
39 6.239511622604395e-07
40 4.256954408018179e-07
41 -2.0078002814088813e-07
42 2.2314362349052015e-07
43 -2.808500811276538e-07
44 1.064864951815151e-07
45 1.526747189731187e-07
46 8.960186842685656e-07
47 8.250926055059938e-07
48 -2.4241679568594855e-07
49 5.362308415293531e-07
50 -5.411571119756758e-07
51 -1.4971171541004442e-07
52 -5.795342293911954e-07
53 -6.3046503769987585e-09
54 7.331877217347155e-07
55 -2.2558614839141279e-07
56 5.805555564850425e-07
57 4.3098329259582223e-07
58 -2.707584072214944e-07
59 1.4246062956824097e-07
60 6.186621038210775e-08
61 8.042182916909705e-07
62 7.206035474010564e-07
63 -2.1987486856771362e-07
64 -5.135598329591888e-07
65 -2.42681050586377e-07
66 1.2711616449404388e-07
67 2.2417700011232616e-07
68 4.6720213023485037e-07
69 -1.147450734260671e-08
70 9.823103928758302e-08
71 7.210722118746955e-07
72 4.653809660593571e-08
73 -4.4479227855110886e-07
74 3.4212112373546277e-07
75 2.7652809617717e-07
76 1.8387039649797297e-07
77 1.723206600605277e-07
78 9.709979886920337e-08
79 4.5874034497128137e-07
80 2.3996290258328947e-08
81 -3.587975394729909e-07
82 4.5446204231822107e-07
83 1.8196141683905262e-08
84 9.026124099113539e-07
85 1.9209552098527236e-07
86 -1.391536030950622e-07
87 -9.264568941626355e-08
88 -2.3044368673386513e-07
89 -4.5187746057773247e-07
90 7.330864800984831e-09
91 4.938958020179269e-07
92 -3.826059544525602e-08
93 -2.9528881350915307e-07
94 -3.8881643698995896e-07
95 -9.243518319906833e-08
96 8.36828641657289e-08
97 6.044601257520984e-07
98 6.001301476763541e-07
99 6.541496206308784e-07
100 6.64901480850667e-07
101 6.148403535844053e-07
102 2.491985753461179e-07
103 1.4885205533953806e-07
104 -4.977336656320285e-08
105 3.8482732881949393e-07
106 3.9380399862910137e-07
107 1.7071356277275989e-07
108 5.115903031565183e-07
109 -5.6690453113573e-07
110 3.817891919705718e-08
111 2.818835682548168e-07
112 -2.8271500121689645e-07
113 6.559611805996407e-07
114 7.238695216217986e-07
115 5.589876086815643e-07
116 1.315959445597383e-06
117 -6.317976309022119e-07
118 -1.4957074340981956e-07
119 -4.3896552757676373e-07
120 2.808582315327504e-07
121 -9.166886091288132e-07
122 5.303461715800835e-07
123 1.6199965159945927e-07
124 1.0028977017825965e-07
125 -1.320734226573851e-08
126 -4.005566462971167e-07
127 -7.645865649224645e-07
128 -2.3815591530308728e-07
129 -1.666439574644823e-07
130 -2.469200126485309e-09
131 -5.2195100611839404e-08
132 7.01957870037726e-07
133 8.67317841957971e-07
134 1.0038109937372465e-06
135 -2.4158623339322226e-07
136 -1.6397990886971003e-07
137 5.59155217960019e-07
138 1.3245699302082519e-07
139 -8.647016883226185e-07
140 1.0950430238555255e-06
141 2.3653544231688692e-08
142 -1.552732089586586e-07
143 -1.3721470285979822e-07
144 -3.0534726181715427e-07
145 1.7807325195523662e-09
146 2.0022983139227325e-07
147 5.557111793934502e-07
148 -6.192752162027876e-07
149 5.4514280681860415e-08
150 4.7453153028596737e-07
151 1.0702299058399707e-06
152 7.409605006536773e-07
153 -5.522079772541309e-07
154 1.4069101851807914e-07
155 -1.872760261633737e-07
156 3.8777715532095603e-07
157 -1.9039669986681638e-07
158 8.999066397667228e-08
159 5.866229110749536e-07
160 8.854440234456643e-08
161 -6.775519546436366e-07
162 -9.044847670636728e-07
163 -2.028910894776798e-07
164 4.089739359221102e-07
165 6.183786715222911e-07
166 -2.757488100373657e-07
167 -4.110976897054331e-07
168 -2.5634137233442664e-07
169 -4.29853330577536e-08
170 1.0608996523705011e-07
171 1.6491261432165136e-07
172 -8.603147776122709e-08
173 2.809265726684106e-07
174 1.284711786452644e-07
175 2.4144214393173557e-07
176 4.6415905547933437e-07
177 1.553010953242123e-08
178 -4.1872228472774313e-07
179 1.1805496242957828e-06
180 8.614993774335914e-07
181 -2.0666940089761368e-07
182 3.1139842210428886e-07
183 -3.042963796193224e-07
184 9.99830634495327e-07
185 2.531941270541825e-07
186 2.2241615891884262e-07
187 5.099268520106492e-07
188 -2.5977705781562235e-07
189 4.0060613834484713e-07
190 -3.310545863936789e-07
191 5.10026538610138e-07
192 2.7110505621456023e-07
193 3.251671579693862e-07
194 4.4407883169029976e-07
195 -2.8667426007573947e-07
196 -7.464468018436476e-07
197 3.155887480386237e-07
198 -2.3631724383469823e-07
199 1.1871002429248633e-06
200 4.273261838280229e-07
201 7.151259460096634e-07
202 6.894414383915713e-08
203 -2.0629858212616378e-08
204 5.239764457914521e-07
205 1.036460183268387e-06
206 2.0815622082215464e-07
207 9.851409990041988e-07
208 6.8646984407383e-07
209 3.3815705332880684e-08
210 4.7174396400887494e-07
211 -3.7903241056285724e-07
212 3.37310005997087e-07
213 5.384712577797559e-07
214 8.315837158102868e-07
215 5.48687330682282e-07
216 8.343148915838671e-09
217 5.828535087082289e-07
218 4.7336334170208645e-08
219 5.401106609108404e-07
220 -8.795650634183242e-08
221 4.384174896375065e-07
222 5.257926336541248e-07
223 4.5797541402202647e-07
224 4.32318593818673e-07
225 2.8774158473997067e-07
226 -1.9371441472110112e-07
227 -8.271413291786916e-08
228 8.353594792158788e-07
229 3.551101108401475e-07
230 -3.426776303305962e-07
231 5.4781338039014464e-08
232 1.6068261345669585e-07
233 -2.7032220549426533e-07
234 -1.8190943252388289e-07
235 3.7619245978236776e-07
236 3.97979228227618e-07
237 -1.8286344898887314e-07
238 2.8806185216839846e-07
239 3.3800824109961395e-07
240 3.3414245963163223e-07
241 -6.560124096978998e-07
242 6.120349161550667e-08
243 8.046136358246714e-07
244 8.941946862443742e-07
245 -6.245069561142756e-07
246 3.051577040261107e-07
247 5.133194272201615e-07
248 6.047916026434453e-07
249 1.0352735100083885e-06
250 -3.550950424388435e-07
251 6.447934720436904e-07
252 -3.708542088200446e-07
253 1.9330459944904133e-07
254 6.808453181171381e-07
255 1.1516954828011379e-07
256 7.944197731669129e-07
257 6.695511696382182e-07
258 1.797869532399986e-07
259 8.066641424155735e-07
260 -7.110239914613852e-07
261 -2.963696745605786e-07
262 5.777708951735742e-07
263 7.088184836940043e-07
264 2.4817649970522544e-07
265 6.175701823998959e-07
266 -7.581274373335279e-07
267 3.3016912100890294e-07
268 4.692942628477822e-07
269 2.7780211713496365e-07
270 1.3331948616645064e-08
271 -2.213856044488001e-08
272 1.0361338118394355e-07
273 4.896237014244924e-07
274 -1.486978295759435e-07
275 -7.813879254596351e-08
276 4.1079663388787604e-07
277 6.003017987263941e-07
278 4.477768122797506e-07
279 5.345370093783623e-07
280 -1.4438021200909438e-07
281 5.740220235588267e-07
282 8.70128308885681e-07
283 -8.211522899960195e-08
284 7.411693555466392e-07
285 1.0421557223957313e-07
286 4.5105930208575094e-07
287 3.215128126030449e-07
288 3.6364886052217617e-07
289 2.924180326557521e-07
290 -1.2472343305257055e-07
291 4.590862325270772e-07
292 9.641131612579668e-07
293 -2.2234383775444878e-08
294 -1.1395519564555946e-07
295 6.6219515432908e-07
296 1.1676166478869884e-07
297 2.5444667395763306e-07
298 7.696446395920326e-08
299 -3.4120588754604157e-07
