0 -3.419805000526755e-05
1 -3.44076838132985e-05
2 -3.449986972007355e-05
3 -3.41461384091235e-05
4 -3.378192402895384e-05
5 -3.369143488105998e-05
6 -3.411635364221345e-05
7 -3.419128198032334e-05
8 -3.4124432993265416e-05
9 -3.388637174084825e-05
10 -3.422686029050435e-05
11 -3.372569537536862e-05
12 -3.491123242236793e-05
13 -3.4275146402081416e-05
14 -3.48751826677388e-05
15 -3.439455703189145e-05
16 -3.4039223881127433e-05
17 -3.363303916375931e-05
18 -3.471246525191054e-05
19 -3.379776291874035e-05
20 -3.414599632279513e-05
21 -3.4210985170323696e-05
22 -3.450811589266529e-05
23 -3.4159964388014876e-05
24 -3.424526323885485e-05
25 -3.4406502341991486e-05
26 -3.3522382934750006e-05
27 -3.4616945089914946e-05
28 -3.493999253751885e-05
29 -3.419116177184452e-05
30 -3.414606324443712e-05
31 -3.474440011451697e-05
32 -3.453279772072963e-05
33 -3.423631156245147e-05
34 -3.3720737790734345e-05
35 -3.381642145358038e-05
36 -3.406510213934373e-05
37 -3.3866516358867404e-05
38 -3.467239769607754e-05
39 -3.3866220481439554e-05
40 -3.389048210496611e-05
41 -3.452953840771188e-05
42 -3.350347808383281e-05
43 -3.403049696153553e-05
44 -3.3539003369643884e-05
45 -3.4406915448870947e-05
46 -3.4747373621211475e-05
47 -3.4265163390673324e-05
48 -3.367222009099718e-05
49 -3.411689388192846e-05
50 -3.4042983321884256e-05
51 -3.408728604560393e-05
52 -3.368430282558297e-05
53 -3.376435589047169e-05
54 -3.477737415336924e-05
55 -3.434312705428402e-05
56 -3.4309213966736005e-05
57 -3.421859296014135e-05
58 -3.3691153452816555e-05
59 -3.385741940655099e-05
60 -3.4681717384639664e-05
61 -3.452891790484446e-05
62 -3.399830162921383e-05
63 -3.38935674712239e-05
64 -3.336545491680312e-05
65 -3.3908220314324734e-05
66 -3.441892766786045e-05
67 -3.4607121421719375e-05
68 -3.4575205463604125e-05
69 -3.418464588025863e-05
70 -3.454519053070442e-05
71 -3.4233946330554875e-05
72 -3.396558914994455e-05
73 -3.418434188206576e-05
74 -3.449017142341185e-05
75 -3.3990117127695494e-05
76 -3.402969946090338e-05
77 -3.341287015028469e-05
78 -3.395391311603927e-05
79 -3.4343085974056995e-05
80 -3.4218427149381035e-05
81 -3.3799392542932004e-05
82 -3.435374394165864e-05
83 -3.384514895039611e-05
84 -3.404296339419734e-05
85 -3.4477070013458866e-05
86 -3.355459766387169e-05
87 -3.4196701288100456e-05
88 -3.379113545304405e-05
89 -3.330407137472997e-05
90 -3.39737272458886e-05
91 -3.356916181729256e-05
92 -3.3827418792175675e-05
93 -3.3699602117681246e-05
94 -3.3712222612735325e-05
95 -3.43367816485335e-05
96 -3.4270099677816425e-05
97 -3.3749218809341304e-05
98 -3.428181663188958e-05
99 -3.482831812513003e-05
100 -3.490832682868905e-05
101 -3.4493927006307216e-05
102 -3.453555061462385e-05
103 -3.411055230974326e-05
104 -3.4341613629823896e-05
105 -3.432180811421909e-05
106 -3.4130143510724626e-05
107 -3.428194069990577e-05
108 -3.401135559805617e-05
109 -3.3644767843113173e-05
110 -3.389228605959621e-05
111 -3.461633724515533e-05
112 -3.4082416217068986e-05
113 -3.4928111556621994e-05
114 -3.47310412602056e-05
115 -3.4399206355973535e-05
116 -3.448092311153417e-05
117 -3.358617610039664e-05
118 -3.3289222486698565e-05
119 -3.375762266238749e-05
120 -3.4154004748276396e-05
121 -3.3357036688565454e-05
122 -3.435155097912995e-05
123 -3.477746120396549e-05
124 -3.442023886615505e-05
125 -3.402600647428721e-05
126 -3.344291502139678e-05
127 -3.327786533646711e-05
128 -3.4024712814527623e-05
129 -3.384386064950071e-05
130 -3.384293098783823e-05
131 -3.4041245249590745e-05
132 -3.423717130550157e-05
133 -3.455222347565807e-05
134 -3.477662719365616e-05
135 -3.423641071226505e-05
136 -3.384874641369531e-05
137 -3.426164480307272e-05
138 -3.441410304580491e-05
139 -3.329978383046193e-05
140 -3.469573391368644e-05
141 -3.4497628381795666e-05
142 -3.358717072227401e-05
143 -3.39802014707836e-05
144 -3.420938238437534e-05
145 -3.356026653251394e-05
146 -3.424155260436469e-05
147 -3.433963015699258e-05
148 -3.4182899973086315e-05
149 -3.4476284709163614e-05
150 -3.4329402191472986e-05
151 -3.452339477878266e-05
152 -3.4820360837781925e-05
153 -3.4228191304712914e-05
154 -3.416734392377083e-05
155 -3.427375177076544e-05
156 -3.504069589846144e-05
157 -3.3343598010832215e-05
158 -3.453421280308946e-05
159 -3.4365420196795396e-05
160 -3.420710820115756e-05
161 -3.370285404846533e-05
162 -3.339871822940665e-05
163 -3.36691710954989e-05
164 -3.487150141348261e-05
165 -3.3844081725451374e-05
166 -3.438517846273288e-05
167 -3.388137059775138e-05
168 -3.346616647551782e-05
169 -3.4512891924421904e-05
170 -3.4420434387413686e-05
171 -3.4213509235532505e-05
172 -3.4111219049282015e-05
173 -3.421799266988539e-05
174 -3.4135627494870366e-05
175 -3.461207291982387e-05
176 -3.4319011703834605e-05
177 -3.370388727939546e-05
178 -3.371197379188151e-05
179 -3.479928981209292e-05
180 -3.412646288614532e-05
181 -3.3849174998995486e-05
182 -3.404837686085395e-05
183 -3.364674224280785e-05
184 -3.431599979258197e-05
185 -3.4562064405413395e-05
186 -3.468629584106734e-05
187 -3.398078344229897e-05
188 -3.4072664423993026e-05
189 -3.441873207604736e-05
190 -3.3775495274325825e-05
191 -3.46611039148855e-05
192 -3.452218521765206e-05
193 -3.424885963302163e-05
194 -3.406232713109458e-05
195 -3.3831853364835815e-05
196 -3.410009272988849e-05
197 -3.450318153715309e-05
198 -3.4317775064647815e-05
199 -3.417621718564363e-05
200 -3.446238375430934e-05
201 -3.425495474479433e-05
202 -3.465959029300019e-05
203 -3.4634919196110755e-05
204 -3.45350937429295e-05
205 -3.467228950941601e-05
206 -3.431065456612423e-05
207 -3.401802394095048e-05
208 -3.4604964409004624e-05
209 -3.387276885814536e-05
210 -3.3846279123630893e-05
211 -3.449727519892713e-05
212 -3.448467263483427e-05
213 -3.444584164206618e-05
214 -3.464829947891079e-05
215 -3.414260754849365e-05
216 -3.41753449327319e-05
217 -3.3543541468302474e-05
218 -3.4277843582006885e-05
219 -3.469747815934052e-05
220 -3.389390518728904e-05
221 -3.442907887419342e-05
222 -3.409648435173662e-05
223 -3.389785125264684e-05
224 -3.38976415905018e-05
225 -3.3914094566794615e-05
226 -3.481942964446441e-05
227 -3.419286207711796e-05
228 -3.416524591987873e-05
229 -3.452161857474608e-05
230 -3.417639219199956e-05
231 -3.434946244715596e-05
232 -3.394007835248407e-05
233 -3.4359998707585714e-05
234 -3.429064720177779e-05
235 -3.465011945042958e-05
236 -3.450590895591906e-05
237 -3.4484109704940957e-05
238 -3.391476502077645e-05
239 -3.4465243337056494e-05
240 -3.5040198457456154e-05
241 -3.374668371182514e-05
242 -3.420805379744236e-05
243 -3.4887900190928e-05
244 -3.489417201363032e-05
245 -3.360431867725713e-05
246 -3.4034481554853535e-05
247 -3.4078536302383546e-05
248 -3.4628037635188465e-05
249 -3.429778074773161e-05
250 -3.348223385908863e-05
251 -3.4041036475077016e-05
252 -3.410097377054665e-05
253 -3.425850722534379e-05
254 -3.452334329684815e-05
255 -3.364235437763492e-05
256 -3.494757731109641e-05
257 -3.3945588960620854e-05
258 -3.434084532020664e-05
259 -3.450050628715944e-05
260 -3.3869190917484964e-05
261 -3.3745662982915064e-05
262 -3.437176856386477e-05
263 -3.424569450448886e-05
264 -3.374660041104893e-05
265 -3.428736881576744e-05
266 -3.3337939023764056e-05
267 -3.405926219713431e-05
268 -3.431405809902209e-05
269 -3.402898300540829e-05
270 -3.444888675061636e-05
271 -3.420302664347104e-05
272 -3.416892314414092e-05
273 -3.456019809695013e-05
274 -3.39369864396162e-05
275 -3.396478773689269e-05
276 -3.420532379926172e-05
277 -3.4503393146842594e-05
278 -3.4476720500949796e-05
279 -3.4334136607709174e-05
280 -3.437498236597928e-05
281 -3.468446959627524e-05
282 -3.424368228546087e-05
283 -3.417309898382724e-05
284 -3.452265341736721e-05
285 -3.3977801099606014e-05
286 -3.4246792165846825e-05
287 -3.426510761081582e-05
288 -3.396836790994706e-05
289 -3.361547162770496e-05
290 -3.352401862102059e-05
291 -3.3673166622479446e-05
292 -3.4477530137127755e-05
293 -3.4235617726402094e-05
294 -3.4062831850047714e-05
295 -3.48967814037724e-05
296 -3.4208114966803156e-05
297 -3.380621577518064e-05
298 -3.370147170415468e-05
299 -3.370002678557938e-05
