0 -7.642304335423806e-06
1 -7.54469046094479e-06
2 -7.388992506301389e-06
3 -7.85528347614059e-06
4 -7.861987863898501e-06
5 -8.033220664060366e-06
6 -7.677397982833517e-06
7 -7.666698512576931e-06
8 -7.898240974663836e-06
9 -7.985961522350676e-06
10 -7.890669319632144e-06
11 -7.877153398153776e-06
12 -6.853490769942441e-06
13 -7.44781968121539e-06
14 -7.663546670151e-06
15 -7.70874052086496e-06
16 -7.813129629343695e-06
17 -8.04431824052144e-06
18 -7.473883571494965e-06
19 -7.658820758071958e-06
20 -7.922662512896204e-06
21 -7.294554921577476e-06
22 -7.550530496291801e-06
23 -7.879601403988538e-06
24 -7.934100176812735e-06
25 -7.562149886367582e-06
26 -8.1294169742656e-06
27 -7.758977582854564e-06
28 -7.284584641199554e-06
29 -7.899349959997108e-06
30 -7.578124262291785e-06
31 -7.638390618160019e-06
32 -7.536540098718626e-06
33 -7.565571520316169e-06
34 -8.260593400543315e-06
35 -7.640949608293515e-06
36 -7.930666429923823e-06
37 -7.895765778521005e-06
38 -7.690573436264159e-06
39 -8.214196989794278e-06
40 -8.437581714693187e-06
41 -7.209937200817651e-06
42 -7.990304047689608e-06
43 -7.744888126544505e-06
44 -8.001730637630741e-06
45 -7.405203757208726e-06
46 -7.342518281240232e-06
47 -7.753822670969508e-06
48 -7.973903444200983e-06
49 -7.865740853771658e-06
50 -7.5201233797784525e-06
51 -8.128602440914894e-06
52 -7.652326988459756e-06
53 -7.826801106846552e-06
54 -7.365013172492454e-06
55 -7.731454527057579e-06
56 -7.721051959069898e-06
57 -7.95277643235987e-06
58 -7.969350676790253e-06
59 -8.044920359460948e-06
60 -7.5803367185351974e-06
61 -7.960412111642268e-06
62 -8.011193264043122e-06
63 -7.858859667308244e-06
64 -8.15784744685289e-06
65 -7.490842220114836e-06
66 -7.483325577770017e-06
67 -7.786721379444574e-06
68 -7.699119146858179e-06
69 -7.754459172879753e-06
70 -7.390644114988231e-06
71 -7.847879926971467e-06
72 -7.577947385011712e-06
73 -7.472635144185803e-06
74 -7.912195626669684e-06
75 -7.938856434636384e-06
76 -7.885692169961626e-06
77 -7.725437458084996e-06
78 -7.933358608554375e-06
79 -7.58451227833646e-06
80 -7.385691505921582e-06
81 -7.715046457385493e-06
82 -7.767775548694306e-06
83 -7.959186396179832e-06
84 -8.289858268255936e-06
85 -7.471282127969529e-06
86 -8.108036861873255e-06
87 -7.573486394307465e-06
88 -7.650572073152655e-06
89 -8.054822247842086e-06
90 -7.928559787782066e-06
91 -7.987778555937705e-06
92 -8.092179222975431e-06
93 -7.651420039420838e-06
94 -7.897270491335931e-06
95 -7.710007413866996e-06
96 -7.615770952028189e-06
97 -8.141364315228002e-06
98 -8.100734952119463e-06
99 -7.582761355093689e-06
100 -7.5475095279480625e-06
101 -7.729965831256974e-06
102 -7.801746907769395e-06
103 -7.58526573959892e-06
104 -7.739215167156907e-06
105 -7.280172853586914e-06
106 -7.749664803537871e-06
107 -7.883904137888965e-06
108 -7.879320086421988e-06
109 -7.99250461459147e-06
110 -7.93494461440216e-06
111 -7.64127040142038e-06
112 -7.772115728502408e-06
113 -7.461281285596433e-06
114 -7.605820671732806e-06
115 -7.544452519890695e-06
116 -8.031484187617985e-06
117 -7.845749710223503e-06
118 -7.995629315139251e-06
119 -7.530935642933967e-06
120 -8.02574100994594e-06
121 -7.914483896283816e-06
122 -7.70751945757087e-06
123 -7.3871530917380575e-06
124 -7.678617871797978e-06
125 -7.875877293629735e-06
126 -8.327098987851087e-06
127 -7.855348856746445e-06
128 -7.709642022291737e-06
129 -7.968941717931956e-06
130 -7.9700026984136e-06
131 -7.790679461503568e-06
132 -7.76034919887916e-06
133 -7.674265808900538e-06
134 -7.456093244803352e-06
135 -7.768617873827708e-06
136 -8.142920821797799e-06
137 -7.830429726702725e-06
138 -7.724087632023634e-06
139 -8.03666296951056e-06
140 -7.618955768680968e-06
141 -7.633773205778358e-06
142 -8.222345200307899e-06
143 -7.721606358930823e-06
144 -7.837688976183473e-06
145 -8.142323549543229e-06
146 -7.922939073037759e-06
147 -7.921155997183994e-06
148 -7.384503660524094e-06
149 -7.5384492864606216e-06
150 -7.892796098942402e-06
151 -7.742530856216283e-06
152 -7.4524688657489154e-06
153 -7.630066741288614e-06
154 -7.763148087282225e-06
155 -7.509385333167555e-06
156 -7.046377247195149e-06
157 -8.296190925842971e-06
158 -7.536526380245706e-06
159 -7.720355325790042e-06
160 -7.829280140934505e-06
161 -7.838772058406593e-06
162 -7.86661631944831e-06
163 -7.83290324666028e-06
164 -7.511957327154924e-06
165 -7.881778857855773e-06
166 -7.690288956425586e-06
167 -7.741198169435123e-06
168 -8.485053596379472e-06
169 -7.5912407027721145e-06
170 -7.808295892549065e-06
171 -7.743723630922025e-06
172 -7.753116937398338e-06
173 -7.71912765806035e-06
174 -7.868690277919835e-06
175 -7.496004894155212e-06
176 -7.999479546187425e-06
177 -7.878834392368673e-06
178 -7.931162813392192e-06
179 -7.558639741929049e-06
180 -8.044409132631865e-06
181 -7.911785956746523e-06
182 -7.843196762902759e-06
183 -7.919458058218051e-06
184 -7.5649586807555555e-06
185 -7.816969762828594e-06
186 -7.895615409347727e-06
187 -8.049802847153557e-06
188 -7.682368475134123e-06
189 -7.583664499205598e-06
190 -7.865440538242147e-06
191 -7.394663777809141e-06
192 -7.580196055640074e-06
193 -7.630224802121838e-06
194 -8.010491659187246e-06
195 -8.074621650109701e-06
196 -7.61898158207752e-06
197 -7.512566334222875e-06
198 -7.786149819904876e-06
199 -7.927959613758114e-06
200 -7.657267344486823e-06
201 -7.925879316719323e-06
202 -7.260781477652019e-06
203 -7.578249836384854e-06
204 -7.708205347598844e-06
205 -7.453429912243252e-06
206 -7.567957888086055e-06
207 -8.026703253300463e-06
208 -8.261628307300687e-06
209 -7.860218954143385e-06
210 -7.820006010980996e-06
211 -7.736854687301471e-06
212 -7.735998944214023e-06
213 -7.677037274204368e-06
214 -7.553083481456774e-06
215 -7.707803052137798e-06
216 -7.83683630641078e-06
217 -8.336491058277513e-06
218 -7.3468478405187226e-06
219 -7.761013980535799e-06
220 -7.942249973926606e-06
221 -7.5870199206505296e-06
222 -7.606243716758643e-06
223 -7.885931144076484e-06
224 -8.231605795576719e-06
225 -7.800104987687362e-06
226 -7.484417167690779e-06
227 -7.786682147362017e-06
228 -7.847646618031115e-06
229 -7.517019796940023e-06
230 -7.581804665778929e-06
231 -7.716972304467302e-06
232 -7.925512496276904e-06
233 -7.253283842591538e-06
234 -7.820615606933796e-06
235 -7.414594234435853e-06
236 -7.714941889795057e-06
237 -7.715252715432483e-06
238 -8.003706744936025e-06
239 -7.679475811883789e-06
240 -7.139754559718575e-06
241 -7.570506377580378e-06
242 -7.85420856536455e-06
243 -7.559198450983342e-06
244 -7.356434085451422e-06
245 -7.578004308711537e-06
246 -7.911370076870178e-06
247 -8.1291164747394e-06
248 -7.849870926706984e-06
249 -7.796731116790372e-06
250 -7.700699650333328e-06
251 -7.387446803921289e-06
252 -7.969870137526874e-06
253 -8.09362854885861e-06
254 -7.71860154262832e-06
255 -8.148368700486043e-06
256 -7.506592803540111e-06
257 -7.828556765670757e-06
258 -7.5132115875434615e-06
259 -7.990701536146095e-06
260 -7.691746515358371e-06
261 -7.6073205229189805e-06
262 -7.787879099657566e-06
263 -8.103224193201101e-06
264 -8.104647732835276e-06
265 -7.817341959094913e-06
266 -8.343283373813768e-06
267 -7.830189691547478e-06
268 -7.475520358480848e-06
269 -7.912046976895742e-06
270 -7.625771649161749e-06
271 -7.4397549941460136e-06
272 -7.487134419903293e-06
273 -7.557176095220217e-06
274 -7.959253905165938e-06
275 -8.016164641594922e-06
276 -7.767853003283088e-06
277 -7.911713701657822e-06
278 -7.83939984463877e-06
279 -7.846957759309182e-06
280 -7.507671436646722e-06
281 -7.379229567678754e-06
282 -7.799543977508418e-06
283 -7.2371726759592e-06
284 -7.831925573325172e-06
285 -7.54895508096715e-06
286 -7.393837949899556e-06
287 -7.746835007083099e-06
288 -7.952036404979091e-06
289 -7.971148928295062e-06
290 -7.929310519547161e-06
291 -7.798109275224283e-06
292 -7.996610817295672e-06
293 -7.543455967733986e-06
294 -7.659398009228601e-06
295 -7.354860723902647e-06
296 -7.520408736946199e-06
297 -7.980739847743523e-06
298 -7.822742457860467e-06
299 -7.867046654445958e-06
