0 -1.578359703625829e-05
1 -1.6711366855422674e-05
2 -1.6099533362297975e-05
3 -1.5675149916108897e-05
4 -1.6114472275428392e-05
5 -1.5396833594706005e-05
6 -1.6143329460308455e-05
7 -1.606528415413211e-05
8 -1.603129227312641e-05
9 -1.576282307018838e-05
10 -1.6013002112795298e-05
11 -1.565115753184268e-05
12 -1.6927457281078725e-05
13 -1.593053555791357e-05
14 -1.6230617118867017e-05
15 -1.654696017999785e-05
16 -1.5726414258472457e-05
17 -1.5624622192294934e-05
18 -1.6819777931340618e-05
19 -1.602612872074978e-05
20 -1.606565133501118e-05
21 -1.647693139625002e-05
22 -1.603402667730125e-05
23 -1.5603468670173606e-05
24 -1.585242792774738e-05
25 -1.5766801457342716e-05
26 -1.5749511050191763e-05
27 -1.637670862842161e-05
28 -1.6625662140184656e-05
29 -1.5612502481274077e-05
30 -1.572628346583411e-05
31 -1.658267834606947e-05
32 -1.616278228390697e-05
33 -1.6755676788408347e-05
34 -1.5516556902882674e-05
35 -1.6003903618525467e-05
36 -1.6302344259555942e-05
37 -1.6140192752381918e-05
38 -1.5688632682744597e-05
39 -1.5131782287631337e-05
40 -1.5050005934135843e-05
41 -1.6871048208176405e-05
42 -1.5223754631416329e-05
43 -1.6230756425140043e-05
44 -1.5396916060301677e-05
45 -1.6363642583349743e-05
46 -1.613404797289043e-05
47 -1.5705542723785675e-05
48 -1.600035966119534e-05
49 -1.565075320601026e-05
50 -1.6510705627142454e-05
51 -1.605125030761536e-05
52 -1.6410656802012653e-05
53 -1.5842651093204096e-05
54 -1.6335607786050006e-05
55 -1.6534693335218707e-05
56 -1.5671434568404427e-05
57 -1.5701409401243783e-05
58 -1.5924291911204358e-05
59 -1.5704147860759797e-05
60 -1.6412037954772556e-05
61 -1.5556191334965512e-05
62 -1.5217923510441658e-05
63 -1.612394329669115e-05
64 -1.566278998023985e-05
65 -1.6362553497945353e-05
66 -1.6372727138642153e-05
67 -1.620739192621231e-05
68 -1.6142420275272075e-05
69 -1.607013763787262e-05
70 -1.647717478100703e-05
71 -1.5669289899128136e-05
72 -1.6102001940125967e-05
73 -1.6559811534584953e-05
74 -1.5786691874445493e-05
75 -1.576976487845623e-05
76 -1.5747968459507915e-05
77 -1.5611004455486554e-05
78 -1.571305725604625e-05
79 -1.6048984222553537e-05
80 -1.6300965256978052e-05
81 -1.611355449749394e-05
82 -1.5909771501672385e-05
83 -1.591510122756583e-05
84 -1.5118266914341308e-05
85 -1.638885384501178e-05
86 -1.5781466034118502e-05
87 -1.6370742019610843e-05
88 -1.6063612579467524e-05
89 -1.5779067110833786e-05
90 -1.589487933596831e-05
91 -1.531988740973161e-05
92 -1.573225184592277e-05
93 -1.6179924293348407e-05
94 -1.5950660698574943e-05
95 -1.6287525667577143e-05
96 -1.6104280323418697e-05
97 -1.4973711063517166e-05
98 -1.5599855837746247e-05
99 -1.6087112764441695e-05
100 -1.611520523759355e-05
101 -1.5888180613195157e-05
102 -1.6186086796163993e-05
103 -1.593428311228897e-05
104 -1.643570816808496e-05
105 -1.6183188470852895e-05
106 -1.559642205297549e-05
107 -1.6056215963164405e-05
108 -1.5660190352182624e-05
109 -1.5796754656546617e-05
110 -1.5875525628164562e-05
111 -1.630914843061223e-05
112 -1.623200618337483e-05
113 -1.6273807431884748e-05
114 -1.5979827078743008e-05
115 -1.6176544946126783e-05
116 -1.5046223689527235e-05
117 -1.612533598997361e-05
118 -1.5486714136741994e-05
119 -1.6401737318980055e-05
120 -1.5770825492717107e-05
121 -1.6250216812521416e-05
122 -1.5834611304458653e-05
123 -1.6585487697899658e-05
124 -1.631435422395969e-05
125 -1.594839417622102e-05
126 -1.5631099274248313e-05
127 -1.605880361847975e-05
128 -1.6401849836996915e-05
129 -1.5859836082696645e-05
130 -1.5689899624089618e-05
131 -1.603111637747584e-05
132 -1.569532781800131e-05
133 -1.5640495763648334e-05
134 -1.6009984645063105e-05
135 -1.6362492565904538e-05
136 -1.5888803761424707e-05
137 -1.5571511113698986e-05
138 -1.6102025798319192e-05
139 -1.603518446833205e-05
140 -1.5677019690152025e-05
141 -1.633845941733967e-05
142 -1.5618136743001293e-05
143 -1.6039042003792097e-05
144 -1.634909593259057e-05
145 -1.5455136982342753e-05
146 -1.5734030649231415e-05
147 -1.572622704373049e-05
148 -1.6842536928695948e-05
149 -1.650447175815307e-05
150 -1.5761690475791093e-05
151 -1.5433009873201367e-05
152 -1.6091294161964914e-05
153 -1.6624991220725544e-05
154 -1.5831958773587583e-05
155 -1.6366224388567103e-05
156 -1.6902614134515782e-05
157 -1.533464278215571e-05
158 -1.639985269604473e-05
159 -1.575054289029533e-05
160 -1.6028329428320048e-05
161 -1.633478779903403e-05
162 -1.625729782828379e-05
163 -1.5932071705310264e-05
164 -1.6276968599712513e-05
165 -1.5188988642214757e-05
166 -1.6528440990067503e-05
167 -1.631471997498809e-05
168 -1.541165046410394e-05
169 -1.640959379260519e-05
170 -1.609113728185855e-05
171 -1.595769493249259e-05
172 -1.6126379907517345e-05
173 -1.5937310256831304e-05
174 -1.589925362157498e-05
175 -1.6469764672436967e-05
176 -1.550437740167297e-05
177 -1.5887591296945735e-05
178 -1.6042410232348498e-05
179 -1.5606645558200025e-05
180 -1.5129650159707449e-05
181 -1.6025700082129305e-05
182 -1.5775800924546635e-05
183 -1.590098714454614e-05
184 -1.568205419600707e-05
185 -1.6249182459208793e-05
186 -1.6113668919200632e-05
187 -1.537221613233863e-05
188 -1.634372402909037e-05
189 -1.6172691225375254e-05
190 -1.6120714818231528e-05
191 -1.6154611063289803e-05
192 -1.638458483239721e-05
193 -1.61107429389117e-05
194 -1.5656698447671133e-05
195 -1.5751803074630374e-05
196 -1.6821038818401717e-05
197 -1.6270649757120004e-05
198 -1.6219155051788684e-05
199 -1.505068090271173e-05
200 -1.5933656629714575e-05
201 -1.5470088559100458e-05
202 -1.6727198532419817e-05
203 -1.6556384773860416e-05
204 -1.5843429202035146e-05
205 -1.5909809917979064e-05
206 -1.6154664163423587e-05
207 -1.5158828154586425e-05
208 -1.5622312300210683e-05
209 -1.580906319158031e-05
210 -1.5484934356415118e-05
211 -1.6783821871691385e-05
212 -1.6104306217923136e-05
213 -1.582910905389244e-05
214 -1.584474794484508e-05
215 -1.5619906643251212e-05
216 -1.603751485690868e-05
217 -1.477595324592037e-05
218 -1.6603978855607972e-05
219 -1.6063268064298554e-05
220 -1.5795992733479254e-05
221 -1.596872686808905e-05
222 -1.5840212230139645e-05
223 -1.5528925942040755e-05
224 -1.5379361401257583e-05
225 -1.566612373955028e-05
226 -1.6770949605091992e-05
227 -1.6317020540665468e-05
228 -1.548889486633147e-05
229 -1.6300042063862504e-05
230 -1.6480555256429714e-05
231 -1.628569059568531e-05
232 -1.5727948013639904e-05
233 -1.6642802017634164e-05
234 -1.639085020464157e-05
235 -1.6241712332049184e-05
236 -1.6082885655975898e-05
237 -1.64048675631882e-05
238 -1.5847822092304397e-05
239 -1.6197942670392904e-05
240 -1.692077365349758e-05
241 -1.6543159241175876e-05
242 -1.610223700314065e-05
243 -1.6169561176795656e-05
244 -1.6149281293221542e-05
245 -1.6451585373459272e-05
246 -1.5777085804718533e-05
247 -1.529192913631487e-05
248 -1.5945459808257557e-05
249 -1.5552978059133293e-05
250 -1.5877080444062775e-05
251 -1.5839382604086653e-05
252 -1.6296038666217842e-05
253 -1.5883020781025626e-05
254 -1.5826006945509876e-05
255 -1.5371109803934926e-05
256 -1.6256585279530812e-05
257 -1.5503837555282427e-05
258 -1.62242016201831e-05
259 -1.568785668156828e-05
260 -1.6467155896976928e-05
261 -1.6100071696912955e-05
262 -1.5651333226934117e-05
263 -1.5483739595993638e-05
264 -1.5333023076887535e-05
265 -1.5701563170755985e-05
266 -1.5883373054456237e-05
267 -1.574433994033254e-05
268 -1.602075109285676e-05
269 -1.579637085357328e-05
270 -1.6314202372525953e-05
271 -1.656065085610826e-05
272 -1.625158037893116e-05
273 -1.618189004096635e-05
274 -1.5932035499476916e-05
275 -1.5806217492617036e-05
276 -1.5922981516456863e-05
277 -1.5981519516898446e-05
278 -1.5946420447466783e-05
279 -1.5895083655460136e-05
280 -1.6395691175149278e-05
281 -1.6156485675062324e-05
282 -1.5379429232975108e-05
283 -1.6685041496514914e-05
284 -1.559958067058111e-05
285 -1.619674853965899e-05
286 -1.595415420227113e-05
287 -1.5958368561811897e-05
288 -1.5586486653559515e-05
289 -1.5398364987160396e-05
290 -1.587457420468982e-05
291 -1.55015349331548e-05
292 -1.5370858988687292e-05
293 -1.6267108444004673e-05
294 -1.6273672628040944e-05
295 -1.6231300875298428e-05
296 -1.6198031783641436e-05
297 -1.5551185279652434e-05
298 -1.576755403256976e-05
299 -1.607380957259447e-05
