0 -3.0181442414014706e-05
1 -2.9532251757611108e-05
2 -3.0210636520348057e-05
3 -3.0205201926630222e-05
4 -2.946054898116974e-05
5 -2.9799689419020025e-05
6 -2.9669506104077545e-05
7 -2.985965394828638e-05
8 -2.982537041497713e-05
9 -2.9706973846938674e-05
10 -2.986825333749955e-05
11 -2.9713980858910778e-05
12 -2.999054767065006e-05
13 -3.0176440486558172e-05
14 -3.070059061932466e-05
15 -2.9740985866177987e-05
16 -2.9896021170358164e-05
17 -2.964672290658142e-05
18 -2.9761370257445396e-05
19 -2.9447012744185435e-05
20 -2.986696037956277e-05
21 -2.9604619571930917e-05
22 -3.0253955132265976e-05
23 -3.028506481891455e-05
24 -3.0186889610860284e-05
25 -3.0192348027061066e-05
26 -2.936681523623116e-05
27 -3.019406041171648e-05
28 -3.0416194084001473e-05
29 -3.0228838657633383e-05
30 -2.9954960387061213e-05
31 -3.016211467843382e-05
32 -3.0204842153047646e-05
33 -2.9360060618241523e-05
34 -2.9835814885767918e-05
35 -2.9506273641589143e-05
36 -2.9674950719198626e-05
37 -2.953519061059026e-05
38 -3.072966108475635e-05
39 -3.0312009452020344e-05
40 -3.0461296243106606e-05
41 -2.963285790572019e-05
42 -2.9860339978530394e-05
43 -2.961693864691238e-05
44 -2.9745727933017873e-05
45 -2.995391617869915e-05
46 -3.0423135980688826e-05
47 -3.015432105010915e-05
48 -2.9264806121294042e-05
49 -3.0088880778851147e-05
50 -2.952390695712467e-05
51 -2.9766736972095677e-05
52 -2.900888522586532e-05
53 -2.952906274334692e-05
54 -3.0275394240281074e-05
55 -2.964225821399361e-05
56 -3.0438396521926644e-05
57 -3.0233402187566742e-05
58 -2.945395925101583e-05
59 -2.9762017753891833e-05
60 -3.0295270716759045e-05
61 -3.074949260896582e-05
62 -3.0380542472736477e-05
63 -2.951847710779189e-05
64 -2.9377768492133228e-05
65 -2.9301951522567925e-05
66 -2.9925968117049677e-05
67 -3.0317436273948748e-05
68 -3.026317048041473e-05
69 -2.996428233181797e-05
70 -3.0068791315742947e-05
71 -3.0199685366604178e-05
72 -2.959743012853724e-05
73 -2.9598235830070458e-05
74 -3.0634086825623736e-05
75 -2.9847734300409114e-05
76 -3.0021388892174942e-05
77 -2.9232884173081e-05
78 -2.9993865909786723e-05
79 -3.0045620792555986e-05
80 -2.9775655045240637e-05
81 -2.944602851602915e-05
82 -3.0197672236150774e-05
83 -2.9556692297075748e-05
84 -3.0357408635262676e-05
85 -2.996868153969536e-05
86 -2.9277410067943416e-05
87 -2.9659184146828728e-05
88 -2.9507803617263497e-05
89 -2.9080236984775377e-05
90 -2.9789836816398116e-05
91 -2.963952214540478e-05
92 -2.975332161686032e-05
93 -2.9204089374036482e-05
94 -2.9491673090724923e-05
95 -2.9984522414834163e-05
96 -3.0120940668554385e-05
97 -3.0355529775274983e-05
98 -3.0341937801829194e-05
99 -3.069047704325416e-05
100 -3.077360103503601e-05
101 -3.041102513300995e-05
102 -3.0209749167728835e-05
103 -3.0037025903126985e-05
104 -2.97156420464918e-05
105 -2.997783921647833e-05
106 -3.0299822091629637e-05
107 -2.999748512995331e-05
108 -2.9936433840716145e-05
109 -2.9740625847976396e-05
110 -2.9623252115077385e-05
111 -3.017374464110351e-05
112 -2.972865453251711e-05
113 -3.061126820322872e-05
114 -3.0613233332582036e-05
115 -2.9856545463047726e-05
116 -3.108936541765278e-05
117 -2.920589677474545e-05
118 -2.9323922272505182e-05
119 -2.9119097608173575e-05
120 -3.0091702913995338e-05
121 -2.879567237051118e-05
122 -3.027901677357534e-05
123 -3.0195489673872368e-05
124 -2.9974929359584642e-05
125 -2.986004000691948e-05
126 -2.9441643480958132e-05
127 -2.8867957091431573e-05
128 -2.936837712732709e-05
129 -2.9723834185851e-05
130 -2.9910984114433363e-05
131 -2.9798430566280842e-05
132 -3.019321278772992e-05
133 -3.0742694722276456e-05
134 -3.054617646159804e-05
135 -2.9753999068648592e-05
136 -2.9666290235077362e-05
137 -3.048009393523487e-05
138 -3.0222296215115387e-05
139 -2.8948489580532793e-05
140 -3.0829124141515406e-05
141 -3.014885075413534e-05
142 -2.952192245165397e-05
143 -2.976162656107511e-05
144 -2.9763520594353334e-05
145 -2.9697846288048107e-05
146 -3.039629921433811e-05
147 -3.0309041503832066e-05
148 -2.9318387075306723e-05
149 -2.9817358472025632e-05
150 -3.030487301415892e-05
151 -3.0826418680378296e-05
152 -3.069945985077295e-05
153 -2.956955302138492e-05
154 -3.0235826768393223e-05
155 -2.9878176639288e-05
156 -3.0189730708983123e-05
157 -2.9576156103263687e-05
158 -3.0110803227573658e-05
159 -3.0425796817340687e-05
160 -2.995715535059391e-05
161 -2.9098939016157415e-05
162 -2.8868070348961315e-05
163 -2.9357860663374686e-05
164 -3.067298665099576e-05
165 -3.0289189690507633e-05
166 -2.976659602114423e-05
167 -2.929656631271721e-05
168 -2.957346982093517e-05
169 -3.011496731104356e-05
170 -3.028396208099181e-05
171 -3.0105014347494405e-05
172 -2.9821816529680443e-05
173 -3.0040650968416775e-05
174 -3.0022053440657056e-05
175 -3.0024305177536486e-05
176 -3.0662482731957074e-05
177 -2.9358255272796532e-05
178 -2.9412754422281142e-05
179 -3.1105091029451014e-05
180 -3.060843404468547e-05
181 -2.9557084403123232e-05
182 -2.998402039806995e-05
183 -2.9396084399489053e-05
184 -3.024181748342433e-05
185 -3.012015447505528e-05
186 -3.054236862240188e-05
187 -3.0231911218882625e-05
188 -2.9545446942398838e-05
189 -3.0021664453001293e-05
190 -2.9340618224100524e-05
191 -3.044579873497927e-05
192 -2.9944497776218746e-05
193 -2.9818714908260485e-05
194 -2.9987327060823597e-05
195 -2.9867163642174542e-05
196 -2.917292453349375e-05
197 -3.0099797227091547e-05
198 -3.0108264194019513e-05
199 -3.06558384770226e-05
200 -3.04372583114147e-05
201 -3.0483796908955206e-05
202 -2.9926344605641407e-05
203 -3.002979608756886e-05
204 -3.059177565613069e-05
205 -3.050284254055347e-05
206 -3.0001659818418452e-05
207 -3.032146111945939e-05
208 -3.071102245086041e-05
209 -2.9747569261460102e-05
210 -2.9935016269294177e-05
211 -2.963909971988254e-05
212 -3.0216123493405565e-05
213 -3.0470589899853345e-05
214 -3.069272398608673e-05
215 -3.0305865142845667e-05
216 -2.9958423561112518e-05
217 -3.0247497837280684e-05
218 -2.946657248228913e-05
219 -3.0493069531559998e-05
220 -2.983878188930089e-05
221 -3.02932047465933e-05
222 -2.9917561403979784e-05
223 -2.991624614954635e-05
224 -3.0060282182338565e-05
225 -2.9906915811311922e-05
226 -3.017525233370359e-05
227 -2.9663778876780197e-05
228 -3.0257603114097535e-05
229 -3.0054269422886572e-05
230 -2.9614862224729465e-05
231 -2.984966754264035e-05
232 -2.98991297598365e-05
233 -2.971622019618051e-05
234 -2.9742232128817352e-05
235 -3.0423855621146247e-05
236 -3.0251720284116865e-05
237 -3.0088809820090032e-05
238 -2.9603951828536488e-05
239 -3.002603288568473e-05
240 -3.0123157388806302e-05
241 -2.8953280334983724e-05
242 -2.985162822269138e-05
243 -3.0580868673407635e-05
244 -3.059850852012251e-05
245 -2.885951899034103e-05
246 -2.9911322203003172e-05
247 -3.049006428471834e-05
248 -3.047275173191498e-05
249 -3.0274387277427214e-05
250 -2.9315853930064656e-05
251 -2.983347449431307e-05
252 -2.9608681943691653e-05
253 -3.012012542735856e-05
254 -3.0498683866073428e-05
255 -2.991149828466132e-05
256 -3.059874636107745e-05
257 -2.999661643378784e-05
258 -2.9981856614295044e-05
259 -3.048808633454721e-05
260 -2.9315268236985012e-05
261 -2.944348390731959e-05
262 -3.054199802866046e-05
263 -3.0361237082814358e-05
264 -3.002623058881843e-05
265 -3.029160102223918e-05
266 -2.9050737498380062e-05
267 -3.0013773052195786e-05
268 -3.005552725018745e-05
269 -2.9879844614457865e-05
270 -3.005533601631858e-05
271 -2.9390571972478178e-05
272 -2.9711933840013835e-05
273 -3.0207562459087258e-05
274 -2.9757958858542005e-05
275 -2.9945616593287088e-05
276 -2.9980437686412217e-05
277 -3.0198773476569643e-05
278 -3.030228735371885e-05
279 -3.0113778498698924e-05
280 -2.9978629193708047e-05
281 -3.051769809221668e-05
282 -3.057696466279546e-05
283 -2.9267074966618714e-05
284 -3.078271914140466e-05
285 -2.947053664654701e-05
286 -3.012455923427729e-05
287 -3.005388118062679e-05
288 -3.0050206871978243e-05
289 -2.9780452308689393e-05
290 -2.910754441851416e-05
291 -2.9652946838071916e-05
292 -3.084219114046719e-05
293 -2.9844998010199775e-05
294 -2.951429891846181e-05
295 -3.0667434290786394e-05
296 -2.984400761134691e-05
297 -2.9843313733836848e-05
298 -2.9528283726467074e-05
299 -2.930894159325559e-05
