0 2.0344769447865117e-05
1 2.158307165212494e-05
2 2.0738547507164423e-05
3 2.0443325582109295e-05
4 2.089325491478268e-05
5 2.0485367191523218e-05
6 2.1105648313651863e-05
7 2.0857492084672245e-05
8 2.0891479057237425e-05
9 2.0845852547930945e-05
10 2.09843116751114e-05
11 2.0453006730846402e-05
12 2.1325100274129274e-05
13 2.0413124284180023e-05
14 2.072825330685309e-05
15 2.1376910333101625e-05
16 2.0672894840137784e-05
17 2.060372714316912e-05
18 2.1557224331700497e-05
19 2.0740261234224043e-05
20 2.096758883568046e-05
21 2.0990059020756195e-05
22 2.066162790436653e-05
23 2.0322344535710867e-05
24 2.0728422583043335e-05
25 2.0618804905929182e-05
26 2.0929400112711337e-05
27 2.107345139613154e-05
28 2.0992642648963337e-05
29 2.0465780033326845e-05
30 2.0676031377535756e-05
31 2.1339978208769964e-05
32 2.089667329353782e-05
33 2.1617587239744872e-05
34 2.0532173985922734e-05
35 2.0656973906444013e-05
36 2.1085667825306783e-05
37 2.0930781867110187e-05
38 2.0392886327899333e-05
39 2.0099430567022125e-05
40 2.0145185467410606e-05
41 2.1385371569097596e-05
42 2.0113924049766587e-05
43 2.106214396833812e-05
44 2.0179725127180575e-05
45 2.086289340421706e-05
46 2.07023754426341e-05
47 2.0521826982403112e-05
48 2.1111415722382803e-05
49 2.064933249270495e-05
50 2.096872857279628e-05
51 2.1152095110511254e-05
52 2.11681727959746e-05
53 2.078154823588951e-05
54 2.0936616642519233e-05
55 2.1475183148949535e-05
56 2.0255701362490493e-05
57 2.0615245230694392e-05
58 2.0866609515265933e-05
59 2.0749850677447498e-05
60 2.1015009006717248e-05
61 2.035743914407257e-05
62 2.0087201005461295e-05
63 2.0924785076797366e-05
64 2.0527554773209768e-05
65 2.1054624292926323e-05
66 2.0936868503057965e-05
67 2.0981626490197923e-05
68 2.0877206246654602e-05
69 2.0845307447360882e-05
70 2.0852004731950715e-05
71 2.0526546159401802e-05
72 2.083243154505172e-05
73 2.1148033421313983e-05
74 2.0368748016034332e-05
75 2.0804879810881473e-05
76 2.0540627114919167e-05
77 2.0638626654877198e-05
78 2.048833663482298e-05
79 2.086635579632707e-05
80 2.086732565303803e-05
81 2.088643898312424e-05
82 2.0688161208231818e-05
83 2.0940722062573916e-05
84 2.0380687915985926e-05
85 2.0927407905996786e-05
86 2.104628248791953e-05
87 2.1145433294745832e-05
88 2.071666456126789e-05
89 2.097244163210474e-05
90 2.0868559843691893e-05
91 2.0453024543192842e-05
92 2.0779835540057263e-05
93 2.1035620318743503e-05
94 2.0872539147183268e-05
95 2.088841926853978e-05
96 2.05410461563854e-05
97 1.98167433685811e-05
98 2.0596240616144865e-05
99 2.0627105129233092e-05
100 2.0605206759123155e-05
101 2.0554983281154232e-05
102 2.1008357810231754e-05
103 2.043420202845046e-05
104 2.12442614108091e-05
105 2.0673284288177048e-05
106 2.0285247461300064e-05
107 2.0942473117486764e-05
108 2.063437584949859e-05
109 2.0464509639644006e-05
110 2.1022709399578915e-05
111 2.1059726665170588e-05
112 2.0887205720054268e-05
113 2.079043647803587e-05
114 2.063995645354408e-05
115 2.1074654876695022e-05
116 1.9852012240007116e-05
117 2.100787129680107e-05
118 2.0483338441166548e-05
119 2.10603376146994e-05
120 2.0739121533109093e-05
121 2.128955263055862e-05
122 2.055720792620639e-05
123 2.1121041679723173e-05
124 2.094794733288818e-05
125 2.0822033332358e-05
126 2.0616147734387e-05
127 2.10354331374951e-05
128 2.1325501405866483e-05
129 2.075371575865765e-05
130 2.046937764113769e-05
131 2.0834352148746053e-05
132 2.0467745411530012e-05
133 2.0183288225589652e-05
134 2.067876984484858e-05
135 2.1150285641820763e-05
136 2.0810523214110765e-05
137 2.0228166779107086e-05
138 2.0735246822232497e-05
139 2.0951253815775292e-05
140 2.0212244369590307e-05
141 2.0934821277979685e-05
142 2.0850715638873792e-05
143 2.0700756577398823e-05
144 2.103685466072818e-05
145 2.039299894954029e-05
146 2.04035372434486e-05
147 2.0656549444519247e-05
148 2.1397711885836384e-05
149 2.125054915198467e-05
150 2.067649406906445e-05
151 2.0111302638817304e-05
152 2.0537742081655768e-05
153 2.131041788318206e-05
154 2.037065834974181e-05
155 2.084314564365137e-05
156 2.1286514525792895e-05
157 2.042199089166405e-05
158 2.0952392502384925e-05
159 2.036182725196265e-05
160 2.0900942288532012e-05
161 2.1321596184941182e-05
162 2.1148722087708974e-05
163 2.0905859109720677e-05
164 2.060359365219973e-05
165 1.9823026246838053e-05
166 2.1323406403990724e-05
167 2.122309080632999e-05
168 2.0741883809533805e-05
169 2.099010141237243e-05
170 2.0751136026028828e-05
171 2.060128973762337e-05
172 2.08504691344857e-05
173 2.0682032869358598e-05
174 2.069920348169428e-05
175 2.119417855187027e-05
176 2.0235892810520693e-05
177 2.0981704424846712e-05
178 2.097873698652498e-05
179 1.994402248447685e-05
180 2.011038664963676e-05
181 2.0906538922901046e-05
182 2.0502377492768626e-05
183 2.0868320726083984e-05
184 2.0429292180646885e-05
185 2.1091515637039592e-05
186 2.0826044963764632e-05
187 2.039555181671533e-05
188 2.111018384619948e-05
189 2.0898042860970976e-05
190 2.1064291158085245e-05
191 2.0602195078563912e-05
192 2.1179514080663027e-05
193 2.103326402590269e-05
194 2.074716483938997e-05
195 2.0691631660247246e-05
196 2.1657352197167345e-05
197 2.0878188718094343e-05
198 2.0834479619394897e-05
199 1.9975595889305474e-05
200 2.040373879900653e-05
201 2.020363852214547e-05
202 2.1210286931911738e-05
203 2.1246937734145982e-05
204 2.0457789851462034e-05
205 2.0553064562749106e-05
206 2.0825384959343033e-05
207 2.0125426850908167e-05
208 2.0722736138600746e-05
209 2.0750912847517204e-05
210 2.0380632261248383e-05
211 2.1657702802398627e-05
212 2.0960083439768837e-05
213 2.046184723186771e-05
214 2.0324221309135515e-05
215 2.0139041429923556e-05
216 2.0818868874785593e-05
217 1.9769779675027594e-05
218 2.1265825075061065e-05
219 2.0850691524723506e-05
220 2.070177531261033e-05
221 2.0673651835232502e-05
222 2.05990313337882e-05
223 2.0588488560880896e-05
224 2.0507223667031435e-05
225 2.04671113889345e-05
226 2.1252414562890394e-05
227 2.1144761785141904e-05
228 2.0355556840961908e-05
229 2.0932860208439966e-05
230 2.108027991777637e-05
231 2.1239277770174162e-05
232 2.060237482344789e-05
233 2.1075789230611407e-05
234 2.1320579701263696e-05
235 2.0505131685421473e-05
236 2.0791560475551042e-05
237 2.09064114393901e-05
238 2.0943122618650496e-05
239 2.1082394029073647e-05
240 2.1490003145261116e-05
241 2.150047423154028e-05
242 2.1080888103020918e-05
243 2.0902239828690077e-05
244 2.0684346326065615e-05
245 2.1296508735152845e-05
246 2.070016570091948e-05
247 2.0183484256383304e-05
248 2.087681706846298e-05
249 2.0528063378696087e-05
250 2.0626560138748443e-05
251 2.04494869568372e-05
252 2.1222774174356703e-05
253 2.085922814738172e-05
254 2.0571452980427873e-05
255 2.0322209991309883e-05
256 2.0860221383009286e-05
257 2.0419927526049488e-05
258 2.0800634953191748e-05
259 2.0675243078814124e-05
260 2.115812384426919e-05
261 2.072748647804479e-05
262 2.0413356693980033e-05
263 2.066028776378755e-05
264 2.0302111761622587e-05
265 2.048491760205452e-05
266 2.1082578271780814e-05
267 2.065230193417678e-05
268 2.0667708144123148e-05
269 2.0752926611237474e-05
270 2.1050379348018435e-05
271 2.124980654380964e-05
272 2.0892783177220222e-05
273 2.0854022669069594e-05
274 2.084602215317834e-05
275 2.063223484690947e-05
276 2.0732660294185797e-05
277 2.102797378337385e-05
278 2.08004886176447e-05
279 2.0756699158416806e-05
280 2.090708936380534e-05
281 2.0416421709659454e-05
282 2.0084218659846776e-05
283 2.1277519394477754e-05
284 2.0092337002489513e-05
285 2.100585083710601e-05
286 2.0335232414265833e-05
287 2.0796644864160625e-05
288 2.0405609126196245e-05
289 2.0309458780659674e-05
290 2.108118597796299e-05
291 2.042334886527949e-05
292 2.0021455871128417e-05
293 2.093385935454266e-05
294 2.126317928779277e-05
295 2.0625862603995035e-05
296 2.079687173005085e-05
297 2.055818180892542e-05
298 2.070988476393416e-05
299 2.1057468321672842e-05
