0 -7.43597786694664e-06
1 -6.301334117586443e-06
2 -7.2087935459421015e-06
3 -7.444024536410756e-06
4 -6.740312487869356e-06
5 -7.204495288696565e-06
6 -6.70812821652848e-06
7 -6.949983877618903e-06
8 -6.929700117674411e-06
9 -6.908624173546623e-06
10 -6.882058232640447e-06
11 -7.143165006037223e-06
12 -6.651884179133982e-06
13 -7.394942210977821e-06
14 -7.525492942890561e-06
15 -6.580129449550113e-06
16 -7.093026670640403e-06
17 -7.057334600525136e-06
18 -6.397909209733395e-06
19 -6.766872540703647e-06
20 -6.9295754981686624e-06
21 -6.682401167414953e-06
22 -7.262861805574867e-06
23 -7.547839580671217e-06
24 -7.27708178496336e-06
25 -7.235077912453466e-06
26 -6.7165438592046634e-06
27 -7.025685034016571e-06
28 -7.157805935958543e-06
29 -7.418072256668259e-06
30 -7.1005859199998645e-06
31 -6.8518791344283584e-06
32 -7.121769454307312e-06
33 -6.20777858648004e-06
34 -7.2148974739715356e-06
35 -6.849421328435036e-06
36 -6.7623227397021954e-06
37 -6.761567335394708e-06
38 -7.723737618785635e-06
39 -7.753413487071522e-06
40 -7.856733560867395e-06
41 -6.437697296108614e-06
42 -7.485242787072221e-06
43 -6.722360051793083e-06
44 -7.342670708346683e-06
45 -6.973955883123388e-06
46 -7.3108232352539626e-06
47 -7.292388927175642e-06
48 -6.499202608054598e-06
49 -7.250061129998007e-06
50 -6.700918321720484e-06
51 -6.786346850585837e-06
52 -6.260233019206713e-06
53 -6.822758846505577e-06
54 -7.0811830922415985e-06
55 -6.463125389672392e-06
56 -7.660736351166791e-06
57 -7.3642732820355925e-06
58 -6.769634773478971e-06
59 -7.014569892014517e-06
60 -7.124014453867154e-06
61 -7.811147131397537e-06
62 -7.767264504107011e-06
63 -6.7351816583964145e-06
64 -6.952697435282191e-06
65 -6.4853896720007916e-06
66 -6.905362898741429e-06
67 -7.171972369588271e-06
68 -7.166139213087103e-06
69 -7.067329456268152e-06
70 -7.037733040178887e-06
71 -7.353615431348046e-06
72 -6.816533349461572e-06
73 -6.638828707989554e-06
74 -7.73393282888814e-06
75 -7.023531706204638e-06
76 -7.278394310143294e-06
77 -6.735256375587359e-06
78 -7.304134859035524e-06
79 -7.0603792237907145e-06
80 -6.873828929684318e-06
81 -6.71613856682972e-06
82 -7.251984330953526e-06
83 -6.768432746546125e-06
84 -7.5874930432589465e-06
85 -6.92312603048926e-06
86 -6.571491697416367e-06
87 -6.67397326177362e-06
88 -6.8523961176277006e-06
89 -6.532260698664825e-06
90 -6.96121663348732e-06
91 -7.102271241905278e-06
92 -7.012343892399747e-06
93 -6.479867753474272e-06
94 -6.792113345610477e-06
95 -7.015854973329577e-06
96 -7.311111951028361e-06
97 -7.941490345795722e-06
98 -7.434509021465651e-06
99 -7.56404661576493e-06
100 -7.613541860602228e-06
101 -7.452114308779007e-06
102 -7.086233024586503e-06
103 -7.320346807940439e-06
104 -6.616476365394193e-06
105 -7.095329621651494e-06
106 -7.586263853793855e-06
107 -7.006824981519887e-06
108 -7.155872510295636e-06
109 -7.227610324924614e-06
110 -6.768988735355807e-06
111 -6.999328664312521e-06
112 -6.877854433054679e-06
113 -7.388567216552687e-06
114 -7.513503863325334e-06
115 -6.762810398591034e-06
116 -8.313422529177485e-06
117 -6.537834064080893e-06
118 -6.933465431832892e-06
119 -6.378930698358122e-06
120 -7.214035137861418e-06
121 -6.1462429337814695e-06
122 -7.379737415358006e-06
123 -6.949931539257941e-06
124 -6.941203815080569e-06
125 -7.038458918434365e-06
126 -6.939217981776785e-06
127 -6.334714602292723e-06
128 -6.395178089989706e-06
129 -6.999746109176387e-06
130 -7.2853574336234576e-06
131 -6.970699642339874e-06
132 -7.369459832638198e-06
133 -7.874015518190268e-06
134 -7.413771685334024e-06
135 -6.740692055895466e-06
136 -6.9213609572132745e-06
137 -7.7280855217886e-06
138 -7.253400542663004e-06
139 -6.428520434647869e-06
140 -7.884509546748722e-06
141 -7.096400473635032e-06
142 -6.854359516925986e-06
143 -7.010667669993245e-06
144 -6.803906238139555e-06
145 -7.205944517524872e-06
146 -7.606894185375963e-06
147 -7.360671717848233e-06
148 -6.28955834878609e-06
149 -6.655309429767639e-06
150 -7.361452222810211e-06
151 -7.97257786828935e-06
152 -7.618955181413076e-06
153 -6.525357839571242e-06
154 -7.506945412832941e-06
155 -6.967890793741463e-06
156 -6.795218601211913e-06
157 -7.171171664703335e-06
158 -7.039847429744284e-06
159 -7.590694572936896e-06
160 -7.0153484029260285e-06
161 -6.272031136207094e-06
162 -6.252157758045494e-06
163 -6.663467093967955e-06
164 -7.553741580367999e-06
165 -7.850223259962348e-06
166 -6.626396433316512e-06
167 -6.415307790688615e-06
168 -6.977492899849419e-06
169 -7.0423025275824265e-06
170 -7.314504798778613e-06
171 -7.274755253151131e-06
172 -6.961835259831456e-06
173 -7.1662935233235765e-06
174 -7.1834787656216035e-06
175 -6.824939939265342e-06
176 -7.871739739636062e-06
177 -6.616990419432257e-06
178 -6.6922229453705885e-06
179 -8.212281051398167e-06
180 -7.915521745193063e-06
181 -6.792800387567157e-06
182 -7.250182023862435e-06
183 -6.722191129879934e-06
184 -7.396259752323305e-06
185 -6.946835147809303e-06
186 -7.40327252837379e-06
187 -7.529923626636879e-06
188 -6.6241194851886885e-06
189 -6.995056426154504e-06
190 -6.553465780316481e-06
191 -7.414965984554628e-06
192 -6.779325225887129e-06
193 -6.810936930256529e-06
194 -7.1311735792202756e-06
195 -7.161663474540564e-06
196 -6.075504929458132e-06
197 -7.052784558097837e-06
198 -7.169551683638325e-06
199 -7.978707708257054e-06
200 -7.55880394457448e-06
201 -7.725192331242071e-06
202 -6.727346607419787e-06
203 -6.798223675775788e-06
204 -7.649541615029526e-06
205 -7.459105122293282e-06
206 -7.059218781172249e-06
207 -7.668487294797717e-06
208 -7.594183752782565e-06
209 -7.005213845430464e-06
210 -7.310198255486372e-06
211 -6.341863505419756e-06
212 -7.132004268999307e-06
213 -7.5672866225062635e-06
214 -7.751531875803626e-06
215 -7.65806127051151e-06
216 -7.06612851422356e-06
217 -7.92817577490682e-06
218 -6.416876665130294e-06
219 -7.337020357145924e-06
220 -7.102721759410741e-06
221 -7.329629549609557e-06
222 -7.133933567308223e-06
223 -7.190797841310374e-06
224 -7.347410188605102e-06
225 -7.236638995606649e-06
226 -6.878960677575337e-06
227 -6.668115654802737e-06
228 -7.488935158682289e-06
229 -6.976967479009274e-06
230 -6.671556849130839e-06
231 -6.733436634402166e-06
232 -7.1717661304933995e-06
233 -6.700533757789099e-06
234 -6.639453294032991e-06
235 -7.450142032556894e-06
236 -7.211757295115193e-06
237 -7.048080284708145e-06
238 -6.769552303844934e-06
239 -6.9019385416182535e-06
240 -6.6474004942508145e-06
241 -6.065717255866039e-06
242 -6.8464248005065185e-06
243 -7.3272553931084604e-06
244 -7.413254228030439e-06
245 -6.108708545706782e-06
246 -7.1046056420611495e-06
247 -7.809866315504367e-06
248 -7.326779458444738e-06
249 -7.379046124334686e-06
250 -6.8282967682594916e-06
251 -7.134681095955367e-06
252 -6.618193357394833e-06
253 -7.150268484242868e-06
254 -7.513487326794794e-06
255 -7.407559209082965e-06
256 -7.343633047809704e-06
257 -7.317957920992957e-06
258 -7.039824305361852e-06
259 -7.452579181034244e-06
260 -6.497210891137409e-06
261 -6.810455646352913e-06
262 -7.678370201202353e-06
263 -7.435079184712205e-06
264 -7.464260481351198e-06
265 -7.437370040500318e-06
266 -6.440320830923854e-06
267 -7.217176055560565e-06
268 -7.154625824352309e-06
269 -7.058154765662371e-06
270 -6.972474531242201e-06
271 -6.371508496083068e-06
272 -6.821788985776412e-06
273 -7.132582048552584e-06
274 -6.959736706813366e-06
275 -7.203716416826758e-06
276 -7.095414585272498e-06
277 -7.054884128936759e-06
278 -7.254549350495625e-06
279 -7.146274105124654e-06
280 -7.001281890989923e-06
281 -7.554296224423148e-06
282 -7.872022803300152e-06
283 -6.269261736564449e-06
284 -7.952627391699056e-06
285 -6.627250496460287e-06
286 -7.381247803740195e-06
287 -7.118734670352275e-06
288 -7.371811875989951e-06
289 -7.29624515922796e-06
290 -6.4045188603819675e-06
291 -7.099010078572337e-06
292 -8.033892106000474e-06
293 -6.910098121583461e-06
294 -6.530103410557845e-06
295 -7.523156031773259e-06
296 -6.968705633384524e-06
297 -7.179333411218475e-06
298 -6.8824467878383694e-06
299 -6.563527901389678e-06
