0 -9.274012475142919e-06
1 -8.787994629056369e-06
2 -9.039419409802096e-06
3 -8.893099611189624e-06
4 -8.835330673293586e-06
5 -9.254379085806769e-06
6 -8.994105060032879e-06
7 -9.135708003838286e-06
8 -9.031064789725375e-06
9 -8.695020595700916e-06
10 -9.221272654177272e-06
11 -9.147890281190028e-06
12 -9.05003492993403e-06
13 -8.819398786539662e-06
14 -8.739123485816501e-06
15 -8.99002579426778e-06
16 -9.111788373953339e-06
17 -9.152039643629206e-06
18 -8.803695344376774e-06
19 -8.919364341901206e-06
20 -8.865085122678695e-06
21 -9.176125726217585e-06
22 -9.132102079526078e-06
23 -8.894232319842171e-06
24 -9.043518916077149e-06
25 -9.21189725970987e-06
26 -8.871813503706454e-06
27 -9.007150253663307e-06
28 -9.062740049687512e-06
29 -9.00172794139818e-06
30 -8.96828617082841e-06
31 -9.118747843375195e-06
32 -9.019156249507188e-06
33 -8.90960698304226e-06
34 -9.049016115441448e-06
35 -8.859684161686073e-06
36 -9.071505294563043e-06
37 -8.925643953592064e-06
38 -8.766367459800935e-06
39 -9.18650241101605e-06
40 -9.044045506571788e-06
41 -9.085699575108421e-06
42 -9.007979072953884e-06
43 -9.52718583122721e-06
44 -9.224492415187203e-06
45 -8.9899109399423e-06
46 -8.860812653307167e-06
47 -8.81162304944786e-06
48 -8.91444351467687e-06
49 -9.00182691727303e-06
50 -9.046908123360652e-06
51 -8.593467099837308e-06
52 -9.040954391455358e-06
53 -9.036038132894282e-06
54 -9.078064302719531e-06
55 -8.880043825674792e-06
56 -9.132503824643741e-06
57 -9.189801260671397e-06
58 -8.936461605721397e-06
59 -9.104292057558977e-06
60 -9.164020802819513e-06
61 -9.216308069584961e-06
62 -9.223129270211714e-06
63 -9.117716084671154e-06
64 -8.961624557713563e-06
65 -8.693144973266976e-06
66 -8.843687168985115e-06
67 -9.225732130395731e-06
68 -9.057701018344297e-06
69 -9.304659986218438e-06
70 -8.932894648115692e-06
71 -8.712829251588604e-06
72 -9.02712894764574e-06
73 -8.906425353188073e-06
74 -8.981574964607757e-06
75 -8.849690849099086e-06
76 -8.946480532954398e-06
77 -8.985716697314151e-06
78 -9.081763399870025e-06
79 -8.668926159992927e-06
80 -9.046503140095574e-06
81 -9.156513006604579e-06
82 -8.62922361900569e-06
83 -8.970518950703879e-06
84 -8.635584320844642e-06
85 -8.953297300529283e-06
86 -8.582589118331651e-06
87 -8.890878595085536e-06
88 -8.837190229384557e-06
89 -8.743844466974684e-06
90 -8.918726755304926e-06
91 -8.905625474683547e-06
92 -9.172951812419584e-06
93 -9.208356668116664e-06
94 -8.947404452276782e-06
95 -9.007676777705014e-06
96 -8.944370385618642e-06
97 -8.74564367715262e-06
98 -9.078328066422434e-06
99 -9.054468483672435e-06
100 -9.156184295479266e-06
101 -9.527586307510909e-06
102 -8.869452102370312e-06
103 -8.985912676143282e-06
104 -9.626913709491896e-06
105 -8.993717141228946e-06
106 -8.911812554671465e-06
107 -8.929980197518278e-06
108 -9.20002725754646e-06
109 -8.905512697129728e-06
110 -9.002451986504472e-06
111 -9.196829036766675e-06
112 -8.91272863731938e-06
113 -9.456619335516405e-06
114 -9.038003120116892e-06
115 -8.848587205439393e-06
116 -9.151542034378083e-06
117 -9.08723964367607e-06
118 -8.94100573724064e-06
119 -8.72308759314137e-06
120 -8.921765812443375e-06
121 -9.196855014168275e-06
122 -8.540149125221975e-06
123 -9.009749740113917e-06
124 -8.725702022486284e-06
125 -9.328063707087804e-06
126 -9.25437303754037e-06
127 -8.939437641868746e-06
128 -8.952652445576642e-06
129 -9.082044767150906e-06
130 -9.113830131475728e-06
131 -9.038210470112095e-06
132 -8.759112958803719e-06
133 -9.04517384780124e-06
134 -8.969456271798169e-06
135 -8.842624453389455e-06
136 -9.000772347555147e-06
137 -9.118127031043485e-06
138 -8.905921445855205e-06
139 -9.076214880580161e-06
140 -8.92833065060795e-06
141 -9.114724745593672e-06
142 -8.961888582345065e-06
143 -9.142806871180423e-06
144 -9.1303937496386e-06
145 -9.161959326536716e-06
146 -8.993811443582691e-06
147 -8.57180806449962e-06
148 -8.933615961225138e-06
149 -8.681091758088582e-06
150 -8.891934869350385e-06
151 -8.815104191220567e-06
152 -8.807487773263622e-06
153 -9.164529524520886e-06
154 -8.910716812027852e-06
155 -8.838146251426662e-06
156 -8.966099135281871e-06
157 -8.866118480611843e-06
158 -9.009501137997588e-06
159 -8.667811350625955e-06
160 -9.193757396914017e-06
161 -9.330510326962746e-06
162 -8.90586301056997e-06
163 -9.187613405480785e-06
164 -9.170212867525585e-06
165 -8.890577262698322e-06
166 -9.15294978802938e-06
167 -9.08334723085886e-06
168 -8.860402903211817e-06
169 -8.891263939636721e-06
170 -9.045254444737897e-06
171 -9.047103226722717e-06
172 -9.267875520246394e-06
173 -9.047954020034125e-06
174 -9.051133575357567e-06
175 -9.013936232259746e-06
176 -8.995899590982853e-06
177 -8.897993561632912e-06
178 -8.811322784850817e-06
179 -8.956782670889601e-06
180 -8.925680076326176e-06
181 -9.03933520333721e-06
182 -9.014240255248124e-06
183 -8.982825378941094e-06
184 -9.339081918415886e-06
185 -8.613335053396881e-06
186 -8.89797151010261e-06
187 -8.859214221088655e-06
188 -9.13129250828316e-06
189 -8.85836003648098e-06
190 -8.975728325039594e-06
191 -8.8920911251715e-06
192 -8.974334164149103e-06
193 -9.065689580038044e-06
194 -8.82850777300796e-06
195 -8.759142821515321e-06
196 -8.810508789000094e-06
197 -8.759085393803735e-06
198 -9.135052264080968e-06
199 -9.100589758916085e-06
200 -8.78626611913738e-06
201 -9.296987293853494e-06
202 -9.12188033361017e-06
203 -8.93111359202926e-06
204 -8.961593798260358e-06
205 -9.147234144804996e-06
206 -8.770490035643788e-06
207 -8.94173585373418e-06
208 -8.825916823573348e-06
209 -8.85308953855474e-06
210 -8.820103790907323e-06
211 -9.17209280887565e-06
212 -9.014043539636364e-06
213 -8.881791528469997e-06
214 -9.016380830084414e-06
215 -9.174693017112096e-06
216 -8.667973547961199e-06
217 -8.932984474038374e-06
218 -8.804977164213136e-06
219 -8.866650978854853e-06
220 -8.899582342108172e-06
221 -8.78238618823829e-06
222 -8.981134254930594e-06
223 -9.018877834129284e-06
224 -8.759492698227935e-06
225 -8.823971258060193e-06
226 -8.825746134115207e-06
227 -8.915912478419206e-06
228 -9.233821663666708e-06
229 -8.64946658740993e-06
230 -8.697582779269241e-06
231 -8.82327627669096e-06
232 -9.005264140347018e-06
233 -8.904951684752801e-06
234 -9.207225438907888e-06
235 -8.912574525608051e-06
236 -8.966912510505382e-06
237 -8.608724041065928e-06
238 -9.01288233979305e-06
239 -9.223542846104747e-06
240 -8.879693821327159e-06
241 -8.854657574233214e-06
242 -8.885482676001644e-06
243 -8.974121393632894e-06
244 -9.045301749085017e-06
245 -8.835225202661672e-06
246 -8.914086921790244e-06
247 -9.08158594669419e-06
248 -9.192740548379042e-06
249 -8.68765893567917e-06
250 -9.18339911966818e-06
251 -9.293441178304967e-06
252 -9.160518291253792e-06
253 -8.929334078454608e-06
254 -8.895136178581668e-06
255 -8.906578915493071e-06
256 -9.049040571512185e-06
257 -8.87491007960703e-06
258 -9.126476062591378e-06
259 -8.934449648322971e-06
260 -8.862083967517434e-06
261 -8.857891023808806e-06
262 -8.955639753046215e-06
263 -8.835269347520098e-06
264 -8.855777666468697e-06
265 -9.063237270519483e-06
266 -9.056661531150798e-06
267 -8.806916535970357e-06
268 -9.395630183118622e-06
269 -8.590348388813076e-06
270 -8.779366371683608e-06
271 -9.050297732821416e-06
272 -8.8049019772941e-06
273 -9.002751398384844e-06
274 -9.061391969939215e-06
275 -9.131522929409633e-06
276 -8.648706202504023e-06
277 -9.084835415073741e-06
278 -8.969635567987355e-06
279 -8.926892188079697e-06
280 -9.07225828173936e-06
281 -8.919772639131466e-06
282 -9.129954507454853e-06
283 -8.850958311638367e-06
284 -8.968796843332584e-06
285 -8.937484972458037e-06
286 -8.798819196434501e-06
287 -8.834956517674496e-06
288 -8.528563156971699e-06
289 -8.652282505551824e-06
290 -8.642177388100553e-06
291 -9.031392937850398e-06
292 -8.974275834535953e-06
293 -8.717631112039407e-06
294 -9.004064448238716e-06
295 -8.76474728177426e-06
296 -8.681265544311907e-06
297 -8.698229931755698e-06
298 -8.865186939531094e-06
299 -9.160162436277198e-06
