0 -6.864921126097592e-07
1 -7.887435465886209e-07
2 -7.344657697157766e-07
3 -6.779826875481785e-07
4 -7.402426244392437e-07
5 -7.115172083693473e-07
6 -7.33450121243213e-07
7 -6.814684120546501e-07
8 -7.341408536853131e-07
9 -7.088060361803487e-07
10 -7.30855965484849e-07
11 -7.281561763652719e-07
12 -7.135289488880634e-07
13 -6.769884236773339e-07
14 -6.943148822605759e-07
15 -6.90865261931445e-07
16 -7.322997510786703e-07
17 -6.808459768929405e-07
18 -7.00705442731563e-07
19 -7.330858627518712e-07
20 -6.968026577317085e-07
21 -7.428357475426973e-07
22 -6.971796242240726e-07
23 -6.908562026379523e-07
24 -7.134344908511424e-07
25 -7.261425124168029e-07
26 -7.229909368353707e-07
27 -7.153574796108419e-07
28 -7.011609454612145e-07
29 -7.294265282498189e-07
30 -6.696978674786645e-07
31 -7.051812358146093e-07
32 -7.168022310832908e-07
33 -7.181864771371126e-07
34 -6.878795890959188e-07
35 -7.470677394390753e-07
36 -7.08275712705589e-07
37 -7.666740004536213e-07
38 -7.303644936207347e-07
39 -7.348038457538427e-07
40 -7.276279663777741e-07
41 -6.947845512603429e-07
42 -6.859653742069759e-07
43 -7.376354783449458e-07
44 -7.220586754837158e-07
45 -6.808299878917241e-07
46 -7.420586825083764e-07
47 -6.938136948823502e-07
48 -7.380549916403782e-07
49 -6.957525971304889e-07
50 -7.566149317758658e-07
51 -7.113597278549404e-07
52 -6.868705935776307e-07
53 -7.054051784010166e-07
54 -6.867311005648985e-07
55 -7.003549283555909e-07
56 -6.957771452813192e-07
57 -7.327014803617367e-07
58 -7.183717919143777e-07
59 -6.762917473184237e-07
60 -7.239880570588829e-07
61 -6.750225854680323e-07
62 -6.440061244034051e-07
63 -6.866826917728432e-07
64 -7.309048645655335e-07
65 -7.137041792325355e-07
66 -7.009207706905332e-07
67 -7.537706827431721e-07
68 -7.634259752357182e-07
69 -6.945478650659816e-07
70 -6.994567254292869e-07
71 -7.624839647305146e-07
72 -7.341351168900018e-07
73 -6.905910518103225e-07
74 -6.858127067862193e-07
75 -7.58213823578796e-07
76 -7.147683026080403e-07
77 -7.701707614817018e-07
78 -7.353589347347398e-07
79 -7.488119489644965e-07
80 -7.562221791259808e-07
81 -6.99897347780819e-07
82 -7.020933518006094e-07
83 -7.362808815776317e-07
84 -6.942152474695823e-07
85 -7.092816366601712e-07
86 -7.256448725437743e-07
87 -6.798124211430765e-07
88 -6.844721788927286e-07
89 -7.498761380718479e-07
90 -7.042646993362276e-07
91 -6.975121380068371e-07
92 -6.987580373574132e-07
93 -6.884663699044314e-07
94 -7.509534576564016e-07
95 -7.051229807689311e-07
96 -6.479174443891284e-07
97 -7.289474911365386e-07
98 -6.983511568333812e-07
99 -7.279685017579102e-07
100 -7.138832874040932e-07
101 -6.983656325242409e-07
102 -7.055193106411297e-07
103 -7.367670598659954e-07
104 -6.773853864793972e-07
105 -7.082994535140849e-07
106 -7.011333600596038e-07
107 -7.406776907630999e-07
108 -7.299535993552211e-07
109 -6.81277467631568e-07
110 -7.290397376050817e-07
111 -7.089317293192658e-07
112 -6.901986478129161e-07
113 -6.55622791225108e-07
114 -7.19428689691704e-07
115 -6.975879664649245e-07
116 -7.062789896053299e-07
117 -6.878479465303559e-07
118 -7.036754807309121e-07
119 -7.000036397944643e-07
120 -7.025316449633134e-07
121 -6.901067257098799e-07
122 -7.064000413904319e-07
123 -7.462651583247997e-07
124 -7.098973843659632e-07
125 -7.001779355018502e-07
126 -6.702804580094488e-07
127 -6.84768590229961e-07
128 -7.222102557198609e-07
129 -7.103993054928307e-07
130 -7.064351687587227e-07
131 -6.899256604672043e-07
132 -7.059054031702993e-07
133 -6.812546102116438e-07
134 -7.300188811926336e-07
135 -6.927776629795844e-07
136 -7.194235434951759e-07
137 -6.905662062579554e-07
138 -7.144349387609627e-07
139 -7.142490194005619e-07
140 -7.030865563459797e-07
141 -7.113645851879605e-07
142 -7.422630112924296e-07
143 -6.702115074878493e-07
144 -7.12404413756127e-07
145 -6.36203756057786e-07
146 -7.060274794493684e-07
147 -7.169752534093322e-07
148 -7.013830291009059e-07
149 -6.931594008799586e-07
150 -7.101076715816749e-07
151 -7.502523385522735e-07
152 -7.455613764160884e-07
153 -7.090990661240111e-07
154 -7.110922613197191e-07
155 -7.248943578827604e-07
156 -7.104462490458525e-07
157 -6.765070188824197e-07
158 -6.917146234898615e-07
159 -7.03469223662869e-07
160 -6.505224447402847e-07
161 -6.83306283992421e-07
162 -7.036483739622426e-07
163 -7.312063496708199e-07
164 -7.519760357765269e-07
165 -6.913310322354054e-07
166 -6.895193130325174e-07
167 -7.18946473756739e-07
168 -7.163637283850564e-07
169 -7.304563913356525e-07
170 -7.004825503154689e-07
171 -7.395020727035291e-07
172 -6.943275820475075e-07
173 -6.619729990409099e-07
174 -7.096602164606958e-07
175 -7.300347205844628e-07
176 -6.796172452816742e-07
177 -6.904412261822242e-07
178 -7.320055020026551e-07
179 -7.163983372841467e-07
180 -7.167259921925428e-07
181 -6.907756870791278e-07
182 -7.04394413674177e-07
183 -6.767583221753225e-07
184 -6.471267564390239e-07
185 -7.233547677478145e-07
186 -7.238206507902471e-07
187 -7.047470355714128e-07
188 -7.060770410417637e-07
189 -6.806315748546014e-07
190 -7.034865931284416e-07
191 -7.270054799173788e-07
192 -6.567804854374155e-07
193 -7.049081729957791e-07
194 -7.325683509484145e-07
195 -7.11281318793761e-07
196 -7.305378250849724e-07
197 -7.083574547288946e-07
198 -7.240317723185597e-07
199 -6.972091071207956e-07
200 -6.730932079160482e-07
201 -6.8698502267723e-07
202 -6.831353990778492e-07
203 -6.516881422200274e-07
204 -7.045599193232907e-07
205 -6.895361639153388e-07
206 -7.519665100881654e-07
207 -7.186216562045199e-07
208 -6.991809581736213e-07
209 -6.774653997412635e-07
210 -7.086645682424243e-07
211 -6.618803048852323e-07
212 -6.828451969862808e-07
213 -7.203786037879425e-07
214 -7.437513054444731e-07
215 -7.001303656472477e-07
216 -6.628916750848234e-07
217 -7.361148623930003e-07
218 -6.813100799756881e-07
219 -7.258740214186694e-07
220 -7.259622790214626e-07
221 -6.919835021075343e-07
222 -6.756847062423741e-07
223 -7.194993187687825e-07
224 -7.186421761899399e-07
225 -7.45804886422712e-07
226 -7.492946512038258e-07
227 -6.929225057919685e-07
228 -6.82895026107618e-07
229 -7.604715925974102e-07
230 -7.3619625310291e-07
231 -7.083212177261071e-07
232 -6.669118512869611e-07
233 -7.174473333670757e-07
234 -7.179716855216253e-07
235 -6.963567641707593e-07
236 -6.780793842514135e-07
237 -7.13966086546363e-07
238 -7.2475526818673e-07
239 -6.718644511607984e-07
240 -7.2129866893075e-07
241 -7.185648513651899e-07
242 -7.006137694238316e-07
243 -7.210269171696654e-07
244 -7.244964864284039e-07
245 -7.102964722701747e-07
246 -7.002690242961729e-07
247 -6.896343192872167e-07
248 -6.945183096330289e-07
249 -7.320073515546595e-07
250 -6.672537403317857e-07
251 -7.087519410860357e-07
252 -6.749585149059014e-07
253 -6.925520893101421e-07
254 -6.949211706596356e-07
255 -7.47609133042346e-07
256 -7.01207925764296e-07
257 -6.829803667447626e-07
258 -6.341986589756677e-07
259 -6.84077071898792e-07
260 -7.710195890048283e-07
261 -7.072329181237711e-07
262 -6.973102702632139e-07
263 -6.682733416572534e-07
264 -7.116317697166005e-07
265 -6.833340635472424e-07
266 -6.975319036355507e-07
267 -6.773580664194704e-07
268 -6.882162119789521e-07
269 -6.935769930464721e-07
270 -6.607216550206298e-07
271 -6.820758439315494e-07
272 -7.224265032310929e-07
273 -6.853057448239756e-07
274 -6.825053893270817e-07
275 -6.827277582080598e-07
276 -6.863367026522466e-07
277 -7.03600304845502e-07
278 -7.194108483384039e-07
279 -7.426124051101918e-07
280 -7.136070997683326e-07
281 -7.25091942383954e-07
282 -7.249646549768553e-07
283 -7.158905504176206e-07
284 -6.975791897105921e-07
285 -6.480266748785367e-07
286 -7.209212878921034e-07
287 -7.238846533682819e-07
288 -6.923617495753753e-07
289 -7.36410053384497e-07
290 -7.228874849992345e-07
291 -7.261136969230722e-07
292 -7.423380482845886e-07
293 -7.167968093843103e-07
294 -7.022159774878412e-07
295 -7.057652614470021e-07
296 -7.376746826824983e-07
297 -7.35617200749223e-07
298 -7.095495370962894e-07
299 -7.192193239710851e-07
