0 -7.196223847642275e-05
1 -7.291193449419659e-05
2 -7.080035792732008e-05
3 -6.928887322978737e-05
4 -7.106341722366699e-05
5 -7.272140847757178e-05
6 -7.290240241130542e-05
7 -7.458578514415807e-05
8 -7.361877556989171e-05
9 -7.392445610767911e-05
10 -7.029626324019802e-05
11 -7.143923680539343e-05
12 -7.1965811974998e-05
13 -7.453092619847397e-05
14 -7.315206701733194e-05
15 -7.317966176404997e-05
16 -7.625910836964036e-05
17 -7.306120484961184e-05
18 -7.529182654715482e-05
19 -7.162439195239019e-05
20 -7.167105422243721e-05
21 -6.927270333849526e-05
22 -7.41625379749839e-05
23 -7.402515062095466e-05
24 -7.386242396235533e-05
25 -7.04829544592738e-05
26 -7.27407412148188e-05
27 -7.248145054906552e-05
28 -7.293095614731412e-05
29 -7.245743244279337e-05
30 -7.298427447386596e-05
31 -7.643386786548476e-05
32 -7.129308322965571e-05
33 -7.397470689663317e-05
34 -7.354652827904244e-05
35 -7.413485056565908e-05
36 -7.33296648840803e-05
37 -7.189792721741163e-05
38 -7.135359658513915e-05
39 -7.107992498288273e-05
40 -7.134577432327819e-05
41 -7.149779132083565e-05
42 -7.661760550485021e-05
43 -7.301111561745997e-05
44 -7.676003351552124e-05
45 -7.44498272101438e-05
46 -7.26592714210689e-05
47 -7.149007798694341e-05
48 -7.126254473263053e-05
49 -7.09551250070708e-05
50 -7.309842768281296e-05
51 -7.416574892724039e-05
52 -7.225454350104151e-05
53 -7.402323558203609e-05
54 -7.09930186114839e-05
55 -7.38194263764679e-05
56 -7.326838380909456e-05
57 -7.377991365480954e-05
58 -7.36380838187507e-05
59 -7.119940404512786e-05
60 -7.273123824353749e-05
61 -7.0614590228509e-05
62 -7.30716480058185e-05
63 -7.376542615605907e-05
64 -7.253546735602422e-05
65 -7.178778661506769e-05
66 -7.245497430686409e-05
67 -7.252131130861568e-05
68 -7.451073807005778e-05
69 -7.09623585153293e-05
70 -7.321244526451798e-05
71 -7.347811476600839e-05
72 -7.196496554140971e-05
73 -7.235045663489825e-05
74 -7.166382468004528e-05
75 -7.153893332603121e-05
76 -7.417681386597608e-05
77 -7.246920211835782e-05
78 -7.217841703728491e-05
79 -7.146272888462478e-05
80 -7.309267194623193e-05
81 -7.31781045262801e-05
82 -7.444263621164756e-05
83 -7.310179825166907e-05
84 -7.20451081327599e-05
85 -7.176107525087397e-05
86 -7.159795479814272e-05
87 -7.132178227615929e-05
88 -7.251825166065058e-05
89 -7.1774269584453e-05
90 -7.07982639123055e-05
91 -6.988421049509227e-05
92 -7.499295944026361e-05
93 -7.16857391046942e-05
94 -7.327771128498417e-05
95 -7.439433632402605e-05
96 -7.502094670229563e-05
97 -7.215204647386596e-05
98 -7.235823947485078e-05
99 -7.28112929748853e-05
100 -7.468380947525785e-05
101 -7.459090825656691e-05
102 -7.238518558656443e-05
103 -7.22451087450649e-05
104 -7.499070613601114e-05
105 -7.167626581948301e-05
106 -7.236635719688868e-05
107 -7.105821978595916e-05
108 -7.50846894120074e-05
109 -7.43083765749492e-05
110 -7.263217696428301e-05
111 -7.438745645488267e-05
112 -7.272114206164759e-05
113 -7.357364553566871e-05
114 -7.181187327465498e-05
115 -7.154253866117185e-05
116 -7.466725187924807e-05
117 -7.36971853301795e-05
118 -7.009573633527647e-05
119 -7.147732352430334e-05
120 -7.398022759709359e-05
121 -7.263173517589629e-05
122 -7.326574720760744e-05
123 -7.385055913397292e-05
124 -7.025876171473983e-05
125 -7.3410368875566e-05
126 -7.314029161273038e-05
127 -7.328634542150726e-05
128 -7.229014131310121e-05
129 -7.003130158447904e-05
130 -7.397468720304406e-05
131 -7.336441257934948e-05
132 -7.213050670523317e-05
133 -7.480385091703946e-05
134 -7.299727098472628e-05
135 -7.342164978664168e-05
136 -6.945742225727347e-05
137 -7.449264381195883e-05
138 -7.194123439009877e-05
139 -7.313545812526061e-05
140 -7.214498416348505e-05
141 -7.199627114514043e-05
142 -7.446367442259617e-05
143 -7.209548860623585e-05
144 -7.380033354139857e-05
145 -7.436786640482369e-05
146 -7.507887085617263e-05
147 -7.143570192974067e-05
148 -7.314489546454665e-05
149 -7.292586554947119e-05
150 -7.122350704794563e-05
151 -7.282907629709394e-05
152 -7.074233370094545e-05
153 -7.173284635697095e-05
154 -7.438585048509098e-05
155 -6.937570698755699e-05
156 -7.257314254780087e-05
157 -7.24288810157776e-05
158 -7.363775089370805e-05
159 -7.437530200703797e-05
160 -7.580393555178587e-05
161 -7.328100639915022e-05
162 -7.16977666830183e-05
163 -7.275967517808527e-05
164 -7.316924134704457e-05
165 -7.446754197672664e-05
166 -7.478121115141231e-05
167 -7.212034349207325e-05
168 -7.145596900816602e-05
169 -7.495389686731284e-05
170 -7.54453224588289e-05
171 -7.315970193405347e-05
172 -7.330856331418169e-05
173 -7.280906889920865e-05
174 -7.33485260392348e-05
175 -7.254009513213449e-05
176 -7.24362808908424e-05
177 -7.234685238649352e-05
178 -7.313474965302345e-05
179 -7.071618351624306e-05
180 -7.173353869295992e-05
181 -7.380879303756602e-05
182 -7.432865044820135e-05
183 -7.455255215739235e-05
184 -7.228480813153397e-05
185 -7.263136901670752e-05
186 -7.029942721241983e-05
187 -7.461444845883828e-05
188 -7.57458972294388e-05
189 -7.148932936059807e-05
190 -7.532718948601869e-05
191 -7.273797374104478e-05
192 -7.350662537090726e-05
193 -6.953007288984369e-05
194 -7.229811675595604e-05
195 -7.219020177686804e-05
196 -7.022885396276216e-05
197 -7.133527743649588e-05
198 -7.360629365038389e-05
199 -7.36022474175969e-05
200 -7.379219941572168e-05
201 -7.192383569844844e-05
202 -7.110756396618263e-05
203 -7.274453486091705e-05
204 -7.159170769312411e-05
205 -7.19447583384426e-05
206 -7.071201499861687e-05
207 -7.448233647773051e-05
208 -7.1279809855327e-05
209 -7.297113291303362e-05
210 -7.346898211757707e-05
211 -7.237033541223924e-05
212 -7.327160385823864e-05
213 -7.312803845917937e-05
214 -7.231764583023675e-05
215 -7.429823398712639e-05
216 -7.110641590079672e-05
217 -7.106356378902699e-05
218 -7.115041513038399e-05
219 -7.174320730773067e-05
220 -7.379727200137123e-05
221 -7.414325188546316e-05
222 -7.191501757859531e-05
223 -7.389576367978798e-05
224 -7.193268129547653e-05
225 -7.099550692282486e-05
226 -7.255085210175367e-05
227 -7.47247299880035e-05
228 -7.221001066041615e-05
229 -7.292451916831825e-05
230 -7.289563527935707e-05
231 -7.351869613015078e-05
232 -7.148529741890417e-05
233 -7.204628557010768e-05
234 -7.352351424860215e-05
235 -7.338334518105252e-05
236 -7.077266834790213e-05
237 -7.061555764614011e-05
238 -7.268888402873195e-05
239 -7.22155627008408e-05
240 -7.286771820096855e-05
241 -7.320589221029976e-05
242 -7.171904190963655e-05
243 -7.325899484081786e-05
244 -7.302788212224529e-05
245 -7.1651781862902e-05
246 -7.088395652278591e-05
247 -7.313249860649977e-05
248 -7.290380747491997e-05
249 -7.282130265823394e-05
250 -7.403534508878496e-05
251 -7.224336505990267e-05
252 -7.33376521626241e-05
253 -7.420271391783973e-05
254 -7.20222388661128e-05
255 -7.088334931739847e-05
256 -7.486091929636784e-05
257 -7.134450602307251e-05
258 -7.378493775066721e-05
259 -7.138722358594751e-05
260 -7.429497997674624e-05
261 -7.20570108435173e-05
262 -7.143526563562145e-05
263 -7.232958921047046e-05
264 -7.32310720165616e-05
265 -7.329776709656993e-05
266 -7.384287291077746e-05
267 -7.12287901958099e-05
268 -7.285924930993957e-05
269 -7.092084126950769e-05
270 -7.258245629870136e-05
271 -7.207210285654286e-05
272 -6.946666138434362e-05
273 -7.405703755838174e-05
274 -7.074144867771177e-05
275 -7.23905085679417e-05
276 -7.051354970902264e-05
277 -7.1382844364417e-05
278 -7.24192943088565e-05
279 -7.44434021455331e-05
280 -7.345459916476544e-05
281 -7.116539670901166e-05
282 -7.33002383380491e-05
283 -7.296811716934303e-05
284 -7.125840118894577e-05
285 -7.426431032536739e-05
286 -7.025608109068244e-05
287 -7.324104173977212e-05
288 -7.03161956098018e-05
289 -7.0976707940422e-05
290 -7.297525917691829e-05
291 -7.128417932851875e-05
292 -6.9507968041792e-05
293 -7.070741057431124e-05
294 -7.349453159480284e-05
295 -7.194453767049004e-05
296 -7.245055545585304e-05
297 -7.328439706180791e-05
298 -7.375808898739675e-05
299 -7.137255273270167e-05
