0 7.049267536095562e-05
1 7.467475971272412e-05
2 6.946183322422656e-05
3 6.978775090332971e-05
4 7.078198559865759e-05
5 7.037462108852255e-05
6 6.957082902913668e-05
7 6.882446020991872e-05
8 7.088962352519185e-05
9 7.160215485530375e-05
10 7.065482743036747e-05
11 7.045038067066103e-05
12 6.951033864681995e-05
13 7.04751685100751e-05
14 7.32132482710609e-05
15 7.098928057455589e-05
16 7.060137064316745e-05
17 7.262586513340864e-05
18 7.137090506454343e-05
19 7.085224491376598e-05
20 7.04225678412552e-05
21 7.01922910932296e-05
22 6.900943078023387e-05
23 7.121281205290435e-05
24 6.932619061402091e-05
25 6.987484996714028e-05
26 7.134835253968261e-05
27 7.106870580823902e-05
28 6.747943310980526e-05
29 7.074238487807625e-05
30 7.039857228777663e-05
31 7.055646341539191e-05
32 7.051301183904174e-05
33 6.954845345577073e-05
34 7.030689579467128e-05
35 7.03850712313738e-05
36 7.00955047663601e-05
37 6.899887610429553e-05
38 7.30227536215552e-05
39 7.008653617934027e-05
40 7.096142999032798e-05
41 6.938125002640738e-05
42 7.169055175961391e-05
43 7.06431039890158e-05
44 6.83017015619963e-05
45 6.946889598060668e-05
46 7.00598212200647e-05
47 7.005934100044126e-05
48 7.093974506554848e-05
49 7.090265558897568e-05
50 7.035537338796741e-05
51 7.193623825602888e-05
52 6.964873393155458e-05
53 7.04613407188765e-05
54 6.987656952161152e-05
55 6.921054305145726e-05
56 6.922132677426473e-05
57 6.872431298652644e-05
58 7.0628008213432e-05
59 6.948970762612958e-05
60 6.936388155272124e-05
61 6.987594735218313e-05
62 6.840382042357166e-05
63 6.99944882050948e-05
64 6.975962998407555e-05
65 7.112913160517298e-05
66 7.103488625018214e-05
67 7.162329839511138e-05
68 7.082989898159982e-05
69 6.900859822638972e-05
70 7.144908340537234e-05
71 7.160618208542526e-05
72 7.027684294941437e-05
73 6.919540998141052e-05
74 6.677198284090751e-05
75 7.05723966654792e-05
76 7.02047261497542e-05
77 7.089339862814945e-05
78 7.08205268551247e-05
79 7.41408764879381e-05
80 7.174726737513758e-05
81 7.021436262646377e-05
82 7.131812516866662e-05
83 7.012579744556107e-05
84 7.107552417848078e-05
85 7.025202615891517e-05
86 7.163927195863421e-05
87 6.936319754456645e-05
88 7.091696913306015e-05
89 7.19775073907483e-05
90 7.146505061074268e-05
91 7.028505421361897e-05
92 6.963762513325809e-05
93 6.924740884575869e-05
94 7.123754768370997e-05
95 7.186868324462472e-05
96 6.92726699701215e-05
97 7.301430911441735e-05
98 6.955382699679144e-05
99 6.929845599369789e-05
100 6.938496265605349e-05
101 6.958072915059351e-05
102 6.903776622897546e-05
103 7.144286502043565e-05
104 6.855949681837551e-05
105 7.092933127660444e-05
106 7.13458156537561e-05
107 6.918166910785978e-05
108 7.095177084267026e-05
109 7.024505154836442e-05
110 6.943455935272752e-05
111 6.951413792635164e-05
112 7.14576223801796e-05
113 6.79069360022618e-05
114 7.039501333211425e-05
115 6.983413413699067e-05
116 7.291840094555814e-05
117 7.04696276460782e-05
118 6.927209495174916e-05
119 7.13443651937496e-05
120 7.018278814397974e-05
121 6.997715717015424e-05
122 7.128929306400319e-05
123 7.140216934072714e-05
124 7.140113273263772e-05
125 6.714894729661724e-05
126 6.822359478268988e-05
127 7.062544419189039e-05
128 7.166583685975573e-05
129 6.836828450514779e-05
130 6.975420255809743e-05
131 7.084941541566508e-05
132 6.966488356528595e-05
133 6.99298002637165e-05
134 7.047286184556648e-05
135 7.027273523388158e-05
136 6.966569492359166e-05
137 6.836908977807946e-05
138 7.079047697842332e-05
139 7.033726196394643e-05
140 7.091692220206856e-05
141 6.837566549198786e-05
142 7.18072253929277e-05
143 6.699984995959202e-05
144 7.16544495282315e-05
145 6.908633745037154e-05
146 6.996227834231394e-05
147 7.21271315658594e-05
148 6.781601607770205e-05
149 7.037016416462607e-05
150 7.058138218240056e-05
151 7.046951100628096e-05
152 7.229504382712669e-05
153 6.941217063805531e-05
154 6.934160296514774e-05
155 6.921913486325334e-05
156 7.157627726666952e-05
157 6.842085600256684e-05
158 7.017464576837516e-05
159 7.143917485498102e-05
160 6.915359800157195e-05
161 7.024877807667436e-05
162 7.139077398721169e-05
163 6.939857311493451e-05
164 7.036011268792638e-05
165 7.237617538837436e-05
166 7.041515592620672e-05
167 7.005101588874449e-05
168 7.262523434219271e-05
169 7.072742267536579e-05
170 6.997942263694066e-05
171 6.9857806742152e-05
172 6.894465080983958e-05
173 6.754642500822571e-05
174 7.128795893640496e-05
175 7.173405775805096e-05
176 6.993399017871263e-05
177 7.084375394992606e-05
178 7.210078526505873e-05
179 6.995228932277191e-05
180 7.173534986567909e-05
181 7.045065197223818e-05
182 6.936561210889047e-05
183 7.019096967046188e-05
184 6.646295424496657e-05
185 7.27861046672388e-05
186 6.92757555725473e-05
187 7.208827444575336e-05
188 6.985442974280826e-05
189 6.972282819416305e-05
190 6.933466442791686e-05
191 7.117000204594636e-05
192 6.862674124435769e-05
193 6.933241857273712e-05
194 7.113303511898321e-05
195 7.214982940858581e-05
196 7.265069566529108e-05
197 7.01583765763162e-05
198 7.117289881324672e-05
199 6.91820812418608e-05
200 6.994971776106261e-05
201 6.914941734882118e-05
202 7.085439383427488e-05
203 6.985775999802318e-05
204 6.969723785721889e-05
205 6.858024862734543e-05
206 7.409846459702278e-05
207 6.916368141515308e-05
208 7.038961926781967e-05
209 7.044167738008774e-05
210 7.021160618739945e-05
211 6.939077478049811e-05
212 7.068552834912308e-05
213 7.199030368490964e-05
214 7.12454827261406e-05
215 6.80018325564866e-05
216 7.174448408047371e-05
217 7.095231286987417e-05
218 7.048139987551062e-05
219 7.16452989831878e-05
220 7.229300631173761e-05
221 6.794746793495541e-05
222 7.00690636155393e-05
223 6.869570166291643e-05
224 6.839061246403389e-05
225 7.102150740599714e-05
226 7.104005874966529e-05
227 7.024689364056982e-05
228 6.948734200689497e-05
229 7.287620393384903e-05
230 7.029799552844471e-05
231 6.988383882869266e-05
232 7.008001469869222e-05
233 7.115696079380764e-05
234 7.031827940873557e-05
235 7.025623021097393e-05
236 7.022648923698021e-05
237 6.972813559617347e-05
238 7.108234788699083e-05
239 6.982458622520151e-05
240 7.147845000652485e-05
241 7.08896432073491e-05
242 7.13377693231096e-05
243 7.141413331082419e-05
244 7.153856349357845e-05
245 7.201180085831554e-05
246 7.079875871234091e-05
247 7.008436191651113e-05
248 7.041152457304435e-05
249 7.183078140848598e-05
250 7.038452919995722e-05
251 6.997307588811818e-05
252 6.850669462148073e-05
253 7.003889289886888e-05
254 6.884596561067866e-05
255 7.160213615824503e-05
256 7.043775476047865e-05
257 7.218034987641655e-05
258 6.848438179682441e-05
259 7.187097371524445e-05
260 7.199844860997273e-05
261 7.068611280554409e-05
262 7.159445216352916e-05
263 7.045470305869369e-05
264 7.26880363488789e-05
265 6.956691726819666e-05
266 6.955482481059786e-05
267 7.076558075977845e-05
268 7.096080403151271e-05
269 7.257453712502874e-05
270 6.985040243136321e-05
271 6.978744466970549e-05
272 7.11949659095965e-05
273 7.02336498725429e-05
274 6.986121302664382e-05
275 6.894680036723438e-05
276 6.911292749974248e-05
277 6.710219402716355e-05
278 6.824660736361247e-05
279 7.154180140293201e-05
280 7.007727639152574e-05
281 7.09720892906619e-05
282 7.051080939222265e-05
283 7.125412876492732e-05
284 7.065555802806974e-05
285 6.931037968607861e-05
286 7.038569875851372e-05
287 7.144344438616315e-05
288 7.181378217654761e-05
289 7.00453149759547e-05
290 7.233790666602319e-05
291 7.21190075944003e-05
292 7.327354390569929e-05
293 7.116744168052506e-05
294 7.043492523181958e-05
295 7.167853949493438e-05
296 7.056308356342905e-05
297 7.364820503598547e-05
298 7.325754683046548e-05
299 7.048427265553134e-05
