0 -4.2936559618402654e-05
1 -4.741375150581494e-05
2 -4.228205657431618e-05
3 -4.2582877728765144e-05
4 -4.387573928438884e-05
5 -4.3309804397504675e-05
6 -4.3066794681386604e-05
7 -4.2962017614671596e-05
8 -4.4161315788909304e-05
9 -4.543296593687498e-05
10 -4.251606332652539e-05
11 -4.283981630402899e-05
12 -4.286107995554129e-05
13 -4.471183824360161e-05
14 -4.625995326911223e-05
15 -4.440162995576084e-05
16 -4.4663930539740487e-05
17 -4.4835517029701706e-05
18 -4.596191123205594e-05
19 -4.383814835819845e-05
20 -4.379057222219393e-05
21 -4.1844896712033736e-05
22 -4.27869493676121e-05
23 -4.513777767862887e-05
24 -4.331499241482962e-05
25 -4.2014835424823925e-05
26 -4.4812552258604696e-05
27 -4.403395596868669e-05
28 -4.152542768801033e-05
29 -4.3962205941565705e-05
30 -4.4131664116199976e-05
31 -4.470021654513203e-05
32 -4.342203049433626e-05
33 -4.390657201338055e-05
34 -4.409594306589149e-05
35 -4.455037090187206e-05
36 -4.3413663899849564e-05
37 -4.264414098681093e-05
38 -4.557060613833802e-05
39 -4.285328980904516e-05
40 -4.3650194718933134e-05
41 -4.2313476707809084e-05
42 -4.578398287382514e-05
43 -4.3063613334646395e-05
44 -4.29275955117229e-05
45 -4.3454224163594446e-05
46 -4.3930887810307375e-05
47 -4.3476608764900355e-05
48 -4.393513388768829e-05
49 -4.3597140827218034e-05
50 -4.390507083942258e-05
51 -4.602181436083377e-05
52 -4.3250697433555455e-05
53 -4.4182401696588696e-05
54 -4.279882845449409e-05
55 -4.3916618819715154e-05
56 -4.2854889811341464e-05
57 -4.230963415365257e-05
58 -4.412854823057801e-05
59 -4.232010526544508e-05
60 -4.275972804128309e-05
61 -4.255847089545339e-05
62 -4.2137062703934154e-05
63 -4.332170803811335e-05
64 -4.329273821370172e-05
65 -4.4651955046393345e-05
66 -4.452585537544978e-05
67 -4.375924792520881e-05
68 -4.4254246308707785e-05
69 -4.132140670435709e-05
70 -4.489160542089283e-05
71 -4.568515270663722e-05
72 -4.335685693772662e-05
73 -4.302264999914315e-05
74 -4.1104619638427934e-05
75 -4.388428136228395e-05
76 -4.4208418070134624e-05
77 -4.425636903573641e-05
78 -4.368084751201123e-05
79 -4.662556936135729e-05
80 -4.4678921568705904e-05
81 -4.326006960531218e-05
82 -4.586822200663262e-05
83 -4.39387326711662e-05
84 -4.480547562153138e-05
85 -4.3521975816073635e-05
86 -4.523656789089513e-05
87 -4.277160504932884e-05
88 -4.4559314991251735e-05
89 -4.4824911682938015e-05
90 -4.393113505987835e-05
91 -4.344453577803731e-05
92 -4.332798308054857e-05
93 -4.2490149492850026e-05
94 -4.4600004262459295e-05
95 -4.490852873616458e-05
96 -4.3856927886990775e-05
97 -4.5724849732941174e-05
98 -4.3131105038310275e-05
99 -4.2915457487792676e-05
100 -4.356043035465286e-05
101 -4.236863922835984e-05
102 -4.315189682275138e-05
103 -4.427387990280143e-05
104 -4.168060570154067e-05
105 -4.3642795925738735e-05
106 -4.461931725505113e-05
107 -4.2454739114511975e-05
108 -4.4381093614918864e-05
109 -4.4205989870562973e-05
110 -4.3179719488448286e-05
111 -4.307693668415152e-05
112 -4.498670226441221e-05
113 -4.1685556991907375e-05
114 -4.351492000350861e-05
115 -4.3269779831183666e-05
116 -4.58933645429701e-05
117 -4.3719355708376626e-05
118 -4.2614892279416575e-05
119 -4.4302026130616283e-05
120 -4.401269878874752e-05
121 -4.309329098152511e-05
122 -4.529643814360694e-05
123 -4.483938238162597e-05
124 -4.455267517788023e-05
125 -4.080271719409501e-05
126 -4.148283225824798e-05
127 -4.391727646650913e-05
128 -4.483136314959728e-05
129 -4.179977032946605e-05
130 -4.3349563883128865e-05
131 -4.3958200818684844e-05
132 -4.3834137246770536e-05
133 -4.380591518898611e-05
134 -4.4134548779839755e-05
135 -4.439331874764238e-05
136 -4.226807266070475e-05
137 -4.278422469722006e-05
138 -4.3860235619668386e-05
139 -4.3289589951759196e-05
140 -4.434863120598979e-05
141 -4.199759767314712e-05
142 -4.5201357552956484e-05
143 -4.131431496253489e-05
144 -4.470461384317344e-05
145 -4.265387343815406e-05
146 -4.3983941256844184e-05
147 -4.533953311047204e-05
148 -4.2505354693695036e-05
149 -4.480354582090513e-05
150 -4.3925699447539306e-05
151 -4.428722696568611e-05
152 -4.447714641775939e-05
153 -4.24598429223578e-05
154 -4.397356808904127e-05
155 -4.242587972898175e-05
156 -4.4366237332984207e-05
157 -4.2943942268271146e-05
158 -4.3912757761123166e-05
159 -4.5857204046298485e-05
160 -4.3279512428820246e-05
161 -4.305806737294348e-05
162 -4.419506033693572e-05
163 -4.237870908393028e-05
164 -4.321187154139151e-05
165 -4.557571459526709e-05
166 -4.4078647640182945e-05
167 -4.335196229173778e-05
168 -4.5354790603697154e-05
169 -4.4801269988508784e-05
170 -4.438681230140227e-05
171 -4.3278164592907345e-05
172 -4.193142307280347e-05
173 -4.1889240569457555e-05
174 -4.436558038505205e-05
175 -4.490900088237122e-05
176 -4.356397377750101e-05
177 -4.41737797716572e-05
178 -4.558977798486236e-05
179 -4.29175429274913e-05
180 -4.467804149661243e-05
181 -4.409899481462944e-05
182 -4.330303955333047e-05
183 -4.429344778806808e-05
184 -4.034824197274499e-05
185 -4.614401844943634e-05
186 -4.26688099893713e-05
187 -4.579822893417402e-05
188 -4.394163708725053e-05
189 -4.343834958129571e-05
190 -4.35395834849045e-05
191 -4.4544996862924285e-05
192 -4.2800965872261854e-05
193 -4.154854777225108e-05
194 -4.457189167961512e-05
195 -4.5098449987965686e-05
196 -4.473726569285528e-05
197 -4.396842059199932e-05
198 -4.4406115636537775e-05
199 -4.299047899337795e-05
200 -4.4002354005688285e-05
201 -4.208618451866091e-05
202 -4.329845565673046e-05
203 -4.385408285392829e-05
204 -4.325221709390899e-05
205 -4.206957265629556e-05
206 -4.63129828784982e-05
207 -4.350584264473791e-05
208 -4.382378938897386e-05
209 -4.3951052483287376e-05
210 -4.39596545088518e-05
211 -4.264649251113252e-05
212 -4.393577413537284e-05
213 -4.53956993179076e-05
214 -4.400938331150043e-05
215 -4.201080742657317e-05
216 -4.4966922123135726e-05
217 -4.3896134544457065e-05
218 -4.3501355082954545e-05
219 -4.4403006629852003e-05
220 -4.585318417885381e-05
221 -4.31159878900426e-05
222 -4.338851432513276e-05
223 -4.302042891742507e-05
224 -4.261529129814818e-05
225 -4.4044827973804726e-05
226 -4.476790327226455e-05
227 -4.4185478702677424e-05
228 -4.262822337635967e-05
229 -4.6002348164508296e-05
230 -4.4477727459723564e-05
231 -4.40482486915802e-05
232 -4.3240133885498424e-05
233 -4.460617517454102e-05
234 -4.3342326451202604e-05
235 -4.426199332586183e-05
236 -4.298247948238481e-05
237 -4.369366085496167e-05
238 -4.425012768920289e-05
239 -4.287810878041474e-05
240 -4.474707218181807e-05
241 -4.4443261580590706e-05
242 -4.428144237665714e-05
243 -4.4790152370287045e-05
244 -4.4647014904977725e-05
245 -4.4815720031445156e-05
246 -4.367016454011682e-05
247 -4.370857417213847e-05
248 -4.350214848535266e-05
249 -4.5626794515677275e-05
250 -4.385566649899179e-05
251 -4.2609150364524215e-05
252 -4.207674391658555e-05
253 -4.4567326487407126e-05
254 -4.29155875532702e-05
255 -4.435993718250175e-05
256 -4.431253425925704e-05
257 -4.4487235414002226e-05
258 -4.243116526857811e-05
259 -4.4167556648954055e-05
260 -4.54344965690285e-05
261 -4.420462622637638e-05
262 -4.415401076212603e-05
263 -4.410712152334863e-05
264 -4.5597297965723916e-05
265 -4.351431731325848e-05
266 -4.3732329632587286e-05
267 -4.3782120408320354e-05
268 -4.32946809464928e-05
269 -4.551401644627596e-05
270 -4.391313731006397e-05
271 -4.294021789281195e-05
272 -4.398346671045629e-05
273 -4.3850509225180864e-05
274 -4.244861754640882e-05
275 -4.249652080807154e-05
276 -4.318915788443248e-05
277 -4.0741015874352914e-05
278 -4.206400916547163e-05
279 -4.514068748704932e-05
280 -4.3421714877374836e-05
281 -4.3987239044794576e-05
282 -4.368780114461909e-05
283 -4.481580768794229e-05
284 -4.3332278042551207e-05
285 -4.360143903961665e-05
286 -4.374329960411918e-05
287 -4.474659401366923e-05
288 -4.5091965153384127e-05
289 -4.385812060357396e-05
290 -4.630676266158792e-05
291 -4.447345884726851e-05
292 -4.474694216433055e-05
293 -4.4204484299679304e-05
294 -4.403812431787955e-05
295 -4.5068512581192365e-05
296 -4.45391892352375e-05
297 -4.675251093246347e-05
298 -4.651351443063188e-05
299 -4.3357109990058936e-05
