0 -9.964854772059407e-06
1 -8.8923881022837e-06
2 -9.563706254663448e-06
3 -9.801820086851861e-06
4 -8.673207718610505e-06
5 -9.48636831236467e-06
6 -8.756578176505701e-06
7 -8.630341901228494e-06
8 -8.939663072272072e-06
9 -8.506700926085588e-06
10 -1.031380209046008e-05
11 -9.654848499887992e-06
12 -9.210532874279981e-06
13 -8.448913060529183e-06
14 -8.505528456493111e-06
15 -9.237764139331414e-06
16 -8.12222282176642e-06
17 -9.125713446397512e-06
18 -8.230380196946616e-06
19 -9.48550404009318e-06
20 -8.943129879545245e-06
21 -1.1237126393141666e-05
22 -8.83942164705743e-06
23 -8.334392764073804e-06
24 -8.966966477228999e-06
25 -9.566710218943738e-06
26 -9.56100948442247e-06
27 -9.090092762661196e-06
28 -8.811834639093981e-06
29 -9.492411515147625e-06
30 -9.022781426151614e-06
31 -7.935227706368898e-06
32 -9.358669081082708e-06
33 -8.488422682761632e-06
34 -9.146663164788707e-06
35 -8.423538039348377e-06
36 -9.059671762086572e-06
37 -9.496001037795272e-06
38 -9.075181076889941e-06
39 -9.571910932857601e-06
40 -9.816901971883419e-06
41 -9.563415647680385e-06
42 -8.11452045915493e-06
43 -9.39883946754011e-06
44 -8.100944705436851e-06
45 -8.345182223316672e-06
46 -9.0482153226918e-06
47 -9.034636865672658e-06
48 -9.208087330888376e-06
49 -9.335681404904882e-06
50 -9.306452592720604e-06
51 -8.163804010457795e-06
52 -9.294171938687e-06
53 -8.57430229534656e-06
54 -9.500696146426892e-06
55 -8.342537801592037e-06
56 -9.112004314649243e-06
57 -8.79106390819025e-06
58 -8.559823122041547e-06
59 -9.527215886763567e-06
60 -8.947303572659243e-06
61 -9.635303612096088e-06
62 -8.750562115178358e-06
63 -9.001212718747657e-06
64 -9.027560810922185e-06
65 -9.208544137966445e-06
66 -9.14438690153642e-06
67 -9.889260048236989e-06
68 -9.218401442266597e-06
69 -9.446414875562934e-06
70 -8.888214354397044e-06
71 -8.52046748516532e-06
72 -9.67089624562639e-06
73 -9.182355856944245e-06
74 -9.498778769825174e-06
75 -9.67792717610734e-06
76 -8.803412695458706e-06
77 -9.445534605728703e-06
78 -9.330418317862041e-06
79 -9.546272939814616e-06
80 -8.739880915988113e-06
81 -9.163868431056388e-06
82 -8.372042767377095e-06
83 -8.983708476065044e-06
84 -8.868788437598838e-06
85 -9.31478428837972e-06
86 -9.139854759596914e-06
87 -9.559051950643787e-06
88 -8.65257829627498e-06
89 -9.536085933266697e-06
90 -9.690746038802453e-06
91 -9.414703106148834e-06
92 -8.451490943931226e-06
93 -9.100691833185566e-06
94 -9.332151919330861e-06
95 -8.936461333543189e-06
96 -7.85478267210741e-06
97 -9.347722036878505e-06
98 -8.97704072739482e-06
99 -9.318658709979518e-06
100 -8.425033578759009e-06
101 -9.065962494841786e-06
102 -9.181761826323323e-06
103 -9.424746115655145e-06
104 -8.803927806238693e-06
105 -9.243985298788337e-06
106 -9.218767899484956e-06
107 -9.832827131387379e-06
108 -8.610136172379332e-06
109 -8.614323373283347e-06
110 -9.240475599050514e-06
111 -9.11733967678207e-06
112 -8.652807296407908e-06
113 -8.526087259500486e-06
114 -9.022051157008166e-06
115 -9.075249595448671e-06
116 -8.448568379608398e-06
117 -9.268236943607714e-06
118 -9.915434017780734e-06
119 -9.881190185830874e-06
120 -8.789821288655262e-06
121 -9.605627871137923e-06
122 -9.18393064110288e-06
123 -8.540547612650958e-06
124 -9.520592929234542e-06
125 -9.232004970370409e-06
126 -9.611907710903451e-06
127 -8.970255442107527e-06
128 -8.941250866016435e-06
129 -9.328917629201474e-06
130 -8.85379584703582e-06
131 -8.849236996716991e-06
132 -9.040119723628814e-06
133 -8.60052764029381e-06
134 -8.908969072306169e-06
135 -8.490308964555197e-06
136 -9.621820976898912e-06
137 -8.490638094928816e-06
138 -9.27191411479195e-06
139 -9.129421085946428e-06
140 -9.06408036575395e-06
141 -9.279076458154809e-06
142 -9.128093805661736e-06
143 -9.070205287085678e-06
144 -8.989351863360454e-06
145 -8.670359031699377e-06
146 -8.778077860200117e-06
147 -9.193993662600411e-06
148 -8.479889144472489e-06
149 -8.634962491010175e-06
150 -9.274628427159894e-06
151 -9.382134148568756e-06
152 -9.855155553742352e-06
153 -9.534293599323016e-06
154 -8.87446274928042e-06
155 -9.946967603218814e-06
156 -9.024716880343405e-06
157 -9.051381248104232e-06
158 -9.174887992884242e-06
159 -8.194196208850331e-06
160 -8.14354915864268e-06
161 -9.036670240453708e-06
162 -9.395686038061978e-06
163 -9.51371680881936e-06
164 -1.000539722559392e-05
165 -9.096942171966361e-06
166 -8.549818322753925e-06
167 -9.287388031242836e-06
168 -9.76356015328201e-06
169 -8.056047572310397e-06
170 -8.297062350141016e-06
171 -9.22671361460898e-06
172 -9.458815076139723e-06
173 -8.890471814693983e-06
174 -8.903871773735124e-06
175 -8.986819322853186e-06
176 -9.003995868019627e-06
177 -8.9905229807119e-06
178 -8.905381752960458e-06
179 -9.652762807229008e-06
180 -9.22089518413152e-06
181 -8.61434241177717e-06
182 -8.645582366933724e-06
183 -8.654413251435673e-06
184 -9.359047675592093e-06
185 -9.13001463747891e-06
186 -9.394190395007892e-06
187 -8.664224719748708e-06
188 -8.362211434630159e-06
189 -8.885704692778896e-06
190 -8.334633346600082e-06
191 -9.179092862099634e-06
192 -8.61196784293112e-06
193 -1.0564081313409474e-05
194 -8.766642807182361e-06
195 -9.06024222576067e-06
196 -1.0029543957564164e-05
197 -9.255033229363638e-06
198 -8.988420197121728e-06
199 -8.643658754381255e-06
200 -9.036599830236189e-06
201 -9.73378970148791e-06
202 -9.197944917526057e-06
203 -8.743442503399885e-06
204 -9.216075785991906e-06
205 -9.1698474256308e-06
206 -9.381547941963728e-06
207 -8.445640049069026e-06
208 -9.393872007416851e-06
209 -8.750673782080455e-06
210 -9.263595833646156e-06
211 -8.854683406378258e-06
212 -9.280304580136314e-06
213 -8.88188467839375e-06
214 -9.34547279787909e-06
215 -8.927440992586311e-06
216 -9.351155181613774e-06
217 -9.473678396348768e-06
218 -9.179933836429423e-06
219 -9.447465537634915e-06
220 -8.636611510646985e-06
221 -8.23508562910691e-06
222 -9.256778156016946e-06
223 -8.690845677664352e-06
224 -9.669101856985228e-06
225 -9.418328148986354e-06
226 -9.154384618889796e-06
227 -8.894963267752042e-06
228 -9.30778813537268e-06
229 -9.135546521928932e-06
230 -8.825201419003842e-06
231 -8.618520042366974e-06
232 -9.307347097282833e-06
233 -9.292696761623463e-06
234 -9.605280581634766e-06
235 -8.63018291518981e-06
236 -9.667782572884644e-06
237 -9.352536008468169e-06
238 -8.975636552138484e-06
239 -9.288705992928021e-06
240 -8.903161980753052e-06
241 -9.156349329998366e-06
242 -9.451107794993292e-06
243 -8.679877062796195e-06
244 -9.073450353237612e-06
245 -9.064082705831704e-06
246 -9.361711563493632e-06
247 -9.120161156463888e-06
248 -9.064901463448339e-06
249 -8.960268602411989e-06
250 -8.691028579827661e-06
251 -9.722159841356386e-06
252 -9.241889455021371e-06
253 -8.311747727560956e-06
254 -8.853919354851657e-06
255 -9.594487734762397e-06
256 -8.339616604317758e-06
257 -9.833761527390012e-06
258 -8.890835363438033e-06
259 -9.453145671052419e-06
260 -9.042004948526307e-06
261 -8.657366652174752e-06
262 -9.695098332789764e-06
263 -9.051719082404473e-06
264 -9.530042178276315e-06
265 -8.829729269835078e-06
266 -8.647668269798096e-06
267 -9.640565508817933e-06
268 -8.932614275589562e-06
269 -9.263772647154996e-06
270 -8.854429436218567e-06
271 -8.958887169716696e-06
272 -9.567436988993719e-06
273 -8.94387467952879e-06
274 -9.632682756454094e-06
275 -8.82242165563617e-06
276 -9.38486949503606e-06
277 -9.486964247981927e-06
278 -9.120808270471646e-06
279 -8.551090659456479e-06
280 -9.011874677706546e-06
281 -9.271215312188861e-06
282 -8.557459339397525e-06
283 -8.839501378759136e-06
284 -9.946047848856768e-06
285 -8.51835227768883e-06
286 -9.333182518987136e-06
287 -9.468990900318062e-06
288 -9.579521962821043e-06
289 -9.326749908888903e-06
290 -8.989126519079941e-06
291 -9.576941314888088e-06
292 -1.0282876346212415e-05
293 -9.817546146090755e-06
294 -8.679500979397589e-06
295 -9.228438419190937e-06
296 -8.972743785022696e-06
297 -9.188202213807232e-06
298 -9.142874522097689e-06
299 -8.995161469541149e-06
