0 -4.959320115924452e-06
1 -5.0252399532554534e-06
2 -4.8808048986687525e-06
3 -4.781148929750641e-06
4 -4.931573346216688e-06
5 -5.0293408604623706e-06
6 -4.9404385599705515e-06
7 -4.9741746708608425e-06
8 -4.962861630308659e-06
9 -4.829088093429298e-06
10 -4.9020699803248405e-06
11 -4.92461783523166e-06
12 -4.920646538415875e-06
13 -4.875716199041404e-06
14 -4.9267022643478116e-06
15 -4.909698827395612e-06
16 -5.077338820210929e-06
17 -5.039558787064891e-06
18 -4.94318800100249e-06
19 -4.849094492950214e-06
20 -4.900299321798216e-06
21 -4.7392852849021876e-06
22 -4.940817390809291e-06
23 -5.000497041869676e-06
24 -4.920381883320488e-06
25 -4.980275369339924e-06
26 -4.816359330292203e-06
27 -4.941802733670362e-06
28 -4.862952482356363e-06
29 -4.895032675809457e-06
30 -4.8949848532310966e-06
31 -5.100662200772813e-06
32 -4.904454458375608e-06
33 -4.918172612345732e-06
34 -4.931154388312802e-06
35 -4.919186927200535e-06
36 -4.9460105051413334e-06
37 -4.785589313168814e-06
38 -4.900940814274146e-06
39 -4.992414450451555e-06
40 -4.887225584225164e-06
41 -4.861726467595647e-06
42 -5.045883673126952e-06
43 -5.197649445339818e-06
44 -5.052448332519826e-06
45 -4.94229304892706e-06
46 -4.862265504401798e-06
47 -4.821513785523407e-06
48 -4.8985718124790215e-06
49 -4.938518422289312e-06
50 -4.947351656166406e-06
51 -4.849474713935334e-06
52 -4.90732220703958e-06
53 -4.9908552122460145e-06
54 -4.901907663373774e-06
55 -4.9260726430890555e-06
56 -4.948653941345888e-06
57 -4.993856057978551e-06
58 -4.925969162499288e-06
59 -4.875438134143085e-06
60 -5.012549891973004e-06
61 -4.978081446670474e-06
62 -5.0032728851934105e-06
63 -4.94546051872339e-06
64 -4.895068354653891e-06
65 -4.763623394927374e-06
66 -4.85308653164654e-06
67 -4.9738118103359595e-06
68 -4.918122240948127e-06
69 -5.010975867981277e-06
70 -4.942531875516477e-06
71 -4.914886938112022e-06
72 -4.871404730712157e-06
73 -4.814229041394971e-06
74 -4.746602773491572e-06
75 -4.787905421211569e-06
76 -4.9035746965322734e-06
77 -4.9319338191258896e-06
78 -4.984342832430068e-06
79 -4.837804754685515e-06
80 -5.0563500543798204e-06
81 -4.955861137887852e-06
82 -4.822491177076999e-06
83 -4.933808491249683e-06
84 -4.768197717172542e-06
85 -4.872481364502731e-06
86 -4.721959484010654e-06
87 -4.748001241195494e-06
88 -4.916298862692511e-06
89 -4.78661632847457e-06
90 -4.838759189985809e-06
91 -4.881076929222932e-06
92 -5.025419236215332e-06
93 -5.020274000568001e-06
94 -4.8959769565425e-06
95 -4.956930946979258e-06
96 -4.9708102233045094e-06
97 -4.825299763623155e-06
98 -4.978035179539369e-06
99 -4.8774339810591945e-06
100 -5.053119680463854e-06
101 -5.132633039667039e-06
102 -4.8072948762969335e-06
103 -4.911681266281447e-06
104 -5.20252777798675e-06
105 -4.904401664718463e-06
106 -4.88026321392455e-06
107 -4.776262156267562e-06
108 -5.087479059201629e-06
109 -4.865339923273438e-06
110 -4.890509199254899e-06
111 -4.9570122296547695e-06
112 -4.991740728409903e-06
113 -5.177531804680903e-06
114 -4.961504797871576e-06
115 -4.832103423030058e-06
116 -5.1685195176201206e-06
117 -4.918374759208906e-06
118 -4.787694549505137e-06
119 -4.6753868996699855e-06
120 -4.873584625991416e-06
121 -4.933541290859804e-06
122 -4.652220912613599e-06
123 -5.0354813836974565e-06
124 -4.785380730700394e-06
125 -4.946259211098664e-06
126 -4.8587195780808716e-06
127 -4.8742328443854415e-06
128 -4.994155634017024e-06
129 -4.942137795158141e-06
130 -4.96820166989211e-06
131 -4.955198918396079e-06
132 -4.789115542194861e-06
133 -4.940179667787263e-06
134 -4.9469658479882856e-06
135 -4.907346559856149e-06
136 -4.8742394791719625e-06
137 -4.95946372787041e-06
138 -4.876339037510527e-06
139 -4.907957218341641e-06
140 -4.924345630658221e-06
141 -4.899505791643655e-06
142 -4.914799886386522e-06
143 -4.911795193628197e-06
144 -5.05522361625394e-06
145 -4.932676296027583e-06
146 -4.887449849966186e-06
147 -4.729777198299576e-06
148 -4.8941589679709365e-06
149 -4.8265292075766525e-06
150 -4.869264234916929e-06
151 -4.795538067176975e-06
152 -4.764668245112578e-06
153 -4.925949021379102e-06
154 -4.847844350358344e-06
155 -4.72529153543313e-06
156 -4.927801774473909e-06
157 -4.791162922988958e-06
158 -4.906424623626283e-06
159 -4.879362326980693e-06
160 -5.050068406333434e-06
161 -5.088165194346741e-06
162 -4.859823448188606e-06
163 -4.924026324213401e-06
164 -4.856622599548943e-06
165 -4.874611637123622e-06
166 -5.0379930683964255e-06
167 -4.966215207462394e-06
168 -4.847148337769874e-06
169 -4.976142869777479e-06
170 -5.008510809366831e-06
171 -4.898920565230893e-06
172 -4.9271411804149594e-06
173 -4.861841847216804e-06
174 -4.9787559681825475e-06
175 -5.020032420847659e-06
176 -4.922946896021468e-06
177 -4.882272879006846e-06
178 -4.90711872722572e-06
179 -4.8165213493657105e-06
180 -4.93660965663705e-06
181 -4.988462082274466e-06
182 -4.93262598175346e-06
183 -4.928248347754566e-06
184 -4.92167660355157e-06
185 -4.7663417383505615e-06
186 -4.848791327033386e-06
187 -4.909731362129518e-06
188 -5.0228808083124404e-06
189 -4.8808108416274225e-06
190 -4.908718289225514e-06
191 -4.863372495827514e-06
192 -4.885762450212729e-06
193 -4.729085831186046e-06
194 -4.910986737046212e-06
195 -4.841737554306206e-06
196 -4.7743654082722485e-06
197 -4.7948096718849735e-06
198 -5.0456190648411445e-06
199 -4.99217871642125e-06
200 -4.7294341137879655e-06
201 -4.956501940645526e-06
202 -4.9971103132171975e-06
203 -4.907064411184143e-06
204 -4.8937764249548e-06
205 -4.936696797819649e-06
206 -4.933867353037662e-06
207 -4.929087306208793e-06
208 -4.803233051692067e-06
209 -4.862591230432758e-06
210 -4.747748925043468e-06
211 -5.00327451638626e-06
212 -4.8727214781088456e-06
213 -4.960458772326963e-06
214 -4.923872949041619e-06
215 -4.919537976545201e-06
216 -4.766516208564024e-06
217 -4.895975792710453e-06
218 -4.772028646673647e-06
219 -4.830670549932776e-06
220 -5.004350054667472e-06
221 -4.810270041848112e-06
222 -4.887330995434967e-06
223 -4.935469609789031e-06
224 -4.636180148515666e-06
225 -4.8264645164184545e-06
226 -4.872895420687416e-06
227 -4.8352506799380556e-06
228 -5.009242216652498e-06
229 -4.807879518862915e-06
230 -4.798259426226245e-06
231 -4.850538142113272e-06
232 -4.885327611265176e-06
233 -4.903595638079686e-06
234 -4.931120356883973e-06
235 -4.92707885268468e-06
236 -4.807759246611439e-06
237 -4.691728732450224e-06
238 -4.976682251347107e-06
239 -4.989107189787803e-06
240 -4.911904611369808e-06
241 -4.828147928869684e-06
242 -4.841134803856921e-06
243 -5.000443984865241e-06
244 -4.9914353749762275e-06
245 -4.91905314383585e-06
246 -4.87402883533365e-06
247 -4.951679765784877e-06
248 -5.031401418858678e-06
249 -4.826239957171051e-06
250 -5.054648441754307e-06
251 -4.980642315470067e-06
252 -4.860373583403768e-06
253 -4.997413344050326e-06
254 -4.870733105660908e-06
255 -4.891564729968077e-06
256 -5.0188957316326584e-06
257 -4.795941111667803e-06
258 -4.906403654066907e-06
259 -4.861447839181758e-06
260 -4.896152910630931e-06
261 -4.944661524127414e-06
262 -4.851642590229936e-06
263 -4.835885792025113e-06
264 -4.8097620856477164e-06
265 -4.9833099021628725e-06
266 -5.00134681671175e-06
267 -4.738384670725453e-06
268 -5.192713587096558e-06
269 -4.767543291042244e-06
270 -4.806757040870253e-06
271 -4.9564858238829105e-06
272 -4.8235003160957295e-06
273 -4.90300894693273e-06
274 -4.869273118468719e-06
275 -4.980201523453443e-06
276 -4.6785043974996825e-06
277 -4.805409857260296e-06
278 -4.8309579926731e-06
279 -4.969231359858093e-06
280 -4.9304301014460044e-06
281 -4.918425133295617e-06
282 -5.075006101635712e-06
283 -4.887386946279952e-06
284 -4.782901479626011e-06
285 -4.886224512270591e-06
286 -4.836931549917313e-06
287 -4.801092153261025e-06
288 -4.669014546224985e-06
289 -4.729689073214349e-06
290 -4.812215188433587e-06
291 -4.952118852477837e-06
292 -4.885218105298747e-06
293 -4.699287332622459e-06
294 -4.975073149722976e-06
295 -4.839497822249686e-06
296 -4.777758149230002e-06
297 -4.842708950611475e-06
298 -4.9295434838304636e-06
299 -5.089394111019811e-06
