0 -2.0012871577649467e-06
1 -2.165634708086315e-06
2 -2.023657294055997e-06
3 -1.944274946638661e-06
4 -2.0814053661059717e-06
5 -2.055957523019169e-06
6 -2.048533411433266e-06
7 -2.0087501165851948e-06
8 -2.05791669195787e-06
9 -2.013773485605726e-06
10 -2.0124077957694346e-06
11 -2.025238159363696e-06
12 -2.0190101741769824e-06
13 -1.9947600177510883e-06
14 -2.056003977155936e-06
15 -2.00827196790558e-06
16 -2.100803790062238e-06
17 -2.0508623914200904e-06
18 -2.050344100259876e-06
19 -2.017202470558817e-06
20 -2.0195328797733477e-06
21 -1.9454759659636586e-06
22 -2.011366508396808e-06
23 -2.063451327878316e-06
24 -2.021251850743178e-06
25 -2.05009415777958e-06
26 -2.0013895077585334e-06
27 -2.041061628015165e-06
28 -1.9732763609487654e-06
29 -2.030929307091861e-06
30 -1.9846282745881355e-06
31 -2.0974047916092095e-06
32 -2.025090362080455e-06
33 -2.03681434972721e-06
34 -2.009821253988471e-06
35 -2.0684087480970085e-06
36 -2.0287729166549665e-06
37 -2.00770068593669e-06
38 -2.0583601177597815e-06
39 -2.0608372108226667e-06
40 -2.02014913209364e-06
41 -1.9751646518089338e-06
42 -2.0731241595732725e-06
43 -2.128557402937257e-06
44 -2.0680328086486624e-06
45 -2.0092367785102547e-06
46 -2.030804061787142e-06
47 -1.982805611459036e-06
48 -2.0480209571939737e-06
49 -2.030052091204604e-06
50 -2.0735436555606755e-06
51 -2.033641305337848e-06
52 -1.9950280123424875e-06
53 -2.0492430493873156e-06
54 -1.993488028623177e-06
55 -2.034555684746838e-06
56 -2.0103368103892387e-06
57 -2.0553202898188977e-06
58 -2.0357371329938838e-06
59 -1.9637571292866118e-06
60 -2.066027868202688e-06
61 -2.0077326495954845e-06
62 -1.9875950671044606e-06
63 -2.006975053213596e-06
64 -2.0307170280702138e-06
65 -1.982520303319667e-06
66 -1.998422953587305e-06
67 -2.060924184259489e-06
68 -2.0573227777047197e-06
69 -2.0251099662696896e-06
70 -2.0344934093521047e-06
71 -2.096304110677495e-06
72 -2.0172235686825996e-06
73 -1.9720299286686534e-06
74 -1.91356506411896e-06
75 -2.0185723199650984e-06
76 -2.0216150811195674e-06
77 -2.081331491675228e-06
78 -2.061851542448999e-06
79 -2.06210442361885e-06
80 -2.122700125970666e-06
81 -2.015585518522924e-06
82 -2.0092748875558696e-06
83 -2.0581757527014536e-06
84 -1.9787907381951374e-06
85 -2.005712404207314e-06
86 -1.9870475362733852e-06
87 -1.923181370727685e-06
88 -2.023721683798302e-06
89 -2.020060432646612e-06
90 -1.9949471597346645e-06
91 -2.007226960889013e-06
92 -2.0388185387440418e-06
93 -2.039375560822741e-06
94 -2.047938105928153e-06
95 -2.032983756785446e-06
96 -2.0082440705258034e-06
97 -2.020900136908204e-06
98 -2.035542795188592e-06
99 -2.009816402368241e-06
100 -2.0764213905002805e-06
101 -2.0616898862088436e-06
102 -1.9838598300217314e-06
103 -2.0500349551649357e-06
104 -2.0672401970632745e-06
105 -2.0165204595389386e-06
106 -2.0072592976787274e-06
107 -1.97917108198441e-06
108 -2.1006600512088475e-06
109 -1.9847051099617234e-06
110 -2.0245932142636524e-06
111 -2.0139644327855886e-06
112 -2.0625439328629464e-06
113 -2.0592739490243752e-06
114 -2.051979652081983e-06
115 -1.9889813004624405e-06
116 -2.1351086514827125e-06
117 -1.9966944435081204e-06
118 -1.963154897552049e-06
119 -1.930021679227195e-06
120 -1.9999785452208023e-06
121 -1.996412775894761e-06
122 -1.9395572504721114e-06
123 -2.107894716838979e-06
124 -1.9944442900565376e-06
125 -1.991882941978892e-06
126 -1.934285191939385e-06
127 -1.988735976408287e-06
128 -2.0797230022778234e-06
129 -2.029811249210729e-06
130 -2.034016642731485e-06
131 -2.0228628562330396e-06
132 -1.9832459440780885e-06
133 -2.006031126592002e-06
134 -2.0585302920101805e-06
135 -2.0201852380297416e-06
136 -2.015766075528532e-06
137 -2.0174505766444214e-06
138 -2.016099170384481e-06
139 -2.015602390837398e-06
140 -2.0366804320354514e-06
141 -2.003803267857026e-06
142 -2.0497002348330665e-06
143 -1.968137504364619e-06
144 -2.080649076196239e-06
145 -1.9508784981089737e-06
146 -2.00210452544413e-06
147 -1.9824056701194637e-06
148 -2.006784580426326e-06
149 -1.996076341877667e-06
150 -2.0174395827890694e-06
151 -2.012575157376302e-06
152 -1.998265986209191e-06
153 -2.0157519980729376e-06
154 -1.997557576494617e-06
155 -1.9570405583760496e-06
156 -2.038757595209047e-06
157 -1.951475646316108e-06
158 -2.007206344779999e-06
159 -2.0364400487621227e-06
160 -2.0171653761778927e-06
161 -2.054915160392382e-06
162 -1.9996613685591075e-06
163 -2.018234693472093e-06
164 -2.0067634286950108e-06
165 -2.0025326352917772e-06
166 -2.051718261209055e-06
167 -2.0471593230959955e-06
168 -2.0150227375734853e-06
169 -2.079147924463668e-06
170 -2.0579368221254856e-06
171 -2.034669548185194e-06
172 -1.9862308621352933e-06
173 -1.9503911543088196e-06
174 -2.054748818056967e-06
175 -2.090319599980607e-06
176 -2.003233516699666e-06
177 -2.002670468241013e-06
178 -2.0583554261333814e-06
179 -1.9862481338111477e-06
180 -2.0546298089465245e-06
181 -2.0417650994209887e-06
182 -2.022604440237097e-06
183 -2.003385401105675e-06
184 -1.9351789368008916e-06
185 -2.0043592141516167e-06
186 -2.014678097069172e-06
187 -2.0288199410646614e-06
188 -2.053625312375216e-06
189 -1.998818182988797e-06
190 -2.012456075373002e-06
191 -2.016224656409696e-06
192 -1.9679881419451627e-06
193 -1.9240708830526836e-06
194 -2.056488104080099e-06
195 -2.0181209337669953e-06
196 -1.9983317760524572e-06
197 -1.9917381443721166e-06
198 -2.081939119062161e-06
199 -2.0427417333161818e-06
200 -1.921588792704168e-06
201 -1.9884854529623424e-06
202 -2.0336380595732977e-06
203 -1.985325785705391e-06
204 -2.014839439578424e-06
205 -1.99987229107063e-06
206 -2.097711288090431e-06
207 -2.0365388900390327e-06
208 -1.975812772469514e-06
209 -1.982879844440795e-06
210 -1.955816914217188e-06
211 -2.0142575384532336e-06
212 -1.9822394868625795e-06
213 -2.071798225400331e-06
214 -2.0531040442387584e-06
215 -1.9965394007828787e-06
216 -1.953491240857997e-06
217 -2.046231819158684e-06
218 -1.951336004489878e-06
219 -2.0129099675932844e-06
220 -2.09022376185005e-06
221 -1.981860122616335e-06
222 -1.986013126640839e-06
223 -2.0370171624579475e-06
224 -1.9111341162546946e-06
225 -2.02303085088511e-06
226 -2.051233850671376e-06
227 -1.977228741040614e-06
228 -2.0190690839498154e-06
229 -2.053088607982299e-06
230 -2.0163003173680628e-06
231 -2.0128547917756067e-06
232 -1.977466094218781e-06
233 -2.0421898385994836e-06
234 -2.01121876618565e-06
235 -2.0236901155119603e-06
236 -1.954984015306532e-06
237 -1.9603835507508695e-06
238 -2.0672817553229835e-06
239 -2.0048877762395165e-06
240 -2.044956816940335e-06
241 -2.002124689991489e-06
242 -1.9919995370296572e-06
243 -2.0824558379924454e-06
244 -2.0696844390644264e-06
245 -2.0445478520321665e-06
246 -2.0111958335339233e-06
247 -2.0179788460294913e-06
248 -2.0525692920708395e-06
249 -2.026293993641137e-06
250 -2.0436692908237317e-06
251 -2.0206890439523447e-06
252 -1.946042758011027e-06
253 -2.055013948838266e-06
254 -2.000720734335713e-06
255 -2.0512294718938055e-06
256 -2.060225452160519e-06
257 -1.9601734102724196e-06
258 -1.9419471347099738e-06
259 -1.9877611399243e-06
260 -2.0745996352309406e-06
261 -2.0517267067437244e-06
262 -1.9905364640675098e-06
263 -1.9737468750218985e-06
264 -1.994442327102147e-06
265 -2.0282205541550656e-06
266 -2.046241940426038e-06
267 -1.936855062890265e-06
268 -2.1068612023299767e-06
269 -1.9844662790598933e-06
270 -1.9574472081234638e-06
271 -2.0206625584557888e-06
272 -2.0188051254548757e-06
273 -1.9970531509307838e-06
274 -1.97751859568681e-06
275 -2.0241514043468116e-06
276 -1.9236649268248732e-06
277 -1.9509857559318257e-06
278 -1.991333463836336e-06
279 -2.075568702649617e-06
280 -2.020956075663045e-06
281 -2.0514734110688117e-06
282 -2.1040485484659774e-06
283 -2.029823003273464e-06
284 -1.951436357712738e-06
285 -1.965437618879624e-06
286 -2.0169818083259154e-06
287 -1.9950106696298825e-06
288 -1.9457041782479507e-06
289 -1.991102917695374e-06
290 -2.028287887010243e-06
291 -2.0594250944633832e-06
292 -2.0409235157167716e-06
293 -1.9596187799431444e-06
294 -2.046232391305893e-06
295 -2.0139378966365738e-06
296 -2.009732456798912e-06
297 -2.046470236542342e-06
298 -2.051682774182314e-06
299 -2.110466524640431e-06
