0 -6.556622738286589e-05
1 -6.907877635594395e-05
2 -6.455764860360851e-05
3 -6.392278290105878e-05
4 -6.589398387677637e-05
5 -6.626156580543505e-05
6 -6.627157623034866e-05
7 -6.709424486532338e-05
8 -6.734153924947475e-05
9 -6.834853967261855e-05
10 -6.439876115667202e-05
11 -6.529318403513767e-05
12 -6.558928274909588e-05
13 -6.818796260099943e-05
14 -6.854080823413225e-05
15 -6.71906780455932e-05
16 -6.917409115224606e-05
17 -6.755622102462368e-05
18 -6.942699937113246e-05
19 -6.599502594909588e-05
20 -6.605575935629063e-05
21 -6.323472016421817e-05
22 -6.675091998419367e-05
23 -6.825364673818099e-05
24 -6.686521142239991e-05
25 -6.430093193924224e-05
26 -6.716180322774318e-05
27 -6.666533151196783e-05
28 -6.528298595548818e-05
29 -6.649451366821617e-05
30 -6.69750065284762e-05
31 -6.932487380800828e-05
32 -6.562962006300858e-05
33 -6.738092689263856e-05
34 -6.720820899853237e-05
35 -6.790827400273195e-05
36 -6.667532991454107e-05
37 -6.532098041575405e-05
38 -6.70660164968429e-05
39 -6.511743275862194e-05
40 -6.569945321342215e-05
41 -6.495894502099933e-05
42 -7.007404459921017e-05
43 -6.636387747352528e-05
44 -6.828946250114061e-05
45 -6.739390460850743e-05
46 -6.66075449626634e-05
47 -6.574314671220571e-05
48 -6.594116550206999e-05
49 -6.555297800476157e-05
50 -6.681291701249623e-05
51 -6.887459581363604e-05
52 -6.595884796523536e-05
53 -6.763717679520992e-05
54 -6.504160661871358e-05
55 -6.731988766980357e-05
56 -6.627426889273037e-05
57 -6.625921918403604e-05
58 -6.740558299767753e-05
59 -6.483402059413603e-05
60 -6.599087066551368e-05
61 -6.469356478681367e-05
62 -6.581046752156495e-05
63 -6.688321667070048e-05
64 -6.617344748966149e-05
65 -6.660171605165538e-05
66 -6.68904409214076e-05
67 -6.640578592826165e-05
68 -6.780382794162528e-05
69 -6.411628545078536e-05
70 -6.76003383525214e-05
71 -6.824034366000137e-05
72 -6.581608768312252e-05
73 -6.585084954765792e-05
74 -6.41589814082182e-05
75 -6.591650447986288e-05
76 -6.763728569680298e-05
77 -6.668241233090816e-05
78 -6.621455392355735e-05
79 -6.768241171608453e-05
80 -6.746522257709859e-05
81 -6.653177793229797e-05
82 -6.886496042632511e-05
83 -6.68748143067938e-05
84 -6.688731661356716e-05
85 -6.588657819417541e-05
86 -6.689305917477971e-05
87 -6.511441767626369e-05
88 -6.704980004378712e-05
89 -6.66566648227404e-05
90 -6.56233762877775e-05
91 -6.485642250294806e-05
92 -6.761673055043332e-05
93 -6.528542258781673e-05
94 -6.734020787388137e-05
95 -6.82234507166804e-05
96 -6.802663637338979e-05
97 -6.750907815470936e-05
98 -6.601045588310354e-05
99 -6.603433477752966e-05
100 -6.758866795359084e-05
101 -6.677809701941783e-05
102 -6.593234073447105e-05
103 -6.6626079911435e-05
104 -6.657312931866803e-05
105 -6.598846207899824e-05
106 -6.693625186102322e-05
107 -6.468914121139742e-05
108 -6.833334547829186e-05
109 -6.777055068342007e-05
110 -6.609989916559877e-05
111 -6.70118232771032e-05
112 -6.745247094999712e-05
113 -6.585141410300699e-05
114 -6.601257552166222e-05
115 -6.56294060376843e-05
116 -6.915845979660754e-05
117 -6.703004394193185e-05
118 -6.431491141184611e-05
119 -6.610274459521339e-05
120 -6.742194387477529e-05
121 -6.605027295335159e-05
122 -6.7722125951738e-05
123 -6.798220531833631e-05
124 -6.572885209468511e-05
125 -6.50258110040125e-05
126 -6.526672073786797e-05
127 -6.699495166417528e-05
128 -6.70906407724458e-05
129 -6.388458490343489e-05
130 -6.701702149145923e-05
131 -6.711749052451353e-05
132 -6.625328588878364e-05
133 -6.778117929665389e-05
134 -6.698833918567003e-05
135 -6.741856486300126e-05
136 -6.387485152294431e-05
137 -6.697462487549408e-05
138 -6.619352392101728e-05
139 -6.65298116934027e-05
140 -6.666911312521011e-05
141 -6.503867708394937e-05
142 -6.839609075516025e-05
143 -6.464754803362863e-05
144 -6.779991073814156e-05
145 -6.684250050602719e-05
146 -6.797268034335185e-05
147 -6.68640386926712e-05
148 -6.602749197236965e-05
149 -6.734133923567286e-05
150 -6.588731099117392e-05
151 -6.685648410909482e-05
152 -6.591357666367257e-05
153 -6.519377200278177e-05
154 -6.754856010434383e-05
155 -6.380800042429387e-05
156 -6.696161029227098e-05
157 -6.584459273095845e-05
158 -6.710570348156685e-05
159 -6.887398434682336e-05
160 -6.804587624707502e-05
161 -6.65246969275475e-05
162 -6.628843332029666e-05
163 -6.565030404082791e-05
164 -6.632350497546821e-05
165 -6.864481039295618e-05
166 -6.798658992797523e-05
167 -6.597409785817477e-05
168 -6.685191855929612e-05
169 -6.857464922112381e-05
170 -6.851630633336133e-05
171 -6.647515627852539e-05
172 -6.568002046722211e-05
173 -6.542918792860611e-05
174 -6.73835425816748e-05
175 -6.727066418846669e-05
176 -6.631888039854276e-05
177 -6.667979266668327e-05
178 -6.798727736377082e-05
179 -6.49171559227718e-05
180 -6.665541849027767e-05
181 -6.746316475001013e-05
182 -6.715357562417213e-05
183 -6.792864265055822e-05
184 -6.413668203589663e-05
185 -6.802386064987844e-05
186 -6.454073048897698e-05
187 -6.895298086211547e-05
188 -6.839373357460715e-05
189 -6.573628114095333e-05
190 -6.788663715829408e-05
191 -6.707509571876144e-05
192 -6.641019281821884e-05
193 -6.326956939661195e-05
194 -6.69342146262014e-05
195 -6.717137941758386e-05
196 -6.57893206636004e-05
197 -6.590999583485748e-05
198 -6.749993376138466e-05
199 -6.662156991804701e-05
200 -6.724630374038857e-05
201 -6.503563535325753e-05
202 -6.552550411229988e-05
203 -6.669818904054741e-05
204 -6.563179147530974e-05
205 -6.509938279479556e-05
206 -6.71765827567343e-05
207 -6.73811967493173e-05
208 -6.578834483436843e-05
209 -6.686700634989763e-05
210 -6.701111753540057e-05
211 -6.578920678366463e-05
212 -6.696517776296252e-05
213 -6.786726461382192e-05
214 -6.65228712493443e-05
215 -6.628886528450015e-05
216 -6.643197248998099e-05
217 -6.574827618143129e-05
218 -6.56068600897124e-05
219 -6.645175927503848e-05
220 -6.856154065198336e-05
221 -6.69492780752246e-05
222 -6.589586771927234e-05
223 -6.672971489581785e-05
224 -6.522254286658142e-05
225 -6.579618625358487e-05
226 -6.707938541715671e-05
227 -6.787886102783072e-05
228 -6.558454210328623e-05
229 -6.806186072408146e-05
230 -6.708760463310322e-05
231 -6.721901999362664e-05
232 -6.559659308237717e-05
233 -6.672640907891168e-05
234 -6.667216423382627e-05
235 -6.730122317559945e-05
236 -6.500692796435117e-05
237 -6.529716570910865e-05
238 -6.692664266493988e-05
239 -6.578861199535258e-05
240 -6.732846528881399e-05
241 -6.722715780657676e-05
242 -6.63442700240681e-05
243 -6.762017590940631e-05
244 -6.734930658917823e-05
245 -6.670191509110489e-05
246 -6.554451359719831e-05
247 -6.676239698271881e-05
248 -6.657221024584975e-05
249 -6.779680007746108e-05
250 -6.744067645867094e-05
251 -6.554894723912488e-05
252 -6.581704023797575e-05
253 -6.79434279631167e-05
254 -6.566023218070434e-05
255 -6.593005046612309e-05
256 -6.819233404992006e-05
257 -6.622511547303177e-05
258 -6.630818977909122e-05
259 -6.6138303090944e-05
260 -6.844439832214726e-05
261 -6.65841459114183e-05
262 -6.609599489114184e-05
263 -6.657685244075714e-05
264 -6.797481898359376e-05
265 -6.673630401677121e-05
266 -6.718499301410952e-05
267 -6.570987719162017e-05
268 -6.650336794523467e-05
269 -6.669934253612877e-05
270 -6.658766139115504e-05
271 -6.575861118252052e-05
272 -6.49848551067401e-05
273 -6.734466989092344e-05
274 -6.465637961033103e-05
275 -6.567969864375299e-05
276 -6.49212705634343e-05
277 -6.38457818487699e-05
278 -6.52757981710873e-05
279 -6.845355352433839e-05
280 -6.676997912114896e-05
281 -6.589403017381844e-05
282 -6.697827249226006e-05
283 -6.743911090507865e-05
284 -6.54142475612846e-05
285 -6.733467696098506e-05
286 -6.522258625569241e-05
287 -6.736269215723497e-05
288 -6.603769851592848e-05
289 -6.561051537378367e-05
290 -6.831983971755532e-05
291 -6.628130352220933e-05
292 -6.542211923186797e-05
293 -6.566546305953541e-05
294 -6.723857252618894e-05
295 -6.696183887316766e-05
296 -6.68824602942455e-05
297 -6.876402474783729e-05
298 -6.88860283420942e-05
299 -6.570576846568427e-05
