0 -5.483627070120797e-05
1 -5.303719120566489e-05
2 -5.3889590145016966e-05
3 -5.1978820676720486e-05
4 -5.295278007328549e-05
5 -5.5466654659742046e-05
6 -5.577629539295475e-05
7 -5.787177595808511e-05
8 -5.592766760449698e-05
9 -5.551323699468868e-05
10 -5.310175009378093e-05
11 -5.416335709679204e-05
12 -5.48786804357348e-05
13 -5.674595575093928e-05
14 -5.390945375044461e-05
15 -5.541626158395418e-05
16 -5.859792204746191e-05
17 -5.461022250290976e-05
18 -5.6848096044445524e-05
19 -5.390038390338388e-05
20 -5.3935916421237674e-05
21 -5.260830894073206e-05
22 -5.7445501571131955e-05
23 -5.576400323215043e-05
24 -5.692134657388334e-05
25 -5.34619792010737e-05
26 -5.473280437335175e-05
27 -5.4631771652559415e-05
28 -5.681919420911028e-05
29 -5.4864342585614074e-05
30 -5.525429163982574e-05
31 -5.873337084600462e-05
32 -5.3616897812463646e-05
33 -5.6596069003101476e-05
34 -5.6021212569820075e-05
35 -5.630946223589002e-05
36 -5.6121891091479413e-05
37 -5.5110490238589516e-05
38 -5.2321797466130054e-05
39 -5.3774096773830374e-05
40 -5.370084662744938e-05
41 -5.466202209874015e-05
42 -5.8352114183111194e-05
43 -5.5706525522708166e-05
44 -6.036688319497012e-05
45 -5.729837888862918e-05
46 -5.515047851757816e-05
47 -5.393404716348921e-05
48 -5.3292197225904225e-05
49 -5.313722818475959e-05
50 -5.5658195223130266e-05
51 -5.544795621682153e-05
52 -5.506349150393049e-05
53 -5.631363142468015e-05
54 -5.3701467503191134e-05
55 -5.641893492963522e-05
56 -5.642331843663353e-05
57 -5.7250790671191974e-05
58 -5.5859540889806755e-05
59 -5.424761824428414e-05
60 -5.573387686865253e-05
61 -5.338186109567043e-05
62 -5.64765421497214e-05
63 -5.660352832506067e-05
64 -5.5292713761897804e-05
65 -5.3663409189525516e-05
66 -5.4497830435134236e-05
67 -5.492666872101788e-05
68 -5.7033777104237595e-05
69 -5.4464413587755277e-05
70 -5.502319557026079e-05
71 -5.49427840082742e-05
72 -5.470105005017792e-05
73 -5.535471769035262e-05
74 -5.5945260829809195e-05
75 -5.3908962407834036e-05
76 -5.6681352254974736e-05
77 -5.473021087027793e-05
78 -5.4607077018346434e-05
79 -5.199473331554355e-05
80 -5.485788278235509e-05
81 -5.592660229311344e-05
82 -5.600439284698973e-05
83 -5.561495098337846e-05
84 -5.3808435229416665e-05
85 -5.425413358406028e-05
86 -5.30568631764139e-05
87 -5.429935990975989e-05
88 -5.4392400599191505e-05
89 -5.356053593268611e-05
90 -5.281226867619627e-05
91 -5.207806004678606e-05
92 -5.7945669790142784e-05
93 -5.461407340496437e-05
94 -5.544745901435611e-05
95 -5.63735627498148e-05
96 -5.766513477548679e-05
97 -5.329306366339123e-05
98 -5.5127380905909464e-05
99 -5.5908187531829645e-05
100 -5.752619632348426e-05
101 -5.7969518733204164e-05
102 -5.537293753251883e-05
103 -5.431077676783658e-05
104 -5.886268894679558e-05
105 -5.389239072156016e-05
106 -5.424498368986112e-05
107 -5.4330495943928404e-05
108 -5.739473207426415e-05
109 -5.6699773105847793e-05
110 -5.558061659641774e-05
111 -5.758046566200164e-05
112 -5.431665304260171e-05
113 -5.723812166210043e-05
114 -5.411396200768047e-05
115 -5.41373930924128e-05
116 -5.581010348811489e-05
117 -5.6407117759388304e-05
118 -5.304236411880085e-05
119 -5.363087368095157e-05
120 -5.6523085931301335e-05
121 -5.5543189445920316e-05
122 -5.517223181387641e-05
123 -5.566231427407615e-05
124 -5.188069555464724e-05
125 -5.78513574912644e-05
126 -5.7162578019915344e-05
127 -5.5715787251265484e-05
128 -5.3922423276224e-05
129 -5.328024292818296e-05
130 -5.686237962088612e-05
131 -5.567242789260131e-05
132 -5.46450234173775e-05
133 -5.7511321831119316e-05
134 -5.5272741556379496e-05
135 -5.5595676388385926e-05
136 -5.2230443334106086e-05
137 -5.780765857840829e-05
138 -5.42502333636521e-05
139 -5.584632940057596e-05
140 -5.412923759442504e-05
141 -5.548026013559387e-05
142 -5.638564630712978e-05
143 -5.610617968017396e-05
144 -5.5761783812081724e-05
145 -5.761585743174413e-05
146 -5.7862648273794566e-05
147 -5.278773024767287e-05
148 -5.6545997093411304e-05
149 -5.494084707653451e-05
150 -5.332720191162348e-05
151 -5.523368243346109e-05
152 -5.242996361204819e-05
153 -5.483097607670481e-05
154 -5.720433923434064e-05
155 -5.230649207516987e-05
156 -5.444370521405535e-05
157 -5.554716757828933e-05
158 -5.629987182041685e-05
159 -5.5831244298418546e-05
160 -5.892009519632267e-05
161 -5.602866147480475e-05
162 -5.3715913410706734e-05
163 -5.614169440705069e-05
164 -5.621149146256932e-05
165 -5.613492558525293e-05
166 -5.723422000469847e-05
167 -5.477585215191017e-05
168 -5.278532552214398e-05
169 -5.698917060001627e-05
170 -5.793765975363599e-05
171 -5.603140775861937e-05
172 -5.700258811945879e-05
173 -5.651606915956098e-05
174 -5.5365283344903275e-05
175 -5.41770881840594e-05
176 -5.4973418687055136e-05
177 -5.442779299173501e-05
178 -5.453747190039716e-05
179 -5.34043788615515e-05
180 -5.34168489685989e-05
181 -5.612774388851563e-05
182 -5.7391992464262404e-05
183 -5.70075134620267e-05
184 -5.683467100868689e-05
185 -5.367957530142607e-05
186 -5.312744783416053e-05
187 -5.606298602686888e-05
188 -5.8521302487069644e-05
189 -5.396500031557375e-05
190 -5.833927602530937e-05
191 -5.4744880189235235e-05
192 -5.673388311909232e-05
193 -5.3013352809259044e-05
194 -5.41092810589933e-05
195 -5.367631349829164e-05
196 -5.169263970877232e-05
197 -5.360022566507298e-05
198 -5.575711014685105e-05
199 -5.661574018270905e-05
200 -5.6434988714544056e-05
201 -5.529197419007182e-05
202 -5.3309407215843166e-05
203 -5.514567009475475e-05
204 -5.4236183091764827e-05
205 -5.528990361915742e-05
206 -5.1119109325923575e-05
207 -5.7450784832295684e-05
208 -5.358703798204282e-05
209 -5.532851341919164e-05
210 -5.6129280170302794e-05
211 -5.52457167123358e-05
212 -5.5722469302546605e-05
213 -5.463728222208386e-05
214 -5.449519189383173e-05
215 -5.815596704161918e-05
216 -5.266321059851917e-05
217 -5.31889693787732e-05
218 -5.3409715865899135e-05
219 -5.3605749396045516e-05
220 -5.50746688440635e-05
221 -5.738579238234732e-05
222 -5.448904349855093e-05
223 -5.711321058401156e-05
224 -5.5393165581145484e-05
225 -5.305397816113147e-05
226 -5.4511611197822795e-05
227 -5.7387049770556184e-05
228 -5.5254972087616385e-05
229 -5.415949122689107e-05
230 -5.512322456273743e-05
231 -5.596627157368617e-05
232 -5.4013672984439375e-05
233 -5.395291325062661e-05
234 -5.643543208633929e-05
235 -5.563970335288475e-05
236 -5.337227317377e-05
237 -5.304993828482107e-05
238 -5.474249909816948e-05
239 -5.500950048617049e-05
240 -5.4681363486673846e-05
241 -5.543216319663656e-05
242 -5.370494155501093e-05
243 -5.5022450310376264e-05
244 -5.490586286149383e-05
245 -5.324059835788713e-05
246 -5.304574629976963e-05
247 -5.571882599481189e-05
248 -5.5419210059576876e-05
249 -5.4267984274680566e-05
250 -5.6495527369125265e-05
251 -5.530610170792791e-05
252 -5.6944760682249824e-05
253 -5.646325396212138e-05
254 -5.4985395224981956e-05
255 -5.2718867037474836e-05
256 -5.717653328550455e-05
257 -5.317402506975353e-05
258 -5.726064167570146e-05
259 -5.326071222530617e-05
260 -5.608230454821572e-05
261 -5.404503161081337e-05
262 -5.343825255693047e-05
263 -5.4574867622459144e-05
264 -5.4671924083680804e-05
265 -5.6073744074821665e-05
266 -5.6564703019422654e-05
267 -5.354062200545997e-05
268 -5.527529262836026e-05
269 -5.207074329823125e-05
270 -5.503991814237883e-05
271 -5.483175829071152e-05
272 -5.1196586772582667e-05
273 -5.6709245496436746e-05
274 -5.3645420868331565e-05
275 -5.5436994526854413e-05
276 -5.3234768803443635e-05
277 -5.564396666311802e-05
278 -5.601581104965218e-05
279 -5.6250335465246184e-05
280 -5.6217585254930606e-05
281 -5.321123450901271e-05
282 -5.565564830588025e-05
283 -5.4743001095937205e-05
284 -5.384337422497201e-05
285 -5.711914375050743e-05
286 -5.2386302350502954e-05
287 -5.540326241337575e-05
288 -5.176120456654233e-05
289 -5.332165111172965e-05
290 -5.402358219708298e-05
291 -5.294372951116481e-05
292 -5.0774491511592696e-05
293 -5.274355157602881e-05
294 -5.582517202741287e-05
295 -5.3565002021694206e-05
296 -5.455835941987608e-05
297 -5.403863089913508e-05
298 -5.470780383674206e-05
299 -5.36385857558715e-05
