0 -1.1702009724372617e-05
1 -1.0473605410236662e-05
2 -1.1323557315076016e-05
3 -1.1242511388547575e-05
4 -1.0632494001501795e-05
5 -1.1450055684553357e-05
6 -1.0933710604270674e-05
7 -1.1075130861898345e-05
8 -1.0999747038556324e-05
9 -1.046025390636541e-05
10 -1.179673379437692e-05
11 -1.1452489584051935e-05
12 -1.117163688391891e-05
13 -1.0600987002334614e-05
14 -1.038794661048763e-05
15 -1.1069479201458061e-05
16 -1.0751254122307284e-05
17 -1.1118785418710382e-05
18 -1.0413861720124034e-05
19 -1.1113797946391459e-05
20 -1.0802193723041161e-05
21 -1.2210854705921688e-05
22 -1.117746448118444e-05
23 -1.0530355971042755e-05
24 -1.1096002775293763e-05
25 -1.1475046293269102e-05
26 -1.1086366073614932e-05
27 -1.1018805281157077e-05
28 -1.1164132967637347e-05
29 -1.1199358248312149e-05
30 -1.0977063798036361e-05
31 -1.0672171589486752e-05
32 -1.1162071244710692e-05
33 -1.0726365737789164e-05
34 -1.111608192258654e-05
35 -1.061908839667036e-05
36 -1.1132222502482387e-05
37 -1.1236768363459676e-05
38 -1.0646290832637813e-05
39 -1.1409086219086538e-05
40 -1.136858031273185e-05
41 -1.1405783001417712e-05
42 -1.0594494495383562e-05
43 -1.166113811293142e-05
44 -1.0992148918200434e-05
45 -1.0785428758811986e-05
46 -1.0885165257125394e-05
47 -1.0837428775521487e-05
48 -1.0955921014703334e-05
49 -1.108770164632061e-05
50 -1.1170326990111994e-05
51 -1.016583220350143e-05
52 -1.11850887749498e-05
53 -1.0853629173843724e-05
54 -1.1306643936015765e-05
55 -1.0620911191262049e-05
56 -1.1245680010702244e-05
57 -1.1209893023600811e-05
58 -1.0767349160322185e-05
59 -1.1394466923070152e-05
60 -1.11744615710277e-05
61 -1.147479933702824e-05
62 -1.1205952914555001e-05
63 -1.1181684646030678e-05
64 -1.1007930549567574e-05
65 -1.0751725224242131e-05
66 -1.0869514818449785e-05
67 -1.1588530493727556e-05
68 -1.1193127153369054e-05
69 -1.15620611327512e-05
70 -1.0823520189595747e-05
71 -1.0405954578973729e-05
72 -1.1332317846847103e-05
73 -1.105730295343669e-05
74 -1.138506249764103e-05
75 -1.114355862760637e-05
76 -1.0892750854149108e-05
77 -1.1126663699503798e-05
78 -1.118003228875804e-05
79 -1.0702869367723143e-05
80 -1.0843433827852312e-05
81 -1.1272915602333222e-05
82 -1.0319812765723629e-05
83 -1.0957312184988657e-05
84 -1.0545618562670387e-05
85 -1.1089289457486075e-05
86 -1.0589104022828357e-05
87 -1.1212551391744465e-05
88 -1.0630409972354528e-05
89 -1.0919637867345137e-05
90 -1.1172379536883305e-05
91 -1.1015402119958888e-05
92 -1.101515425458477e-05
93 -1.126487920260694e-05
94 -1.1063517328634636e-05
95 -1.095469128079493e-05
96 -1.0514013978427636e-05
97 -1.0788715418741757e-05
98 -1.1071528115123977e-05
99 -1.1269737127572797e-05
100 -1.094712199062045e-05
101 -1.1649909167529344e-05
102 -1.1011526678222805e-05
103 -1.1126525020258898e-05
104 -1.1660437178742555e-05
105 -1.108577058673962e-05
106 -1.0959134559281472e-05
107 -1.135852856569766e-05
108 -1.1022646947942999e-05
109 -1.0800371810889633e-05
110 -1.1148301334495241e-05
111 -1.134295436477005e-05
112 -1.0656296718623898e-05
113 -1.1320760377039363e-05
114 -1.102545331046334e-05
115 -1.0901940695192941e-05
116 -1.0760810836435025e-05
117 -1.1241301041259371e-05
118 -1.1359882958294916e-05
119 -1.1114935823300854e-05
120 -1.0881925469993893e-05
121 -1.149717826491886e-05
122 -1.063657511742173e-05
123 -1.0746527833487845e-05
124 -1.0861421194616004e-05
125 -1.1638946390719275e-05
126 -1.1712112607051161e-05
127 -1.095920311878324e-05
128 -1.081411057714958e-05
129 -1.1240462109848177e-05
130 -1.1110175155401566e-05
131 -1.0979639566167524e-05
132 -1.0794944882841e-05
133 -1.094538961589998e-05
134 -1.090772942236537e-05
135 -1.0611981825495346e-05
136 -1.1268743800922307e-05
137 -1.1020942403858008e-05
138 -1.1000860896503677e-05
139 -1.119687055492888e-05
140 -1.0896864099969297e-05
141 -1.1333948181464696e-05
142 -1.099255541122731e-05
143 -1.1304622184564663e-05
144 -1.1050924950480668e-05
145 -1.11609134183282e-05
146 -1.0986972205499124e-05
147 -1.058023778975146e-05
148 -1.0810507892721418e-05
149 -1.0488837291526248e-05
150 -1.0968456520513452e-05
151 -1.0992669252041849e-05
152 -1.1129243163491324e-05
153 -1.1448209636532198e-05
154 -1.0928470024995837e-05
155 -1.128329638679296e-05
156 -1.0942583271150442e-05
157 -1.0975824789186651e-05
158 -1.1106985619318928e-05
159 -1.0259121923954051e-05
160 -1.0921948290982618e-05
161 -1.1358149327116831e-05
162 -1.1037642197671734e-05
163 -1.1500139963508745e-05
164 -1.1689015777066925e-05
165 -1.0897954615162803e-05
166 -1.097851911252051e-05
167 -1.1190496310774818e-05
168 -1.1070000901568209e-05
169 -1.048611775392752e-05
170 -1.0770805005298256e-05
171 -1.1205479991986836e-05
172 -1.160903942120972e-05
173 -1.114841026405716e-05
174 -1.0984615050191573e-05
175 -1.089218094921037e-05
176 -1.0998612296371356e-05
177 -1.0873516919664526e-05
178 -1.06734664108815e-05
179 -1.1266101349783385e-05
180 -1.0921866230113092e-05
181 -1.0871522728932103e-05
182 -1.0941545258229547e-05
183 -1.0864325485888348e-05
184 -1.1702150409632698e-05
185 -1.0574734122393815e-05
186 -1.107227375180345e-05
187 -1.0665541283702371e-05
188 -1.0922469222605538e-05
189 -1.0794154611702188e-05
190 -1.0808967427490592e-05
191 -1.0946607484349886e-05
192 -1.090838410146634e-05
193 -1.184287159714004e-05
194 -1.0668453550883315e-05
195 -1.071366470060678e-05
196 -1.116461862591552e-05
197 -1.0846591655912957e-05
198 -1.107459980093519e-05
199 -1.1002737519907519e-05
200 -1.0901536587704602e-05
201 -1.1682653547638006e-05
202 -1.1161249629071314e-05
203 -1.0820613377658232e-05
204 -1.1053832435632448e-05
205 -1.129954090795344e-05
206 -1.0696308323487586e-05
207 -1.0774222090460923e-05
208 -1.0981023262286314e-05
209 -1.0764211665471414e-05
210 -1.1016869080946976e-05
211 -1.1146917233308844e-05
212 -1.116876117290425e-05
213 -1.0721754972796478e-05
214 -1.1141424401525296e-05
215 -1.1317446663601915e-05
216 -1.0733386904694418e-05
217 -1.1076689048720898e-05
218 -1.0911984151892092e-05
219 -1.1026553108046683e-05
220 -1.0614998228154808e-05
221 -1.0587387483840235e-05
222 -1.1096545637709545e-05
223 -1.0965709919879353e-05
224 -1.119537117316798e-05
225 -1.0961158180158032e-05
226 -1.0834739665799326e-05
227 -1.0950500668114743e-05
228 -1.138517901973547e-05
229 -1.0612003935157068e-05
230 -1.0623332976620233e-05
231 -1.0699953608286144e-05
232 -1.1143449182834658e-05
233 -1.0955585100174785e-05
234 -1.1526899713379375e-05
235 -1.0742278710999117e-05
236 -1.1286254051873062e-05
237 -1.0765756502572379e-05
238 -1.0953643697907134e-05
239 -1.1369412147077911e-05
240 -1.0788587230148374e-05
241 -1.0932822767259188e-05
242 -1.1042579244077925e-05
243 -1.0765207350778298e-05
244 -1.1009845296391931e-05
245 -1.0752191885097106e-05
246 -1.1029977358789168e-05
247 -1.1139782183104305e-05
248 -1.1208688285664166e-05
249 -1.058658365137065e-05
250 -1.1046544884728673e-05
251 -1.1644710035937426e-05
252 -1.1431490816196865e-05
253 -1.0595584433155365e-05
254 -1.0873930879831152e-05
255 -1.1067223224562367e-05
256 -1.0774875465098575e-05
257 -1.1187157103810131e-05
258 -1.121032924389449e-05
259 -1.1087581346002495e-05
260 -1.0837903500317085e-05
261 -1.0645524150162713e-05
262 -1.1213902681053958e-05
263 -1.0850016073494762e-05
264 -1.1038413446721234e-05
265 -1.0994722153697066e-05
266 -1.0909253989654556e-05
267 -1.1098523261804052e-05
268 -1.130549801929674e-05
269 -1.0576976704284643e-05
270 -1.0740833057001993e-05
271 -1.1048970074362373e-05
272 -1.0962111548276286e-05
273 -1.1027938701752615e-05
274 -1.137137084327061e-05
275 -1.1109288057960741e-05
276 -1.0853141121885588e-05
277 -1.1485645595722026e-05
278 -1.1151528443622391e-05
279 -1.0694788304362614e-05
280 -1.1130325219412612e-05
281 -1.0965050283763862e-05
282 -1.0913689953527242e-05
283 -1.0743622485697994e-05
284 -1.1407475528006958e-05
285 -1.0807624626346851e-05
286 -1.0881427969460788e-05
287 -1.103205668869184e-05
288 -1.0694558711742457e-05
289 -1.0788235998727692e-05
290 -1.0524111316452024e-05
291 -1.1178836503933138e-05
292 -1.136690140211746e-05
293 -1.1055559508796885e-05
294 -1.0858355129336576e-05
295 -1.0777534251705508e-05
296 -1.0661598364927495e-05
297 -1.0638915233555893e-05
298 -1.0784010315368279e-05
299 -1.1072810966015751e-05
