0 -1.845271674673308e-05
1 -1.4772756734802784e-05
2 -1.8053121600041873e-05
3 -1.6325440531762582e-05
4 -1.637612119821274e-05
5 -1.8884030393370482e-05
6 -1.933157413061109e-05
7 -2.1302727520701272e-05
8 -1.8878291334844014e-05
9 -1.80309757310992e-05
10 -1.7049664733161153e-05
11 -1.7837041189674124e-05
12 -1.8694417502514102e-05
13 -1.9546715204645018e-05
14 -1.60203477347991e-05
15 -1.8471673954211927e-05
16 -2.0956960004717943e-05
17 -1.708058818651787e-05
18 -1.9089793772865176e-05
19 -1.7342823046407606e-05
20 -1.745163142224688e-05
21 -1.7101947220535018e-05
22 -2.0927478611102297e-05
23 -1.8376289053435303e-05
24 -2.0385926020916735e-05
25 -1.75427890131149e-05
26 -1.7745522774163247e-05
27 -1.7765483757165135e-05
28 -2.107820926346377e-05
29 -1.818787144781793e-05
30 -1.8434994350209996e-05
31 -2.104122483057062e-05
32 -1.7181252131037836e-05
33 -1.9832818893366985e-05
34 -1.9176059549796813e-05
35 -1.9188960397807722e-05
36 -1.9467407621586795e-05
37 -1.9157787165761897e-05
38 -1.4989888684780052e-05
39 -1.7607631700101197e-05
40 -1.7216452484360635e-05
41 -1.8683218962073164e-05
42 -2.024299713513334e-05
43 -1.8931926155584837e-05
44 -2.3456059798701706e-05
45 -2.0478844371691432e-05
46 -1.8586499027070973e-05
47 -1.7609895673968892e-05
48 -1.670452289897225e-05
49 -1.669099891146929e-05
50 -1.895168159276342e-05
51 -1.7764589776125796e-05
52 -1.8772826360939592e-05
53 -1.9224203292869576e-05
54 -1.7588954210384913e-05
55 -1.9750283831731287e-05
56 -2.0049850542560746e-05
57 -2.0933224931856203e-05
58 -1.87994029336381e-05
59 -1.827040949445443e-05
60 -1.9400641969548088e-05
61 -1.7385753771333616e-05
62 -2.0356229508743204e-05
63 -1.9844244843238188e-05
64 -1.88803885021255e-05
65 -1.6911506778826004e-05
66 -1.765819803154058e-05
67 -1.8036692770694876e-05
68 -1.9864428575089576e-05
69 -1.8767532956941348e-05
70 -1.7823405547872996e-05
71 -1.7563415934570302e-05
72 -1.8346310050137972e-05
73 -1.9188608820541707e-05
74 -2.0836713910939468e-05
75 -1.7479707818037773e-05
76 -1.9715573415940812e-05
77 -1.7986465215773623e-05
78 -1.7979157554401554e-05
79 -1.4327328748478681e-05
80 -1.7590085346495878e-05
81 -1.9233167000355605e-05
82 -1.8482273662992973e-05
83 -1.8936970884159655e-05
84 -1.6958723069889587e-05
85 -1.7851159506030504e-05
86 -1.6115553025535296e-05
87 -1.832787449608146e-05
88 -1.7477782495054377e-05
89 -1.663303979387419e-05
90 -1.6245683567900984e-05
91 -1.6022725151949037e-05
92 -2.098039617070873e-05
93 -1.8512071517735637e-05
94 -1.841187051178142e-05
95 -1.8857992251681237e-05
96 -2.0676246601348926e-05
97 -1.5837015949818178e-05
98 -1.8786990027301902e-05
99 -1.9621359970954368e-05
100 -2.0675237689781954e-05
101 -2.121964677226517e-05
102 -1.9227494392265873e-05
103 -1.7426625446927457e-05
104 -2.2369758457869317e-05
105 -1.725054708591456e-05
106 -1.729225459755524e-05
107 -1.858911124078022e-05
108 -1.9961556770895936e-05
109 -1.9617678973164813e-05
110 -1.9283931407405465e-05
111 -2.0893297977981805e-05
112 -1.7152893577972546e-05
113 -2.115433148474278e-05
114 -1.7563235577692517e-05
115 -1.7890890681555484e-05
116 -1.7717112477597657e-05
117 -1.9569190629788815e-05
118 -1.7390878699109434e-05
119 -1.7015956618604493e-05
120 -1.960542639413617e-05
121 -1.9109707644849866e-05
122 -1.8076342610863458e-05
123 -1.828371564011306e-05
124 -1.534246001577818e-05
125 -2.223047290653113e-05
126 -2.128253366706641e-05
127 -1.8840967222904643e-05
128 -1.6833071274385116e-05
129 -1.7884795822091068e-05
130 -2.012840783146598e-05
131 -1.8681003436196538e-05
132 -1.8302049968181636e-05
133 -2.046880302949639e-05
134 -1.8453790328115148e-05
135 -1.867841695831403e-05
136 -1.655136259714526e-05
137 -2.1330575026166478e-05
138 -1.7645625383010316e-05
139 -1.9126276192941608e-05
140 -1.7337292071129123e-05
141 -1.9678185246128936e-05
142 -1.8858218411660212e-05
143 -2.0725523624652266e-05
144 -1.8409945545111466e-05
145 -2.098346648373023e-05
146 -2.0805166797663238e-05
147 -1.5761519706151e-05
148 -2.0560419163919428e-05
149 -1.8115377372166643e-05
150 -1.6848739840327093e-05
151 -1.8541106549777957e-05
152 -1.5618849921396468e-05
153 -1.8768290733021476e-05
154 -2.0464152329054375e-05
155 -1.682633320345739e-05
156 -1.734471369514589e-05
157 -1.954103888728893e-05
158 -1.9533140119243774e-05
159 -1.824889996349032e-05
160 -2.1904240796395555e-05
161 -1.9276643759994537e-05
162 -1.695907838002625e-05
163 -1.9938077114971704e-05
164 -1.9635716761771105e-05
165 -1.8420278028265493e-05
166 -2.0020927322297623e-05
167 -1.837889702391791e-05
168 -1.563951557532382e-05
169 -1.954538488798729e-05
170 -2.0682659334002068e-05
171 -1.9472179274377498e-05
172 -2.0833287019012864e-05
173 -2.0742666568636153e-05
174 -1.8188513044689454e-05
175 -1.7024578355238892e-05
176 -1.847279270727219e-05
177 -1.7615814093790122e-05
178 -1.7106536327802386e-05
179 -1.735905954998435e-05
180 -1.6478393093331913e-05
181 -1.91114509369837e-05
182 -2.072614574687311e-05
183 -1.9922117884948504e-05
184 -2.1647017709470993e-05
185 -1.6139918387102135e-05
186 -1.7375519804039956e-05
187 -1.8268261507164243e-05
188 -2.1298141680130032e-05
189 -1.772082828979396e-05
190 -2.1399084496434182e-05
191 -1.7770451802831432e-05
192 -2.044911949914849e-05
193 -1.7646885661483845e-05
194 -1.717613456230413e-05
195 -1.6474961855293725e-05
196 -1.487335829452448e-05
197 -1.7263284300289833e-05
198 -1.861906814667824e-05
199 -2.0109728687065952e-05
200 -1.9650239909430924e-05
201 -1.9308551109021762e-05
202 -1.6789389418060615e-05
203 -1.854247302692931e-05
204 -1.802623413289036e-05
205 -1.9400578113859526e-05
206 -1.3560630431789787e-05
207 -2.0746294913706558e-05
208 -1.723033475355238e-05
209 -1.8544027939616133e-05
210 -1.9401835246678722e-05
211 -1.8917791920568122e-05
212 -1.8842560232480277e-05
213 -1.7269224298747514e-05
214 -1.764654782351668e-05
215 -2.1979955110700057e-05
216 -1.585929593841502e-05
217 -1.6701140611794226e-05
218 -1.699272782491353e-05
219 -1.6719235995645156e-05
220 -1.7402524191540235e-05
221 -2.1096683529328593e-05
222 -1.8095730480685864e-05
223 -2.07290192352125e-05
224 -1.966461873595652e-05
225 -1.655964636501677e-05
226 -1.7629039911870064e-05
227 -2.034236311790287e-05
228 -1.9046398519902893e-05
229 -1.6623915828909935e-05
230 -1.838529604161128e-05
231 -1.9187431825265735e-05
232 -1.7690428349991967e-05
233 -1.7135215672966683e-05
234 -1.9720695672067e-05
235 -1.8761364027286327e-05
236 -1.7220517443018884e-05
237 -1.705160947347838e-05
238 -1.7794963495418194e-05
239 -1.8625238151326752e-05
240 -1.7551226531386062e-05
241 -1.8488372850483547e-05
242 -1.6933842457454162e-05
243 -1.7773152756990194e-05
244 -1.7737608059792486e-05
245 -1.625379100070007e-05
246 -1.6626261850356922e-05
247 -1.9036146928549085e-05
248 -1.8682850270311222e-05
249 -1.7002384796956696e-05
250 -1.9471420306621952e-05
251 -1.899442886013171e-05
252 -2.081070174845193e-05
253 -1.945491686378716e-05
254 -1.894643715777999e-05
255 -1.6074900165703366e-05
256 -1.988557436219903e-05
257 -1.6302388462584956e-05
258 -2.0995268092066015e-05
259 -1.6421937293713246e-05
260 -1.8531189236596424e-05
261 -1.731046414539066e-05
262 -1.6691093324667144e-05
263 -1.7920488017849626e-05
264 -1.7108813902903237e-05
265 -1.953485374688044e-05
266 -1.987494117246665e-05
267 -1.7118960534697477e-05
268 -1.838014414890932e-05
269 -1.5028894881781664e-05
270 -1.8521976224852225e-05
271 -1.8501917451123815e-05
272 -1.4901965798547738e-05
273 -1.9795674464598012e-05
274 -1.7672236270188967e-05
275 -1.925766002054284e-05
276 -1.7453684929536607e-05
277 -2.0494282089395663e-05
278 -2.0192897679436785e-05
279 -1.8718974785107826e-05
280 -1.9512703050711177e-05
281 -1.6668978485830935e-05
282 -1.873581217037927e-05
283 -1.7598106754808674e-05
284 -1.751200504216489e-05
285 -2.0403663562975384e-05
286 -1.620944982302835e-05
287 -1.8357531822675776e-05
288 -1.5115055219644428e-05
289 -1.7135361178382203e-05
290 -1.649065183385284e-05
291 -1.600675876423887e-05
292 -1.3944288383294457e-05
293 -1.630190695913522e-05
294 -1.8894927700717064e-05
295 -1.6592464485677934e-05
296 -1.784012702442683e-05
297 -1.6087030097123345e-05
298 -1.6767554647519872e-05
299 -1.7164935639779416e-05
