0 -1.6795163594176645e-05
1 -1.6512430663317515e-05
2 -1.765642266993564e-05
3 -1.401983412818873e-05
4 -1.6488483937853487e-05
5 -1.560123818699243e-05
6 -1.682633043459654e-05
7 -1.9092935374914747e-05
8 -1.7069774530756407e-05
9 -1.5751281902261912e-05
10 -1.6726206513601537e-05
11 -1.908569778252007e-05
12 -1.8045300860336153e-05
13 -1.8120644940055953e-05
14 -1.7978692597138088e-05
15 -1.6415795174487282e-05
16 -1.9457921123750758e-05
17 -1.7690530593363064e-05
18 -1.7277389943098764e-05
19 -1.74157148153361e-05
20 -1.6857443762369368e-05
21 -1.582249892891534e-05
22 -1.573133541100202e-05
23 -1.9809365886799272e-05
24 -1.6089076218544373e-05
25 -1.6720433544466318e-05
26 -1.7246131226229336e-05
27 -1.6508959885311283e-05
28 -1.7073777395272285e-05
29 -1.773284325466479e-05
30 -1.7782719534671e-05
31 -1.568220116453186e-05
32 -1.4609094259841028e-05
33 -1.7181985825554728e-05
34 -1.721454581439807e-05
35 -1.827041793474444e-05
36 -1.8216164998984798e-05
37 -1.790069170765853e-05
38 -1.7470866485085543e-05
39 -1.4971796031213108e-05
40 -1.5906255717244e-05
41 -1.6856026410782946e-05
42 -1.702348778749568e-05
43 -1.6462069292567082e-05
44 -1.609790640380976e-05
45 -1.932712561784559e-05
46 -1.8545052738299363e-05
47 -1.7344902480578013e-05
48 -1.7560708701980566e-05
49 -1.6615331975785623e-05
50 -1.6134891796152033e-05
51 -1.579481920333958e-05
52 -1.6482425574521772e-05
53 -1.7760436800711797e-05
54 -1.6745282292714347e-05
55 -1.8010390112470975e-05
56 -1.863465709538069e-05
57 -1.6689422420144774e-05
58 -1.7313370809369543e-05
59 -1.774598021403054e-05
60 -1.7955313685091245e-05
61 -1.8011431785150943e-05
62 -1.8253494125909704e-05
63 -1.8420552794591128e-05
64 -1.616215548596043e-05
65 -1.4556849828518804e-05
66 -1.6917935636298585e-05
67 -1.697819898730591e-05
68 -1.9594650289900198e-05
69 -1.5598496067777868e-05
70 -1.4771971646869134e-05
71 -1.5938083643912413e-05
72 -1.787306904864079e-05
73 -1.6438780786486962e-05
74 -1.723705609960677e-05
75 -1.712554993621606e-05
76 -1.742896933306452e-05
77 -1.7027398242760293e-05
78 -1.7797884905008216e-05
79 -1.637988316384736e-05
80 -1.3790186925759273e-05
81 -1.6406939155397644e-05
82 -1.634139127667456e-05
83 -1.6235192029296757e-05
84 -1.4936425500847002e-05
85 -1.8136984468650755e-05
86 -1.5991629113384037e-05
87 -1.5827336732750434e-05
88 -1.5623568798017024e-05
89 -1.5239580008545662e-05
90 -1.8001965086833226e-05
91 -1.6755248369028243e-05
92 -1.7556890303431326e-05
93 -1.663898130068844e-05
94 -1.7496636380631215e-05
95 -1.6878004981182374e-05
96 -1.784377751312598e-05
97 -1.6692341714834087e-05
98 -1.6827693722955898e-05
99 -1.5471622345731466e-05
100 -1.7196040685259045e-05
101 -1.7356779313801572e-05
102 -1.63889811960572e-05
103 -1.6839802708992838e-05
104 -1.64785382613878e-05
105 -1.9272149457648312e-05
106 -1.885570374413734e-05
107 -1.7121306224891125e-05
108 -1.710697084326913e-05
109 -1.4669937845180452e-05
110 -1.7452950608054775e-05
111 -1.7069827939212288e-05
112 -1.583726345965672e-05
113 -1.8099883753479255e-05
114 -1.7331932762673196e-05
115 -1.775758463282314e-05
116 -1.713769003817227e-05
117 -1.7267292051370036e-05
118 -1.6782241547972097e-05
119 -1.8146937899574135e-05
120 -1.7869686430700188e-05
121 -1.7902616204281427e-05
122 -1.6539940513583286e-05
123 -1.494484988517914e-05
124 -1.7403831803842367e-05
125 -1.8029844223424027e-05
126 -1.821407713458822e-05
127 -1.7124296420788215e-05
128 -1.7017327077511085e-05
129 -1.707949103054076e-05
130 -1.832004903328423e-05
131 -1.6827553829849386e-05
132 -1.724726118886063e-05
133 -1.6864752183961136e-05
134 -1.9345681836370237e-05
135 -1.740813670592451e-05
136 -1.5886691738174892e-05
137 -1.882449112361301e-05
138 -1.874225938551885e-05
139 -1.6699181721178175e-05
140 -1.6876343921738144e-05
141 -1.8087111295460276e-05
142 -1.8499653624876165e-05
143 -1.8135790124655138e-05
144 -1.681729588734899e-05
145 -1.547249436459924e-05
146 -1.84553822724269e-05
147 -1.791948060801256e-05
148 -1.643775790817483e-05
149 -1.6913213987504557e-05
150 -1.694228710562158e-05
151 -1.7289556603432148e-05
152 -1.876994022915659e-05
153 -1.8035877829191955e-05
154 -1.5978952823564557e-05
155 -1.6844056800531977e-05
156 -1.629653641307315e-05
157 -1.9388635752929835e-05
158 -1.5221650380005753e-05
159 -1.7505894064949404e-05
160 -1.7844298350089036e-05
161 -1.7524993927269624e-05
162 -1.7304080226606177e-05
163 -1.6732660052944916e-05
164 -1.995842186012747e-05
165 -1.7909156965468222e-05
166 -1.7362023776920958e-05
167 -1.6014544585890427e-05
168 -1.6963865964964948e-05
169 -1.8219731113440008e-05
170 -1.7655223520290977e-05
171 -1.640630335109192e-05
172 -1.5514870492710826e-05
173 -1.8465838732469284e-05
174 -1.8268270983093378e-05
175 -1.6724058350168187e-05
176 -1.685123656743708e-05
177 -1.7476491194899774e-05
178 -1.677972082470604e-05
179 -1.6923306252274e-05
180 -2.0477376604569284e-05
181 -1.6489445451538846e-05
182 -1.9315611016369656e-05
183 -1.7770199518548e-05
184 -1.914777204454939e-05
185 -1.9191712410094075e-05
186 -1.7030792993669476e-05
187 -1.823320003757435e-05
188 -1.8039408596487853e-05
189 -1.8316008129858845e-05
190 -1.7834057185768317e-05
191 -1.7041597726438916e-05
192 -1.654552546874929e-05
193 -1.6769714542317183e-05
194 -1.600877488366293e-05
195 -1.8933530698948803e-05
196 -1.8760325116849556e-05
197 -1.3826091225964523e-05
198 -1.6971498986201646e-05
199 -1.745816117975395e-05
200 -1.7418050673143573e-05
201 -1.6472447710699247e-05
202 -1.6293756523060053e-05
203 -1.7355297080527583e-05
204 -1.6310260159573024e-05
205 -1.5451637571904802e-05
206 -1.6123741866159244e-05
207 -1.6923359514302098e-05
208 -1.8550355766135783e-05
209 -1.723670053065677e-05
210 -1.784060019723413e-05
211 -1.5927592042412276e-05
212 -1.712759860423955e-05
213 -1.7787746681579547e-05
214 -1.7863983766137703e-05
215 -1.8253542916361695e-05
216 -1.5528000681615857e-05
217 -1.636286144871357e-05
218 -1.3364603860398367e-05
219 -1.9255642839541873e-05
220 -1.6669029292805634e-05
221 -1.5675919248806125e-05
222 -1.561204325877308e-05
223 -1.627425607757667e-05
224 -1.7958673690322332e-05
225 -1.63815867017558e-05
226 -1.6107973431007736e-05
227 -1.7309218600720187e-05
228 -1.4572122025594946e-05
229 -1.87973143400871e-05
230 -1.8705759800113083e-05
231 -1.60454023447246e-05
232 -1.6745632350035988e-05
233 -1.7166219231713785e-05
234 -1.7517230642693433e-05
235 -1.663368624937209e-05
236 -1.6076320463098247e-05
237 -1.799226916764115e-05
238 -1.7489212266042052e-05
239 -1.7577077668319673e-05
240 -1.6191967386416288e-05
241 -1.7791285129839914e-05
242 -1.8050181660246143e-05
243 -1.646139851535248e-05
244 -1.5232784968932681e-05
245 -1.60062616687498e-05
246 -1.636504285091555e-05
247 -1.755518158721647e-05
248 -1.7991601467048866e-05
249 -1.7590357683880225e-05
250 -1.7582318862312356e-05
251 -1.7563617471619802e-05
252 -1.7987480712376954e-05
253 -1.7501122363285293e-05
254 -1.603875110417812e-05
255 -1.5599408853340273e-05
256 -1.7357208498074793e-05
257 -1.8062206488938057e-05
258 -1.7044126378644984e-05
259 -1.7007844605540676e-05
260 -1.6192579595387425e-05
261 -1.5037382850407037e-05
262 -1.7231039699123588e-05
263 -1.6870177618199208e-05
264 -1.7236553301522924e-05
265 -1.7460147171322074e-05
266 -1.7290115084902364e-05
267 -1.4944574431420173e-05
268 -1.7169386290361167e-05
269 -1.772330213005493e-05
270 -1.6617444317073094e-05
271 -1.8692788041604458e-05
272 -1.603077323997134e-05
273 -1.9019340398092575e-05
274 -1.6682141405527106e-05
275 -1.676805442889912e-05
276 -1.6844275055889364e-05
277 -1.5701022059867473e-05
278 -1.737974417819888e-05
279 -1.7651124458157533e-05
280 -1.7147398361540326e-05
281 -1.6676726206010122e-05
282 -1.7228026743409484e-05
283 -1.717621832080551e-05
284 -1.6519074479833087e-05
285 -1.655722833333872e-05
286 -1.8880999372346578e-05
287 -1.4704121861224054e-05
288 -1.7112267339373063e-05
289 -1.7992196449888607e-05
290 -1.7187940406931007e-05
291 -1.58547391792776e-05
292 -1.6397599177463192e-05
293 -1.8222229342000597e-05
294 -1.6328056548554983e-05
295 -1.7442146915739818e-05
296 -1.6291411751569845e-05
297 -1.5252498263475917e-05
298 -1.727129910608385e-05
299 -1.6571627992856858e-05
