0 -1.0117043688476554e-05
1 -9.478888037867613e-06
2 -9.596022714482826e-06
3 -1.0564168237707302e-05
4 -9.477433718162831e-06
5 -9.633497313096458e-06
6 -1.0145188951820795e-05
7 -9.44182787788181e-06
8 -9.113886846788996e-06
9 -9.862124451469051e-06
10 -9.293475740391599e-06
11 -8.7437987370073e-06
12 -9.631569323093804e-06
13 -9.161939902367761e-06
14 -8.734165275700183e-06
15 -9.662115958171e-06
16 -9.548887500496475e-06
17 -9.815087374723357e-06
18 -9.20378521714961e-06
19 -9.830444014670904e-06
20 -9.454737468071888e-06
21 -9.577404056173841e-06
22 -9.579190004889265e-06
23 -9.13488240159275e-06
24 -9.256094276103137e-06
25 -9.650669362519714e-06
26 -9.484503366503032e-06
27 -9.560120581226661e-06
28 -9.506016598507872e-06
29 -9.724619053312532e-06
30 -1.004367685325676e-05
31 -1.019443011027312e-05
32 -9.77977602987007e-06
33 -1.01008869631775e-05
34 -8.826978351785783e-06
35 -8.855339757984465e-06
36 -9.135910115501468e-06
37 -9.168289694371911e-06
38 -9.42871240849156e-06
39 -9.184834492783464e-06
40 -9.306025614673596e-06
41 -9.933433725930533e-06
42 -9.41931093086279e-06
43 -9.786621209822483e-06
44 -9.906518621408273e-06
45 -8.913470193561863e-06
46 -9.156220517923114e-06
47 -1.0105682003662409e-05
48 -9.322399182179783e-06
49 -9.002696466031266e-06
50 -9.828277534292146e-06
51 -1.026290520459612e-05
52 -9.871043262494492e-06
53 -9.578730526955692e-06
54 -9.602755015384496e-06
55 -9.48603173908802e-06
56 -8.625742882504244e-06
57 -9.38770231974501e-06
58 -9.718659432414375e-06
59 -9.071125363187645e-06
60 -9.776853949100937e-06
61 -9.4616529778538e-06
62 -9.814378353233492e-06
63 -9.534673773809312e-06
64 -9.975720453377727e-06
65 -1.0352380120208402e-05
66 -9.502419069001651e-06
67 -9.68780380802571e-06
68 -8.15708724458062e-06
69 -1.040896912642868e-05
70 -9.72236663996932e-06
71 -9.721899014313654e-06
72 -9.58030629162104e-06
73 -9.96379295195081e-06
74 -8.921386167563453e-06
75 -1.0056200082457613e-05
76 -8.658170724443889e-06
77 -9.094066742908681e-06
78 -9.47504272395126e-06
79 -9.769326501923597e-06
80 -9.61787671104637e-06
81 -9.719176230743124e-06
82 -9.629694134107466e-06
83 -1.0193160167221502e-05
84 -9.419138137928614e-06
85 -9.294245502558393e-06
86 -9.97050392504288e-06
87 -9.862183753798623e-06
88 -9.259334404194598e-06
89 -1.0868591254308874e-05
90 -9.06191172974744e-06
91 -1.0644566613284251e-05
92 -9.419962728808799e-06
93 -9.690204125809453e-06
94 -9.213526238793736e-06
95 -9.660741574193875e-06
96 -9.603243692514589e-06
97 -9.54376423826486e-06
98 -1.0385077078637075e-05
99 -1.0024541827432902e-05
100 -9.467539951878801e-06
101 -9.535484352410799e-06
102 -9.740097938605061e-06
103 -1.0084425713850502e-05
104 -9.310261919856515e-06
105 -9.188016975185044e-06
106 -9.583999560544907e-06
107 -9.238096220369402e-06
108 -9.260473206976644e-06
109 -1.0087761682951561e-05
110 -9.252540073435416e-06
111 -1.0133572014373814e-05
112 -9.03762964381193e-06
113 -9.004032550553089e-06
114 -9.250449322598315e-06
115 -9.291409008006169e-06
116 -9.195743338903883e-06
117 -9.753582669308701e-06
118 -9.710970448793523e-06
119 -9.074634284359642e-06
120 -9.68478287205302e-06
121 -9.183233819805707e-06
122 -1.0104667876524915e-05
123 -9.86552163928397e-06
124 -9.033213952452426e-06
125 -9.372936427879896e-06
126 -9.087015693757295e-06
127 -9.417764566746357e-06
128 -1.0006222763871664e-05
129 -1.0530588343810376e-05
130 -9.959278292565286e-06
131 -9.251363704135826e-06
132 -9.32539343150421e-06
133 -9.615283519155985e-06
134 -9.801433077960055e-06
135 -9.49313095823119e-06
136 -9.799185938368591e-06
137 -8.596084730746518e-06
138 -9.507430317144963e-06
139 -8.952185624647975e-06
140 -9.963111696629342e-06
141 -8.800662325199479e-06
142 -8.650956744531561e-06
143 -9.060943109862978e-06
144 -1.0010284634147612e-05
145 -9.669651820861714e-06
146 -9.531261609825075e-06
147 -9.751215051618766e-06
148 -9.520252566295105e-06
149 -9.077209906715793e-06
150 -9.832417719287132e-06
151 -1.0213216711778233e-05
152 -9.436972927124466e-06
153 -9.346473159350181e-06
154 -9.789245484286467e-06
155 -1.0272445709836795e-05
156 -9.520815590419491e-06
157 -9.649446638868192e-06
158 -1.0274801133069938e-05
159 -9.18476753953313e-06
160 -9.379486043555277e-06
161 -9.20608291100204e-06
162 -9.962561688962684e-06
163 -9.847209763837042e-06
164 -8.545454352102286e-06
165 -9.355595894442681e-06
166 -9.026032057963988e-06
167 -9.947994586464055e-06
168 -9.449333810206802e-06
169 -9.191209148969132e-06
170 -9.092121979292122e-06
171 -9.73078310367031e-06
172 -9.883891421182702e-06
173 -9.333245420872637e-06
174 -9.716234215940049e-06
175 -9.470948239386812e-06
176 -9.545826805744139e-06
177 -9.377732058268466e-06
178 -9.458006572146429e-06
179 -8.867207260583902e-06
180 -8.977333862633558e-06
181 -9.180737797798688e-06
182 -9.027545923363075e-06
183 -9.636797937142312e-06
184 -9.312108713846071e-06
185 -9.562953010977448e-06
186 -9.562798025802801e-06
187 -9.753971470564501e-06
188 -9.069960718992462e-06
189 -9.055402405381658e-06
190 -9.282871237599116e-06
191 -1.024526402325377e-05
192 -8.913020576945042e-06
193 -9.678453513297777e-06
194 -9.970355544248796e-06
195 -9.76144807647451e-06
196 -9.018385793785746e-06
197 -1.0853345588889929e-05
198 -9.597343691330114e-06
199 -8.89049172295919e-06
200 -8.954379839555667e-06
201 -9.661991914713907e-06
202 -9.464056784997504e-06
203 -9.789097368984553e-06
204 -1.00499151492942e-05
205 -9.834799853100051e-06
206 -9.948083073408809e-06
207 -9.871675929884193e-06
208 -9.759052197592517e-06
209 -9.500192274222701e-06
210 -1.0047754866236204e-05
211 -1.0566044370374979e-05
212 -8.916028468614328e-06
213 -9.788272865180505e-06
214 -9.627991979339748e-06
215 -1.0233183016755915e-05
216 -1.0560420676859616e-05
217 -9.400620009800245e-06
218 -1.0095076150269227e-05
219 -8.656686842449796e-06
220 -1.0512536995151774e-05
221 -9.853096109706838e-06
222 -9.898005686795396e-06
223 -9.883223782360423e-06
224 -9.46540470869367e-06
225 -1.013336065492439e-05
226 -9.779803221848865e-06
227 -9.569777040984555e-06
228 -1.0475331653501422e-05
229 -9.164345718668248e-06
230 -9.163548142541917e-06
231 -9.94822658953207e-06
232 -9.650449229866606e-06
233 -9.46931265286184e-06
234 -9.718490087754878e-06
235 -9.437988514350585e-06
236 -9.779825985920402e-06
237 -9.601141945676687e-06
238 -9.31487911815188e-06
239 -9.87827692666031e-06
240 -9.036509030856279e-06
241 -9.133646528715697e-06
242 -9.451572037036219e-06
243 -1.0518182381319948e-05
244 -9.85037670051479e-06
245 -1.040909318851528e-05
246 -9.687744208425065e-06
247 -8.765178121606313e-06
248 -8.838245035246846e-06
249 -9.459727398536648e-06
250 -8.766890668260872e-06
251 -9.605974408097762e-06
252 -9.047162018756182e-06
253 -8.805532978062986e-06
254 -1.0226188025448149e-05
255 -9.589265677718948e-06
256 -9.5277860045718e-06
257 -8.957783431275647e-06
258 -9.826886239126053e-06
259 -9.46558720892521e-06
260 -9.83878465565772e-06
261 -1.0152096663910934e-05
262 -9.804431189402757e-06
263 -9.74414657039667e-06
264 -9.711918853369303e-06
265 -9.862529007883414e-06
266 -9.473065641726779e-06
267 -1.0551967901346273e-05
268 -9.707187487214363e-06
269 -8.79355175056588e-06
270 -9.474120247523931e-06
271 -8.849025048285352e-06
272 -9.837225151657705e-06
273 -9.906082954247851e-06
274 -9.593360576449108e-06
275 -1.0294556424065687e-05
276 -8.890481436102372e-06
277 -1.0297756661686802e-05
278 -9.199527973859996e-06
279 -8.932492396415115e-06
280 -9.707404393596934e-06
281 -9.182670035005841e-06
282 -1.0111344315278693e-05
283 -9.273052048932195e-06
284 -1.0502490943258715e-05
285 -8.932890318016273e-06
286 -9.424739624103176e-06
287 -1.0429645298305645e-05
288 -9.434249368087862e-06
289 -9.365996439788758e-06
290 -9.131078765752146e-06
291 -1.0410253755931266e-05
292 -1.0379143840615232e-05
293 -9.198029129626493e-06
294 -9.0712980033545e-06
295 -9.527078454036038e-06
296 -1.0082138941226426e-05
297 -1.0411693451176978e-05
298 -1.031452287577371e-05
299 -9.865553336384699e-06
