0 -0.0001010215552356387
1 -9.747533059179821e-05
2 -9.819429943522392e-05
3 -9.94259295068021e-05
4 -9.960269616341659e-05
5 -9.962398527343393e-05
6 -9.776343812832976e-05
7 -9.871916772636092e-05
8 -9.639353720313369e-05
9 -0.00010068006925012411
10 -9.77073878640303e-05
11 -9.646655848387588e-05
12 -9.943056929871219e-05
13 -9.804358476181838e-05
14 -9.641775575883134e-05
15 -9.974662780834112e-05
16 -9.765023331803327e-05
17 -0.0001000605297635025
18 -9.813970811022038e-05
19 -9.868547597287386e-05
20 -9.907797248914069e-05
21 -9.725983705947891e-05
22 -9.898180116913333e-05
23 -9.721224470901254e-05
24 -9.929795654382238e-05
25 -9.922370869971657e-05
26 -9.799781036490275e-05
27 -9.751691996197387e-05
28 -9.976438242842557e-05
29 -9.85782910458995e-05
30 -9.89739477452441e-05
31 -0.0001020945916702732
32 -0.00010221334649205988
33 -0.0001000244884004167
34 -9.680766659198812e-05
35 -9.867617410423979e-05
36 -9.861678928723302e-05
37 -9.774057975487133e-05
38 -9.982099715137422e-05
39 -9.912408522968054e-05
40 -0.00010083066956007682
41 -9.751837012199064e-05
42 -9.936287567191604e-05
43 -0.00010108207237760378
44 -9.811139716113006e-05
45 -9.701663947135095e-05
46 -9.643977982482196e-05
47 -9.930009742566656e-05
48 -9.917605233905684e-05
49 -9.867895442295666e-05
50 -9.921029870190272e-05
51 -9.74774738194159e-05
52 -0.0001004592460921342
53 -9.87774228686885e-05
54 -0.0001004777821162095
55 -9.876998835781261e-05
56 -9.66780730752583e-05
57 -9.68904726954791e-05
58 -0.00010058864766227775
59 -9.837273993243568e-05
60 -9.789655051540114e-05
61 -9.832822016807012e-05
62 -0.0001007149805175239
63 -0.00010105398030990809
64 -0.00010120778297259695
65 -0.0001001392953828745
66 -9.770415033154616e-05
67 -9.968731465057394e-05
68 -9.625608456555701e-05
69 -9.855849939353102e-05
70 -9.809150061901344e-05
71 -9.935857182514303e-05
72 -9.9056708756144e-05
73 -0.00010065004440308793
74 -9.703423037977219e-05
75 -9.885231842053736e-05
76 -9.872427595729808e-05
77 -9.79914954761889e-05
78 -0.00010090385908464627
79 -0.0001005408047247871
80 -0.00010164758986455599
81 -9.944601145751412e-05
82 -9.916639238167977e-05
83 -0.00010031379112486542
84 -9.944595006662529e-05
85 -9.772087342967659e-05
86 -0.00010011804925665048
87 -9.987403892495171e-05
88 -9.956754607616984e-05
89 -0.00010239693939289599
90 -9.980577859746985e-05
91 -0.00010117580019550188
92 -9.835183352563336e-05
93 -9.974609749149576e-05
94 -9.937857785235212e-05
95 -9.857744420745511e-05
96 -9.794421299148542e-05
97 -0.00010044413423693102
98 -0.00010235562579679674
99 -0.0001001213758051034
100 -0.00010073915144414282
101 -9.903555937241529e-05
102 -0.00010036512590161261
103 -0.00010047565944928827
104 -9.89189094284216e-05
105 -9.78866703822115e-05
106 -9.919561755694127e-05
107 -9.877687312905523e-05
108 -9.844952552557779e-05
109 -9.980313312232502e-05
110 -9.889557336111575e-05
111 -9.885046788660722e-05
112 -9.6838222527508e-05
113 -9.580783508034586e-05
114 -9.692365161870206e-05
115 -9.917252668875642e-05
116 -0.00010052117251250546
117 -9.990002036728921e-05
118 -9.899524019235245e-05
119 -9.619018047910047e-05
120 -0.00010003365996304502
121 -9.77289324205751e-05
122 -0.00010021802863995973
123 -9.889006897444791e-05
124 -9.780269385585534e-05
125 -9.806731893727513e-05
126 -9.636819538648388e-05
127 -9.771177107265809e-05
128 -9.901084894988153e-05
129 -0.0001002770568153812
130 -9.830663921448752e-05
131 -9.829918976342709e-05
132 -9.97142145839668e-05
133 -9.733467996167805e-05
134 -9.965975534507031e-05
135 -9.89134945732436e-05
136 -0.00010045654205382162
137 -9.645699613850905e-05
138 -9.646579344289735e-05
139 -9.79617038256233e-05
140 -0.00010048341287647245
141 -9.740455421149811e-05
142 -9.759823918039086e-05
143 -9.713865643496952e-05
144 -0.00010065749603908532
145 -9.938342090328348e-05
146 -9.753224211209734e-05
147 -9.875913811243651e-05
148 -9.937938354772269e-05
149 -9.605928532901257e-05
150 -9.994916512084972e-05
151 -0.00010186565451723695
152 -9.864775019426053e-05
153 -9.844613174748351e-05
154 -9.932194010722263e-05
155 -9.979814452107525e-05
156 -9.929730937990454e-05
157 -9.874843811642646e-05
158 -0.00010035976573600007
159 -9.831760557049089e-05
160 -9.856875018053475e-05
161 -9.859880963653359e-05
162 -9.965088528855702e-05
163 -9.925900546065385e-05
164 -9.712327278003371e-05
165 -9.931929573163505e-05
166 -9.978389874498229e-05
167 -9.861939004047293e-05
168 -9.901997374347764e-05
169 -9.911115354705954e-05
170 -9.834243588457719e-05
171 -9.882347813908566e-05
172 -9.924716968165402e-05
173 -9.805228917877109e-05
174 -9.982462059625112e-05
175 -9.651884084309062e-05
176 -9.742922275106471e-05
177 -9.71628103756805e-05
178 -9.81815217479462e-05
179 -9.890794827994551e-05
180 -9.730687755100665e-05
181 -9.77648774463121e-05
182 -9.904179511633913e-05
183 -9.924159968775871e-05
184 -9.609435098606761e-05
185 -9.752820590899883e-05
186 -9.854656061806681e-05
187 -9.81746886008264e-05
188 -9.673154600879122e-05
189 -9.475214334066104e-05
190 -9.956320538824276e-05
191 -9.950001568953827e-05
192 -9.799938989112516e-05
193 -9.931485044992727e-05
194 -0.00010009648721872817
195 -9.983834113176883e-05
196 -9.879125926988686e-05
197 -0.00010323654496205313
198 -9.954703185781901e-05
199 -9.698833815574597e-05
200 -9.729906778267095e-05
201 -9.938489332842539e-05
202 -0.00010036801690628193
203 -0.00010011513161095491
204 -9.89609740315352e-05
205 -0.00010069894720904411
206 -9.942643924628674e-05
207 -9.925904579788693e-05
208 -0.00010008872851281895
209 -9.942208723519091e-05
210 -0.00010007804191314816
211 -0.00010087085892300813
212 -9.580735680858103e-05
213 -9.970486085431586e-05
214 -0.0001001659668714406
215 -0.00010094512492796293
216 -0.00010144359647892185
217 -9.939705305721114e-05
218 -0.00010202189969318392
219 -9.557014615965352e-05
220 -0.00010046075678855489
221 -0.00010046723909292627
222 -9.951773492304255e-05
223 -9.977236823427558e-05
224 -9.934166818173775e-05
225 -0.00010051844092246281
226 -9.947504986959183e-05
227 -9.85406148119232e-05
228 -0.00010133874683595449
229 -9.867973255465654e-05
230 -9.874954492456459e-05
231 -9.893429200600405e-05
232 -9.80087112276009e-05
233 -9.983353133353303e-05
234 -0.00010022153104758319
235 -9.825245461749099e-05
236 -9.971012134922255e-05
237 -9.82303523151951e-05
238 -9.683201288824247e-05
239 -0.00010065832666749873
240 -9.77053776491788e-05
241 -0.00010021719391511559
242 -9.764247608300455e-05
243 -0.00010175915156805261
244 -9.752577072608382e-05
245 -0.00010053711979869321
246 -0.00010110876554938401
247 -9.78783784957304e-05
248 -9.677675456262321e-05
249 -9.729644870076369e-05
250 -9.709412641567337e-05
251 -0.00010053352917983326
252 -9.732423043118999e-05
253 -9.785801489176874e-05
254 -0.000100454309222408
255 -9.909405001343924e-05
256 -9.959377549016244e-05
257 -9.954590329321155e-05
258 -9.79504066677515e-05
259 -9.89920797065254e-05
260 -0.00010003150135646672
261 -9.914655438297506e-05
262 -9.970320336974475e-05
263 -9.992470079709478e-05
264 -0.00010214657110926873
265 -9.984679359680548e-05
266 -9.842182982174928e-05
267 -0.00010066375238188499
268 -9.984461362676195e-05
269 -9.816692735920357e-05
270 -0.00010040771300052833
271 -9.891328887577015e-05
272 -9.958523581759988e-05
273 -9.72281013716235e-05
274 -0.00010049664076555727
275 -0.00010116994297940624
276 -9.832480972614792e-05
277 -0.0001008608311362762
278 -9.988802989914553e-05
279 -9.907382065240915e-05
280 -9.765850406245816e-05
281 -9.84844259249754e-05
282 -9.915561513825971e-05
283 -9.975159321070915e-05
284 -0.00010230208082426461
285 -9.739550562871267e-05
286 -9.802204554450547e-05
287 -0.00010095506962911489
288 -9.738729481967546e-05
289 -9.814187504344983e-05
290 -9.971319649190978e-05
291 -0.00010126749669031686
292 -0.00010282066216864156
293 -9.910797242806408e-05
294 -9.610371410311025e-05
295 -9.852030391407899e-05
296 -9.975688390702071e-05
297 -0.00010312433549921665
298 -0.00010130499760560105
299 -9.941145603353861e-05
