0 -1.744340684682149e-05
1 -1.885380441145513e-05
2 -1.7912025400406896e-05
3 -1.725402433590192e-05
4 -1.8303325450176337e-05
5 -1.7660430764316433e-05
6 -1.87840627454527e-05
7 -1.8244040481799394e-05
8 -1.9475153318597495e-05
9 -1.8002392588635298e-05
10 -1.8777267024516556e-05
11 -1.876966972640622e-05
12 -1.851987255832778e-05
13 -1.8420247519994467e-05
14 -1.9554639822085988e-05
15 -1.7894111505672515e-05
16 -1.8485612558208672e-05
17 -1.8879096539165947e-05
18 -1.85542700803828e-05
19 -1.853216708150648e-05
20 -1.7428147433317162e-05
21 -1.821063573724607e-05
22 -1.807146067871916e-05
23 -1.8833652276295562e-05
24 -1.8611927593482482e-05
25 -1.962518394529448e-05
26 -1.8217581883898946e-05
27 -1.8306779264814732e-05
28 -1.8604759987191956e-05
29 -1.8474351600354513e-05
30 -1.772239070593992e-05
31 -1.8498030760256502e-05
32 -1.7599365952441116e-05
33 -1.8029991410401728e-05
34 -1.883715884788713e-05
35 -1.854594787464295e-05
36 -1.7729353070474474e-05
37 -1.8687587488438047e-05
38 -1.8961287081637925e-05
39 -1.8068752054188503e-05
40 -1.7455130665437632e-05
41 -1.8536483586046536e-05
42 -1.8549449255883706e-05
43 -1.836014623505772e-05
44 -1.797022746989134e-05
45 -1.8834337859154573e-05
46 -2.0218515629248736e-05
47 -1.7643382488902273e-05
48 -1.925128478997105e-05
49 -1.848882543379947e-05
50 -1.760556354488572e-05
51 -1.8774437468378183e-05
52 -1.700059991571883e-05
53 -1.889991364493849e-05
54 -1.8992850496963526e-05
55 -1.7948461745399903e-05
56 -1.9891472387341212e-05
57 -1.8699177810063472e-05
58 -1.7574468374481298e-05
59 -1.838009769161007e-05
60 -1.7691726554598474e-05
61 -1.8971402445023438e-05
62 -1.7742496062956426e-05
63 -1.7897693497750306e-05
64 -1.794933310398276e-05
65 -1.6897596869827866e-05
66 -1.871546251566879e-05
67 -1.7396277790956058e-05
68 -1.8896550227157666e-05
69 -1.876394864487696e-05
70 -1.822934129000188e-05
71 -1.7639983054664373e-05
72 -1.8978969768879935e-05
73 -1.8364448383201057e-05
74 -1.8836354132128868e-05
75 -1.7875055847914737e-05
76 -1.8744644117892753e-05
77 -1.847098421067179e-05
78 -1.8147296939849327e-05
79 -1.7776800343821175e-05
80 -1.859659101279949e-05
81 -1.8254995031250197e-05
82 -1.8638987817948967e-05
83 -1.8073354517341035e-05
84 -1.9762414786986416e-05
85 -1.942437538359946e-05
86 -1.7196133049736175e-05
87 -1.8262118864676662e-05
88 -1.768071141379755e-05
89 -1.71927487429598e-05
90 -1.7907537873903152e-05
91 -1.7207024348629713e-05
92 -1.8330699028513763e-05
93 -1.777614659170562e-05
94 -1.8190480229097896e-05
95 -1.8919375904411822e-05
96 -1.936694477595477e-05
97 -1.820422379291553e-05
98 -1.6801068681754752e-05
99 -1.8093373129575168e-05
100 -1.7648498837010054e-05
101 -1.8588935708609417e-05
102 -1.792985862644749e-05
103 -1.7450838007396078e-05
104 -1.8349032871529876e-05
105 -1.88066489057274e-05
106 -1.8631609344897153e-05
107 -1.78548196682249e-05
108 -1.8265953486679167e-05
109 -1.788821780209485e-05
110 -1.9161574697826662e-05
111 -1.7172538886363854e-05
112 -1.951761505250683e-05
113 -1.9977171660977752e-05
114 -1.9124329165528976e-05
115 -1.888864913300052e-05
116 -1.822262086876272e-05
117 -1.783025887523084e-05
118 -1.8631007159251634e-05
119 -1.940462926018317e-05
120 -1.7769248612814243e-05
121 -1.8752582672241432e-05
122 -1.737104523523083e-05
123 -1.8243394515592095e-05
124 -1.9225514533139565e-05
125 -1.7794273652692513e-05
126 -1.8777671185387874e-05
127 -1.7858614049601088e-05
128 -1.7901778502580577e-05
129 -1.7748802631604887e-05
130 -1.8197259893953345e-05
131 -1.8587897476277482e-05
132 -1.8916009695570074e-05
133 -1.931939897920717e-05
134 -1.7731733618265562e-05
135 -1.819474730755828e-05
136 -1.7496736629145326e-05
137 -1.948164541826774e-05
138 -1.9019675429404344e-05
139 -1.8777015088077038e-05
140 -1.7857284060004758e-05
141 -1.9276413083978078e-05
142 -1.9647781033994996e-05
143 -1.9150701370101223e-05
144 -1.7965973694446406e-05
145 -1.7158417541246055e-05
146 -1.8309390081537313e-05
147 -1.82649894887788e-05
148 -1.8202562173343453e-05
149 -1.9960374978866804e-05
150 -1.7480121030111974e-05
151 -1.6576617524431653e-05
152 -1.9787472814894034e-05
153 -1.8855460770954094e-05
154 -1.880581335245822e-05
155 -1.7372550653741083e-05
156 -1.787064344511061e-05
157 -1.7915961294654034e-05
158 -1.8223198588466057e-05
159 -1.874570605776606e-05
160 -1.8648550097559733e-05
161 -1.8870593725944234e-05
162 -1.7661310469005203e-05
163 -1.8062457372822867e-05
164 -1.8706909811997567e-05
165 -1.825846472407102e-05
166 -1.9125425931353224e-05
167 -1.763360662161578e-05
168 -1.954555299633803e-05
169 -1.799737735430511e-05
170 -1.977443365641853e-05
171 -1.813560785244761e-05
172 -1.7949830080417817e-05
173 -1.9211668345860375e-05
174 -1.838126205329431e-05
175 -1.9946023653225088e-05
176 -1.8786151077544527e-05
177 -1.8566723203831356e-05
178 -1.874835106508201e-05
179 -1.930374995662177e-05
180 -1.944292172578462e-05
181 -1.914414304872743e-05
182 -1.8634873561894508e-05
183 -1.8479983521195967e-05
184 -1.8500349293872257e-05
185 -1.877380754992901e-05
186 -1.831402787467719e-05
187 -1.754433041599875e-05
188 -1.905921852137967e-05
189 -2.0209060349765295e-05
190 -1.886756346154637e-05
191 -1.752994340906173e-05
192 -1.8537434302657804e-05
193 -1.7923238835750728e-05
194 -1.6695812653174305e-05
195 -1.7444419456242127e-05
196 -1.8982029665169713e-05
197 -1.6657710600269307e-05
198 -1.8537624004296882e-05
199 -1.9126681365578592e-05
200 -1.9322090125145678e-05
201 -1.7539720992903722e-05
202 -1.760145615948319e-05
203 -1.8758687380390115e-05
204 -1.8140901036220888e-05
205 -1.7438591785010523e-05
206 -1.847281684361279e-05
207 -1.85173763895086e-05
208 -1.784855342790387e-05
209 -1.864777987320721e-05
210 -1.7774178841577716e-05
211 -1.731246908736297e-05
212 -1.9015707822204654e-05
213 -1.806050668630349e-05
214 -1.7736787179162197e-05
215 -1.6528103393415708e-05
216 -1.7315496745979124e-05
217 -1.79199090798257e-05
218 -1.731617602928924e-05
219 -1.927732188225029e-05
220 -1.7202932269665968e-05
221 -1.8321457974754612e-05
222 -1.8118867231835838e-05
223 -1.8482241496833683e-05
224 -1.829448801010725e-05
225 -1.8119846652707063e-05
226 -1.7976145233885064e-05
227 -1.9015481656693452e-05
228 -1.8003745990841776e-05
229 -1.896319701429001e-05
230 -1.957991497585589e-05
231 -1.8536170793209023e-05
232 -1.9003870143204114e-05
233 -1.772368720999335e-05
234 -1.8238951504012344e-05
235 -1.8714543786608652e-05
236 -1.7959293963221683e-05
237 -1.889549106708473e-05
238 -1.802902609514102e-05
239 -1.8192455523507957e-05
240 -1.8196037575840954e-05
241 -1.822030155160199e-05
242 -1.877200888428555e-05
243 -1.7158865220009415e-05
244 -1.832797334048813e-05
245 -1.6710579426324626e-05
246 -1.7829416951863337e-05
247 -1.9069307482064776e-05
248 -1.9612362755055586e-05
249 -1.8167447482253177e-05
250 -1.939370187167398e-05
251 -1.7233987980383806e-05
252 -1.9963946081567426e-05
253 -1.8331302495448965e-05
254 -1.8011818520992705e-05
255 -1.870421834044525e-05
256 -1.8111859168084032e-05
257 -1.8330713057772566e-05
258 -1.7866496072907648e-05
259 -1.858953537650578e-05
260 -1.8264201925689165e-05
261 -1.7455294459986896e-05
262 -1.8706348269529826e-05
263 -1.7882787248009077e-05
264 -1.7865552141307118e-05
265 -1.7927559283048072e-05
266 -1.9111289540428953e-05
267 -1.7897185443458388e-05
268 -1.7224807900593904e-05
269 -1.9253218707103816e-05
270 -1.819449651891708e-05
271 -1.9397262067636188e-05
272 -1.8158428344603004e-05
273 -1.8047688828757934e-05
274 -1.7466053630787533e-05
275 -1.8132409243684773e-05
276 -1.870747418724189e-05
277 -1.6896711628727644e-05
278 -1.894112357389921e-05
279 -2.0168054194939708e-05
280 -1.7431174954809185e-05
281 -1.877422809335132e-05
282 -1.845055640161854e-05
283 -1.9593473295720382e-05
284 -1.804195169735839e-05
285 -1.8591407875815762e-05
286 -1.7579279626149088e-05
287 -1.775470151490865e-05
288 -1.9530528734804282e-05
289 -1.805247613311357e-05
290 -1.796528481324871e-05
291 -1.7180355468149194e-05
292 -1.6518670130397215e-05
293 -1.8262061642271612e-05
294 -1.917128852190184e-05
295 -1.8362465507253595e-05
296 -1.8327085120158107e-05
297 -1.706223983563725e-05
298 -1.7424710233766562e-05
299 -1.8098911069974832e-05
