0 2.6665503796450542e-06
1 2.4317651866353224e-06
2 2.561764431589125e-06
3 2.632290431782237e-06
4 2.431589578648573e-06
5 2.5486971138382876e-06
6 2.5622754797099327e-06
7 2.639683064415873e-06
8 2.621710671283187e-06
9 2.5701347851296486e-06
10 2.5471628830929886e-06
11 2.632353277071135e-06
12 2.50142698143618e-06
13 2.5636134492823126e-06
14 2.6735763320825965e-06
15 2.619376719723483e-06
16 2.4002058150092974e-06
17 2.4778127103423355e-06
18 2.6530237443914423e-06
19 2.531622152444977e-06
20 2.638623130224379e-06
21 2.510065120616654e-06
22 2.5887375533263745e-06
23 2.4754678665503465e-06
24 2.5673620799984748e-06
25 2.5508964153082038e-06
26 2.6020328429892936e-06
27 2.5314995791348973e-06
28 2.722799924815274e-06
29 2.609892104888643e-06
30 2.4917413423212267e-06
31 2.5955988453833846e-06
32 2.6167056071790416e-06
33 2.6500243163900355e-06
34 2.377840836959835e-06
35 2.708386159757795e-06
36 2.5375682622931296e-06
37 2.6560716578980657e-06
38 2.464066253519848e-06
39 2.612945995824071e-06
40 2.547204316137272e-06
41 2.563671062343852e-06
42 2.649061994261192e-06
43 2.509803153202414e-06
44 2.587853578662148e-06
45 2.5419204487741947e-06
46 2.5338934078141654e-06
47 2.6512294359399455e-06
48 2.4977967302010206e-06
49 2.517198758730129e-06
50 2.6658018948463755e-06
51 2.5425257851063514e-06
52 2.582638007812302e-06
53 2.7592221901500104e-06
54 2.4359521215391584e-06
55 2.5380952650570345e-06
56 2.4508611651794966e-06
57 2.6280065471310222e-06
58 2.6143810110912663e-06
59 2.545036547306892e-06
60 2.673655961290886e-06
61 2.7119326188755824e-06
62 2.4753211125290464e-06
63 2.5650462195257153e-06
64 2.470160175970788e-06
65 2.692259700689723e-06
66 2.6566544944193476e-06
67 2.5559413470640523e-06
68 2.5135535731962635e-06
69 2.5483621812408783e-06
70 2.5124343434152664e-06
71 2.6132460353302133e-06
72 2.587196957002007e-06
73 2.440309249349567e-06
74 2.633908737804769e-06
75 2.7242159977026587e-06
76 2.5799643898177038e-06
77 2.5605889498493468e-06
78 2.5403054411664346e-06
79 2.549069384506088e-06
80 2.649128195622808e-06
81 2.541150077183596e-06
82 2.606707600720135e-06
83 2.5060780659212195e-06
84 2.586912745655432e-06
85 2.5704983622541797e-06
86 2.5645836867295197e-06
87 2.5095667240990555e-06
88 2.700963966087162e-06
89 2.669099580341093e-06
90 2.5351387886421062e-06
91 2.6362126955723684e-06
92 2.4158043776421e-06
93 2.6767963681627975e-06
94 2.7237493734568452e-06
95 2.515491341163447e-06
96 2.5630186407745804e-06
97 2.568170000437878e-06
98 2.6434109779171227e-06
99 2.4848192227031652e-06
100 2.725151203272621e-06
101 2.5493518485440682e-06
102 2.5393192976060982e-06
103 2.7123817282638934e-06
104 2.543641915107687e-06
105 2.537865611943439e-06
106 2.599223014139674e-06
107 2.5848012216927115e-06
108 2.6434481871340633e-06
109 2.4926410863337545e-06
110 2.526869004960639e-06
111 2.7274401360992878e-06
112 2.6323845913991e-06
113 2.523244205871637e-06
114 2.514394558573818e-06
115 2.6694447008157293e-06
116 2.5963126708340916e-06
117 2.538528820864763e-06
118 2.480310437920235e-06
119 2.5129108747044743e-06
120 2.5182065866247608e-06
121 2.540140184442336e-06
122 2.62006277365137e-06
123 2.6190967136914384e-06
124 2.5525493845251936e-06
125 2.385783524579915e-06
126 2.6631610678600282e-06
127 2.6727250363789215e-06
128 2.4203262842702475e-06
129 2.5760392440078974e-06
130 2.477436502854825e-06
131 2.69964207814559e-06
132 2.577569541195781e-06
133 2.5880518545925337e-06
134 2.6717766366821943e-06
135 2.691530566173875e-06
136 2.54140091512311e-06
137 2.6323592659753927e-06
138 2.5019134261589533e-06
139 2.5759547197418735e-06
140 2.5157767164210376e-06
141 2.718682866303991e-06
142 2.7393886407717638e-06
143 2.573794595289799e-06
144 2.717355631868102e-06
145 2.6252084362476318e-06
146 2.576565240436136e-06
147 2.5262938080783013e-06
148 2.605559454069813e-06
149 2.5357317343041008e-06
150 2.5542938614292627e-06
151 2.675340992194821e-06
152 2.4995008583699216e-06
153 2.4653929329769546e-06
154 2.7032063675092817e-06
155 2.5255295172945007e-06
156 2.5609155240097586e-06
157 2.4630876486018362e-06
158 2.592408772555004e-06
159 2.534495101910674e-06
160 2.692934585553235e-06
161 2.729780943890513e-06
162 2.538860068811158e-06
163 2.568569966063133e-06
164 2.435533847523815e-06
165 2.5969183417019553e-06
166 2.583792053272693e-06
167 2.517474301715645e-06
168 2.63568052992146e-06
169 2.4992017858003264e-06
170 2.4999810595882693e-06
171 2.5822632025401863e-06
172 2.5615613111300976e-06
173 2.5105068122629246e-06
174 2.511183943053982e-06
175 2.518131190494114e-06
176 2.666295633416397e-06
177 2.507800230826257e-06
178 2.6036963910114043e-06
179 2.523254115078221e-06
180 2.4360533162074823e-06
181 2.6138782515546004e-06
182 2.5826879995094387e-06
183 2.641196056042748e-06
184 2.5836885730038852e-06
185 2.365851319784918e-06
186 2.6694373138600886e-06
187 2.4931487238479322e-06
188 2.6830906344394787e-06
189 2.49019157376834e-06
190 2.5825758235006885e-06
191 2.6222331318307903e-06
192 2.6871113783219086e-06
193 2.495694218081623e-06
194 2.542903580916837e-06
195 2.528269276653321e-06
196 2.525335007063828e-06
197 2.6701568566780343e-06
198 2.6039191335409153e-06
199 2.660485785456874e-06
200 2.6277290822519916e-06
201 2.433357624275393e-06
202 2.5747840189224605e-06
203 2.470229693893572e-06
204 2.6502676416405514e-06
205 2.616501295261132e-06
206 2.465148849915603e-06
207 2.5510486146919016e-06
208 2.5548857552783295e-06
209 2.5953967228959922e-06
210 2.544021504937645e-06
211 2.631945933114745e-06
212 2.5809739316814286e-06
213 2.6095723207480355e-06
214 2.4702855136808156e-06
215 2.6374700851686277e-06
216 2.4074661046850147e-06
217 2.640382742849119e-06
218 2.761285500111346e-06
219 2.6158577363554695e-06
220 2.5063965958051763e-06
221 2.596842384658058e-06
222 2.565601755266326e-06
223 2.5997093876648088e-06
224 2.5149394017655813e-06
225 2.5791526236729126e-06
226 2.6965766015677766e-06
227 2.4586960502707945e-06
228 2.452531107970565e-06
229 2.6867739157399834e-06
230 2.6269999643830866e-06
231 2.563359805317952e-06
232 2.6452064855414144e-06
233 2.612348493065055e-06
234 2.5970736290001597e-06
235 2.5199954704320367e-06
236 2.6410263948432916e-06
237 2.6362607020506225e-06
238 2.6579524333905296e-06
239 2.4392625347240246e-06
240 2.782933490234474e-06
241 2.594204376582338e-06
242 2.513720935331971e-06
243 2.60535367646072e-06
244 2.644848746909357e-06
245 2.559796913264153e-06
246 2.6914020629906146e-06
247 2.6399272688055264e-06
248 2.4573615833660204e-06
249 2.6018553120080215e-06
250 2.59499114727596e-06
251 2.6080277989932458e-06
252 2.4225864432762026e-06
253 2.7530703929724155e-06
254 2.4700391311854246e-06
255 2.632444706265205e-06
256 2.657663279492622e-06
257 2.60816502509646e-06
258 2.4743274168641054e-06
259 2.5510267942124403e-06
260 2.4695185640102853e-06
261 2.620761479059913e-06
262 2.5750181225297825e-06
263 2.668248576730898e-06
264 2.554730228867805e-06
265 2.562956151047755e-06
266 2.6116825913242717e-06
267 2.5580350841643957e-06
268 2.722125302326968e-06
269 2.6059944382597436e-06
270 2.709044464365907e-06
271 2.5817966172757955e-06
272 2.522452039400974e-06
273 2.4533959561665875e-06
274 2.5536060353001715e-06
275 2.537638511574853e-06
276 2.5536349443258063e-06
277 2.56029324767558e-06
278 2.689023185733086e-06
279 2.6344784546110465e-06
280 2.66297203639225e-06
281 2.6845353288431367e-06
282 2.6915955589165375e-06
283 2.663891516638941e-06
284 2.5618895366539244e-06
285 2.531069777532397e-06
286 2.409817277459346e-06
287 2.6611930897500526e-06
288 2.519376506452079e-06
289 2.6500753966563327e-06
290 2.5561599339551753e-06
291 2.589233719291238e-06
292 2.5729442084945696e-06
293 2.5921221041391373e-06
294 2.6728009280634187e-06
295 2.678729230611955e-06
296 2.651921681001435e-06
297 2.5069589979290652e-06
298 2.4648216476267705e-06
299 2.5051472413642717e-06
