0 -7.24972024811471e-05
1 -7.059526635297407e-05
2 -6.95959338152693e-05
3 -7.321930289127083e-05
4 -7.20931300793955e-05
5 -7.252521688169212e-05
6 -7.01999713266017e-05
7 -6.968807709200832e-05
8 -7.005279900357638e-05
9 -7.340358699478354e-05
10 -7.120927381093729e-05
11 -6.836951582980497e-05
12 -7.077791186402285e-05
13 -6.97748304922352e-05
14 -6.994081506687152e-05
15 -7.252055024920117e-05
16 -6.753850835418889e-05
17 -7.119331830293319e-05
18 -7.130941191928878e-05
19 -7.054806342276975e-05
20 -7.094825676239773e-05
21 -7.085763289550352e-05
22 -7.261886761318423e-05
23 -6.77612785639679e-05
24 -7.281251298811914e-05
25 -7.202026685843989e-05
26 -7.013969588828475e-05
27 -7.029558448306155e-05
28 -7.247707360992498e-05
29 -7.026085482978474e-05
30 -6.946010271121676e-05
31 -7.448545782760757e-05
32 -7.566063435930362e-05
33 -7.152386754734525e-05
34 -6.983189259353919e-05
35 -7.11244118887949e-05
36 -6.964014901911071e-05
37 -6.982940383273473e-05
38 -7.150551148520547e-05
39 -7.375695793304325e-05
40 -7.378957402579129e-05
41 -6.965694078559321e-05
42 -7.189816378968182e-05
43 -7.316589381780588e-05
44 -7.10485329244882e-05
45 -6.867706872099413e-05
46 -6.890454149901393e-05
47 -7.038089024067533e-05
48 -7.164203957245496e-05
49 -7.134351242216634e-05
50 -7.188387751566807e-05
51 -7.062934362510422e-05
52 -7.213515123469108e-05
53 -7.134683854768985e-05
54 -7.27987499568681e-05
55 -7.008444555009966e-05
56 -6.941371284647276e-05
57 -6.984023027557149e-05
58 -7.172214943295226e-05
59 -7.101192207871982e-05
60 -6.920300648300046e-05
61 -7.071172593548168e-05
62 -7.128094865136378e-05
63 -7.175692783854216e-05
64 -7.322081728642721e-05
65 -7.357207031683099e-05
66 -7.072274188880956e-05
67 -7.077458615685959e-05
68 -6.777429566060949e-05
69 -7.182375564721016e-05
70 -7.228368496658361e-05
71 -7.230007345873841e-05
72 -7.120946182412013e-05
73 -7.29838438161458e-05
74 -7.08056454981585e-05
75 -7.066940454304607e-05
76 -7.17580803590967e-05
77 -7.109050879676946e-05
78 -7.19631738770721e-05
79 -7.300798041159268e-05
80 -7.685190726941603e-05
81 -7.19848359471712e-05
82 -7.230761690016433e-05
83 -7.26498037802916e-05
84 -7.44082299269422e-05
85 -7.03120970590225e-05
86 -7.237457944796697e-05
87 -7.263360281410225e-05
88 -7.305802768421784e-05
89 -7.398010366842974e-05
90 -7.115146928699742e-05
91 -7.19737415313738e-05
92 -7.032062764035866e-05
93 -7.205372695074702e-05
94 -7.188804965317266e-05
95 -7.12001323751042e-05
96 -7.023595165249592e-05
97 -7.253338153837094e-05
98 -7.30527712268249e-05
99 -7.279212167543313e-05
100 -7.310265024302179e-05
101 -7.117901182094439e-05
102 -7.252848901276941e-05
103 -7.219372479413228e-05
104 -7.224192153759735e-05
105 -6.843781707933785e-05
106 -6.9815895619485e-05
107 -7.117836558083128e-05
108 -7.11988656446766e-05
109 -7.303420333563413e-05
110 -7.183010459421868e-05
111 -7.052891025826671e-05
112 -7.158587747712088e-05
113 -6.89659260153442e-05
114 -6.958198647966726e-05
115 -7.152063070856607e-05
116 -7.275121397723148e-05
117 -7.17523615200961e-05
118 -7.165706187168048e-05
119 -6.853034269365429e-05
120 -7.102330496759947e-05
121 -6.98749530714306e-05
122 -7.18506913946732e-05
123 -7.263922297118795e-05
124 -7.10909939779007e-05
125 -6.932501740679617e-05
126 -6.912546119680416e-05
127 -7.023998871939271e-05
128 -7.046017211116844e-05
129 -7.134723226191662e-05
130 -6.87320609463872e-05
131 -7.166007450502565e-05
132 -7.229280003384815e-05
133 -7.082480470120038e-05
134 -6.893436581780111e-05
135 -7.099672996194364e-05
136 -7.241758473212e-05
137 -6.949190326063877e-05
138 -6.764258307010148e-05
139 -7.142811600140504e-05
140 -7.179063401838443e-05
141 -7.051677082135717e-05
142 -7.058956976522279e-05
143 -6.961285318764858e-05
144 -7.2719925945054e-05
145 -7.264481586696084e-05
146 -6.891504325248868e-05
147 -6.988466003292931e-05
148 -7.188110632058581e-05
149 -7.043618524601245e-05
150 -7.121313232433572e-05
151 -7.19797469943683e-05
152 -7.018113737503843e-05
153 -7.000482567951066e-05
154 -7.27177578460427e-05
155 -7.07753474371683e-05
156 -7.202678907912019e-05
157 -6.859869688767778e-05
158 -7.377882071718413e-05
159 -7.080716544062907e-05
160 -7.048356301751977e-05
161 -7.155042962347176e-05
162 -7.059883283223382e-05
163 -7.165011095843979e-05
164 -6.763971732932762e-05
165 -7.088325681329153e-05
166 -7.251754678727371e-05
167 -7.102587506767414e-05
168 -7.2462336048787e-05
169 -7.047848270656363e-05
170 -7.138480558846771e-05
171 -7.179821443152575e-05
172 -7.23522047010324e-05
173 -6.967930967188482e-05
174 -7.030039081910904e-05
175 -7.055454215988074e-05
176 -7.070253286718298e-05
177 -6.905475284130818e-05
178 -7.146691082368203e-05
179 -7.282186776101116e-05
180 -6.790002534298815e-05
181 -7.161512704932894e-05
182 -7.00945129237425e-05
183 -7.095528579916427e-05
184 -6.708165596987249e-05
185 -6.788095768176409e-05
186 -7.116084393846503e-05
187 -6.83362768757017e-05
188 -6.980318353523183e-05
189 -6.785959888590817e-05
190 -7.208960194790144e-05
191 -7.069361644422376e-05
192 -7.174983500416578e-05
193 -7.151512732102377e-05
194 -7.20159073071047e-05
195 -6.918537598038881e-05
196 -7.047127884110023e-05
197 -7.581954126899946e-05
198 -7.196628764399514e-05
199 -7.020063416046078e-05
200 -7.053509334610513e-05
201 -7.138552460099762e-05
202 -7.267816316829212e-05
203 -7.130709533562911e-05
204 -7.137596433301795e-05
205 -7.354838060047553e-05
206 -7.217428897083996e-05
207 -7.13106014982773e-05
208 -7.007593328824986e-05
209 -7.183855222401342e-05
210 -7.090479884647059e-05
211 -7.2195577625437e-05
212 -6.944802028578687e-05
213 -7.114987763848723e-05
214 -7.074200321856933e-05
215 -7.001408508732354e-05
216 -7.295409321793297e-05
217 -7.244032072221353e-05
218 -7.641419450785182e-05
219 -6.819952835045391e-05
220 -7.146103591846429e-05
221 -7.398449651181307e-05
222 -7.249177818444441e-05
223 -7.270631115176029e-05
224 -7.093800948058158e-05
225 -7.217904192177358e-05
226 -7.264993524119875e-05
227 -7.080736300027097e-05
228 -7.428723866446833e-05
229 -7.026829501147071e-05
230 -7.097271242777965e-05
231 -7.167507225748821e-05
232 -7.106519175142307e-05
233 -7.170328463811566e-05
234 -7.209324961222491e-05
235 -7.145542342366354e-05
236 -7.234396921472177e-05
237 -7.018001314330457e-05
238 -6.921209380325999e-05
239 -7.15553820943303e-05
240 -7.170425396570842e-05
241 -7.223433744377212e-05
242 -6.924841720026316e-05
243 -7.267826485359835e-05
244 -7.148738715721468e-05
245 -7.196625398130273e-05
246 -7.36328058731717e-05
247 -7.134450711020353e-05
248 -6.992360833734178e-05
249 -6.972175643594895e-05
250 -7.03556090119615e-05
251 -7.105261771179266e-05
252 -6.99213966966694e-05
253 -7.103514050485912e-05
254 -7.252789459543539e-05
255 -7.321979468578554e-05
256 -7.198883764166738e-05
257 -7.159209271189502e-05
258 -6.924345322676695e-05
259 -7.12380810922935e-05
260 -7.248744279874595e-05
261 -7.211001377369091e-05
262 -7.157338626524119e-05
263 -7.2329324637119e-05
264 -7.346337404657046e-05
265 -7.07930491474577e-05
266 -7.136173010465815e-05
267 -7.315425656671552e-05
268 -7.107016772334744e-05
269 -7.140231948247912e-05
270 -7.317806371090795e-05
271 -7.087868569868152e-05
272 -7.225452698413782e-05
273 -6.728495017394612e-05
274 -7.251909371233118e-05
275 -7.271830489020777e-05
276 -7.192314852930169e-05
277 -7.247559248574936e-05
278 -7.277819776428448e-05
279 -7.268767533849524e-05
280 -6.937689520306919e-05
281 -7.204168861181705e-05
282 -7.130126516674856e-05
283 -7.33006960779585e-05
284 -7.353590361139444e-05
285 -7.099176379722363e-05
286 -6.795306368597764e-05
287 -7.424978938726939e-05
288 -7.042443435193178e-05
289 -6.995203972044873e-05
290 -7.179609366566183e-05
291 -7.30829973650904e-05
292 -7.362838673037389e-05
293 -7.041874006954298e-05
294 -7.061850889711876e-05
295 -7.074110958246487e-05
296 -7.210448132661057e-05
297 -7.490762471922684e-05
298 -7.146529810965668e-05
299 -7.163602684374365e-05
