0 8.840090383686305e-05
1 8.676844860879438e-05
2 8.85235445886998e-05
3 8.4523195269742e-05
4 8.724922546488753e-05
5 8.635640214252436e-05
6 8.78251431719015e-05
7 8.886098748437795e-05
8 8.65437664976655e-05
9 8.703484875235969e-05
10 8.596076314583328e-05
11 8.806587168206158e-05
12 8.882617748411316e-05
13 8.846601292546359e-05
14 8.620974363351748e-05
15 8.642453778100256e-05
16 9.06347133255361e-05
17 9.02949153982802e-05
18 8.625193607887693e-05
19 8.830644482576329e-05
20 8.759874768362484e-05
21 8.54518762991889e-05
22 8.514159881769514e-05
23 8.995872063195745e-05
24 8.645444233415296e-05
25 8.855446805201368e-05
26 8.765105985868969e-05
27 8.691393773457903e-05
28 8.74676932981848e-05
29 8.85277616043362e-05
30 8.97424166849006e-05
31 8.868776325246688e-05
32 8.600532195294354e-05
33 8.872426817910405e-05
34 8.642556503814091e-05
35 8.750356341832986e-05
36 8.914082314158452e-05
37 8.84810223936138e-05
38 8.936169365505635e-05
39 8.359705512271129e-05
40 8.555977832843766e-05
41 8.835173802005888e-05
42 8.758403011880675e-05
43 8.804425984804918e-05
44 8.596892164412636e-05
45 8.806591846765389e-05
46 8.882201091810664e-05
47 8.911085023417806e-05
48 8.825817777453001e-05
49 8.743409468941983e-05
50 8.668592810211618e-05
51 8.669441667958219e-05
52 8.748179024507994e-05
53 8.764127151122038e-05
54 8.826806791506205e-05
55 8.822471691614216e-05
56 8.762221781317229e-05
57 8.743185005757764e-05
58 8.929992943618333e-05
59 8.65439468946293e-05
60 8.867476560149562e-05
61 8.831204559454483e-05
62 8.909805291958072e-05
63 8.94274957034691e-05
64 8.780850852182175e-05
65 8.479508868608474e-05
66 8.683520243971476e-05
67 8.933864239772604e-05
68 8.88276943017619e-05
69 8.641460750200697e-05
70 8.471089426586235e-05
71 8.580558617081827e-05
72 8.831380993341905e-05
73 8.735128558334305e-05
74 8.519571057885514e-05
75 8.828503441926738e-05
76 8.674053756140077e-05
77 8.593528145541867e-05
78 8.951312793237827e-05
79 8.651858045801573e-05
80 8.403292484857776e-05
81 8.70030562475087e-05
82 8.669406444841727e-05
83 8.696096482767983e-05
84 8.560534598075955e-05
85 8.733515206480972e-05
86 8.682039728882562e-05
87 8.721572487942145e-05
88 8.54815482437319e-05
89 8.892891673920493e-05
90 8.869027904298184e-05
91 8.94699217592835e-05
92 8.756303732565304e-05
93 8.743434351852883e-05
94 8.72052400748755e-05
95 8.754600263293087e-05
96 8.805737486861224e-05
97 8.805372496244028e-05
98 8.875214457508813e-05
99 8.714966751976355e-05
100 8.678535689607085e-05
101 8.8050937253446e-05
102 8.80433115707279e-05
103 8.800818052090546e-05
104 8.562678388162257e-05
105 9.114011435862238e-05
106 9.038300895373614e-05
107 8.681381352234783e-05
108 8.672354149929029e-05
109 8.621549269926866e-05
110 8.702664712916836e-05
111 8.731390781180827e-05
112 8.509312971600872e-05
113 8.740341956357429e-05
114 8.774470150058153e-05
115 8.815063571728041e-05
116 8.80806765164963e-05
117 8.736333193425256e-05
118 8.695654252892044e-05
119 8.858842860746716e-05
120 8.888120998488094e-05
121 8.789756234496579e-05
122 8.807508608149786e-05
123 8.570548933165932e-05
124 8.652186496703702e-05
125 8.788393292445797e-05
126 8.646875048553182e-05
127 8.664127099137214e-05
128 8.811866445047943e-05
129 8.886818840742748e-05
130 9.016565002026805e-05
131 8.635162813000294e-05
132 8.800441341168151e-05
133 8.642628649163027e-05
134 9.227934634370418e-05
135 8.817413491395411e-05
136 8.80917301665741e-05
137 8.672946477075689e-05
138 8.952962304235156e-05
139 8.63680436392956e-05
140 8.927791884872828e-05
141 8.700553850737251e-05
142 8.794807416044245e-05
143 8.736597202781688e-05
144 8.781077061079398e-05
145 8.499228682617837e-05
146 8.82550283240716e-05
147 8.921578046780916e-05
148 8.772023868782948e-05
149 8.53448310262754e-05
150 8.894610018399913e-05
151 8.982522409513577e-05
152 9.007267662675136e-05
153 8.920157075500451e-05
154 8.690472695243154e-05
155 8.878274493739929e-05
156 8.678302493164963e-05
157 9.017077974247352e-05
158 8.59486127553591e-05
159 8.760864296484291e-05
160 8.873557077497932e-05
161 8.707249578281463e-05
162 8.905281907572803e-05
163 8.707219453019334e-05
164 9.014635197366144e-05
165 8.912762472872379e-05
166 8.794007221325252e-05
167 8.688070360641674e-05
168 8.710475240939478e-05
169 8.803246975813429e-05
170 8.754102223359063e-05
171 8.596194402280521e-05
172 8.625851355069017e-05
173 8.925208841347303e-05
174 9.057286841554661e-05
175 8.581397779886005e-05
176 8.626222129011127e-05
177 8.852210765995852e-05
178 8.626026043528413e-05
179 8.529249398500513e-05
180 9.00598068478514e-05
181 8.579688456998923e-05
182 8.941555255884137e-05
183 8.907928301798755e-05
184 8.90710869696338e-05
185 9.033996294445452e-05
186 8.724773585546468e-05
187 9.00083599115298e-05
188 8.685313354189013e-05
189 8.72534478174294e-05
190 8.72895624768053e-05
191 8.861127108114747e-05
192 8.570081614231845e-05
193 8.704499165780015e-05
194 8.629399564437717e-05
195 9.112314009207461e-05
196 8.868542600345297e-05
197 8.66255224403586e-05
198 8.794232156792483e-05
199 8.68993951983874e-05
200 8.696342018299902e-05
201 8.712036371673882e-05
202 8.721803410250793e-05
203 9.012182440770019e-05
204 8.773809302835065e-05
205 8.614475240118832e-05
206 8.676970946157774e-05
207 8.83113473070933e-05
208 9.106919653718318e-05
209 8.771563972916962e-05
210 8.897972795481949e-05
211 8.899635690337607e-05
212 8.60213620916707e-05
213 8.857514676491211e-05
214 8.964176965557485e-05
215 9.14115340332414e-05
216 8.820748744975063e-05
217 8.636921255950456e-05
218 8.475414920313506e-05
219 8.690417514112919e-05
220 8.83124049963558e-05
221 8.602401948194835e-05
222 8.697584067745888e-05
223 8.680838045426545e-05
224 8.826452477263941e-05
225 8.932219448076226e-05
226 8.576806361092407e-05
227 8.816877736759868e-05
228 8.66231570780372e-05
229 8.93299975197104e-05
230 8.861178028177769e-05
231 8.729001301842553e-05
232 8.70724405769721e-05
233 8.768551035089249e-05
234 8.757304659158687e-05
235 8.611043233186199e-05
236 8.72263114246396e-05
237 8.859265510449861e-05
238 8.702352835358782e-05
239 8.952900719128454e-05
240 8.532249825261523e-05
241 8.765525929111161e-05
242 8.894136104897272e-05
243 8.899529106533976e-05
244 8.537671739586769e-05
245 8.765489717405456e-05
246 8.723649099122065e-05
247 8.620034234381254e-05
248 8.667266223874848e-05
249 8.672795378342747e-05
250 8.702005995129377e-05
251 9.020598526329683e-05
252 8.840022064470762e-05
253 8.643957057784545e-05
254 8.77277065446915e-05
255 8.499711699801575e-05
256 8.69446308981746e-05
257 8.780263859137212e-05
258 8.876326019687695e-05
259 8.814020382187478e-05
260 8.727641648595051e-05
261 8.623236341630841e-05
262 8.875261834569867e-05
263 8.707724148424384e-05
264 8.883791600586888e-05
265 8.959399666911242e-05
266 8.719148916093409e-05
267 8.789849902312731e-05
268 8.900774538413099e-05
269 8.678042436305577e-05
270 8.729524814992771e-05
271 8.88068455299632e-05
272 8.699123264022152e-05
273 9.023769409554694e-05
274 8.755599053393779e-05
275 8.856662161836471e-05
276 8.527433632966827e-05
277 8.751258663977706e-05
278 8.72856470944559e-05
279 8.725564098236977e-05
280 8.803135048710337e-05
281 8.638538250283367e-05
282 8.846691840394845e-05
283 8.674214426066814e-05
284 8.975435526545481e-05
285 8.556800921673915e-05
286 9.019965460575289e-05
287 8.61426638614012e-05
288 8.751287754093907e-05
289 8.788868846515217e-05
290 8.758687890355281e-05
291 8.740316412545443e-05
292 8.843379576155496e-05
293 8.929610880689745e-05
294 8.491358604814214e-05
295 8.781460599015352e-05
296 8.821063920239618e-05
297 8.779207016732375e-05
298 9.020499807064011e-05
299 8.76671360656342e-05
