0 2.022495403994444e-06
1 1.76389261945941e-06
2 1.5164542562958573e-06
3 1.7073868476352453e-06
4 1.7958500000931492e-06
5 1.8012568623584855e-06
6 1.4307698779232937e-06
7 1.5298488296188081e-06
8 1.6676969125209328e-06
9 1.7788404179669728e-06
10 1.510829511305824e-06
11 1.7405254250263003e-06
12 1.7057912846040092e-06
13 1.5529102111918535e-06
14 1.608985078197431e-06
15 1.8028863399351803e-06
16 1.512134252365747e-06
17 1.720515100475726e-06
18 1.750967671662758e-06
19 1.6541793240763288e-06
20 1.596318093756899e-06
21 1.5633262021826359e-06
22 1.7928058835366492e-06
23 1.767095205921605e-06
24 1.7729622921350745e-06
25 1.762023339290213e-06
26 1.6723869938043995e-06
27 1.6422906722415812e-06
28 1.8805846239067139e-06
29 1.3941491221589892e-06
30 1.5911469359751693e-06
31 1.7166352403839439e-06
32 1.878562679921624e-06
33 1.9027466796206655e-06
34 1.818237592010351e-06
35 1.637456774922162e-06
36 2.021967145594494e-06
37 1.9123025283146733e-06
38 1.7189045190241436e-06
39 1.5645739612608217e-06
40 1.903303404066201e-06
41 1.5193262593221496e-06
42 1.7144275699310804e-06
43 1.6375236748433497e-06
44 1.581083830113984e-06
45 1.6093496311680182e-06
46 1.6786004896465052e-06
47 1.6607964837621572e-06
48 1.8351540825303774e-06
49 1.7017683902688676e-06
50 1.557553756385721e-06
51 1.6440834391053226e-06
52 1.6035953567129403e-06
53 1.7158765692352104e-06
54 1.7000125384819069e-06
55 1.5728657089436541e-06
56 1.6608981497155817e-06
57 1.6612497074598259e-06
58 1.897512016298491e-06
59 1.3149398017187034e-06
60 1.6835118715378774e-06
61 1.745056477526572e-06
62 1.5215091110072632e-06
63 1.6713148824955625e-06
64 1.6171192312063668e-06
65 1.6783859851951788e-06
66 1.5357568994854486e-06
67 1.5590116587998953e-06
68 1.820344741167434e-06
69 1.5554940887064953e-06
70 1.517112854029645e-06
71 1.4326310571454901e-06
72 1.7076124904224075e-06
73 1.6791994666705684e-06
74 1.5390706821505275e-06
75 1.7003917259403203e-06
76 1.7274036636376585e-06
77 1.6373886681022993e-06
78 1.61618102084928e-06
79 1.7683039157929647e-06
80 1.7132283673614741e-06
81 1.5539536047776617e-06
82 1.8435511286968512e-06
83 1.7432208211875476e-06
84 1.718663235372949e-06
85 1.714797200827165e-06
86 1.6202385827565583e-06
87 1.6526422018274501e-06
88 1.5996322988009132e-06
89 1.7724088232481276e-06
90 1.7319146024632018e-06
91 2.0070738477848467e-06
92 1.6505663296484032e-06
93 1.6477900029291808e-06
94 1.6220676410866419e-06
95 1.7772246423019087e-06
96 1.5974900485477496e-06
97 1.759949014477331e-06
98 1.7307148479576372e-06
99 1.5191908745510023e-06
100 1.5465604074253698e-06
101 1.7130714642777552e-06
102 1.6824226146304763e-06
103 1.9505664210437667e-06
104 1.918504524951293e-06
105 1.8231595506228936e-06
106 1.7736987646083349e-06
107 1.7604445345391728e-06
108 1.637285043408892e-06
109 1.731526272528024e-06
110 1.8988519581711275e-06
111 1.766192381028768e-06
112 1.7527237147147213e-06
113 1.5910295051996381e-06
114 1.656910979309282e-06
115 1.5143163111826769e-06
116 1.7526397131543172e-06
117 1.6060212064366603e-06
118 1.794221133968892e-06
119 1.840072891021665e-06
120 1.8040475578123262e-06
121 1.7568490600020152e-06
122 1.7519665481095308e-06
123 1.8155297937544662e-06
124 1.7904271099413715e-06
125 1.7609843858976929e-06
126 1.6355972838794127e-06
127 1.3579267731482477e-06
128 1.9062234526318353e-06
129 1.7368456463568518e-06
130 1.7067245116765e-06
131 1.87425727863995e-06
132 1.6154707826678045e-06
133 1.5987975240237014e-06
134 1.7109918870833935e-06
135 1.6477682740076525e-06
136 1.710901272411493e-06
137 1.6660993975838232e-06
138 1.5615848619803306e-06
139 1.998829234906224e-06
140 1.701319639347612e-06
141 1.5845412936778836e-06
142 1.5826588606412484e-06
143 1.550296878825013e-06
144 1.687430820544587e-06
145 1.7569153680555352e-06
146 1.7520200577031624e-06
147 1.7682938554885558e-06
148 1.7645346895077551e-06
149 1.8025607609012745e-06
150 1.664078294582181e-06
151 1.6334780475140164e-06
152 1.598939647516831e-06
153 1.6665708465530676e-06
154 1.7537304876077557e-06
155 1.7506503775404738e-06
156 1.807111651586284e-06
157 1.5443575311199136e-06
158 1.5961654274900597e-06
159 1.7161966551888829e-06
160 1.4523771610052646e-06
161 1.6672027717993269e-06
162 1.7334035771451338e-06
163 1.838212674410227e-06
164 1.7351611511220135e-06
165 1.4426353594142328e-06
166 1.7334711075541814e-06
167 1.8635659174040527e-06
168 1.6413964803418413e-06
169 1.5160636041693205e-06
170 1.8079928702558207e-06
171 1.6909210984682373e-06
172 1.690596546234433e-06
173 1.7459019133797244e-06
174 1.826680369911637e-06
175 1.666946107480567e-06
176 1.8498410052627886e-06
177 1.8680711525434903e-06
178 1.7774179825530133e-06
179 1.7918344911633264e-06
180 1.6832150779738888e-06
181 1.5709361260896625e-06
182 1.815675076734055e-06
183 1.7850176909788148e-06
184 1.6952695406433085e-06
185 1.8260959476181953e-06
186 1.5480798384189425e-06
187 1.5261654531160887e-06
188 1.5551095324833754e-06
189 1.6951125209322313e-06
190 1.7804560135135537e-06
191 1.7856647768735606e-06
192 1.623963982744933e-06
193 1.8204620426936121e-06
194 1.5807721764255577e-06
195 1.5750523967949765e-06
196 1.6766016070131713e-06
197 1.6553319226049296e-06
198 1.718365553463302e-06
199 1.6720365290949654e-06
200 1.6272604680606116e-06
201 1.63702159988795e-06
202 1.791967436777943e-06
203 1.6850556603058865e-06
204 1.7328902824669386e-06
205 1.5266985315334431e-06
206 1.6425408405475143e-06
207 1.7051302628386616e-06
208 1.7207497350293198e-06
209 1.612079771791869e-06
210 1.7251072577150694e-06
211 1.7653670556797745e-06
212 1.5147785624304378e-06
213 1.6479040257503262e-06
214 1.6649692649134476e-06
215 1.667927071538322e-06
216 1.5760007409972415e-06
217 1.814968000392199e-06
218 1.578016249624552e-06
219 1.4621987999635008e-06
220 1.565969218342609e-06
221 1.8997870282507984e-06
222 1.4216877975616171e-06
223 1.639755434270971e-06
224 1.773935615037213e-06
225 1.8332982867400233e-06
226 1.8520428128448166e-06
227 1.6475171785763894e-06
228 1.6749602763253258e-06
229 1.7612845420950439e-06
230 1.8393601945662283e-06
231 1.6111192367935585e-06
232 1.7749985114876269e-06
233 1.5841345380445028e-06
234 1.8709856806962339e-06
235 1.7842627363506777e-06
236 1.4401557305630695e-06
237 1.6062001814826939e-06
238 1.567640327970319e-06
239 1.565001774577914e-06
240 1.4692415756401633e-06
241 1.5716085313589629e-06
242 1.696455829670648e-06
243 1.5854231310036675e-06
244 1.623222166846684e-06
245 1.718220211841136e-06
246 1.539851888254524e-06
247 1.6698790503548684e-06
248 1.5319989488544543e-06
249 1.7162356290812018e-06
250 1.7293956091927724e-06
251 1.5942200420007805e-06
252 1.6512771718048482e-06
253 1.9671104105218393e-06
254 1.7645396854736492e-06
255 1.8661025410211771e-06
256 1.798362300417212e-06
257 1.6437256854775766e-06
258 1.4822019133837828e-06
259 1.5111912442876152e-06
260 1.959218619533961e-06
261 1.5290745405327876e-06
262 1.8010891788918824e-06
263 1.6922459384060338e-06
264 1.5927636111755423e-06
265 1.6577230239704022e-06
266 1.7835338236176072e-06
267 1.519022397731558e-06
268 1.8238540912968478e-06
269 1.6521634074734272e-06
270 1.6812579342565629e-06
271 1.7319134900154286e-06
272 1.8753578653339114e-06
273 1.6274496206643725e-06
274 1.762385839280186e-06
275 1.5838709188049089e-06
276 1.900020632502298e-06
277 1.684814452898658e-06
278 1.5764320300915818e-06
279 1.5512662034886347e-06
280 1.4407061797835632e-06
281 1.5559112658391529e-06
282 1.7024137391780427e-06
283 1.6351893806250422e-06
284 1.494399786824414e-06
285 1.6397459130868261e-06
286 1.9015248489204506e-06
287 1.7226775677820446e-06
288 1.7889215765553672e-06
289 1.7873182020545002e-06
290 1.8516972509678596e-06
291 1.4623618747506336e-06
292 1.7465847099140826e-06
293 1.7962912052718815e-06
294 1.6555234557776594e-06
295 1.4516443859094588e-06
296 1.7560096547425577e-06
297 1.7776949337333858e-06
298 1.6603239412654901e-06
299 1.7406430075746667e-06
