0 -3.1319834076379025e-06
1 -3.011578349016021e-06
2 -3.064217248536097e-06
3 -3.1337057352533364e-06
4 -3.1023501415586847e-06
5 -3.2139862931036694e-06
6 -2.991454714431837e-06
7 -3.1794121680668187e-06
8 -3.1641952136969785e-06
9 -3.0723714937589286e-06
10 -3.03944555912743e-06
11 -3.19457292856469e-06
12 -3.1592738222858453e-06
13 -3.0469325789840518e-06
14 -3.0944897871202678e-06
15 -3.1548481444694362e-06
16 -3.033475191780704e-06
17 -3.212423998012285e-06
18 -3.1565884001790956e-06
19 -3.136634318152588e-06
20 -3.179157165771062e-06
21 -3.0995794262077074e-06
22 -3.185799448948814e-06
23 -3.185723004691442e-06
24 -3.1329026923502025e-06
25 -3.2122261053780897e-06
26 -3.228098345868509e-06
27 -3.163131941615975e-06
28 -3.1359414468043905e-06
29 -3.009070550859501e-06
30 -3.0124050408839045e-06
31 -3.068080111116362e-06
32 -3.261317706132916e-06
33 -3.171158564955037e-06
34 -3.1717440902926784e-06
35 -3.170368003161016e-06
36 -3.2390316180222464e-06
37 -3.3894392692817246e-06
38 -3.189842491607687e-06
39 -3.1365481795753763e-06
40 -3.1021084332753745e-06
41 -3.0377241308633534e-06
42 -3.15400449788602e-06
43 -3.0998033397523595e-06
44 -3.0326439688606154e-06
45 -3.116125294725206e-06
46 -3.12989446217396e-06
47 -3.214077820300376e-06
48 -3.1145313997879745e-06
49 -3.119632894469751e-06
50 -3.0406802409057457e-06
51 -3.1517427013667717e-06
52 -3.062386379328409e-06
53 -3.136808341882295e-06
54 -3.1243162910707025e-06
55 -3.1962448073703753e-06
56 -3.093579223924855e-06
57 -3.1628349949892435e-06
58 -3.17142912309112e-06
59 -3.027929404788591e-06
60 -3.160715777791957e-06
61 -3.1812786370917403e-06
62 -3.1653402872904655e-06
63 -3.1778611926382854e-06
64 -3.082090913069348e-06
65 -3.0968532471257114e-06
66 -2.945415506724684e-06
67 -3.044446666237077e-06
68 -3.173669258302375e-06
69 -3.0545476395453963e-06
70 -3.063309486756721e-06
71 -2.986015414594763e-06
72 -3.1321236202295203e-06
73 -3.1270317183247193e-06
74 -3.0653066061148985e-06
75 -3.09395801205756e-06
76 -3.1493986272988447e-06
77 -3.0711498807309795e-06
78 -3.1937332572339474e-06
79 -3.1103122948501306e-06
80 -3.1403890074728202e-06
81 -3.112900323231567e-06
82 -3.1105844895306813e-06
83 -3.020123353458061e-06
84 -3.146776285408192e-06
85 -3.2587928174855342e-06
86 -3.0761247035750477e-06
87 -3.0346745253527415e-06
88 -3.0151301997825154e-06
89 -3.240854832046108e-06
90 -3.1212816040664606e-06
91 -3.2699514808724937e-06
92 -3.1137990177899466e-06
93 -3.127319222309698e-06
94 -3.191133452995526e-06
95 -3.161396264917108e-06
96 -3.141337458036482e-06
97 -3.169164720523962e-06
98 -3.06522514224755e-06
99 -3.0338392376744047e-06
100 -2.982711092884603e-06
101 -3.1146338910684085e-06
102 -3.0758947675786694e-06
103 -3.1488457275023793e-06
104 -3.1591722639356754e-06
105 -3.156614552711083e-06
106 -3.1035655215779827e-06
107 -3.196002492177466e-06
108 -3.2611300677918677e-06
109 -3.086522051141249e-06
110 -3.211269609247139e-06
111 -3.137169871456088e-06
112 -3.1429456457537826e-06
113 -3.0973373553465056e-06
114 -3.0846350208928698e-06
115 -3.0410568293420183e-06
116 -3.2030183456677428e-06
117 -3.157346067589857e-06
118 -3.174716717767305e-06
119 -3.1291188848508494e-06
120 -3.307922173635154e-06
121 -3.165772776521034e-06
122 -3.1641711171934707e-06
123 -3.2211981965091134e-06
124 -3.1766057978024646e-06
125 -3.1688253805704955e-06
126 -3.139158340720585e-06
127 -3.036842897137157e-06
128 -3.281669324580178e-06
129 -3.0390839485534603e-06
130 -3.1657804830172624e-06
131 -3.13309093436759e-06
132 -3.151875866129978e-06
133 -3.063157206606397e-06
134 -3.1505839568580658e-06
135 -3.1210904743130054e-06
136 -3.1302729106189114e-06
137 -3.027991722446918e-06
138 -3.2612850283771113e-06
139 -3.2810589777635557e-06
140 -3.002858361063024e-06
141 -2.995175023618626e-06
142 -3.193622895559847e-06
143 -3.1137430890224776e-06
144 -3.1926651003702313e-06
145 -3.2015146686063977e-06
146 -3.026815353316433e-06
147 -3.0981002782533183e-06
148 -3.167262039414406e-06
149 -3.1152954788009357e-06
150 -3.1981182741987384e-06
151 -3.2204469099666598e-06
152 -3.1067808263468466e-06
153 -3.1163665805238092e-06
154 -3.1595823517271132e-06
155 -3.236328559924602e-06
156 -3.0492083249421582e-06
157 -3.1120952879861545e-06
158 -3.0557268631906772e-06
159 -3.076474932858533e-06
160 -3.059871488395394e-06
161 -3.2301474659999752e-06
162 -3.1521871780294233e-06
163 -3.2028549096124083e-06
164 -3.099387933868051e-06
165 -3.0932867902935785e-06
166 -3.036203576296071e-06
167 -3.2719905806580187e-06
168 -3.0988345580814245e-06
169 -2.995827892804937e-06
170 -3.1272122235677593e-06
171 -3.1139034979688895e-06
172 -3.0845626765033576e-06
173 -3.1862418254399045e-06
174 -3.1784971758509134e-06
175 -3.1155633423548167e-06
176 -3.1488134863776876e-06
177 -3.237463385334307e-06
178 -3.158016103426071e-06
179 -3.167257881206428e-06
180 -3.0925360618310777e-06
181 -3.124833721657957e-06
182 -3.2851189426692877e-06
183 -3.2165543747536197e-06
184 -3.1197801229159843e-06
185 -3.1831549458566987e-06
186 -3.0636761459179984e-06
187 -3.1305392341384617e-06
188 -3.226671568276609e-06
189 -3.138143592941135e-06
190 -3.193187019350811e-06
191 -3.1296582076787415e-06
192 -3.1212176439778098e-06
193 -3.233247365165582e-06
194 -3.1138081428462853e-06
195 -3.109447558053342e-06
196 -3.202598846217588e-06
197 -3.131696733619462e-06
198 -3.142828645630754e-06
199 -3.193321952049121e-06
200 -3.0959806650335693e-06
201 -3.1842579238118524e-06
202 -3.1532326726428485e-06
203 -3.191666977683885e-06
204 -3.1815219229315627e-06
205 -3.15970319530544e-06
206 -3.077651908182424e-06
207 -3.1682228166071966e-06
208 -3.1406020111134387e-06
209 -3.1795645625548286e-06
210 -3.2359122623284565e-06
211 -3.154554171389096e-06
212 -3.0136371004670177e-06
213 -3.0698128981805373e-06
214 -3.0960888911889764e-06
215 -3.2639902937615786e-06
216 -3.060215892527899e-06
217 -3.1351197819624458e-06
218 -3.126225574202082e-06
219 -3.0818364142037267e-06
220 -3.1427372657406998e-06
221 -3.169870933308278e-06
222 -3.039394737462526e-06
223 -3.0633046374250756e-06
224 -3.1057231359128694e-06
225 -3.138927261515268e-06
226 -3.1706062500828324e-06
227 -3.1851554534142886e-06
228 -3.1863356221290566e-06
229 -3.1723537295317064e-06
230 -3.1675653930088457e-06
231 -3.1416629403604055e-06
232 -3.1938146997842715e-06
233 -3.0591470153119034e-06
234 -3.1387217575305054e-06
235 -3.1093409148533497e-06
236 -2.981376358507489e-06
237 -3.1127401216813122e-06
238 -3.116652529687372e-06
239 -3.1884650367409834e-06
240 -2.9998227687611405e-06
241 -3.160860985081392e-06
242 -3.060512975865698e-06
243 -3.174873423487556e-06
244 -2.9981702271457596e-06
245 -3.162789383280213e-06
246 -3.078790710659871e-06
247 -3.179326370753046e-06
248 -3.2734580077108905e-06
249 -3.000279669649952e-06
250 -3.1740851793096964e-06
251 -3.1598628052774775e-06
252 -3.1591005806577863e-06
253 -3.2253254426864296e-06
254 -3.13844644024023e-06
255 -3.1926253125908864e-06
256 -3.173556897361896e-06
257 -3.168305438349128e-06
258 -3.06413037011455e-06
259 -3.059692963902215e-06
260 -3.1488085272582997e-06
261 -3.0911755636208583e-06
262 -3.1895161900114656e-06
263 -3.1051011985592192e-06
264 -3.114021041494595e-06
265 -3.152934781673954e-06
266 -3.1075448035015527e-06
267 -3.1640329791442573e-06
268 -3.203352453331504e-06
269 -3.1176560387929522e-06
270 -3.033359375702699e-06
271 -3.085749148670861e-06
272 -3.247388051085317e-06
273 -3.189087355569007e-06
274 -3.0690127204890876e-06
275 -3.089363279849105e-06
276 -3.189028428439152e-06
277 -3.158318836654661e-06
278 -3.159380049573325e-06
279 -3.102191690420862e-06
280 -3.0695887283696007e-06
281 -2.963071803199479e-06
282 -3.1317963919735652e-06
283 -3.1814017929241763e-06
284 -3.105848969974404e-06
285 -3.134950696948474e-06
286 -3.1705093456149644e-06
287 -3.184116524490866e-06
288 -3.213005483362914e-06
289 -3.315481332208725e-06
290 -3.1932585235882546e-06
291 -3.015812218362511e-06
292 -3.0822592337407646e-06
293 -3.1375895001962176e-06
294 -3.0817578407349254e-06
295 -3.0597077581839113e-06
296 -3.2255058813514944e-06
297 -2.9792942245629718e-06
298 -3.123549176345346e-06
299 -3.199369243611298e-06
