0 1.1085957849588316e-06
1 1.143176093054991e-06
2 1.1409525177378178e-06
3 1.099846998643486e-06
4 1.1245013514712348e-06
5 1.0717718898730098e-06
6 1.1402015846428924e-06
7 1.0994633688215539e-06
8 1.0826675265790791e-06
9 1.1095076318534204e-06
10 1.138350723959796e-06
11 1.0603619421039712e-06
12 1.0687705239256306e-06
13 1.1152419536655385e-06
14 1.07312392439756e-06
15 1.1508402533590239e-06
16 1.1144300971861523e-06
17 1.0561621259769319e-06
18 1.0963417779033782e-06
19 1.0981670379429756e-06
20 1.074540939158443e-06
21 1.1248507818570672e-06
22 1.0942533935135627e-06
23 1.068276944830172e-06
24 1.1466990547291015e-06
25 1.0925968477475794e-06
26 1.0574204070779504e-06
27 1.0956826956754655e-06
28 1.0935341740785836e-06
29 1.1436675798426123e-06
30 1.1180557501840958e-06
31 1.1426267564486445e-06
32 1.0292613335634373e-06
33 1.0683173597331877e-06
34 1.0711400323727093e-06
35 1.0791388602897561e-06
36 1.0835475508518327e-06
37 1.0375987860080289e-06
38 1.0776554392523113e-06
39 1.1009305577468377e-06
40 1.1076251316581232e-06
41 1.131637446755341e-06
42 1.081026892187336e-06
43 1.1444825537299975e-06
44 1.1164081711699482e-06
45 1.1149389491213077e-06
46 1.1013153668404797e-06
47 1.0554168581336762e-06
48 1.1004760143395758e-06
49 1.1073772567312326e-06
50 1.1240963229486946e-06
51 1.119359588864651e-06
52 1.1086737271005171e-06
53 1.0899821353344345e-06
54 1.0793990353345121e-06
55 1.1097221772210324e-06
56 1.0807629679617493e-06
57 1.1008300181236884e-06
58 1.0742545582565027e-06
59 1.0954565808458602e-06
60 1.0953737986425102e-06
61 1.0994528825402937e-06
62 1.079971198205701e-06
63 1.0695078462289172e-06
64 1.0934684821481075e-06
65 1.0796838418378657e-06
66 1.140946819299924e-06
67 1.1054278563793637e-06
68 1.1144397432255898e-06
69 1.114339806899696e-06
70 1.1212441130728419e-06
71 1.1532392478928729e-06
72 1.0883786755551211e-06
73 1.1005285311492446e-06
74 1.113376032350575e-06
75 1.1114853966030962e-06
76 1.0925717537246374e-06
77 1.121360134182249e-06
78 1.0624873229614732e-06
79 1.1140210172165234e-06
80 1.1186683881382003e-06
81 1.1076072965386822e-06
82 1.0971647381081348e-06
83 1.1701757139704955e-06
84 1.092173455008149e-06
85 1.0809209786954964e-06
86 1.099242804036405e-06
87 1.1314049723409531e-06
88 1.1267448802892271e-06
89 1.0935642930254268e-06
90 1.1083888985813217e-06
91 1.0820221251528525e-06
92 1.1266128488523751e-06
93 1.083941825165286e-06
94 1.05043127435724e-06
95 1.0953412757172377e-06
96 1.0872245693844956e-06
97 1.1104014182616208e-06
98 1.1260918491042002e-06
99 1.0744960102729733e-06
100 1.1411663873568106e-06
101 1.122692048773489e-06
102 1.0889425729424191e-06
103 1.0908561942563688e-06
104 1.1024328434696987e-06
105 1.0923053466867902e-06
106 1.1173328452445188e-06
107 1.0627057855007309e-06
108 9.992067579720622e-07
109 1.1155347735720359e-06
110 1.1056550189772024e-06
111 1.090690835089731e-06
112 1.1080169137267154e-06
113 1.1202950263047032e-06
114 1.1282532883190924e-06
115 1.0776472447503618e-06
116 1.078651930319134e-06
117 1.0874213293007506e-06
118 1.1220083134596068e-06
119 1.0872706017782866e-06
120 1.057426967672877e-06
121 1.1023809427181466e-06
122 1.0626090696581918e-06
123 1.0720077047714457e-06
124 1.124871359812388e-06
125 1.0668465468500386e-06
126 1.1088033331150118e-06
127 1.0698998194121194e-06
128 1.0753527689064568e-06
129 1.1815876013253433e-06
130 1.111425214025723e-06
131 1.086437987166214e-06
132 1.0802614380013094e-06
133 1.0919043537601057e-06
134 1.0783328062571458e-06
135 1.0771416314078965e-06
136 1.113038901386296e-06
137 1.1561446092856013e-06
138 1.0865865476127493e-06
139 1.0501121082516012e-06
140 1.1275545872126905e-06
141 1.1461564412683477e-06
142 1.0643904943726892e-06
143 1.0951738075860912e-06
144 1.0411276212399437e-06
145 1.0652917993766165e-06
146 1.0722091055652708e-06
147 1.130865646932959e-06
148 1.0865365211409466e-06
149 1.121441354234452e-06
150 1.0589490343516844e-06
151 1.0127717747457256e-06
152 1.0850588914268613e-06
153 1.086769685931827e-06
154 1.129424357187353e-06
155 1.05467550065884e-06
156 1.1324525674612685e-06
157 1.0992361423756013e-06
158 1.138790018096455e-06
159 1.1329435569655881e-06
160 1.1343306624503657e-06
161 1.0630949848644823e-06
162 1.0887953377696704e-06
163 1.0654011977120354e-06
164 1.138413810189369e-06
165 1.1071379293847692e-06
166 1.1499393159343815e-06
167 1.0366620763775173e-06
168 1.0666182608747197e-06
169 1.1342284053024927e-06
170 1.1061941718114637e-06
171 1.1204065652706974e-06
172 1.1259769757378876e-06
173 1.0700666411133387e-06
174 1.0883419017312546e-06
175 1.0782530417815134e-06
176 1.0851750389867429e-06
177 1.0705979181178848e-06
178 1.1047900187229062e-06
179 1.076567479558174e-06
180 1.1119623909114357e-06
181 1.0867399063353063e-06
182 1.0715402349895713e-06
183 1.0656829629001843e-06
184 1.1046514568988458e-06
185 1.0799392307455275e-06
186 1.1022837107054008e-06
187 1.0875672920766788e-06
188 1.0670825230596004e-06
189 1.1379708237535297e-06
190 1.0525898082574328e-06
191 1.1007471697631845e-06
192 1.0759270977868287e-06
193 1.0464275834235102e-06
194 1.0813195429591414e-06
195 1.1119906427382513e-06
196 1.0993058723520234e-06
197 1.0792147198368295e-06
198 1.0985105323007865e-06
199 1.0779401740411418e-06
200 1.1091100187001414e-06
201 1.0570377232543684e-06
202 1.107465473887058e-06
203 1.0827463457398224e-06
204 1.1027318971607112e-06
205 1.0774071715724472e-06
206 1.129305319282499e-06
207 1.0773059145714138e-06
208 1.0660734671495319e-06
209 1.0579313628444947e-06
210 1.0533149345118285e-06
211 1.0707969827862033e-06
212 1.1163792606733441e-06
213 1.1383725477539466e-06
214 1.100910886795054e-06
215 1.0672580720093746e-06
216 1.1190614639940034e-06
217 1.0860796878518182e-06
218 1.0985962665394217e-06
219 1.106295932824049e-06
220 1.0867780372113334e-06
221 1.118614154279063e-06
222 1.1454060410001034e-06
223 1.1205678691804321e-06
224 1.1179230547341344e-06
225 1.1175509554999067e-06
226 1.0933897212325123e-06
227 1.064133934550021e-06
228 1.082465276192843e-06
229 1.0595216755216992e-06
230 1.1181282628356808e-06
231 1.0966458003477582e-06
232 1.0900768098675527e-06
233 1.1036704957003683e-06
234 1.1141735802214042e-06
235 1.135902857010354e-06
236 1.1145627656337969e-06
237 1.0638883666923372e-06
238 1.0672467811994889e-06
239 1.0901059999138675e-06
240 1.137037702996926e-06
241 1.039595286798132e-06
242 1.1350548775157912e-06
243 1.049381705321166e-06
244 1.1472829878974283e-06
245 1.0661319647448344e-06
246 1.0896997018602403e-06
247 1.0845276304702882e-06
248 1.0420941950175763e-06
249 1.1501714289045957e-06
250 1.0803893891901725e-06
251 1.0871272093405014e-06
252 1.0887549943497484e-06
253 1.0609309643509242e-06
254 1.0920402038331993e-06
255 1.1146244516671938e-06
256 1.1031324537194253e-06
257 1.0960550039843521e-06
258 1.1159150883551377e-06
259 1.124897614030625e-06
260 1.1282092925776478e-06
261 1.0770230620264463e-06
262 1.070849349126646e-06
263 1.1298927355058292e-06
264 1.0681272232846443e-06
265 1.1014748496441875e-06
266 1.118913293738231e-06
267 1.077220268110649e-06
268 1.0691946532898316e-06
269 1.1068674605748068e-06
270 1.1490541107193829e-06
271 1.1082678333857754e-06
272 1.0948850314613669e-06
273 1.0680290628959166e-06
274 1.1187723242247652e-06
275 1.115867786711829e-06
276 1.095998700630563e-06
277 1.1264587740136219e-06
278 1.0804100631068975e-06
279 1.1249210084987097e-06
280 1.1026379227335095e-06
281 1.1676537477498834e-06
282 1.0725685216621544e-06
283 1.0825754081796942e-06
284 1.1173826008095861e-06
285 1.1252792893592794e-06
286 1.0796720559700261e-06
287 1.1088952632570908e-06
288 1.0546415788234518e-06
289 1.033384602540386e-06
290 1.0781415883958011e-06
291 1.1464248325937718e-06
292 1.119718868550848e-06
293 1.0715565760148888e-06
294 1.115575044576508e-06
295 1.0941384280955499e-06
296 1.0805703241513218e-06
297 1.146937956142677e-06
298 1.1136065554834455e-06
299 1.0573777618046596e-06
