0 1.5138043026180875e-06
1 1.4100553397671774e-06
2 1.4968422310794491e-06
3 1.593348380681027e-06
4 1.5131800702047091e-06
5 1.6750270719264723e-06
6 1.458898924821841e-06
7 1.6588910866455397e-06
8 1.666887878197947e-06
9 1.5113864022964097e-06
10 1.5131110641351836e-06
11 1.7093579020350041e-06
12 1.6521355087555838e-06
13 1.5260683466213773e-06
14 1.6320878849950711e-06
15 1.4920690454246436e-06
16 1.528124611206776e-06
17 1.7273747371692267e-06
18 1.6043909927124862e-06
19 1.6130961475135757e-06
20 1.6820938830912779e-06
21 1.5705627957635357e-06
22 1.6093088096082034e-06
23 1.6925969715102122e-06
24 1.4920446792324928e-06
25 1.6559394757553487e-06
26 1.7410262885088896e-06
27 1.6243740078837183e-06
28 1.5751583561112884e-06
29 1.470598198142524e-06
30 1.4969973485523668e-06
31 1.4638958803633964e-06
32 1.7686571782043941e-06
33 1.628588943724698e-06
34 1.6412645201902996e-06
35 1.6447485319800288e-06
36 1.6342483288686456e-06
37 1.8513633447937088e-06
38 1.65535529232535e-06
39 1.6178698329067014e-06
40 1.5199323981592128e-06
41 1.5106421985694043e-06
42 1.6317894421150904e-06
43 1.5100505789863858e-06
44 1.5003061743639809e-06
45 1.5662851628085017e-06
46 1.6034377336226833e-06
47 1.7411989296725331e-06
48 1.5544403472615604e-06
49 1.5798499715088171e-06
50 1.508411388096032e-06
51 1.5894599741772648e-06
52 1.5464313031777902e-06
53 1.6036434122693642e-06
54 1.621141876719379e-06
55 1.661279370345429e-06
56 1.5932598812757983e-06
57 1.631344608549051e-06
58 1.619046874252992e-06
59 1.6059100650003807e-06
60 1.6252165855082048e-06
61 1.6033123549455612e-06
62 1.665943517821811e-06
63 1.6782847865978733e-06
64 1.6001501097475251e-06
65 1.5997921116985635e-06
66 1.4163969512489908e-06
67 1.5570852060529908e-06
68 1.5786032897776639e-06
69 1.5395235206605635e-06
70 1.5423435944411701e-06
71 1.4303848485297884e-06
72 1.6093226993928444e-06
73 1.583373320015388e-06
74 1.5601520515460668e-06
75 1.5412363622480485e-06
76 1.5959427477409495e-06
77 1.5070629103404482e-06
78 1.7165370454959145e-06
79 1.5344811831310082e-06
80 1.5700474081959103e-06
81 1.5929580996328107e-06
82 1.549292886816124e-06
83 1.3853248367575833e-06
84 1.613918029390466e-06
85 1.712756648536698e-06
86 1.571965472002585e-06
87 1.4762614754396277e-06
88 1.4719042594102798e-06
89 1.6895481364994595e-06
90 1.544037134693928e-06
91 1.6739789400562392e-06
92 1.5459870205482135e-06
93 1.634164190955087e-06
94 1.7439765547401372e-06
95 1.6092152277899947e-06
96 1.6565273950816789e-06
97 1.5786378741435521e-06
98 1.4860522932304473e-06
99 1.5911345673941122e-06
100 1.4445276235459863e-06
101 1.5231439727394976e-06
102 1.5548859154068223e-06
103 1.564675190039164e-06
104 1.561677474737991e-06
105 1.5989313675729664e-06
106 1.522973045563933e-06
107 1.6796115875295682e-06
108 1.8739099452264582e-06
109 1.5136764983591848e-06
110 1.6151448217360435e-06
111 1.5949954440896633e-06
112 1.5639298348033756e-06
113 1.5636124867520807e-06
114 1.5226575300127764e-06
115 1.5877492329727694e-06
116 1.6714083904491214e-06
117 1.6753754261197555e-06
118 1.5713110392447203e-06
119 1.569080301445394e-06
120 1.7782593819582642e-06
121 1.5982776893801228e-06
122 1.6630328260947693e-06
123 1.6968680815423067e-06
124 1.5699342817627751e-06
125 1.650890771223873e-06
126 1.5996397444605529e-06
127 1.6413040916634667e-06
128 1.6986770051832808e-06
129 1.3924660783376303e-06
130 1.6099259866837528e-06
131 1.5740290143152416e-06
132 1.6428752101618714e-06
133 1.571103563556796e-06
134 1.6347006763827245e-06
135 1.6148291390976889e-06
136 1.5417829158877718e-06
137 1.4140847812345463e-06
138 1.7354067602020376e-06
139 1.7225528322557167e-06
140 1.4410349344814746e-06
141 1.4088967098086952e-06
142 1.7223991830163392e-06
143 1.6043323189826062e-06
144 1.7347030448445966e-06
145 1.692427753586517e-06
146 1.5654986738068728e-06
147 1.489976085680944e-06
148 1.639098952219058e-06
149 1.521588344878814e-06
150 1.7159165560097604e-06
151 1.8254205346550359e-06
152 1.618558284067003e-06
153 1.6110850342839484e-06
154 1.5666007471216837e-06
155 1.7374702785920054e-06
156 1.4408032964337515e-06
157 1.6004675693384544e-06
158 1.4970082537489425e-06
159 1.4951865930233386e-06
160 1.5298943609317829e-06
161 1.7319298659187814e-06
162 1.6084586324977778e-06
163 1.6781415379280958e-06
164 1.4987927541574657e-06
165 1.5790742441944608e-06
166 1.4222864492222542e-06
167 1.7708254825317937e-06
168 1.6473831736994884e-06
169 1.4836762282434509e-06
170 1.5377943386374216e-06
171 1.552510995183055e-06
172 1.5270199712870595e-06
173 1.666186437401417e-06
174 1.6239939439375746e-06
175 1.6025660379635259e-06
176 1.5965693569453655e-06
177 1.6851720093591777e-06
178 1.587224315703452e-06
179 1.6465435663037518e-06
180 1.5358057178832555e-06
181 1.6488046038273103e-06
182 1.7294232407095446e-06
183 1.6899549091864332e-06
184 1.565497026269291e-06
185 1.6417724651098916e-06
186 1.576466689215602e-06
187 1.6490314810415376e-06
188 1.73905381109958e-06
189 1.535955552440055e-06
190 1.6934129443926876e-06
191 1.5757554054010637e-06
192 1.6351296428080328e-06
193 1.719301167036304e-06
194 1.6367116977303752e-06
195 1.580583662675159e-06
196 1.6478734305961514e-06
197 1.6298860696848905e-06
198 1.6046774294606646e-06
199 1.6589930563001626e-06
200 1.5579629721316462e-06
201 1.7171984468781562e-06
202 1.5709487408908244e-06
203 1.6842335401455107e-06
204 1.624980345278992e-06
205 1.67908625393605e-06
206 1.5053463223826587e-06
207 1.6599674215738096e-06
208 1.636767555784739e-06
209 1.7250047571392863e-06
210 1.7470318660401264e-06
211 1.6554658531017638e-06
212 1.510671004832339e-06
213 1.472281394806854e-06
214 1.5626652540888737e-06
215 1.747166904345053e-06
216 1.5307953313696339e-06
217 1.599023142734584e-06
218 1.6045151120148909e-06
219 1.6053134719057441e-06
220 1.6568589408113217e-06
221 1.5581820647052008e-06
222 1.5140139634559654e-06
223 1.5148970088117308e-06
224 1.514938941509531e-06
225 1.551888100631297e-06
226 1.601282003575787e-06
227 1.703353505576771e-06
228 1.6735285452720492e-06
229 1.681260901886462e-06
230 1.5546870769410448e-06
231 1.6263787409813279e-06
232 1.6308394810917263e-06
233 1.5565632002662402e-06
234 1.5316816068477816e-06
235 1.499384717586149e-06
236 1.4884074976051246e-06
237 1.6719170517441614e-06
238 1.6687525751251777e-06
239 1.6675270233887362e-06
240 1.4598500950063529e-06
241 1.7605125840744381e-06
242 1.4586421330727982e-06
243 1.724189419355177e-06
244 1.4221071031728376e-06
245 1.6489740520684404e-06
246 1.6021966295338502e-06
247 1.664402888206025e-06
248 1.826089535225085e-06
249 1.4082398699151164e-06
250 1.654589354096058e-06
251 1.6492528315872318e-06
252 1.6393851599300343e-06
253 1.6834242230896431e-06
254 1.5981663426523141e-06
255 1.5776100859198456e-06
256 1.5878243660213312e-06
257 1.6192525597775935e-06
258 1.5477492313425147e-06
259 1.5387025122679315e-06
260 1.5024660370369475e-06
261 1.6380105897499702e-06
262 1.6658138341705363e-06
263 1.5217903802782775e-06
264 1.64809077164279e-06
265 1.6213817259844206e-06
266 1.5255047253033527e-06
267 1.7003097796620749e-06
268 1.652977907648108e-06
269 1.563252821886137e-06
270 1.4470656140348282e-06
271 1.544042218133974e-06
272 1.6575634768199017e-06
273 1.7042404985402887e-06
274 1.4874831022342074e-06
275 1.5574058530445282e-06
276 1.5786394844206703e-06
277 1.559259757511039e-06
278 1.6661442889491857e-06
279 1.5583373451316188e-06
280 1.587709064989104e-06
281 1.364061966174152e-06
282 1.6340624260168592e-06
283 1.6861189910737402e-06
284 1.5751387781017117e-06
285 1.5576033986756385e-06
286 1.6097419630869919e-06
287 1.601843674071774e-06
288 1.700329939932535e-06
289 1.8326596087468796e-06
290 1.6530682207129633e-06
291 1.4625751220769971e-06
292 1.4945729319298842e-06
293 1.6293860122701867e-06
294 1.5390735647249304e-06
295 1.602165128336861e-06
296 1.680212777889628e-06
297 1.3850983381923391e-06
298 1.5627725335848761e-06
299 1.6944355536971114e-06
