0 1.0104846157942214e-06
1 1.023961142875418e-06
2 1.2420480988769539e-06
3 1.2301548148175402e-06
4 1.136216560156666e-06
5 1.2604983602125784e-06
6 1.2308980629140029e-06
7 1.3772973429842415e-06
8 1.3117389152612524e-06
9 1.116178111625821e-06
10 1.2457721311684302e-06
11 1.3192339277790947e-06
12 1.2693702795873228e-06
13 1.2352587721508074e-06
14 1.2933439869746002e-06
15 1.1086583607894345e-06
16 1.2415870159494972e-06
17 1.3380693639662769e-06
18 1.224704480233016e-06
19 1.2965805562013433e-06
20 1.3655140201230747e-06
21 1.297457689307746e-06
22 1.1964370437968597e-06
23 1.2808660174221912e-06
24 1.1199897348881495e-06
25 1.275899220014305e-06
26 1.3768121902215824e-06
27 1.302163259571123e-06
28 1.1487299505838585e-06
29 1.2301717107852728e-06
30 1.189280499638905e-06
31 1.123099879072784e-06
32 1.3003764811299058e-06
33 1.1596716519301606e-06
34 1.2110540386499935e-06
35 1.3065499548137774e-06
36 1.1399068926860184e-06
37 1.376983564207116e-06
38 1.2756026051507216e-06
39 1.324536284807854e-06
40 1.0864381397012101e-06
41 1.2487476017903647e-06
42 1.2678542597640404e-06
43 1.1901604417355797e-06
44 1.2015122772984538e-06
45 1.2545321035088884e-06
46 1.261415911750287e-06
47 1.3826850049281454e-06
48 1.1385466813937435e-06
49 1.2221843937047483e-06
50 1.238068876686809e-06
51 1.2533342318230072e-06
52 1.2432731161598234e-06
53 1.2341337233637642e-06
54 1.2490448054864743e-06
55 1.3706893851177613e-06
56 1.2412090065102678e-06
57 1.306358810838134e-06
58 1.174300904810772e-06
59 1.4096286205628463e-06
60 1.2717265283871696e-06
61 1.2346927036948752e-06
62 1.355956400819201e-06
63 1.3177824870835532e-06
64 1.2774751327087362e-06
65 1.2437646886139999e-06
66 1.1432035474590948e-06
67 1.2559580028609724e-06
68 1.1688185335679681e-06
69 1.2710682952278759e-06
70 1.2647297799738567e-06
71 1.1951651124163873e-06
72 1.2575094669930234e-06
73 1.2534548812303026e-06
74 1.264500385657452e-06
75 1.1928247460243916e-06
76 1.22340160595387e-06
77 1.18761745009086e-06
78 1.3804552374490307e-06
79 1.1659730830391977e-06
80 1.2188967575727593e-06
81 1.3066569664970475e-06
82 1.1386562821160349e-06
83 1.057192066588413e-06
84 1.2560631228926188e-06
85 1.346948164084277e-06
86 1.26235166057329e-06
87 1.1601791579597976e-06
88 1.170692718869215e-06
89 1.308893663771241e-06
90 1.175736070330565e-06
91 1.1766513969139043e-06
92 1.2120292911672656e-06
93 1.3007699719319354e-06
94 1.413772983760483e-06
95 1.2142775621147546e-06
96 1.3281164581147743e-06
97 1.2014856404218909e-06
98 1.127155524271209e-06
99 1.289330318633919e-06
100 1.1815977688069532e-06
101 1.1774013314990079e-06
102 1.1960282061850304e-06
103 1.0994767158532533e-06
104 1.1269278916291066e-06
105 1.1957764152212316e-06
106 1.1498735481642678e-06
107 1.2723980463154736e-06
108 1.5099500493409993e-06
109 1.1393564501434997e-06
110 1.176950684438484e-06
111 1.1975245354061016e-06
112 1.18496873778084e-06
113 1.2469481022718422e-06
114 1.1927124473515362e-06
115 1.3089446633620405e-06
116 1.2894147960437478e-06
117 1.345527665833702e-06
118 1.1931859215561848e-06
119 1.158849316448736e-06
120 1.3571920816030054e-06
121 1.2282773646587797e-06
122 1.269962163019831e-06
123 1.2872423208174418e-06
124 1.1858252391493502e-06
125 1.2626724273729124e-06
126 1.2873593323036177e-06
127 1.4208598587605084e-06
128 1.247700363792323e-06
129 1.042441284978495e-06
130 1.2541797580158902e-06
131 1.143656933790439e-06
132 1.3096421517507677e-06
133 1.2600840280758178e-06
134 1.27957253912868e-06
135 1.2786421650623e-06
136 1.1882281212483487e-06
137 1.0955908332834696e-06
138 1.4250944033305305e-06
139 1.2243635909898115e-06
140 1.0939362008320365e-06
141 1.1261097696163125e-06
142 1.420859428022005e-06
143 1.319436972371318e-06
144 1.3686435309689174e-06
145 1.2996246648953163e-06
146 1.1637611281365805e-06
147 1.1094437138096479e-06
148 1.2491486989394348e-06
149 1.128835351428942e-06
150 1.3615004587910718e-06
151 1.4598697618617191e-06
152 1.2884721147388487e-06
153 1.2578831578338409e-06
154 1.1958241911152024e-06
155 1.353249238149678e-06
156 1.0497180418806369e-06
157 1.3006929162529717e-06
158 1.1909748292775555e-06
159 1.1382099589923701e-06
160 1.2952890221563728e-06
161 1.3405070928508215e-06
162 1.2165422456103105e-06
163 1.2583630240615029e-06
164 1.1444455630557113e-06
165 1.3271294112800387e-06
166 1.0671371812889333e-06
167 1.3194174367069394e-06
168 1.3144262591843115e-06
169 1.2133072081753532e-06
170 1.1489054262759959e-06
171 1.2124550744354975e-06
172 1.1898040408718075e-06
173 1.2793436680488372e-06
174 1.2080110036135366e-06
175 1.267768813616312e-06
176 1.1632049795888796e-06
177 1.2401491587729305e-06
178 1.2121756149675772e-06
179 1.255429620720546e-06
180 1.190788626872865e-06
181 1.3360956559830258e-06
182 1.3124982115622667e-06
183 1.2746322030992516e-06
184 1.225989124060748e-06
185 1.2323537732478194e-06
186 1.2796136081141447e-06
187 1.3586068749025815e-06
188 1.4342450311895223e-06
189 1.1987096814732739e-06
190 1.2789979845264395e-06
191 1.1737452878199662e-06
192 1.3041009781496047e-06
193 1.2729663211834638e-06
194 1.3325294029415505e-06
195 1.2676119264001087e-06
196 1.2984052640108712e-06
197 1.270188150251249e-06
198 1.2418758255809911e-06
199 1.3059659068679024e-06
200 1.239485618661825e-06
201 1.3712329327000826e-06
202 1.1915294204000536e-06
203 1.3301090294409516e-06
204 1.254484933857966e-06
205 1.4017519335847904e-06
206 1.1881117285693288e-06
207 1.286705961417302e-06
208 1.2448628938488364e-06
209 1.3809613471034772e-06
210 1.3660455954278508e-06
211 1.2679668472362814e-06
212 1.2413073207628918e-06
213 1.1375546117742895e-06
214 1.2048695940186565e-06
215 1.4069860624211703e-06
216 1.2404289341311183e-06
217 1.1932426367804711e-06
218 1.2906124901608244e-06
219 1.3511447777680327e-06
220 1.3615208987952985e-06
221 1.1340712396554881e-06
222 1.2769625663357426e-06
223 1.1839985388214803e-06
224 1.1330723403585158e-06
225 1.1510665391459998e-06
226 1.1765809612640112e-06
227 1.3498609663590702e-06
228 1.3358259195285408e-06
229 1.3004343018008719e-06
230 1.1361044432761638e-06
231 1.3053079106091642e-06
232 1.2425452635236664e-06
233 1.252962168164568e-06
234 1.113747208226679e-06
235 1.1265671940819692e-06
236 1.2348435978395529e-06
237 1.342697944602675e-06
238 1.350125702833302e-06
239 1.3641948471076207e-06
240 1.2029213031388298e-06
241 1.4334752549887697e-06
242 1.1163920998546512e-06
243 1.3939854502304705e-06
244 1.1258254305984923e-06
245 1.268967817586325e-06
246 1.3074696728384632e-06
247 1.3091627366033365e-06
248 1.530485281476621e-06
249 1.0649053849991243e-06
250 1.2751728128391061e-06
251 1.3310327820243394e-06
252 1.3198629400851098e-06
253 1.188610716951846e-06
254 1.2058991284500318e-06
255 1.1517892094112212e-06
256 1.181213653192988e-06
257 1.2795972087986445e-06
258 1.2958254193083974e-06
259 1.2792597804392279e-06
260 1.0541082959655027e-06
261 1.3446284362505916e-06
262 1.2764656038093705e-06
263 1.1757955591622298e-06
264 1.3310570688042633e-06
265 1.2768322540536067e-06
266 1.1479215155638117e-06
267 1.4094459361119248e-06
268 1.2234897596998286e-06
269 1.2154761599666152e-06
270 1.1195075046883358e-06
271 1.1777259524628837e-06
272 1.2223679013151177e-06
273 1.3725184532312814e-06
274 1.1198722640835459e-06
275 1.2649932283003987e-06
276 1.1414894842049265e-06
277 1.2279271715852264e-06
278 1.3489991021182471e-06
279 1.2969640974676362e-06
280 1.34396175019679e-06
281 1.0953070907718912e-06
282 1.2654418772553425e-06
283 1.346862005173719e-06
284 1.3043700836285535e-06
285 1.233750424783421e-06
286 1.1602285103975786e-06
287 1.23364389328685e-06
288 1.2946349239134683e-06
289 1.4115657084861453e-06
290 1.2015007051305995e-06
291 1.2191535698829113e-06
292 1.1186403000644938e-06
293 1.2251360857765338e-06
294 1.2218852540262421e-06
295 1.3582083974899586e-06
296 1.297941062149658e-06
297 1.0085563379353036e-06
298 1.232907969878547e-06
299 1.2841356700303504e-06
