0 2.4657741225933535e-07
1 9.199404179747211e-08
2 -1.792104212617099e-07
3 -1.0259729759787137e-07
4 6.414706687176713e-08
5 -8.266930116528848e-08
6 -2.268080139908119e-07
7 -3.218206557915096e-07
8 -2.028361693144718e-07
9 3.471150832009957e-08
10 -2.111930840835672e-07
11 -1.6099133491274715e-07
12 -1.599014252780625e-07
13 -1.7881264437606887e-07
14 -2.183035843186007e-07
15 5.4772075128965355e-08
16 -2.2997976200220097e-07
17 -2.1053876768384663e-07
18 -7.283311105322172e-08
19 -1.3484538852812607e-07
20 -2.6619806874861626e-07
21 -1.8298044090899849e-07
22 -6.094346962569816e-08
23 -1.392041866735882e-07
24 2.81964326965439e-08
25 -9.851645866213693e-08
26 -2.6569433145347733e-07
27 -1.773458921908167e-07
28 9.217738673739011e-08
29 -3.1893719471602163e-07
30 -1.1607219596565111e-07
31 3.123135228504058e-08
32 -1.043558553398166e-07
33 3.547651871243138e-08
34 -5.1279513104497926e-08
35 -2.1378001895728343e-07
36 1.5739541462389676e-07
37 -1.4834715321137945e-07
38 -1.5517039655592616e-07
39 -2.438527670374149e-07
40 1.5929287515199143e-07
41 -1.8354556684804847e-07
42 -1.181202982670527e-07
43 -1.0330034857597823e-07
44 -1.2861637946135393e-07
45 -1.6596474372833738e-07
46 -1.219075294339463e-07
47 -2.692722681977121e-07
48 5.576396265243962e-08
49 -8.733093112658764e-08
50 -1.3535197965154329e-07
51 -1.7401972983692145e-07
52 -1.3469231446809034e-07
53 -9.951366659284776e-08
54 -1.3127261141611418e-07
55 -2.750584679233213e-07
56 -1.4201638932949007e-07
57 -1.5643437307331135e-07
58 7.037106145334904e-08
59 -4.5834207291265567e-07
60 -1.490379540791215e-07
61 -7.137892295638713e-08
62 -3.6370228676644394e-07
63 -2.0991001231607558e-07
64 -1.707603488522863e-07
65 -1.1962263806543472e-07
66 -8.948566173224161e-08
67 -1.9692716815086316e-07
68 -4.220631255559126e-10
69 -1.5667691036092514e-07
70 -2.349542317932066e-07
71 -2.2550046852303396e-07
72 -9.221145649778557e-08
73 -8.96761221528985e-08
74 -2.3080604851265573e-07
75 -5.117079666729698e-08
76 -8.685617209748471e-08
77 -8.441082319537377e-08
78 -2.837247702468637e-07
79 2.3993725005815948e-08
80 -7.197751387886602e-08
81 -2.3029083714174914e-07
82 7.868615312814312e-08
83 1.3597464943141733e-07
84 -8.913203602956245e-08
85 -1.968461837093583e-07
86 -1.2889423505141622e-07
87 -2.8844085817858523e-08
88 -8.60462437875742e-08
89 -1.144074224107261e-07
90 -3.838391542384335e-08
91 9.641788935573977e-08
92 -1.2544041614167687e-07
93 -1.67903499440745e-07
94 -2.8380737291258943e-07
95 -5.497243328382105e-08
96 -2.591364769455072e-07
97 -4.8383516849561516e-08
98 1.7206147458327194e-08
99 -2.670814367166848e-07
100 -8.657665602179118e-08
101 -2.8056973842273812e-08
102 -8.90626177224185e-08
103 1.50692477883732e-07
104 1.374065448745774e-07
105 1.71771500264519e-08
106 3.550922884105143e-08
107 -1.3939187356885343e-07
108 -3.857034817388486e-07
109 -1.9771672572613157e-08
110 5.485511714080347e-08
111 -5.856419722480954e-08
112 -4.3323443739103476e-08
113 -1.9412737649976502e-07
114 -8.694655195017472e-08
115 -2.4298954787292053e-07
116 -1.1687344883463475e-07
117 -2.6852579336264416e-07
118 8.364606633563e-09
119 6.128591891534875e-08
120 -1.823504344167757e-07
121 -4.9735015817903256e-08
122 -1.121990056118728e-07
123 -7.575435945331832e-08
124 -1.4377243790766861e-08
125 -8.316055301431584e-08
126 -1.54841156406536e-07
127 -4.378981728367379e-07
128 -1.4943028191332546e-08
129 8.333917392943169e-08
130 -1.1644929301434054e-07
131 7.966258525999126e-08
132 -2.311855012322051e-07
133 -1.614307073931421e-07
134 -1.1126476988785718e-07
135 -1.5718202220300287e-07
136 -5.6692447736606786e-08
137 1.8847231184326424e-08
138 -3.7569535928018903e-07
139 5.626477080873043e-08
140 3.6094913415127944e-08
141 -4.3839816415708334e-08
142 -2.931032792002448e-07
143 -2.3517133990016184e-07
144 -2.197513519067897e-07
145 -1.325732114237275e-07
146 -2.1282744431858524e-08
147 3.1937120752960147e-08
148 -8.735059608351324e-08
149 4.763146338771908e-08
150 -2.3785335060682973e-07
151 -3.5505820540168045e-07
152 -2.2468150981976e-07
153 -1.4742437760468346e-07
154 -4.074048091530583e-08
155 -1.7314477987198646e-07
156 1.2409915935647916e-07
157 -2.641112128288644e-07
158 -1.2513608789810267e-07
159 -1.0433347066407909e-08
160 -2.711393932326771e-07
161 -3.038034918197034e-07
162 -1.0958274933797393e-07
163 -3.792004276992756e-08
164 1.4105078545725467e-08
165 -3.404224850693901e-07
166 7.395831699417406e-08
167 -1.053948234887911e-07
168 -1.7352124544387152e-07
169 -1.743249425363879e-07
170 4.887242340620623e-08
171 -7.034711855666352e-08
172 -4.308346205643372e-08
173 -1.261506636343515e-07
174 -1.7154204225953644e-08
175 -1.207742473110392e-07
176 1.9196105076505716e-08
177 -4.059071227794173e-08
178 -1.4052312707528633e-08
179 -4.303700283976275e-08
180 -7.110725072546283e-08
181 -2.732646876863136e-07
182 -1.3142419191249235e-07
183 -1.2421100922552075e-07
184 -7.050070474787018e-08
185 -1.7246207370826373e-08
186 -2.2762391140037714e-07
187 -3.12775309379404e-07
188 -3.709756095678098e-07
189 -6.445424842652342e-08
190 -1.2096195266678252e-07
191 -1.7454519953051858e-08
192 -1.9685899570621265e-07
193 -1.2926751407956493e-07
194 -2.2908119284417934e-07
195 -2.2383713981115766e-07
196 -1.8256282769301155e-07
197 -1.9079674158005515e-07
198 -8.865983751466456e-08
199 -1.948774012896686e-07
200 -1.3592566918109735e-07
201 -2.6417551679104694e-07
202 1.5394660943489083e-08
203 -1.8757176437865446e-07
204 -1.061239732216035e-07
205 -3.186132092571403e-07
206 -7.795679924421385e-08
207 -1.6255291078384562e-07
208 -1.3353920910125507e-07
209 -3.003203947183154e-07
210 -2.0814234034499628e-07
211 -7.767765179547423e-08
212 -1.8703024096680256e-07
213 -7.757299993726541e-08
214 -1.3287849268643078e-07
215 -2.580636867708369e-07
216 -1.4620203409085058e-07
217 9.52730814792156e-09
218 -2.3588475725809326e-07
219 -3.252599551936095e-07
220 -2.667458170322432e-07
221 1.1391275672006395e-07
222 -3.069849240106589e-07
223 -9.954843985360188e-08
224 2.4123341103200373e-08
225 6.098567853170939e-08
226 2.5397090255172472e-08
227 -2.5617146944293156e-07
228 -1.8210199457850262e-07
229 -9.302309786288651e-08
230 3.016032497276441e-08
231 -2.1507519167980513e-07
232 -6.895787479359112e-08
233 -1.6468128708746542e-07
234 1.0627829827890013e-07
235 5.6135930097924564e-08
236 -2.611415129855268e-07
237 -2.3856553587661245e-07
238 -2.871255254488585e-07
239 -2.9353013792376246e-07
240 -2.083078220649465e-07
241 -3.521975193407072e-07
242 8.157085556856416e-09
243 -3.1898711588870934e-07
244 -1.2451387532894574e-08
245 -1.3811379624622664e-07
246 -2.5180795026956215e-07
247 -2.0203116072806565e-07
248 -4.516477624766471e-07
249 7.9361765511191e-08
250 -1.300630065993145e-07
251 -2.5150390679635277e-07
252 -1.6512909384584574e-07
253 4.719413697072336e-08
254 -5.1883098252969335e-08
255 4.7835271140192034e-08
256 -3.116860075852438e-08
257 -1.956533843013185e-07
258 -2.571506650723463e-07
259 -2.1603293084046974e-07
260 2.14715170426718e-07
261 -2.8761157838477173e-07
262 -4.392257919754731e-08
263 -6.030750729789163e-08
264 -2.3264733690260724e-07
265 -1.8012074093009558e-07
266 3.6782683475811336e-08
267 -3.649208508023284e-07
268 -5.86524306784755e-08
269 -1.411946599651411e-07
270 5.96127786877855e-09
271 -2.3426048429560285e-08
272 -1.55835645846722e-08
273 -2.557421350145358e-07
274 5.826111395882965e-08
275 -1.6341568353992628e-07
276 8.875153023128142e-08
277 -9.033675710064734e-08
278 -2.816945472780092e-07
279 -1.8126511542218935e-07
280 -3.2732175543560857e-07
281 -3.5485568217071515e-08
282 -1.3357112224072e-07
283 -2.4531974141353095e-07
284 -2.946362210670472e-07
285 -1.4354390241090642e-07
286 6.81486619327895e-08
287 -1.0895025646372982e-07
288 -1.1043635861529906e-07
289 -2.3852485150540456e-07
290 -4.441824745167602e-08
291 -2.14867618909156e-07
292 9.922823459582831e-09
293 -3.210176923838356e-08
294 -7.430842344015281e-08
295 -3.1461499550907527e-07
296 -1.2634044284331275e-07
297 1.4889949353741178e-07
298 -1.1338653164144067e-07
299 -1.827308712747624e-07
