0 5.206378368371352e-07
1 5.115320113390976e-07
2 4.84609836067225e-07
3 4.930060735682282e-07
4 4.885942073756289e-07
5 5.00154797641531e-07
6 4.859823518033826e-07
7 4.760955716163808e-07
8 4.89060696551877e-07
9 5.019636945807026e-07
10 4.905797118030155e-07
11 4.901567245323889e-07
12 4.957106574202272e-07
13 4.869140997006022e-07
14 4.923269532319552e-07
15 5.031686897054604e-07
16 4.945915824640568e-07
17 4.887455017144336e-07
18 4.884735205183609e-07
19 4.7389033910137923e-07
20 4.789073047089924e-07
21 4.781668664430192e-07
22 5.023678024703281e-07
23 5.021519067418912e-07
24 4.97091311853185e-07
25 4.915572729946575e-07
26 4.820909188651808e-07
27 4.731894133589965e-07
28 4.909607777524197e-07
29 4.969350657762538e-07
30 4.870643575192573e-07
31 4.940876664012851e-07
32 4.963138326544813e-07
33 5.051032778189506e-07
34 5.016859166075624e-07
35 4.810020139969285e-07
36 5.078522437782948e-07
37 5.026789976697943e-07
38 4.895607108670328e-07
39 4.769896333219794e-07
40 4.958482851555028e-07
41 4.851228069095982e-07
42 4.819453360147048e-07
43 4.994381602118494e-07
44 4.825325641252287e-07
45 4.878139515381887e-07
46 4.854228751371349e-07
47 4.803236063924349e-07
48 4.990887560000507e-07
49 4.99783621017139e-07
50 4.7227496123446447e-07
51 4.940924173407353e-07
52 4.777035180895304e-07
53 4.935941631049833e-07
54 4.928676476311238e-07
55 4.82614886809565e-07
56 4.856846265227494e-07
57 4.756168991811356e-07
58 5.016527116087405e-07
59 4.705884775709555e-07
60 4.935974796918247e-07
61 4.871346251321389e-07
62 4.900410105190126e-07
63 4.868568268369923e-07
64 4.862637479995527e-07
65 4.890696052156169e-07
66 4.926670736174731e-07
67 4.908909312365168e-07
68 5.043729090026689e-07
69 4.709488396783924e-07
70 4.861458108418116e-07
71 4.903280218891031e-07
72 4.777250097567262e-07
73 4.789399911847224e-07
74 4.924209598881307e-07
75 4.934722787341995e-07
76 4.901014590398231e-07
77 4.890023723060215e-07
78 4.844663468008793e-07
79 4.876621516406439e-07
80 4.92226799573903e-07
81 4.774033048504608e-07
82 4.925337228520546e-07
83 4.845731112100362e-07
84 4.869876467838284e-07
85 4.886386501772953e-07
86 4.829589196307734e-07
87 4.862050290185269e-07
88 4.791835373345852e-07
89 4.894422460738788e-07
90 4.948447272665588e-07
91 5.094741375393251e-07
92 4.97941274041783e-07
93 4.829902114083319e-07
94 4.716874494296522e-07
95 4.943671994332157e-07
96 4.930259870548529e-07
97 4.881367709971144e-07
98 4.928025924759525e-07
99 4.868337433611173e-07
100 4.826162075906881e-07
101 4.886779815044445e-07
102 4.899896409682663e-07
103 4.998963886479031e-07
104 4.916331696212308e-07
105 4.914718630477916e-07
106 4.924769837834474e-07
107 4.945685649169107e-07
108 4.7538042219726985e-07
109 4.996057377436871e-07
110 5.044948040026474e-07
111 4.953798367827057e-07
112 4.923216227155545e-07
113 4.983722538970915e-07
114 4.931412095900898e-07
115 4.7496448966949626e-07
116 4.890588881806314e-07
117 4.881377966826001e-07
118 4.972651785095638e-07
119 4.877112542471002e-07
120 4.930393892658606e-07
121 4.842804200613991e-07
122 4.876190931578991e-07
123 4.90873685301061e-07
124 4.914344989036023e-07
125 4.880600351249022e-07
126 4.774336493059736e-07
127 4.640469925040609e-07
128 4.939009542095202e-07
129 5.05862899101435e-07
130 4.947283699805396e-07
131 4.915865821083145e-07
132 4.86961055122257e-07
133 4.795393939047275e-07
134 4.7521017389537574e-07
135 4.807135297634481e-07
136 4.864061646964783e-07
137 4.941564256272138e-07
138 4.862657161199118e-07
139 4.976833659232733e-07
140 4.956652828073496e-07
141 4.810856569293637e-07
142 4.697888022718349e-07
143 4.7591351284213176e-07
144 4.788780496817735e-07
145 4.8991163506069e-07
146 5.007945736897416e-07
147 5.021501369532776e-07
148 4.890167012391719e-07
149 4.971772706338842e-07
150 4.819879086770734e-07
151 4.816124290745953e-07
152 4.913058662846394e-07
153 4.94486476267967e-07
154 4.991342547100741e-07
155 4.7554384642261376e-07
156 5.010573926947432e-07
157 4.884893997264069e-07
158 4.964729401970047e-07
159 5.00116523074436e-07
160 4.819186283524092e-07
161 5.071254961694744e-07
162 5.027147439828352e-07
163 4.858605273786208e-07
164 5.000662677831166e-07
165 4.83236562041406e-07
166 5.060323388693738e-07
167 4.95018730413946e-07
168 4.7660164318667155e-07
169 4.887702295222546e-07
170 4.855830625360598e-07
171 4.908529884022763e-07
172 4.915118494940827e-07
173 4.904239810702908e-07
174 4.973363863924685e-07
175 4.707272964186041e-07
176 4.995643290315825e-07
177 5.023302031439663e-07
178 4.891374790578687e-07
179 4.84482303881373e-07
180 4.904185729706018e-07
181 4.850655019206705e-07
182 4.911914994306397e-07
183 4.991018947111967e-07
184 4.798615288954122e-07
185 4.911089181223419e-07
186 4.853888990688153e-07
187 4.829010745991644e-07
188 4.6989080867406946e-07
189 4.908466938032908e-07
190 4.901373867802147e-07
191 5.03729308065553e-07
192 4.843927061485433e-07
193 5.000653062189341e-07
194 4.767466929093767e-07
195 4.95192215096085e-07
196 4.942196897946515e-07
197 4.933937534128756e-07
198 4.947351562013961e-07
199 4.819125470631592e-07
200 4.826195180654808e-07
201 4.803880717683233e-07
202 4.922412226319668e-07
203 4.888162116966591e-07
204 4.945063503048787e-07
205 4.6771613061733106e-07
206 4.890684081483295e-07
207 4.918210001177486e-07
208 4.976893072904071e-07
209 4.893699828040902e-07
210 4.787553188902149e-07
211 4.862129888501729e-07
212 4.835220016109409e-07
213 4.962509433895036e-07
214 4.963719606745197e-07
215 4.7275553338049874e-07
216 4.87598287005802e-07
217 4.93972058498015e-07
218 4.912392720650359e-07
219 4.807224274477521e-07
220 4.7438379153202254e-07
221 4.988418280273397e-07
222 4.93196792931416e-07
223 4.954447983327041e-07
224 4.94749602200504e-07
225 4.983098569840093e-07
226 4.974117307136227e-07
227 4.824633265062547e-07
228 4.7245290750871034e-07
229 4.80325943035493e-07
230 5.015571975500642e-07
231 4.846789017089628e-07
232 4.9179813831376e-07
233 4.854844879438464e-07
234 4.942790970856213e-07
235 4.955895330870699e-07
236 4.820145444701842e-07
237 4.807281010074332e-07
238 4.853446188718066e-07
239 4.89759599579852e-07
240 4.951152997909646e-07
241 4.787050480894164e-07
242 4.999907342805491e-07
243 4.824053922630534e-07
244 4.834086463406047e-07
245 4.892905795983337e-07
246 4.815366129830105e-07
247 4.896186692741687e-07
248 4.6637197676556816e-07
249 5.011559245900407e-07
250 4.930306991134443e-07
251 4.857085709051108e-07
252 4.7154239978178337e-07
253 5.000803259635524e-07
254 4.95478092006093e-07
255 5.064183528601482e-07
256 5.010876461907497e-07
257 4.870419116666256e-07
258 4.741470653896187e-07
259 4.795958949835032e-07
260 5.03894913437112e-07
261 4.767077933119675e-07
262 4.783722929501195e-07
263 4.962997775074357e-07
264 4.778439758290561e-07
265 4.927256932708739e-07
266 4.875895803321139e-07
267 4.7420666339742333e-07
268 4.985052309541729e-07
269 4.999377513738738e-07
270 4.903397360595312e-07
271 4.950419338955992e-07
272 4.972472544959724e-07
273 4.814460872763691e-07
274 4.926730113987344e-07
275 4.837500472840132e-07
276 4.958532183837293e-07
277 4.873301325854973e-07
278 4.866753577369681e-07
279 4.717153604710061e-07
280 4.765142554185763e-07
281 4.922150769803103e-07
282 4.856409970194046e-07
283 4.888428235993477e-07
284 4.8549871052222e-07
285 4.854240400417902e-07
286 4.975821969285923e-07
287 4.969842342934168e-07
288 4.800107909805465e-07
289 4.869497052017207e-07
290 5.139262830464973e-07
291 4.867564468925348e-07
292 4.976562782197716e-07
293 4.884004492862638e-07
294 4.800849857371198e-07
295 4.7373400283278205e-07
296 4.8899147855579e-07
297 5.068798232827845e-07
298 4.85739378172105e-07
299 4.967565203077625e-07
