0 -1.0538308860402766e-06
1 -1.1080744329615955e-06
2 -1.3072312953213608e-06
3 -1.2983855317702812e-06
4 -1.1600406558084056e-06
5 -1.3184792829016011e-06
6 -1.3126369507679602e-06
7 -1.4678891804199637e-06
8 -1.386972738216469e-06
9 -1.1749813250561279e-06
10 -1.330292400887668e-06
11 -1.3704811818523865e-06
12 -1.3545469178520918e-06
13 -1.310963618128898e-06
14 -1.3683748654752057e-06
15 -1.186927832340979e-06
16 -1.3452037621985548e-06
17 -1.4169608824437927e-06
18 -1.2874353338080795e-06
19 -1.3133470511357695e-06
20 -1.4291426955637925e-06
21 -1.3275198030114842e-06
22 -1.2948288733247513e-06
23 -1.3563651367399265e-06
24 -1.199131550533048e-06
25 -1.325010909223824e-06
26 -1.4601488650082862e-06
27 -1.3578739918640252e-06
28 -1.1599918402185402e-06
29 -1.3971951724320935e-06
30 -1.2542835570538988e-06
31 -1.1636069530096946e-06
32 -1.3681271525316486e-06
33 -1.2265452833593494e-06
34 -1.2857871546937164e-06
35 -1.3918946158654938e-06
36 -1.1587803779685033e-06
37 -1.4466615339528665e-06
38 -1.3624293994992678e-06
39 -1.3933068547517042e-06
40 -1.0965315827740183e-06
41 -1.3047780988917941e-06
42 -1.3177822608951215e-06
43 -1.27721830954871e-06
44 -1.2688100696794932e-06
45 -1.3295234835268745e-06
46 -1.306567219422631e-06
47 -1.4560321442422136e-06
48 -1.1785676189899006e-06
49 -1.2784772539831066e-06
50 -1.2695159703475628e-06
51 -1.3553710667981651e-06
52 -1.2848588233301559e-06
53 -1.2972089174758778e-06
54 -1.3191821699246466e-06
55 -1.4385560436091753e-06
56 -1.3131374934040016e-06
57 -1.34226485334431e-06
58 -1.190503036828943e-06
59 -1.5040115050580603e-06
60 -1.3406178682989676e-06
61 -1.2901853366074534e-06
62 -1.5017089490868424e-06
63 -1.3969622095766513e-06
64 -1.3245242523402153e-06
65 -1.2956472856502308e-06
66 -1.2011783986347845e-06
67 -1.3269126684465341e-06
68 -1.2436015925982036e-06
69 -1.2906871608438424e-06
70 -1.3587080762297012e-06
71 -1.3144630078933917e-06
72 -1.2861819688113086e-06
73 -1.2758230628812877e-06
74 -1.359329261726635e-06
75 -1.2397429691999526e-06
76 -1.2922316883422526e-06
77 -1.2509691750115697e-06
78 -1.4532278079051844e-06
79 -1.190885466798969e-06
80 -1.2742047481946233e-06
81 -1.372939992054823e-06
82 -1.1582445776555298e-06
83 -1.0643112345699196e-06
84 -1.2894633192608105e-06
85 -1.4148301745495816e-06
86 -1.2844981574896572e-06
87 -1.193861780814345e-06
88 -1.230502347858427e-06
89 -1.3486132408393341e-06
90 -1.2432005827533808e-06
91 -1.2192039546684137e-06
92 -1.3036327055424944e-06
93 -1.3387113800406624e-06
94 -1.4527354590200028e-06
95 -1.278248653504105e-06
96 -1.416101975713923e-06
97 -1.2714921099982723e-06
98 -1.1793679471713583e-06
99 -1.3781350465697659e-06
100 -1.2083644946329067e-06
101 -1.2278608442431848e-06
102 -1.2655721630782622e-06
103 -1.1275507250543358e-06
104 -1.134122911717812e-06
105 -1.219654703570256e-06
106 -1.1803729791703179e-06
107 -1.3583935592059336e-06
108 -1.5630416356037884e-06
109 -1.2182991828360927e-06
110 -1.218278018586466e-06
111 -1.27341502849228e-06
112 -1.258850562960849e-06
113 -1.3472794464471019e-06
114 -1.2618505043393241e-06
115 -1.3548293934575553e-06
116 -1.3362791471395873e-06
117 -1.4308791174530587e-06
118 -1.227378799623871e-06
119 -1.1766837515531262e-06
120 -1.433765680337636e-06
121 -1.268884182084786e-06
122 -1.322177783349991e-06
123 -1.3167821682204574e-06
124 -1.250464255389902e-06
125 -1.2977594597057397e-06
126 -1.3298336351253773e-06
127 -1.4948832047248776e-06
128 -1.2997220392390397e-06
129 -1.1186185614639037e-06
130 -1.3188263803422845e-06
131 -1.1701366695469166e-06
132 -1.3975529183772984e-06
133 -1.3076585638853941e-06
134 -1.308496339407044e-06
135 -1.3284089796857216e-06
136 -1.2580886398151547e-06
137 -1.1553162026485264e-06
138 -1.543983884907922e-06
139 -1.2549934821807805e-06
140 -1.139519854798739e-06
141 -1.1847309339480312e-06
142 -1.4519075273515414e-06
143 -1.3756022358506089e-06
144 -1.4094522492393583e-06
145 -1.350336664538083e-06
146 -1.2052613952258583e-06
147 -1.184311566679644e-06
148 -1.3054825284144032e-06
149 -1.180469119937403e-06
150 -1.4238884035053951e-06
151 -1.5255388859153173e-06
152 -1.3765922247382045e-06
153 -1.3233329906372145e-06
154 -1.26045152094757e-06
155 -1.3946845736883271e-06
156 -1.0963276774228866e-06
157 -1.4023969735396843e-06
158 -1.276017610678257e-06
159 -1.2039475113284556e-06
160 -1.375371301724197e-06
161 -1.4969509547785677e-06
162 -1.3158562092504986e-06
163 -1.2832085852910231e-06
164 -1.1906932068915026e-06
165 -1.4445005757689784e-06
166 -1.1215821721244864e-06
167 -1.3659726748315256e-06
168 -1.334199117447034e-06
169 -1.286744111314128e-06
170 -1.1828273737596757e-06
171 -1.2603141184837187e-06
172 -1.227725249742355e-06
173 -1.3400618800882618e-06
174 -1.258165936779157e-06
175 -1.2983768976509036e-06
176 -1.2245858805397452e-06
177 -1.3030938784860185e-06
178 -1.2385271068116604e-06
179 -1.268230053666427e-06
180 -1.254573355774517e-06
181 -1.4190018987704565e-06
182 -1.3865569331972686e-06
183 -1.3550710475651013e-06
184 -1.2621956871463818e-06
185 -1.2574490624137738e-06
186 -1.3574651768284626e-06
187 -1.4458366831453985e-06
188 -1.5292166727005139e-06
189 -1.2636745441508435e-06
190 -1.343975656332961e-06
191 -1.2374830986676728e-06
192 -1.3583588839825146e-06
193 -1.372218490829691e-06
194 -1.3755580521367491e-06
195 -1.3727799744473624e-06
196 -1.38049352018201e-06
197 -1.3655015427405859e-06
198 -1.288456704002714e-06
199 -1.3881078604527125e-06
200 -1.3008248377013133e-06
201 -1.4380434909071107e-06
202 -1.2136926103510808e-06
203 -1.3813779769500427e-06
204 -1.318802408615447e-06
205 -1.4561532363382392e-06
206 -1.248227878616877e-06
207 -1.3595798606811452e-06
208 -1.3295938460588428e-06
209 -1.4643238078376668e-06
210 -1.4198443266697246e-06
211 -1.2902120312682611e-06
212 -1.3001159227267149e-06
213 -1.2509899180573503e-06
214 -1.3089116426345884e-06
215 -1.4598298062364864e-06
216 -1.2878976938250808e-06
217 -1.2193044532871828e-06
218 -1.3876067738803946e-06
219 -1.4300910981950922e-06
220 -1.4147141975061692e-06
221 -1.1555693369319414e-06
222 -1.3974957682915793e-06
223 -1.2640303167058552e-06
224 -1.1935630933196374e-06
225 -1.1795501041645952e-06
226 -1.223769213717079e-06
227 -1.435701931214726e-06
228 -1.3741199914535083e-06
229 -1.3065015975340751e-06
230 -1.2198676692643428e-06
231 -1.3796520766512353e-06
232 -1.297190786285398e-06
233 -1.3063531370280036e-06
234 -1.1483966665340493e-06
235 -1.1672992698882955e-06
236 -1.3449986929746763e-06
237 -1.3888774553113437e-06
238 -1.4272767085473572e-06
239 -1.4507176834047992e-06
240 -1.3080038102108988e-06
241 -1.495335740225234e-06
242 -1.178445253083446e-06
243 -1.4732979866000771e-06
244 -1.165123910982152e-06
245 -1.338290548166111e-06
246 -1.3801486168570829e-06
247 -1.3906606906111243e-06
248 -1.6059900375157524e-06
249 -1.103540506741966e-06
250 -1.3363096521527555e-06
251 -1.4125544198104383e-06
252 -1.3461464711912419e-06
253 -1.2438889784461048e-06
254 -1.265389591579135e-06
255 -1.2138216260262504e-06
256 -1.2662027411888644e-06
257 -1.377840072598507e-06
258 -1.3700372698603132e-06
259 -1.3375217296159508e-06
260 -1.0727783993391876e-06
261 -1.4118188677370882e-06
262 -1.2759158048376972e-06
263 -1.251674692312145e-06
264 -1.3819134788882056e-06
265 -1.3630748433302173e-06
266 -1.1835000258549476e-06
267 -1.4992933511690003e-06
268 -1.3019209677522317e-06
269 -1.3178130243601115e-06
270 -1.171891645442766e-06
271 -1.2192637767215145e-06
272 -1.286953699343048e-06
273 -1.4295042270054642e-06
274 -1.148374559336747e-06
275 -1.312715856709419e-06
276 -1.1825902107592248e-06
277 -1.2893505447924517e-06
278 -1.4347408297744312e-06
279 -1.324342469172724e-06
280 -1.4238778826225034e-06
281 -1.163703812512209e-06
282 -1.3233945258906135e-06
283 -1.4211802097057184e-06
284 -1.4193456684998688e-06
285 -1.3228005504818687e-06
286 -1.195352845905944e-06
287 -1.321704874859216e-06
288 -1.3408012959099758e-06
289 -1.4814083043500029e-06
290 -1.2937146650462918e-06
291 -1.316987488228854e-06
292 -1.1947355824414982e-06
293 -1.2525039576910723e-06
294 -1.24621982479701e-06
295 -1.410947644836927e-06
296 -1.3518206473871184e-06
297 -1.0504497734276677e-06
298 -1.2954957100526194e-06
299 -1.3948008041272908e-06
