0 8.442158949843364e-05
1 8.770731023034435e-05
2 8.89434883673769e-05
3 8.783237713338734e-05
4 8.772311165076836e-05
5 8.817513687706352e-05
6 8.190253271151816e-05
7 8.774214395352682e-05
8 8.644804922864997e-05
9 8.919250749147184e-05
10 8.327466804622059e-05
11 8.739018755196279e-05
12 8.759203377067741e-05
13 9.12783119456079e-05
14 8.696315439692306e-05
15 8.18635950284833e-05
16 8.815040437322368e-05
17 8.769856129267338e-05
18 8.672459520996253e-05
19 8.362329007761675e-05
20 8.583584624307143e-05
21 8.285248928020646e-05
22 8.470901633458546e-05
23 8.893958705678449e-05
24 8.716639308161547e-05
25 8.415049269199889e-05
26 9.081002723585224e-05
27 8.082710123531454e-05
28 8.409120271733338e-05
29 8.945762587164473e-05
30 8.731750809843587e-05
31 8.677044080392282e-05
32 8.571610557989929e-05
33 8.611182287077296e-05
34 8.685381965835641e-05
35 8.750120641036137e-05
36 8.688281876083432e-05
37 8.408143991979407e-05
38 9.074665547053126e-05
39 8.663081318754306e-05
40 8.566912700671861e-05
41 8.842675919740375e-05
42 8.842923732576557e-05
43 8.554107206564261e-05
44 9.041858358968278e-05
45 9.084787972515426e-05
46 8.754219338670122e-05
47 8.575624018880019e-05
48 8.417333786888113e-05
49 8.503951349381889e-05
50 8.365277375978777e-05
51 8.646083546273867e-05
52 8.468654584310827e-05
53 8.040164572079216e-05
54 9.036041512634711e-05
55 8.806251329285471e-05
56 8.646182254860416e-05
57 9.109771380744354e-05
58 8.828602398523466e-05
59 8.99055830037212e-05
60 8.679297401998358e-05
61 8.639188965042586e-05
62 8.418200401611077e-05
63 8.455826683955216e-05
64 8.020679906690688e-05
65 9.124923168724408e-05
66 8.996205285744355e-05
67 8.338674409154494e-05
68 8.509232959574157e-05
69 8.93222938626531e-05
70 8.486851152253882e-05
71 8.637368414421434e-05
72 8.183993454476461e-05
73 9.046531774939312e-05
74 8.619162213987838e-05
75 8.8645633583932e-05
76 8.999359907125622e-05
77 8.129614307207776e-05
78 9.091064763353606e-05
79 8.905406414742982e-05
80 8.454803335571307e-05
81 8.957484306913434e-05
82 8.978682914229533e-05
83 8.133096608518307e-05
84 8.706385724079394e-05
85 8.542791285237655e-05
86 8.50959858114273e-05
87 9.061215887856512e-05
88 8.310330072161685e-05
89 8.631122504691469e-05
90 8.802796456273355e-05
91 8.730291997878881e-05
92 8.700583526963796e-05
93 9.135126029326215e-05
94 8.98943581500422e-05
95 8.558053785727536e-05
96 8.339291252066468e-05
97 8.423009044140065e-05
98 8.962799116287473e-05
99 8.447445285456025e-05
100 8.440635584280652e-05
101 8.705159111153695e-05
102 9.075220797847124e-05
103 8.68804434172566e-05
104 8.824648392915166e-05
105 9.123638218608158e-05
106 8.342192595370266e-05
107 8.488556749768311e-05
108 8.583154678711172e-05
109 8.278117880725369e-05
110 8.416824205162814e-05
111 8.440706035355613e-05
112 8.479415980476465e-05
113 8.658073001197925e-05
114 8.45535280862362e-05
115 8.114995926105026e-05
116 8.259696042225035e-05
117 8.80214618331048e-05
118 8.611608998956044e-05
119 8.421979743505992e-05
120 8.397192490799886e-05
121 8.430556889712937e-05
122 8.670925103856499e-05
123 8.669028552713478e-05
124 8.447790284811455e-05
125 9.145156443394254e-05
126 8.723269424910824e-05
127 8.947020110224618e-05
128 8.592755789250851e-05
129 8.576780956906602e-05
130 8.582680491969142e-05
131 9.1327260662939e-05
132 9.166220387895131e-05
133 9.00208725904636e-05
134 8.889955075248139e-05
135 8.642205311594878e-05
136 8.749182790104205e-05
137 8.865060598982264e-05
138 8.669620324159442e-05
139 8.651523885269638e-05
140 8.544352373603725e-05
141 8.638232889347672e-05
142 9.006305777152742e-05
143 8.221361568799232e-05
144 8.592859426280182e-05
145 8.302121669592808e-05
146 8.098595331068413e-05
147 8.759114484099618e-05
148 8.643624247231112e-05
149 8.83565528982385e-05
150 8.77635772037673e-05
151 8.573113294397661e-05
152 8.711494434473286e-05
153 8.757958513490839e-05
154 8.604782489601266e-05
155 8.315095355492912e-05
156 8.328194300121962e-05
157 8.588715265057856e-05
158 8.906593404310946e-05
159 8.28574326338221e-05
160 8.93255694447834e-05
161 8.903306222861602e-05
162 8.207213155037568e-05
163 8.536431059251702e-05
164 8.757706228157664e-05
165 8.592492952283139e-05
166 8.758476326493286e-05
167 8.76672313217621e-05
168 8.650989185942032e-05
169 8.256980539293735e-05
170 8.476480892275876e-05
171 8.413099883369307e-05
172 8.603558167074174e-05
173 8.525629130780282e-05
174 8.805823241488972e-05
175 8.708888631194475e-05
176 8.840118290913293e-05
177 8.47603122634038e-05
178 8.414825465590951e-05
179 8.664984222133993e-05
180 8.878806771025497e-05
181 8.433635240066673e-05
182 8.750613299725919e-05
183 8.533104160962307e-05
184 8.676286427928674e-05
185 8.122177348752137e-05
186 8.703280387144166e-05
187 8.519537273575804e-05
188 8.646672033490351e-05
189 8.294166067787638e-05
190 8.611300727419093e-05
191 8.307954133353718e-05
192 8.844488790154573e-05
193 8.591444088463276e-05
194 8.309955517985371e-05
195 8.786967637813679e-05
196 8.354577254597832e-05
197 8.593536464159267e-05
198 8.405926996146818e-05
199 8.892728122156022e-05
200 8.58147344236278e-05
201 9.230175145084965e-05
202 8.569876054540799e-05
203 8.611473722724236e-05
204 8.141899845560532e-05
205 8.245112432094639e-05
206 9.355287840165495e-05
207 8.708502293085173e-05
208 8.187218840819122e-05
209 8.698125780185105e-05
210 8.326974690059907e-05
211 8.882700645520444e-05
212 8.463333024061113e-05
213 8.337630436298789e-05
214 8.667276744879191e-05
215 8.808133378010796e-05
216 8.43245360997949e-05
217 8.572333285628859e-05
218 8.475329285445232e-05
219 8.706966120254847e-05
220 8.883246828458821e-05
221 8.87738276774795e-05
222 8.326500174300293e-05
223 8.69790328555253e-05
224 9.173043775766613e-05
225 8.697311959571855e-05
226 8.645265450526717e-05
227 8.482696659112751e-05
228 8.423785673596514e-05
229 8.635653994084964e-05
230 8.323513151967399e-05
231 9.0300371389137e-05
232 8.503749038780285e-05
233 8.906696465e-05
234 8.385561621122185e-05
235 8.394268192865678e-05
236 8.988391478065642e-05
237 8.354356799116454e-05
238 8.858805504294694e-05
239 8.735466726433582e-05
240 9.073454487714026e-05
241 8.861666267346326e-05
242 8.87775356608603e-05
243 8.484744799970225e-05
244 8.430057687522591e-05
245 8.420334129038458e-05
246 8.564583491005138e-05
247 9.021576851506761e-05
248 8.834514231852095e-05
249 8.386723932056687e-05
250 8.976765712786509e-05
251 8.623981719615388e-05
252 8.409695312392274e-05
253 8.601680919654221e-05
254 8.542029522160006e-05
255 8.642283042915135e-05
256 8.176116967158199e-05
257 8.882162587035214e-05
258 8.243152414242462e-05
259 9.017935091698328e-05
260 8.705216795797554e-05
261 8.48966946805768e-05
262 8.448085894037063e-05
263 8.140615039698457e-05
264 8.579811016547988e-05
265 8.857203618371399e-05
266 8.673024140990317e-05
267 8.945463551392604e-05
268 8.509234460082959e-05
269 9.045612045186814e-05
270 8.966055938842483e-05
271 8.397795002176301e-05
272 8.571324124641282e-05
273 8.64762698425146e-05
274 8.334107513608227e-05
275 8.878877830623148e-05
276 8.574602903413824e-05
277 8.5337305192842e-05
278 8.651140865416555e-05
279 9.006952714344312e-05
280 8.840954678505884e-05
281 8.618625580503872e-05
282 8.600777359167628e-05
283 8.933591315611679e-05
284 8.793061265409824e-05
285 8.311694625777032e-05
286 8.605156793346219e-05
287 8.72410541308798e-05
288 9.108752849138392e-05
289 8.309307192835684e-05
290 8.641871945181351e-05
291 8.780073905439768e-05
292 8.960218464935305e-05
293 9.22237485870248e-05
294 8.295790748543807e-05
295 8.840656187040195e-05
296 8.654166557942176e-05
297 8.315180061755038e-05
298 8.59222411989734e-05
299 8.594187050468764e-05
