0 6.107120889745441e-05
1 5.643894089539809e-05
2 5.7868906292465055e-05
3 6.106600068226848e-05
4 6.162051823134473e-05
5 6.078919541722114e-05
6 6.599374785480348e-05
7 6.284968455349975e-05
8 6.520634410363507e-05
9 5.934003746110125e-05
10 6.185748372030768e-05
11 6.0154605575983714e-05
12 6.166935086545157e-05
13 5.660440820840098e-05
14 6.213107229856994e-05
15 6.628006002188958e-05
16 5.962840096083851e-05
17 6.0524216944839783e-05
18 6.038644544484757e-05
19 6.141066108454774e-05
20 6.511539648541685e-05
21 6.388030436632804e-05
22 6.458090129771564e-05
23 5.9993501137084575e-05
24 6.0600814242405714e-05
25 6.760050766166668e-05
26 6.243645608487043e-05
27 6.722990841953101e-05
28 6.40789516508946e-05
29 5.919224619172149e-05
30 6.348272649774049e-05
31 6.186656780256875e-05
32 6.170353376838494e-05
33 6.248796951860354e-05
34 5.914843873203975e-05
35 5.957934843921333e-05
36 6.112906734193711e-05
37 6.57075802698772e-05
38 5.8382216149243846e-05
39 6.420539803636861e-05
40 6.359519860009785e-05
41 5.722125579017083e-05
42 5.977707164573653e-05
43 5.944170322851267e-05
44 5.4823413544990224e-05
45 5.563871985899363e-05
46 5.987976421597821e-05
47 6.206555410020086e-05
48 6.533649252833296e-05
49 6.155518890118262e-05
50 6.64817931715385e-05
51 5.833212030888e-05
52 6.0108260233262485e-05
53 6.802495131808316e-05
54 5.985965770871218e-05
55 6.0478374433092875e-05
56 6.26550748810881e-05
57 5.65477838611798e-05
58 6.041810751656927e-05
59 5.961816207297695e-05
60 6.25702586373815e-05
61 6.49419343959456e-05
62 6.608417792190647e-05
63 6.256081926368219e-05
64 6.641765600302217e-05
65 5.8299245501564606e-05
66 5.5497253841084695e-05
67 6.443941492807607e-05
68 6.693690790700618e-05
69 5.9455602469282036e-05
70 6.330387226911788e-05
71 5.876181289431757e-05
72 6.399701201564577e-05
73 5.777554883336626e-05
74 6.291610012539085e-05
75 6.165704952305895e-05
76 6.021323442717265e-05
77 6.506036922476632e-05
78 6.0202455530496235e-05
79 5.7721050207636895e-05
80 6.439405836447496e-05
81 6.106915489921919e-05
82 5.78369109647767e-05
83 6.739409823011958e-05
84 6.052458875253339e-05
85 6.369320342943846e-05
86 6.483854661336902e-05
87 5.8776962866692114e-05
88 6.704953807927486e-05
89 6.302288495255448e-05
90 5.9583484103341935e-05
91 6.168407512216837e-05
92 6.334533625386908e-05
93 5.678131281037392e-05
94 6.090676959604698e-05
95 6.287828154431674e-05
96 6.251538213379159e-05
97 6.181448140419894e-05
98 5.8094081676592433e-05
99 6.368022449693749e-05
100 6.331369172404302e-05
101 6.193923920251407e-05
102 6.085574540298979e-05
103 6.29719643114653e-05
104 6.12419412385674e-05
105 5.9840908411118764e-05
106 6.40326953920858e-05
107 6.633967061810047e-05
108 6.335570712930772e-05
109 6.483372025832928e-05
110 6.319710157768474e-05
111 6.316684856585395e-05
112 6.045614760815785e-05
113 5.912235895636621e-05
114 5.9408414286590376e-05
115 6.938344861251509e-05
116 6.484948411522209e-05
117 6.125045441831561e-05
118 6.319656263262962e-05
119 6.267095754973495e-05
120 6.449716488250278e-05
121 6.389389642927159e-05
122 5.78461139689016e-05
123 6.23790957980151e-05
124 6.356881087141693e-05
125 5.623788611834198e-05
126 6.081013762013868e-05
127 5.983226361809284e-05
128 5.994409894330488e-05
129 6.367669358549452e-05
130 6.226263054675376e-05
131 5.275860168799817e-05
132 5.924917885237263e-05
133 5.99565722065413e-05
134 5.786439829805536e-05
135 6.236729425770632e-05
136 6.442601852032677e-05
137 5.902749170360234e-05
138 6.032271967354576e-05
139 6.155002964886796e-05
140 6.36156620464334e-05
141 6.0984679825845694e-05
142 5.6986427589098365e-05
143 6.736059721152918e-05
144 6.294659883051473e-05
145 6.711648405320527e-05
146 6.46194820828752e-05
147 6.032017449541322e-05
148 6.274093731465517e-05
149 5.968313807078638e-05
150 6.113257389523031e-05
151 6.119190187105436e-05
152 5.895149593709504e-05
153 6.033745594460081e-05
154 6.175875604412887e-05
155 6.663184043082707e-05
156 6.610601732436386e-05
157 6.085282085761841e-05
158 5.9082464491323864e-05
159 6.739129872937493e-05
160 6.12492277906685e-05
161 5.9229733187845924e-05
162 6.691964540016379e-05
163 6.431404317553279e-05
164 5.786343560525658e-05
165 6.115967762528343e-05
166 6.242107209368531e-05
167 5.901913309378623e-05
168 6.061414945304269e-05
169 6.83035972052154e-05
170 6.374835642968237e-05
171 6.282055368532885e-05
172 6.017270561219696e-05
173 6.410205512510562e-05
174 5.668345231431255e-05
175 6.192121774440613e-05
176 5.997435675908491e-05
177 6.247714437254783e-05
178 6.404220240650121e-05
179 6.49119893717247e-05
180 5.813809223683292e-05
181 6.332606035020543e-05
182 5.9265125798721947e-05
183 6.153604767136303e-05
184 6.233751718529857e-05
185 6.549043050669512e-05
186 6.109826534315388e-05
187 6.194331124131084e-05
188 6.109356339139793e-05
189 6.529275119205218e-05
190 6.246566985549055e-05
191 6.663851625972987e-05
192 5.9858161879607485e-05
193 6.150203377893963e-05
194 6.293004063066175e-05
195 6.101315276270016e-05
196 6.427965170731357e-05
197 6.43381298300942e-05
198 6.197955215687858e-05
199 5.9878882820353054e-05
200 6.265999561062686e-05
201 5.488406925975667e-05
202 6.163546348473497e-05
203 6.185459451406432e-05
204 6.643237119494509e-05
205 6.65332384007717e-05
206 5.471996834239485e-05
207 5.9378698506494846e-05
208 6.660432507966169e-05
209 6.043218666258786e-05
210 6.709759306099781e-05
211 5.845650484560566e-05
212 6.165406977539431e-05
213 6.833447544871225e-05
214 6.137466416229589e-05
215 5.912394469598964e-05
216 6.415730185707676e-05
217 6.073607656545836e-05
218 6.269454625208544e-05
219 6.494465965782545e-05
220 5.963785198918729e-05
221 6.0978062824331286e-05
222 6.490746827089849e-05
223 6.359277055128113e-05
224 5.6806318199982705e-05
225 6.0047344125126435e-05
226 6.082982250531784e-05
227 6.356102809254883e-05
228 6.565413783764174e-05
229 6.103948565458826e-05
230 6.625377219928698e-05
231 5.865241320604126e-05
232 6.211363465930142e-05
233 5.9436797946639636e-05
234 6.175093391896228e-05
235 6.787500203568934e-05
236 6.099433383180994e-05
237 6.580945258456328e-05
238 5.807189029714983e-05
239 6.019247089511516e-05
240 6.151708967111206e-05
241 6.0219305068469544e-05
242 6.071716459133549e-05
243 6.230778052447067e-05
244 6.671214263261815e-05
245 6.443115683662281e-05
246 6.66791550860593e-05
247 6.121457570119285e-05
248 5.824962219330973e-05
249 6.228287866191761e-05
250 5.744693700587936e-05
251 6.610950395020999e-05
252 6.36481962824027e-05
253 6.124135363878846e-05
254 6.107130519176553e-05
255 5.907674822527393e-05
256 6.853208324718908e-05
257 5.791917674872619e-05
258 6.811897381695523e-05
259 5.575071570964857e-05
260 6.126138804027657e-05
261 6.291402597593473e-05
262 6.529077560096933e-05
263 6.362785846355466e-05
264 6.152914330258177e-05
265 5.9201341572546944e-05
266 6.210608229462483e-05
267 5.719277857013497e-05
268 6.489341303497382e-05
269 5.811588996095499e-05
270 5.993052484843927e-05
271 6.302080683358417e-05
272 6.267641186410887e-05
273 6.133718312880697e-05
274 6.586772358279605e-05
275 5.9983167133509857e-05
276 6.203066002765936e-05
277 6.107088614232014e-05
278 5.920762742365829e-05
279 5.985853074029291e-05
280 6.185566155107656e-05
281 5.9804248159542136e-05
282 5.8456466435348676e-05
283 5.826682992003482e-05
284 5.91372461557534e-05
285 6.228608952582539e-05
286 6.405080023500245e-05
287 5.9735994503964426e-05
288 5.671876193965587e-05
289 6.388357061119828e-05
290 5.974987283122106e-05
291 6.101865616446888e-05
292 5.8961237304752786e-05
293 5.832452610525297e-05
294 6.723333567171781e-05
295 5.8384831687339395e-05
296 6.184654703257883e-05
297 6.606972489344061e-05
298 6.180969096350045e-05
299 5.99008710223492e-05
