0 -8.334577499517415e-05
1 -8.323543424695466e-05
2 -8.484926763795225e-05
3 -8.619303724380748e-05
4 -8.552119665530322e-05
5 -8.445705492490591e-05
6 -8.11328520865576e-05
7 -8.381991737405067e-05
8 -8.339842869234508e-05
9 -8.66706775758634e-05
10 -8.119036922822573e-05
11 -8.455349565158148e-05
12 -8.501194747516189e-05
13 -8.386128622256015e-05
14 -8.247717043097312e-05
15 -8.089633515918164e-05
16 -8.368187476978599e-05
17 -8.820841842464737e-05
18 -8.417358856999589e-05
19 -8.17125091278361e-05
20 -8.385127780787995e-05
21 -8.004583112912837e-05
22 -8.277985859156701e-05
23 -8.505296028968323e-05
24 -8.431439787731087e-05
25 -8.274479319166797e-05
26 -8.978740195638929e-05
27 -7.97714811803406e-05
28 -8.489519223366545e-05
29 -8.47921438011169e-05
30 -8.543111031525406e-05
31 -8.437278096181114e-05
32 -8.555997130589087e-05
33 -8.341604098092266e-05
34 -8.325360198190173e-05
35 -8.38235583329744e-05
36 -8.411382760689541e-05
37 -8.042798544147699e-05
38 -8.797147204632118e-05
39 -8.50780175389971e-05
40 -8.320869570247713e-05
41 -8.468991802098628e-05
42 -8.518055381893321e-05
43 -8.531457319588823e-05
44 -8.681735888810223e-05
45 -8.584565820710059e-05
46 -8.303614447552495e-05
47 -8.603737174346579e-05
48 -8.213882834119366e-05
49 -8.542900726332044e-05
50 -8.268283211870258e-05
51 -8.29467310696068e-05
52 -8.042456449578031e-05
53 -7.956026467762723e-05
54 -8.749871455352722e-05
55 -8.500529548177572e-05
56 -8.463529010525489e-05
57 -8.368039126522397e-05
58 -8.717087974797909e-05
59 -8.577332176930657e-05
60 -8.387009902878122e-05
61 -8.352457836427491e-05
62 -8.39627656129541e-05
63 -8.423889170678617e-05
64 -7.884549244854677e-05
65 -8.841619874286165e-05
66 -8.851094728632622e-05
67 -8.413802027146543e-05
68 -8.225228105949948e-05
69 -8.460909396729273e-05
70 -8.185211207369259e-05
71 -8.362815025185511e-05
72 -8.02763707894321e-05
73 -8.93314864330849e-05
74 -8.105796093395905e-05
75 -8.485276277594249e-05
76 -8.228031031816186e-05
77 -8.029076990987762e-05
78 -8.882838186887101e-05
79 -8.42917152113078e-05
80 -8.615651262669441e-05
81 -8.613612753231915e-05
82 -8.838005484779265e-05
83 -7.908625887805843e-05
84 -8.375995968135073e-05
85 -8.246222843584074e-05
86 -8.286292342582725e-05
87 -8.809486087151635e-05
88 -8.262636700507549e-05
89 -8.4973035190322e-05
90 -8.747354877942869e-05
91 -8.398112055427573e-05
92 -8.603606869626812e-05
93 -8.55847811596613e-05
94 -8.202204570242236e-05
95 -8.453998802451193e-05
96 -8.226732448304067e-05
97 -8.403298351872374e-05
98 -8.69878475115064e-05
99 -8.274374734530626e-05
100 -8.315045768839435e-05
101 -8.329938280778917e-05
102 -8.919927266938747e-05
103 -8.414954686330347e-05
104 -8.39503210978274e-05
105 -8.486852010791342e-05
106 -7.957114024569407e-05
107 -8.101645856418626e-05
108 -8.355461987648543e-05
109 -8.235049774009694e-05
110 -8.280090062393348e-05
111 -8.18359415265189e-05
112 -8.351878768708631e-05
113 -8.220649382873138e-05
114 -8.22595576426143e-05
115 -8.080759748235385e-05
116 -8.482953883482334e-05
117 -8.408975069128066e-05
118 -8.486988839072179e-05
119 -8.30859643577243e-05
120 -8.53026659659009e-05
121 -8.607368969578318e-05
122 -8.192343106017792e-05
123 -8.428863009965662e-05
124 -8.161383317382077e-05
125 -8.627995222987471e-05
126 -8.192273088339758e-05
127 -8.593389549237458e-05
128 -8.191957484697511e-05
129 -8.284239398645764e-05
130 -8.429919260073735e-05
131 -8.583373066734495e-05
132 -8.824390406375847e-05
133 -8.651125061267285e-05
134 -8.674595929225842e-05
135 -8.326603344483455e-05
136 -8.514477501184452e-05
137 -8.497473464855936e-05
138 -8.45718397311062e-05
139 -8.153894236618653e-05
140 -8.220619231380791e-05
141 -8.358792866219873e-05
142 -8.533514992121034e-05
143 -8.19693901564788e-05
144 -8.354633813395792e-05
145 -8.262148802450127e-05
146 -8.162919051805348e-05
147 -8.3319903039621e-05
148 -8.266450243109471e-05
149 -8.546842191968531e-05
150 -8.465436820312629e-05
151 -8.430829517765129e-05
152 -8.40057919228048e-05
153 -8.624056577355529e-05
154 -8.305737270111696e-05
155 -8.244055025565192e-05
156 -7.796517992428136e-05
157 -8.275014589994994e-05
158 -8.47406753774148e-05
159 -8.038217082269336e-05
160 -8.50405004128658e-05
161 -8.464017823474813e-05
162 -8.006513752824864e-05
163 -8.366234294774938e-05
164 -8.296202156475238e-05
165 -8.512025075474711e-05
166 -8.699169610333514e-05
167 -8.214530002929365e-05
168 -7.955716428410058e-05
169 -7.982709209057309e-05
170 -8.271417965012717e-05
171 -8.289928748910989e-05
172 -8.5335222476316e-05
173 -8.40372004005533e-05
174 -8.33457745848889e-05
175 -8.643301490793467e-05
176 -8.887789321649562e-05
177 -8.027873620252821e-05
178 -8.148135743071597e-05
179 -8.521568652591322e-05
180 -8.730546980095303e-05
181 -8.279714259410907e-05
182 -8.433485410201734e-05
183 -8.310395874090194e-05
184 -8.516783147334647e-05
185 -7.890751366345553e-05
186 -8.445453852508088e-05
187 -8.505891197471249e-05
188 -8.10739510138198e-05
189 -8.254689984214369e-05
190 -8.503820984195601e-05
191 -8.298902455926967e-05
192 -8.541139241054938e-05
193 -8.399673488124756e-05
194 -8.1541251024713e-05
195 -8.465385970613616e-05
196 -8.566855057001213e-05
197 -8.102689121954579e-05
198 -8.112706118034533e-05
199 -8.260259284078702e-05
200 -8.212281993648733e-05
201 -8.65388676359323e-05
202 -7.957864474741926e-05
203 -8.316680596645628e-05
204 -7.715599016070731e-05
205 -7.986885666223089e-05
206 -8.539768811172191e-05
207 -8.531841337815083e-05
208 -8.027325380198538e-05
209 -8.600536200582935e-05
210 -8.03861267400838e-05
211 -8.549240604024635e-05
212 -8.322885387922935e-05
213 -8.28052824084707e-05
214 -8.5120765270398e-05
215 -8.45937823319456e-05
216 -8.193741944472996e-05
217 -8.065136135714596e-05
218 -8.290055733711293e-05
219 -8.555323084263042e-05
220 -8.674838116740068e-05
221 -8.487699772898966e-05
222 -8.137136948647304e-05
223 -8.667627147306203e-05
224 -8.934960170573868e-05
225 -8.458784645410754e-05
226 -8.195234370854251e-05
227 -8.107112460994303e-05
228 -7.929129284503588e-05
229 -8.546913980856803e-05
230 -8.042335088958178e-05
231 -8.483863021960928e-05
232 -8.594789384956027e-05
233 -8.469879385823323e-05
234 -8.287497812442875e-05
235 -7.978214519080146e-05
236 -8.48529630802076e-05
237 -8.234381136604841e-05
238 -8.82992359249453e-05
239 -8.131356925366311e-05
240 -8.564757401142847e-05
241 -8.450298999638508e-05
242 -8.900152410487157e-05
243 -8.162862403561187e-05
244 -8.215612737191608e-05
245 -8.389943421544748e-05
246 -8.8808509287305e-05
247 -8.74570808548807e-05
248 -8.351159634687857e-05
249 -8.040370430439991e-05
250 -8.801336363130267e-05
251 -8.652397868363167e-05
252 -8.260930194071364e-05
253 -8.427489279852656e-05
254 -8.27483516851897e-05
255 -8.544267871937454e-05
256 -7.789233581357616e-05
257 -8.639208220872265e-05
258 -8.504408355237693e-05
259 -8.417958178948706e-05
260 -8.499777070030048e-05
261 -8.183841459912318e-05
262 -8.208578036966304e-05
263 -8.206857470948362e-05
264 -8.251852583566861e-05
265 -8.619934501100809e-05
266 -8.36381886971733e-05
267 -8.501141092181626e-05
268 -8.299222628573277e-05
269 -8.802579648583956e-05
270 -8.661835245738784e-05
271 -8.224592173875928e-05
272 -8.305318418631506e-05
273 -8.420697579734024e-05
274 -8.494742436461587e-05
275 -8.238994059510441e-05
276 -8.24128764655815e-05
277 -8.240477649471477e-05
278 -8.483220195249827e-05
279 -8.557739933331264e-05
280 -8.590694037157956e-05
281 -8.183320089659642e-05
282 -8.080939034551654e-05
283 -8.928436226618319e-05
284 -8.271140935549445e-05
285 -8.168305880347481e-05
286 -8.412975644747819e-05
287 -8.426561266701144e-05
288 -8.983685093131688e-05
289 -8.214200519139136e-05
290 -8.499619309466718e-05
291 -8.026450127166826e-05
292 -8.79509475374778e-05
293 -8.743511947574277e-05
294 -8.288951068265712e-05
295 -8.383849506151367e-05
296 -8.514065987066568e-05
297 -8.198559055580301e-05
298 -8.2740801762025e-05
299 -8.091039877877181e-05
