0 -0.0001286715684346863
1 -0.00012684845111109213
2 -0.00012939168428056713
3 -0.00013241288521521923
4 -0.0001313415283377715
5 -0.00012984723451603728
6 -0.00012809111977324478
7 -0.00012998701215367043
8 -0.00013037188527737642
9 -0.0001323258603934821
10 -0.0001261980112282994
11 -0.00013019018404317008
12 -0.00013117746667868377
13 -0.00012755044767032863
14 -0.00012809781640316738
15 -0.0001276299359354652
16 -0.00012866436032422167
17 -0.00013459112910907118
18 -0.0001294606540486331
19 -0.00012724635130765985
20 -0.00013103145488255807
21 -0.0001259164334632856
22 -0.0001294451046034483
23 -0.00013065832098976726
24 -0.00012998917582733436
25 -0.0001307188897853522
26 -0.00013696761145210088
27 -0.0001268599097900313
28 -0.00013185928036988623
29 -0.0001299422716645719
30 -0.00013221773204641696
31 -0.00013041990052820515
32 -0.00013158831776439588
33 -0.00012963389937875025
34 -0.00012860274424462975
35 -0.00012858984144533436
36 -0.00013005194054946416
37 -0.00012710636955654282
38 -0.00013353579470636764
39 -0.00013180533428549325
40 -0.00012933184243116188
41 -0.00012906443887721828
42 -0.00013069001074099274
43 -0.00013066511666523438
44 -0.00013081847529184228
45 -0.00013005829753205702
46 -0.00012825116579499274
47 -0.00013241960732582152
48 -0.0001291092836696051
49 -0.00013159540652832498
50 -0.00013019456931306396
51 -0.0001271945696349055
52 -0.00012487360848532306
53 -0.00012716429672930243
54 -0.000133213854163816
55 -0.00013086834377381876
56 -0.00013105066434777407
57 -0.00012749005650832993
58 -0.00013308515036834838
59 -0.0001310505778311048
60 -0.00013021189573695643
61 -0.00013077613517940284
62 -0.0001316167684606701
63 -0.00013007874103965197
64 -0.00012519267068930974
65 -0.00013433986455158487
66 -0.00013279619072888038
67 -0.00013071335512242644
68 -0.0001297597089562256
69 -0.00013024237015021316
70 -0.00012756679189057288
71 -0.00012820549110912794
72 -0.0001267611689689932
73 -0.00013472503214954814
74 -0.00012689724557829457
75 -0.00013022863416219476
76 -0.00012682775844419694
77 -0.00012671977459480466
78 -0.00013522559332002185
79 -0.00012864749828942463
80 -0.00013340133895546318
81 -0.00013238359437134638
82 -0.0001334973879930327
83 -0.0001261385104214885
84 -0.0001289750437321176
85 -0.00012891260724386342
86 -0.00012994665138043733
87 -0.00013401154639139745
88 -0.00013026007052567492
89 -0.00013154049992509205
90 -0.00013396589453447356
91 -0.00012953159332449007
92 -0.0001330423174590876
93 -0.00012973133349899666
94 -0.00012668484516636366
95 -0.0001309248912998771
96 -0.0001278752358433373
97 -0.00013032589147853995
98 -0.0001322264249538525
99 -0.00012958710136246176
100 -0.00012956825455264753
101 -0.00012868254093496934
102 -0.00013556803814235028
103 -0.0001304090443923749
104 -0.00012952857290542689
105 -0.00013016448130722042
106 -0.00012526467596591154
107 -0.00012802004987604599
108 -0.0001299036842432759
109 -0.00012840091972954882
110 -0.00012898854276643373
111 -0.000127911832876599
112 -0.0001290474552440076
113 -0.00012646576721406905
114 -0.00012723419507575733
115 -0.0001288289382869579
116 -0.0001324300095614083
117 -0.0001296815460178083
118 -0.00013169712390610972
119 -0.00012945798439048216
120 -0.00013213303388847134
121 -0.00013344941604202833
122 -0.00012578832576137528
123 -0.0001307562204033734
124 -0.00012785099486352562
125 -0.00013058675722959034
126 -0.00012681633247360976
127 -0.00013117285660999592
128 -0.00012683841595744502
129 -0.0001289817565701146
130 -0.00013058253601113518
131 -0.00012901355460438358
132 -0.00013421307138491702
133 -0.0001321406488301447
134 -0.00013229396750544605
135 -0.00012959347633464277
136 -0.0001324582278647388
137 -0.00013000586998683614
138 -0.00012998335125585935
139 -0.0001266606358334707
140 -0.0001289047652502494
141 -0.00012899272651017578
142 -0.0001298611378291893
143 -0.00012948515399728737
144 -0.00012992896691209772
145 -0.00013023843933310591
146 -0.00012815053092413148
147 -0.00012877595846678305
148 -0.00012939949159908437
149 -0.00013088798308934753
150 -0.00013029921694396123
151 -0.00012998754689998035
152 -0.00012911244151479935
153 -0.00013180642412971425
154 -0.00012904048010283035
155 -0.00012970756878340773
156 -0.0001238635216347129
157 -0.00012823595156940043
158 -0.0001299207436227447
159 -0.00012776722876842755
160 -0.00013073070610583436
161 -0.00012959716231562146
162 -0.00012738218224741447
163 -0.00013070226179505233
164 -0.00012730525647423814
165 -0.00013125258319698294
166 -0.00013381568713088286
167 -0.0001266166351329236
168 -0.0001241083981575974
169 -0.0001273649262291707
170 -0.00012902488009822267
171 -0.00012910564143870035
172 -0.00013126625232054578
173 -0.0001308948457559886
174 -0.00012720649194528997
175 -0.00013344022608377843
176 -0.00013556149113576395
177 -0.00012586023330905677
178 -0.0001277587630517685
179 -0.0001324940666302106
180 -0.0001328386909098346
181 -0.00012906557097744876
182 -0.00012946836463718027
183 -0.00012872772636373414
184 -0.0001317875423790325
185 -0.00012514721371516114
186 -0.00013014218711061612
187 -0.0001310921848002161
188 -0.00012539895898955084
189 -0.00012937282943528496
190 -0.00013166583052075354
191 -0.00013094633344853444
192 -0.00013090079697310796
193 -0.00012960681615606
194 -0.0001277382024356255
195 -0.00013052582035874167
196 -0.00013264105691155134
197 -0.00012716879690998734
198 -0.00012695779113997707
199 -0.00012758677202662268
200 -0.00012783516636650114
201 -0.0001299218962635797
202 -0.00012432595722504966
203 -0.00012902618886970194
204 -0.00012328372430904386
205 -0.00012672085851577725
206 -0.00012880317756230146
207 -0.00013103822095564995
208 -0.00012741221472552586
209 -0.00013173816357012704
210 -0.0001271930062865253
211 -0.00013029951182837133
212 -0.00012894918746177446
213 -0.0001314377277955501
214 -0.00013138998682178774
215 -0.00012974820105382182
216 -0.00012817605566213658
217 -0.00012539396375861145
218 -0.00012891594944894872
219 -0.00013304378948874113
220 -0.00013219200524743047
221 -0.00013057446593601837
222 -0.0001280960746762417
223 -0.000134592278847271
224 -0.00013483430307665645
225 -0.00012975803843846592
226 -0.00012678980820721492
227 -0.0001269315155089961
228 -0.00012562829687042925
229 -0.0001314007944090728
230 -0.00012741934900329578
231 -0.00012977298425534178
232 -0.0001322858594277476
233 -0.00012973927263085672
234 -0.00012876939982784332
235 -0.0001268811625959661
236 -0.00013065562728823102
237 -0.00012926253274369543
238 -0.00013346392382976454
239 -0.00012592890312358886
240 -0.00013168082408189787
241 -0.0001301217185384199
242 -0.00013551908541503219
243 -0.00012761659301592444
244 -0.0001297104289879148
245 -0.00013025859617180334
246 -0.00013790375913429566
247 -0.0001341546948964137
248 -0.000127934847326838
249 -0.00012574650175780548
250 -0.0001330053490522887
251 -0.00013484769872319007
252 -0.00012870740649391916
253 -0.00012998058337318862
254 -0.00012835857158279148
255 -0.00013051108401250156
256 -0.00012506472636820504
257 -0.00013151141314823734
258 -0.000133734733127222
259 -0.00012775727919791483
260 -0.00013077048788164304
261 -0.00012775652778362724
262 -0.0001290472741496109
263 -0.0001284151337987643
264 -0.0001280857463702548
265 -0.00013179115891599205
266 -0.0001297892243960816
267 -0.00012931365130242937
268 -0.00013018607970792363
269 -0.00013346114011223708
270 -0.00013214749634696138
271 -0.00012855155685399463
272 -0.0001294627523732915
273 -0.00013012337527056834
274 -0.0001323846195453476
275 -0.00012747089964011414
276 -0.0001281496081128005
277 -0.00012784407801589122
278 -0.00013037181193990125
279 -0.00013107204412388421
280 -0.00013213735955890977
281 -0.00012642423996668293
282 -0.00012496153295850227
283 -0.0001352246227575782
284 -0.00012757713432868837
285 -0.00012737828725571716
286 -0.00013113987857952885
287 -0.00013005867373263585
288 -0.00013489330629680815
289 -0.0001284874256229577
290 -0.00012999533446161454
291 -0.00012512499426861948
292 -0.00013364455527779088
293 -0.00013305479882100936
294 -0.00013091337120056987
295 -0.00012833058667094009
296 -0.0001315936507360142
297 -0.0001296310731185779
298 -0.0001285564082142352
299 -0.00012507884723780922
