0 4.353674162236455e-06
1 4.491632559273871e-06
2 4.275179563822106e-06
3 4.482022936843335e-06
4 4.633173120967035e-06
5 4.594248824952161e-06
6 4.313947124520951e-06
7 4.59568382819885e-06
8 4.504439635267194e-06
9 4.143926790088559e-06
10 4.6180930819350664e-06
11 4.341672917554823e-06
12 4.268830131850762e-06
13 4.4148561150751725e-06
14 4.4261057187033445e-06
15 3.99125468469964e-06
16 4.3673557364122935e-06
17 4.4859443735771424e-06
18 4.237016998528795e-06
19 3.932723015406857e-06
20 3.993720795474538e-06
21 4.100530921799818e-06
22 3.7928352110964693e-06
23 4.584386443115827e-06
24 4.556422176781569e-06
25 4.1531983307007664e-06
26 4.720477446807402e-06
27 3.921999579084037e-06
28 4.204041406860677e-06
29 4.748495837289654e-06
30 4.4589145988144675e-06
31 4.651726019279664e-06
32 4.378373726464607e-06
33 4.042583237371212e-06
34 3.998235956418219e-06
35 4.581912714181668e-06
36 4.154497252313241e-06
37 4.172611186893048e-06
38 4.4638265156797e-06
39 4.671150936053538e-06
40 4.349747858128023e-06
41 4.322619516958334e-06
42 4.304613383161908e-06
43 4.197752036012553e-06
44 4.265286301540042e-06
45 4.33655779479291e-06
46 4.433075389807101e-06
47 4.374893821028563e-06
48 4.390480191317977e-06
49 4.028354809477423e-06
50 4.604535368395168e-06
51 4.2467206690283975e-06
52 3.918744798087332e-06
53 3.937862177563634e-06
54 4.788327022162098e-06
55 4.432012070013063e-06
56 4.20038902551117e-06
57 4.737898326517262e-06
58 4.24549873911983e-06
59 4.669564817878877e-06
60 4.4205649528927825e-06
61 4.398279330364528e-06
62 4.4162379140495195e-06
63 4.426377488113647e-06
64 4.069332843797821e-06
65 4.274624401949813e-06
66 4.8155952142925075e-06
67 4.893709319824608e-06
68 4.236575639209017e-06
69 4.016120359613697e-06
70 4.5163445946298495e-06
71 4.2274106074287355e-06
72 3.900258258060385e-06
73 4.35567782219632e-06
74 3.963432725611775e-06
75 4.701584794146958e-06
76 4.477224463700077e-06
77 3.7042874946475796e-06
78 4.610493006790307e-06
79 4.360479961399325e-06
80 4.4186283528747105e-06
81 4.2943054884296635e-06
82 4.764375032067678e-06
83 4.316495121704538e-06
84 4.484375941317265e-06
85 4.6040790120141685e-06
86 4.434759731895014e-06
87 4.620227139871614e-06
88 4.116982492493281e-06
89 4.485534627622778e-06
90 4.047537102895804e-06
91 4.530931517801655e-06
92 4.254544092079665e-06
93 4.535876207855186e-06
94 4.682051267773907e-06
95 4.522983412744364e-06
96 4.175859158383762e-06
97 3.780382673555656e-06
98 4.554558696064031e-06
99 3.9903422569502826e-06
100 4.056299518149641e-06
101 4.484346702953974e-06
102 4.6547355166873725e-06
103 4.6057050103693665e-06
104 4.297834896416342e-06
105 4.515503296785831e-06
106 4.073800659538188e-06
107 4.213054059759553e-06
108 4.295840749115341e-06
109 4.3451060454826164e-06
110 4.163065124545327e-06
111 4.194349093410864e-06
112 4.030544704983649e-06
113 4.156607960445762e-06
114 3.840079199294229e-06
115 4.458898608171127e-06
116 4.035966967784397e-06
117 4.19836078997215e-06
118 4.059176800514637e-06
119 4.023259252637081e-06
120 4.6356852140378135e-06
121 4.390030040771102e-06
122 4.14968780896899e-06
123 4.309034661085469e-06
124 4.1194363898040796e-06
125 4.412103226338643e-06
126 4.634096548533154e-06
127 4.886419529655122e-06
128 4.203672707925995e-06
129 4.59932572423616e-06
130 4.020718197853689e-06
131 4.497807900504236e-06
132 4.877491797750262e-06
133 4.590270562392202e-06
134 4.3877056635816154e-06
135 4.089772136804628e-06
136 4.555422350413614e-06
137 4.17507816323163e-06
138 4.281325704408107e-06
139 4.644898228121679e-06
140 4.037605055782479e-06
141 4.531650590052071e-06
142 4.3506355773303734e-06
143 4.149044253549489e-06
144 4.167532139011853e-06
145 4.124115593448797e-06
146 4.06302735882975e-06
147 4.123680161780784e-06
148 3.840025100870828e-06
149 4.586384569014454e-06
150 4.413163577295407e-06
151 4.389655677673966e-06
152 4.129990382420741e-06
153 4.742874773412559e-06
154 3.841358207030047e-06
155 4.207854439844952e-06
156 4.5976957621806185e-06
157 4.33034145500471e-06
158 4.217623932983808e-06
159 4.2594350916597994e-06
160 4.341569150255569e-06
161 4.926229656729954e-06
162 3.822709792276708e-06
163 4.093672685399082e-06
164 4.130944264093752e-06
165 4.27969571600976e-06
166 4.496789863894103e-06
167 4.2351214194160924e-06
168 4.554285279451078e-06
169 4.184651700605484e-06
170 4.052900869272193e-06
171 4.12136245423893e-06
172 4.173071215107591e-06
173 4.16645736435189e-06
174 4.176048343339547e-06
175 4.068084960978748e-06
176 4.310101438589001e-06
177 4.135315550167009e-06
178 4.284137184161401e-06
179 4.577784339649838e-06
180 4.118266929314771e-06
181 4.226773303761059e-06
182 4.126649769685991e-06
183 4.305394112651232e-06
184 4.088248461371205e-06
185 4.158917401455045e-06
186 4.397094530616348e-06
187 4.342808302615809e-06
188 4.738319826675601e-06
189 4.240865291171455e-06
190 4.063508191738485e-06
191 3.91131378472548e-06
192 4.591814318617084e-06
193 4.4036300689366896e-06
194 3.819729420333794e-06
195 4.570236500913162e-06
196 4.200308770038186e-06
197 4.203227557017947e-06
198 4.047367201934082e-06
199 4.258075993260557e-06
200 4.292391713344031e-06
201 4.493091563710687e-06
202 4.0616149663955446e-06
203 4.348929988429239e-06
204 4.389861575899364e-06
205 4.127369841078156e-06
206 4.777730358971568e-06
207 4.24680018287447e-06
208 4.075506103280397e-06
209 4.465029492333206e-06
210 4.434521428696514e-06
211 4.637569537701121e-06
212 4.169002624691907e-06
213 3.992071132150531e-06
214 4.133824184936233e-06
215 4.227908125813889e-06
216 4.125784111120705e-06
217 4.292988255368246e-06
218 4.5115771719266215e-06
219 4.498757916352502e-06
220 4.663406279811124e-06
221 4.612820828651168e-06
222 4.2575410610032595e-06
223 3.998223794631465e-06
224 4.456639977002652e-06
225 4.308470694415194e-06
226 4.260761187815629e-06
227 4.4231758495232565e-06
228 4.558306516837323e-06
229 4.563290345301063e-06
230 4.1837752570345174e-06
231 4.626216600110276e-06
232 4.382832835465307e-06
233 4.499807232759682e-06
234 4.174055009417864e-06
235 4.388051806238534e-06
236 4.696352684823768e-06
237 4.311713476545152e-06
238 4.618308512821909e-06
239 4.33707722259309e-06
240 4.834882104230829e-06
241 4.4356378732126095e-06
242 4.172129775529704e-06
243 3.954782540245912e-06
244 3.951197917006478e-06
245 4.962387839817285e-06
246 4.226760424207983e-06
247 4.446727411326716e-06
248 4.227435263395123e-06
249 4.148619462681953e-06
250 4.50068918755179e-06
251 4.235956371329515e-06
252 4.524538173263349e-06
253 4.6559904015251894e-06
254 4.086707576935498e-06
255 4.565943001355402e-06
256 4.228602049635007e-06
257 4.207873522162926e-06
258 4.115686858852121e-06
259 4.444010131788456e-06
260 4.1464479406481865e-06
261 4.0985605616197355e-06
262 4.2735188098370614e-06
263 3.953324127099762e-06
264 4.126765275141792e-06
265 4.435516437182774e-06
266 4.427724502120769e-06
267 4.334644135323297e-06
268 4.098080706935969e-06
269 4.541890292068524e-06
270 4.565034272770258e-06
271 3.937818957995458e-06
272 4.234037131881429e-06
273 4.052279022103482e-06
274 4.342431117469045e-06
275 4.2604572465649916e-06
276 4.209366806252294e-06
277 4.172531447895753e-06
278 3.6665716861174197e-06
279 4.7553062980400035e-06
280 4.5421039718844974e-06
281 4.379633183831297e-06
282 4.062669148978249e-06
283 4.2757728791734725e-06
284 4.539134623983668e-06
285 4.148587084463753e-06
286 4.292688925780649e-06
287 4.092090185305402e-06
288 4.8154454244952e-06
289 4.276915059073664e-06
290 4.584494529067155e-06
291 4.3450135933128164e-06
292 4.361159841141362e-06
293 4.284671030395211e-06
294 4.315521779671636e-06
295 4.704104905283202e-06
296 4.0291165988892046e-06
297 3.943145415672596e-06
298 4.333993236670272e-06
299 4.683489314599105e-06
