0 -1.244621026969154e-06
1 -1.227992770479928e-06
2 -1.2066371766575728e-06
3 -1.178587716305334e-06
4 -1.2727911666201916e-06
5 -1.2561054780908107e-06
6 -1.2617618106616385e-06
7 -1.2417649668114807e-06
8 -1.297432282861824e-06
9 -1.2230299730757508e-06
10 -1.2451270462587624e-06
11 -1.2650545763740527e-06
12 -1.2500894053901225e-06
13 -1.2777404819011165e-06
14 -1.2480187223833244e-06
15 -1.2360744617203745e-06
16 -1.2290874189028502e-06
17 -1.2689044374082063e-06
18 -1.234047538306409e-06
19 -1.2382911340545456e-06
20 -1.2064098957536522e-06
21 -1.2738492978087045e-06
22 -1.2649039724020545e-06
23 -1.2380126337233446e-06
24 -1.2050167206759518e-06
25 -1.1758584934091456e-06
26 -1.2326199633660488e-06
27 -1.2322781808122272e-06
28 -1.2556853767819853e-06
29 -1.215262311375377e-06
30 -1.2377910411230758e-06
31 -1.2476707786195167e-06
32 -1.2195290668713798e-06
33 -1.2349435757826851e-06
34 -1.271643213794072e-06
35 -1.2840809924555294e-06
36 -1.2693475030695434e-06
37 -1.2415768341527136e-06
38 -1.2534413894609206e-06
39 -1.272781475629939e-06
40 -1.275828314839094e-06
41 -1.2368902583286577e-06
42 -1.272241419041215e-06
43 -1.243376252374707e-06
44 -1.2117033407713455e-06
45 -1.1931324066897469e-06
46 -1.2380624049704057e-06
47 -1.2576035911686733e-06
48 -1.247636582358802e-06
49 -1.233260618776538e-06
50 -1.192706388258231e-06
51 -1.2518106665607023e-06
52 -1.2334691858752475e-06
53 -1.254638507578509e-06
54 -1.2612686716220255e-06
55 -1.23424232332746e-06
56 -1.2187849731447428e-06
57 -1.2276236665968465e-06
58 -1.254479527692621e-06
59 -1.2301308988947859e-06
60 -1.2469294446825611e-06
61 -1.220234671174647e-06
62 -1.258673528158817e-06
63 -1.2048603483271233e-06
64 -1.2299649029856347e-06
65 -1.2427676724531256e-06
66 -1.2646725730452539e-06
67 -1.269578653363759e-06
68 -1.2821148491866799e-06
69 -1.230461731586596e-06
70 -1.2655593508132075e-06
71 -1.2420466397716868e-06
72 -1.2455951240682326e-06
73 -1.2089585476968215e-06
74 -1.2498853981823252e-06
75 -1.2596073943524037e-06
76 -1.2243654603742218e-06
77 -1.2085423315754904e-06
78 -1.2058751438759086e-06
79 -1.2184306457567201e-06
80 -1.2421103869495287e-06
81 -1.2319004928290666e-06
82 -1.2574010862833714e-06
83 -1.2683239605633318e-06
84 -1.2488018367905345e-06
85 -1.2395118229430294e-06
86 -1.248644186804736e-06
87 -1.2461686434696902e-06
88 -1.2363996572414741e-06
89 -1.2924271340410532e-06
90 -1.287123226918741e-06
91 -1.2205947616267995e-06
92 -1.2437771471252627e-06
93 -1.279262603219125e-06
94 -1.2275323969021755e-06
95 -1.2517373574129814e-06
96 -1.2885203182262345e-06
97 -1.2295806682827305e-06
98 -1.2027558385671322e-06
99 -1.2816497482061053e-06
100 -1.2598249184206621e-06
101 -1.2240969258556793e-06
102 -1.2391176894180152e-06
103 -1.2322261930523817e-06
104 -1.2483143091547314e-06
105 -1.2705297619653685e-06
106 -1.2501841916432688e-06
107 -1.2611726404680973e-06
108 -1.259184487918064e-06
109 -1.2610042064687075e-06
110 -1.1919353452822644e-06
111 -1.2365029741229508e-06
112 -1.24590426087107e-06
113 -1.2712961559404862e-06
114 -1.234480364984156e-06
115 -1.2127254304002023e-06
116 -1.2847548499224767e-06
117 -1.2181400483105767e-06
118 -1.2274551232650799e-06
119 -1.2454884611683975e-06
120 -1.2781093809633245e-06
121 -1.2804774248903018e-06
122 -1.2295460183892054e-06
123 -1.2325750935117324e-06
124 -1.2373278821562354e-06
125 -1.2145287532906403e-06
126 -1.2520242116300188e-06
127 -1.238417461664486e-06
128 -1.2111459785300678e-06
129 -1.2128573175258039e-06
130 -1.1819482958157228e-06
131 -1.2355653978451443e-06
132 -1.2564995624272818e-06
133 -1.2345510736260032e-06
134 -1.219265863370724e-06
135 -1.2445152448755044e-06
136 -1.232311143421963e-06
137 -1.2027451892053607e-06
138 -1.267499404347915e-06
139 -1.243874413064771e-06
140 -1.2694810292228488e-06
141 -1.2155999430150282e-06
142 -1.251004942495029e-06
143 -1.2325683811228024e-06
144 -1.243402118752004e-06
145 -1.2760496962616697e-06
146 -1.2490714251715426e-06
147 -1.2248714328973938e-06
148 -1.270246960895951e-06
149 -1.215697996508544e-06
150 -1.2643017174098518e-06
151 -1.1964330359564001e-06
152 -1.231571850486633e-06
153 -1.285872975305962e-06
154 -1.2483323316573124e-06
155 -1.194802282785307e-06
156 -1.2545835168255403e-06
157 -1.2695691206781414e-06
158 -1.266949740701504e-06
159 -1.2165161787770777e-06
160 -1.2286674813254973e-06
161 -1.2897912352259511e-06
162 -1.2707347963480844e-06
163 -1.2487382784671515e-06
164 -1.216436410141385e-06
165 -1.2419777183359131e-06
166 -1.248298491696418e-06
167 -1.275371744236474e-06
168 -1.2680530539203174e-06
169 -1.2484859142878831e-06
170 -1.2552198947062798e-06
171 -1.2225202142459206e-06
172 -1.2053021763495197e-06
173 -1.2341150279204668e-06
174 -1.2981100188328265e-06
175 -1.2376637888180203e-06
176 -1.2238814199435111e-06
177 -1.1933023578116446e-06
178 -1.2498770259184085e-06
179 -1.252726519015548e-06
180 -1.240348653175777e-06
181 -1.2520154950714998e-06
182 -1.23517163625949e-06
183 -1.2068350476826527e-06
184 -1.24376206063929e-06
185 -1.235779984991403e-06
186 -1.267543737310831e-06
187 -1.2434799833592732e-06
188 -1.2538916767394632e-06
189 -1.2687825433990632e-06
190 -1.2142588125472183e-06
191 -1.2618584611583083e-06
192 -1.2066189744261654e-06
193 -1.1865586340174735e-06
194 -1.2170757828239155e-06
195 -1.279144185480258e-06
196 -1.2253211846640174e-06
197 -1.218905574939923e-06
198 -1.2556289080425383e-06
199 -1.2301908591997681e-06
200 -1.266715751653417e-06
201 -1.256987570482584e-06
202 -1.2585669036007094e-06
203 -1.1993834860004793e-06
204 -1.231813372523616e-06
205 -1.2408454772990149e-06
206 -1.2413660201333394e-06
207 -1.2200134170023878e-06
208 -1.230190192943714e-06
209 -1.2239291168568194e-06
210 -1.2247668898385943e-06
211 -1.2460810311424336e-06
212 -1.2530804076416945e-06
213 -1.2538063556095635e-06
214 -1.2517883610736161e-06
215 -1.2442686999968768e-06
216 -1.2245520400936035e-06
217 -1.2166935545793996e-06
218 -1.1960117737719334e-06
219 -1.2625903303620861e-06
220 -1.2189899263492416e-06
221 -1.1994874146145173e-06
222 -1.2429983668544187e-06
223 -1.225147779277109e-06
224 -1.2060398469469243e-06
225 -1.2099160307500809e-06
226 -1.272475575194356e-06
227 -1.2667736559411238e-06
228 -1.2401399547104655e-06
229 -1.2566231413585551e-06
230 -1.2218064372108776e-06
231 -1.2235048456045214e-06
232 -1.237069341888094e-06
233 -1.2159986962592438e-06
234 -1.2288357050012079e-06
235 -1.233736360084058e-06
236 -1.2374766841843022e-06
237 -1.2343727394314696e-06
238 -1.225998879298848e-06
239 -1.2771701268154148e-06
240 -1.240152406002497e-06
241 -1.2696729482847771e-06
242 -1.2743823139456135e-06
243 -1.2563639054443475e-06
244 -1.2625841984799977e-06
245 -1.2171429763381116e-06
246 -1.2675149807469446e-06
247 -1.2023459269034725e-06
248 -1.2380399440720968e-06
249 -1.181297209226599e-06
250 -1.237632765797619e-06
251 -1.2353122349939063e-06
252 -1.2572669372001505e-06
253 -1.2194087364292404e-06
254 -1.2821284761349564e-06
255 -1.2534819837334775e-06
256 -1.2741588714470595e-06
257 -1.2241130600524066e-06
258 -1.265897077859637e-06
259 -1.2112327547067223e-06
260 -1.2510844507390275e-06
261 -1.236301841143527e-06
262 -1.2134686006281267e-06
263 -1.2342303810468976e-06
264 -1.266309473717759e-06
265 -1.2587110542957525e-06
266 -1.282639925092724e-06
267 -1.2653953887865696e-06
268 -1.2538684835091802e-06
269 -1.2257405030389068e-06
270 -1.2629628442759444e-06
271 -1.256514710493836e-06
272 -1.242180486975576e-06
273 -1.2616108491860228e-06
274 -1.275206573534908e-06
275 -1.2446477419503017e-06
276 -1.2262426215736543e-06
277 -1.2492919471210914e-06
278 -1.2420513413326052e-06
279 -1.2317502977379912e-06
280 -1.2390825652478466e-06
281 -1.2138579684329367e-06
282 -1.2376823924044814e-06
283 -1.2232980882101572e-06
284 -1.2490747493183474e-06
285 -1.2575445668696031e-06
286 -1.2067680712095351e-06
287 -1.239428473852672e-06
288 -1.2810920393675498e-06
289 -1.2098941313166932e-06
290 -1.2658753548904974e-06
291 -1.2349954547428653e-06
292 -1.208253665636776e-06
293 -1.2402149537199373e-06
294 -1.2204498894828338e-06
295 -1.212943167108219e-06
296 -1.2499636628312858e-06
297 -1.2225115001622474e-06
298 -1.248797149121995e-06
299 -1.2429265113199283e-06
