0 3.972660772981654e-07
1 4.059338939970289e-07
2 4.0655630334753936e-07
3 4.167553121982355e-07
4 3.494322683863217e-07
5 3.8818484692880877e-07
6 3.8208541804760553e-07
7 3.7800421055724227e-07
8 3.5749713186420933e-07
9 4.065043674062764e-07
10 3.823064703634553e-07
11 3.9683075156501207e-07
12 3.712479419088083e-07
13 3.604935167703286e-07
14 3.598281926260089e-07
15 3.9058732025326044e-07
16 3.9364703624757347e-07
17 3.643545443600218e-07
18 3.652671395113893e-07
19 3.992877633569101e-07
20 3.946582065362093e-07
21 3.705130001202165e-07
22 3.6588025463278836e-07
23 4.0037627301063976e-07
24 4.0745452160469613e-07
25 4.044477372894763e-07
26 3.932234369478557e-07
27 3.815602557629527e-07
28 3.726665270837387e-07
29 3.9425176539086343e-07
30 3.9037734517083996e-07
31 3.9430599607523947e-07
32 4.0087802046424377e-07
33 3.774956309260011e-07
34 3.6706772248317254e-07
35 3.8593560292775006e-07
36 3.6395782168769125e-07
37 3.601467120941533e-07
38 3.7754617299489147e-07
39 3.825746881612837e-07
40 3.761374661588615e-07
41 4.0251485351887745e-07
42 3.502816350347636e-07
43 3.860593706455421e-07
44 4.181741450835493e-07
45 4.005516165723645e-07
46 3.8311135536826005e-07
47 3.6817176865247345e-07
48 3.6556294254714546e-07
49 3.9554489122308155e-07
50 4.0151051633532845e-07
51 3.59668569179717e-07
52 3.927514143458996e-07
53 3.6549855577528405e-07
54 3.838435515055581e-07
55 4.047762433962023e-07
56 3.8800000312391874e-07
57 4.0795324924262595e-07
58 3.578257093302282e-07
59 3.85860254641108e-07
60 3.61865933699617e-07
61 3.8663110678018294e-07
62 3.620872026844375e-07
63 4.0589681210171836e-07
64 4.003836190294112e-07
65 3.7886135905070625e-07
66 3.806047276483054e-07
67 3.5540586340108313e-07
68 3.4566733159737195e-07
69 3.8969522341415516e-07
70 3.8497365045591023e-07
71 3.9272746074430134e-07
72 3.9025178006472707e-07
73 4.133458979077552e-07
74 3.620991160078011e-07
75 3.593402097366417e-07
76 3.90732751810967e-07
77 3.8944357297172913e-07
78 4.004000829480183e-07
79 3.914166091705439e-07
80 4.1888711500456766e-07
81 3.830944813602032e-07
82 3.8659042743247934e-07
83 3.6604815812681705e-07
84 3.781160787066822e-07
85 3.979192054023768e-07
86 3.701320337157093e-07
87 3.7821705053260077e-07
88 4.0868605562262377e-07
89 3.592029868498078e-07
90 3.5711193069596315e-07
91 3.96481626291977e-07
92 3.933205788946055e-07
93 3.7581159668617847e-07
94 3.950622386664445e-07
95 3.5843646852018434e-07
96 3.8744453849485965e-07
97 3.905433585939186e-07
98 3.7565620344009027e-07
99 3.4058245406351186e-07
100 3.543188384074226e-07
101 3.462400851816501e-07
102 3.9000356841232314e-07
103 3.767688293431199e-07
104 3.7590196810183106e-07
105 3.5064273705582286e-07
106 3.774914575023266e-07
107 3.776265649588683e-07
108 3.3759011316854937e-07
109 3.7186277551620687e-07
110 3.7738027841368783e-07
111 3.9330610767803297e-07
112 3.79166665034099e-07
113 3.6023042976854636e-07
114 3.9573567132306693e-07
115 3.922180317461806e-07
116 3.660194064276707e-07
117 4.06795097513827e-07
118 3.911271798232532e-07
119 3.7603852568062805e-07
120 3.7695461077469887e-07
121 3.4652838513713896e-07
122 3.8073348339349676e-07
123 3.9118640422220504e-07
124 3.777945102880084e-07
125 4.1478936808873915e-07
126 3.9740575306963983e-07
127 3.9271899951705777e-07
128 4.002201917572702e-07
129 3.930049836346001e-07
130 4.260965564740992e-07
131 3.8007450542260557e-07
132 3.651336640239207e-07
133 3.772611645864059e-07
134 3.896393642587042e-07
135 3.871057547082675e-07
136 3.9218077087187367e-07
137 4.1009826964728407e-07
138 3.5407011633812257e-07
139 4.012781877925271e-07
140 3.5417290876139973e-07
141 3.7680961999292256e-07
142 3.6428714586076617e-07
143 4.072400512866397e-07
144 3.6217949582366437e-07
145 3.712977441111912e-07
146 3.818307135359325e-07
147 3.850460492509462e-07
148 3.7517562900745905e-07
149 4.0104318405826656e-07
150 3.777195275848368e-07
151 4.1452171131336343e-07
152 3.8448332421324303e-07
153 3.7957255253672454e-07
154 3.7199611418262844e-07
155 4.0255387145461537e-07
156 3.687324301368075e-07
157 3.546973045304633e-07
158 3.36853804719118e-07
159 4.144064828707932e-07
160 3.929667745513156e-07
161 3.5994917549349316e-07
162 3.7150804638266167e-07
163 3.778906531565736e-07
164 3.924494613403956e-07
165 3.8798291678795e-07
166 3.6635172306965025e-07
167 3.727120875233819e-07
168 3.8268625644738207e-07
169 3.946058852427749e-07
170 3.6174272553767025e-07
171 3.659667779794621e-07
172 4.0184232305978344e-07
173 3.9906108260111793e-07
174 3.6226110478787225e-07
175 3.9775584803544056e-07
176 4.1839439836920016e-07
177 4.0323955157313284e-07
178 3.712868775564778e-07
179 3.902940472587803e-07
180 3.983041033345544e-07
181 3.8315675232302864e-07
182 3.8220557186973693e-07
183 4.064033268963281e-07
184 3.793819020593831e-07
185 4.121793194926375e-07
186 3.83208072837561e-07
187 3.697528256497193e-07
188 3.6398398031843583e-07
189 3.7114099858609883e-07
190 3.8210365446816303e-07
191 3.6510525569662167e-07
192 3.8309726887748084e-07
193 3.891768348652285e-07
194 3.842433335942215e-07
195 3.7009029157803005e-07
196 3.8612179594697073e-07
197 3.9598688071485843e-07
198 3.9165649246759494e-07
199 4.141462608141624e-07
200 3.7323212791830955e-07
201 3.8284426068862106e-07
202 3.700165082791451e-07
203 4.134337290070296e-07
204 4.0150508303838304e-07
205 3.9609174894176954e-07
206 3.9344329215666577e-07
207 4.11546534482224e-07
208 3.828034748853266e-07
209 3.9413450076073984e-07
210 3.9721064777195694e-07
211 3.80840729444041e-07
212 3.749910659580502e-07
213 3.8442542926988423e-07
214 3.9436261388539443e-07
215 3.874730691621002e-07
216 3.8977925957908895e-07
217 4.193543835157357e-07
218 4.042085497104614e-07
219 3.5694087155864195e-07
220 3.876075802537272e-07
221 4.00239416496867e-07
222 4.03457934568052e-07
223 3.985290680996794e-07
224 4.0506220843158924e-07
225 3.9673402450357365e-07
226 3.6388540643901153e-07
227 3.7407673378565967e-07
228 3.996113777015284e-07
229 3.9330591495534805e-07
230 4.035123545070848e-07
231 3.9319138436246936e-07
232 3.9268966871239803e-07
233 4.015720596007183e-07
234 3.889242604801999e-07
235 3.897912504479894e-07
236 3.8990609635768354e-07
237 3.5263777014673504e-07
238 3.897512818464374e-07
239 3.9872836554617004e-07
240 4.128736000847461e-07
241 3.612898797637057e-07
242 3.705883377743394e-07
243 3.823663345673213e-07
244 3.8663295382704507e-07
245 3.899728949354915e-07
246 3.598905998966116e-07
247 4.109424656454714e-07
248 3.9738776655565455e-07
249 4.3303861210774626e-07
250 3.727015687034232e-07
251 4.0704592787098395e-07
252 4.053547767855026e-07
253 3.8547328922600124e-07
254 3.731130289501987e-07
255 3.7327677302961684e-07
256 3.7201716378963323e-07
257 3.946066222699248e-07
258 3.7116229597893605e-07
259 4.2784378212076356e-07
260 3.5569131165666226e-07
261 3.6215948472872017e-07
262 3.583868454298012e-07
263 4.0519969598442795e-07
264 3.770316975452026e-07
265 3.9519872993482933e-07
266 3.565758068058927e-07
267 3.5007288805821647e-07
268 3.7460900708367467e-07
269 4.109251394852412e-07
270 3.8074021577244793e-07
271 3.595097125150365e-07
272 3.7735624221356857e-07
273 3.7424647228338384e-07
274 3.7217055158699094e-07
275 3.67126153913453e-07
276 4.07368504455652e-07
277 3.905048955629796e-07
278 3.975225508705077e-07
279 3.841563010971127e-07
280 3.561232552038438e-07
281 3.8331908884718943e-07
282 3.8158980424100257e-07
283 3.647090790930513e-07
284 3.792501004248388e-07
285 3.818235087364822e-07
286 4.087359318396595e-07
287 4.0377903729644727e-07
288 3.6234761786588414e-07
289 3.904138219082244e-07
290 3.631528975698735e-07
291 3.9798681293678467e-07
292 3.9543845421266155e-07
293 3.878497268240641e-07
294 3.91049828151582e-07
295 4.019765969538585e-07
296 4.1053669320395594e-07
297 3.8416957910562304e-07
298 3.8671869230153555e-07
299 4.115804195091293e-07
