0 -7.23499719136801e-07
1 -6.58509369547223e-07
2 -6.944578698036018e-07
3 -6.366363119997621e-07
4 -6.97398125442504e-07
5 -6.907869054907475e-07
6 -7.079023801258474e-07
7 -6.810140599685805e-07
8 -7.118951971109698e-07
9 -7.227760049287086e-07
10 -6.731521086652995e-07
11 -7.06453361331574e-07
12 -6.738128936331399e-07
13 -6.598456352937599e-07
14 -6.848964433601456e-07
15 -6.723824193380911e-07
16 -6.888260892696421e-07
17 -6.654317557089296e-07
18 -6.822039822928595e-07
19 -7.124644611097403e-07
20 -6.596733579811255e-07
21 -7.077593834660057e-07
22 -7.120024933382415e-07
23 -6.806611753537035e-07
24 -6.681682036528763e-07
25 -6.165909489951175e-07
26 -6.548509801741184e-07
27 -6.517502488380817e-07
28 -6.968573158164036e-07
29 -6.889030870862136e-07
30 -6.917008286269037e-07
31 -6.897748084538022e-07
32 -6.768068093018822e-07
33 -6.689884540069845e-07
34 -6.937088263568518e-07
35 -7.362718849878763e-07
36 -6.813011035942841e-07
37 -6.865897620204509e-07
38 -7.082278441698597e-07
39 -7.0108035737772e-07
40 -7.173517909121964e-07
41 -6.972448564510057e-07
42 -7.035463992984938e-07
43 -7.185960829863168e-07
44 -7.228668877537705e-07
45 -6.397970081109563e-07
46 -6.971344722659543e-07
47 -6.792736652798035e-07
48 -6.691044600999936e-07
49 -6.85143637375204e-07
50 -6.773960786935064e-07
51 -6.270665532241306e-07
52 -6.751651794289451e-07
53 -7.150275480140603e-07
54 -7.136181450545741e-07
55 -7.008868369002658e-07
56 -6.987299481302616e-07
57 -7.274629051357022e-07
58 -6.563353043530225e-07
59 -6.821627945744261e-07
60 -6.523031116264017e-07
61 -6.706831280298263e-07
62 -6.609042589291545e-07
63 -6.469617432318501e-07
64 -6.504309431258382e-07
65 -6.445539421976339e-07
66 -7.307251820580429e-07
67 -6.669914041486268e-07
68 -7.256286691928432e-07
69 -7.165400747269015e-07
70 -6.953119470996231e-07
71 -7.003210025715637e-07
72 -6.938581636578425e-07
73 -6.776118267618396e-07
74 -6.877639077051392e-07
75 -6.699952736942046e-07
76 -7.026830594669815e-07
77 -6.29764093429041e-07
78 -6.814587084526816e-07
79 -6.948386355423779e-07
80 -6.82053796917257e-07
81 -6.78251099191018e-07
82 -7.112181918843297e-07
83 -6.946995770630398e-07
84 -6.814498629722911e-07
85 -6.836404887151685e-07
86 -6.754010721376614e-07
87 -6.579021010972542e-07
88 -7.022295266042638e-07
89 -6.896061574221934e-07
90 -7.260305359032653e-07
91 -7.13230962280926e-07
92 -7.209689869125814e-07
93 -7.017885818727575e-07
94 -7.384821773993813e-07
95 -6.49120695908365e-07
96 -7.119964547948626e-07
97 -6.807616292615367e-07
98 -6.500825364941518e-07
99 -6.856017225958313e-07
100 -6.834188231251837e-07
101 -6.215988765745406e-07
102 -6.708013201654431e-07
103 -6.639805302119533e-07
104 -6.852927867612826e-07
105 -6.37684018619164e-07
106 -6.969713248126125e-07
107 -7.115844513922696e-07
108 -6.467410275415231e-07
109 -7.034950118869243e-07
110 -6.226009061021952e-07
111 -6.865820912540926e-07
112 -6.640898622780795e-07
113 -7.22041322101275e-07
114 -6.911714852214675e-07
115 -6.801354112036223e-07
116 -7.088378008106822e-07
117 -6.941892592671281e-07
118 -6.880432601079332e-07
119 -6.886923151872768e-07
120 -6.827274469335416e-07
121 -6.729208496463672e-07
122 -6.539629894801855e-07
123 -6.863015520075229e-07
124 -6.822197071415e-07
125 -6.67317831509502e-07
126 -7.171508623660502e-07
127 -6.616939226555065e-07
128 -6.748474451041805e-07
129 -6.414067789204816e-07
130 -7.004234983930955e-07
131 -6.880053949769236e-07
132 -6.665482649804163e-07
133 -7.101782573803993e-07
134 -6.54520372538636e-07
135 -7.112219620465136e-07
136 -6.844351849214086e-07
137 -6.656128866672157e-07
138 -6.682054800391272e-07
139 -7.343871007787178e-07
140 -6.589239752534335e-07
141 -6.404059939274611e-07
142 -6.919155262122332e-07
143 -7.174337110816478e-07
144 -6.816618947166188e-07
145 -6.584585868284999e-07
146 -7.01422739997486e-07
147 -6.514739023385308e-07
148 -6.871259473030185e-07
149 -6.633644962082265e-07
150 -6.818635162971149e-07
151 -7.17590041415553e-07
152 -6.684772721665427e-07
153 -7.156723940511481e-07
154 -6.754447118893481e-07
155 -6.521340414229274e-07
156 -7.104961190350916e-07
157 -6.6723602280316e-07
158 -6.856941021412832e-07
159 -6.717824583145541e-07
160 -6.891165473360165e-07
161 -7.234345866536778e-07
162 -6.806178067067031e-07
163 -6.556257887473261e-07
164 -7.13262809621777e-07
165 -7.006338200373815e-07
166 -7.002462000317645e-07
167 -6.566026040881389e-07
168 -7.109895127306863e-07
169 -7.21859778525148e-07
170 -6.772894172665957e-07
171 -6.353692418384873e-07
172 -6.905666979915926e-07
173 -6.974125222897029e-07
174 -7.029445961990898e-07
175 -6.967927783584597e-07
176 -7.129217607394082e-07
177 -6.676452763147771e-07
178 -6.618912122564384e-07
179 -6.871097958106202e-07
180 -7.142336762250615e-07
181 -7.379536396619804e-07
182 -6.83024058193707e-07
183 -6.702944126255327e-07
184 -6.525889977723752e-07
185 -6.940936723317218e-07
186 -6.855228089112327e-07
187 -6.936822309249174e-07
188 -6.772169254104774e-07
189 -7.048593525525518e-07
190 -7.177722131746745e-07
191 -6.673183739051734e-07
192 -6.485429578675634e-07
193 -6.590180927628752e-07
194 -6.497997650954618e-07
195 -7.074661896942635e-07
196 -6.982832287472971e-07
197 -6.672156087501986e-07
198 -7.117854310800152e-07
199 -7.293557156265562e-07
200 -6.563485856887435e-07
201 -6.519737236588644e-07
202 -7.217231598867923e-07
203 -6.92404101040879e-07
204 -6.907992963216795e-07
205 -7.009668039675195e-07
206 -6.775094913965594e-07
207 -6.961966603638622e-07
208 -6.623667007567575e-07
209 -6.845787515728455e-07
210 -6.828804126960172e-07
211 -7.035581987318314e-07
212 -6.762515206148002e-07
213 -6.557934479566913e-07
214 -7.586643690227685e-07
215 -6.91447089345655e-07
216 -6.659450530318135e-07
217 -7.33502508000502e-07
218 -6.200100547416521e-07
219 -6.756240775407911e-07
220 -6.717401006870681e-07
221 -6.969365907672115e-07
222 -7.033300548222655e-07
223 -6.390735379368137e-07
224 -6.861210212168572e-07
225 -6.377091265981278e-07
226 -6.747808944897287e-07
227 -7.005490107327903e-07
228 -7.114951084699412e-07
229 -7.203970605294248e-07
230 -7.129844439759964e-07
231 -6.928690276973741e-07
232 -6.872310033570291e-07
233 -6.95909413635038e-07
234 -6.620377512603348e-07
235 -7.16657953883931e-07
236 -6.86237350264402e-07
237 -6.239365162998499e-07
238 -6.993905605399244e-07
239 -7.644677287368908e-07
240 -7.299137524940482e-07
241 -6.657873881993035e-07
242 -7.172179696671735e-07
243 -6.761403572432962e-07
244 -7.182556201507397e-07
245 -7.123173681229491e-07
246 -7.167645273767454e-07
247 -6.811232756011512e-07
248 -7.16427350702673e-07
249 -6.835323337458654e-07
250 -6.851760271840754e-07
251 -7.251960742884051e-07
252 -7.177360761075352e-07
253 -7.173945676703559e-07
254 -7.280217235143945e-07
255 -6.444768077104096e-07
256 -7.351038032172997e-07
257 -6.554992640592082e-07
258 -7.336087958704447e-07
259 -7.145784675403761e-07
260 -6.772398551794231e-07
261 -6.880428233977138e-07
262 -6.460254854230086e-07
263 -6.453223065112597e-07
264 -7.438497316248826e-07
265 -6.863321446746903e-07
266 -7.117485957465649e-07
267 -6.762952389546596e-07
268 -6.842939736732614e-07
269 -6.802489457034852e-07
270 -6.854384107765815e-07
271 -6.765359677898045e-07
272 -6.762542630204366e-07
273 -7.07047974082708e-07
274 -7.165009990080462e-07
275 -6.592559680288617e-07
276 -7.577675011572046e-07
277 -7.422458355486908e-07
278 -6.970176018249085e-07
279 -6.725298353539432e-07
280 -6.322198712010702e-07
281 -6.275055060977057e-07
282 -6.901941467839241e-07
283 -6.376408289402111e-07
284 -6.89320969988057e-07
285 -7.06778855218878e-07
286 -6.725804248643746e-07
287 -6.906492220479932e-07
288 -6.606622093014658e-07
289 -6.529780677777833e-07
290 -6.856980076876645e-07
291 -7.30429373335804e-07
292 -6.57639763142119e-07
293 -7.44139096219916e-07
294 -6.746005593355894e-07
295 -7.304660674159735e-07
296 -7.468552613057179e-07
297 -6.675896343278634e-07
298 -6.866650320560511e-07
299 -7.18324831753882e-07
