0 2.9841011062739726e-07
1 3.155282434494177e-07
2 2.8761306127394666e-07
3 3.201535956675323e-07
4 3.0034031755408225e-07
5 2.967242899741272e-07
6 2.9686510053762573e-07
7 3.0302362774720037e-07
8 2.9905198968015876e-07
9 2.923471705510205e-07
10 2.975441315508339e-07
11 3.1173089200330703e-07
12 3.0840632999554865e-07
13 3.2122297986633097e-07
14 2.9801267578732165e-07
15 2.9947516797745503e-07
16 3.170635242147151e-07
17 3.1217889453681925e-07
18 2.987877937326806e-07
19 3.118382282873002e-07
20 3.0167868567637564e-07
21 3.030996442736388e-07
22 2.9294025822153925e-07
23 3.0315026362188594e-07
24 3.113635906412504e-07
25 3.184271419281148e-07
26 3.179980260497102e-07
27 3.1849184872235766e-07
28 3.0838115527812297e-07
29 3.026950720438252e-07
30 3.1019115666572736e-07
31 3.0997196937009713e-07
32 3.149330608340703e-07
33 3.1287673521767386e-07
34 3.030601681567498e-07
35 2.9775453263696645e-07
36 3.070447918282892e-07
37 3.0608741940542625e-07
38 2.993633543238946e-07
39 3.1664634899144397e-07
40 3.004926592081041e-07
41 3.1101176556237813e-07
42 3.013429799667589e-07
43 3.029884313383071e-07
44 2.938556777445226e-07
45 3.1617510690504083e-07
46 2.915641458309868e-07
47 3.1037588373914477e-07
48 3.157242289706255e-07
49 3.1367578390374735e-07
50 3.00269825533716e-07
51 3.2430949146137395e-07
52 3.020068713188783e-07
53 2.960506340110963e-07
54 3.0239618618840214e-07
55 3.0675522667985455e-07
56 3.058178153619899e-07
57 2.978696099736009e-07
58 3.078255042945693e-07
59 3.154780393978914e-07
60 3.1735705344645543e-07
61 3.058500595617623e-07
62 3.1080888664326133e-07
63 3.209603879692073e-07
64 3.214618803620545e-07
65 3.137118631514896e-07
66 2.9209758869332586e-07
67 3.1347479611236336e-07
68 2.921158783421541e-07
69 3.006017492684022e-07
70 3.1300220890687236e-07
71 3.0627468316865394e-07
72 3.068354550495495e-07
73 3.113984458010976e-07
74 3.0340423838395956e-07
75 3.134207470068239e-07
76 3.0211587115792994e-07
77 3.1652710041630336e-07
78 3.1088995968422894e-07
79 3.00977123251542e-07
80 3.1160630197445365e-07
81 3.1468604680508647e-07
82 3.0440698000105743e-07
83 3.0813011496735407e-07
84 3.087017632900216e-07
85 3.121908980956367e-07
86 3.087456911087822e-07
87 3.182147377954324e-07
88 3.1260128274513687e-07
89 3.140741497756895e-07
90 2.9628699146223414e-07
91 2.9557491113972155e-07
92 3.0191213070716026e-07
93 2.956084378138863e-07
94 2.8345319183191986e-07
95 2.9900300573146505e-07
96 3.001444426411131e-07
97 3.150002356093285e-07
98 3.158274553100882e-07
99 2.968637276899837e-07
100 3.0737922098795204e-07
101 3.1648491677692835e-07
102 3.086432587103759e-07
103 3.020336335358173e-07
104 2.999841346769663e-07
105 3.1111620911562244e-07
106 2.935115072820069e-07
107 2.9756203211087395e-07
108 3.204274000866364e-07
109 3.0370164764155397e-07
110 3.202362912868793e-07
111 3.0381645612204166e-07
112 3.12241784061618e-07
113 2.8825510510748344e-07
114 3.075878208754937e-07
115 3.003209805320488e-07
116 2.9447945360159875e-07
117 3.123692162607308e-07
118 2.977846401033115e-07
119 3.08772096358768e-07
120 3.0852529325331955e-07
121 3.078697801333563e-07
122 3.156174701028155e-07
123 3.0906678536662766e-07
124 3.1722700954261486e-07
125 3.057954538595811e-07
126 2.922013068962975e-07
127 3.1516434080447954e-07
128 3.0966513881888174e-07
129 3.1362082022613687e-07
130 2.984361327270318e-07
131 2.9805986554367826e-07
132 3.0729812577401297e-07
133 2.9446619061063485e-07
134 3.1048379077962553e-07
135 3.0474502911193995e-07
136 3.2048892316833535e-07
137 3.1633471417554125e-07
138 3.0714634832304495e-07
139 3.015494921638833e-07
140 3.183078248790419e-07
141 3.148862652836205e-07
142 3.0537580474168844e-07
143 2.96211880428715e-07
144 3.000721413107348e-07
145 3.1803059317925274e-07
146 3.0354538402425095e-07
147 3.1386504400227874e-07
148 3.063453981976263e-07
149 3.197959369880571e-07
150 3.03832210631877e-07
151 2.9640455855567124e-07
152 3.0601667123063127e-07
153 2.986857269433075e-07
154 3.0583217346067843e-07
155 3.133035490606531e-07
156 2.937706727386937e-07
157 3.134446470452129e-07
158 3.0333222845504716e-07
159 3.085993436991608e-07
160 3.0042067021064146e-07
161 2.9297870961374207e-07
162 3.1036836360097304e-07
163 3.18487703226716e-07
164 3.056394889336971e-07
165 3.061935559022479e-07
166 2.9082124421581756e-07
167 3.26471597208087e-07
168 2.9213701497799005e-07
169 2.9575281764423736e-07
170 3.075978582108594e-07
171 3.1400396726460327e-07
172 2.945142618295152e-07
173 3.139945808605514e-07
174 3.077962092471234e-07
175 3.0611236128733096e-07
176 3.010382366134052e-07
177 3.063459811928739e-07
178 3.0925187931485944e-07
179 3.011585192432605e-07
180 3.0311048480508086e-07
181 3.027198678707566e-07
182 3.0910935737313997e-07
183 3.1710010952084916e-07
184 3.0983863555712607e-07
185 3.0320298547027745e-07
186 3.1360498565152946e-07
187 3.0186664430271056e-07
188 3.1625982046311826e-07
189 3.0318804942084156e-07
190 2.9570174728577946e-07
191 3.084376691341633e-07
192 3.134580202231027e-07
193 3.000979121552676e-07
194 3.155534840844812e-07
195 3.0113720255174246e-07
196 2.99748205900312e-07
197 3.063894523085903e-07
198 3.069719527075965e-07
199 2.9457125713134297e-07
200 3.122030002801587e-07
201 3.1582599753868757e-07
202 2.995769817335947e-07
203 3.004883427314183e-07
204 3.0335655069778364e-07
205 3.040871549103906e-07
206 3.1803906590715207e-07
207 3.0181210331325563e-07
208 3.1283953751940807e-07
209 3.0522800346148155e-07
210 3.055807080591245e-07
211 3.038033784749249e-07
212 3.0970069703780204e-07
213 3.115587324540062e-07
214 2.885099758920327e-07
215 3.0192543441623767e-07
216 3.2284449461318096e-07
217 2.966557494894972e-07
218 3.219881680814778e-07
219 3.0584890507509725e-07
220 3.0978546391393953e-07
221 3.058742770967782e-07
222 3.0724882014034257e-07
223 3.216802448204774e-07
224 3.139407937592987e-07
225 3.142138889039753e-07
226 3.0816740488300976e-07
227 2.988757782841707e-07
228 2.965332182990383e-07
229 2.9472941568582806e-07
230 3.082566284825577e-07
231 2.9737911055316115e-07
232 2.97738287444163e-07
233 2.958321172315507e-07
234 3.0371822075415554e-07
235 2.8855099125342587e-07
236 3.027745828095806e-07
237 3.313026071896088e-07
238 3.008478759553167e-07
239 2.946782737194342e-07
240 2.997082121656428e-07
241 3.0559655754439754e-07
242 3.0069494865310653e-07
243 3.093943566198839e-07
244 3.019210705607607e-07
245 2.9956352822344793e-07
246 2.9371085422017476e-07
247 3.093420893444753e-07
248 3.00084962615718e-07
249 3.0210759781821907e-07
250 3.0478100128102614e-07
251 3.0215571549896775e-07
252 3.131152476766775e-07
253 2.943929707587863e-07
254 2.899708952176731e-07
255 3.09652646534432e-07
256 2.870471227324629e-07
257 3.180647879305787e-07
258 2.983897365345586e-07
259 2.893402478362311e-07
260 3.0346536856692416e-07
261 2.989977445280881e-07
262 3.123764405984496e-07
263 3.227737207459179e-07
264 2.933750536303711e-07
265 3.031320640624101e-07
266 2.9237587168362254e-07
267 2.973029795676802e-07
268 3.0152195716212276e-07
269 3.091312384795277e-07
270 3.023117186905635e-07
271 3.084030751034264e-07
272 3.1113632691161723e-07
273 2.990687095434321e-07
274 2.9482415231110373e-07
275 3.093252379300839e-07
276 2.756502936717735e-07
277 2.9392925222969413e-07
278 3.189804464950794e-07
279 3.099953193439832e-07
280 3.190490379958719e-07
281 3.292285995956616e-07
282 3.140857333320272e-07
283 3.1925344145791357e-07
284 2.955406623835892e-07
285 2.978923338715685e-07
286 3.0107307976800555e-07
287 3.0497910129084437e-07
288 3.0727487179868924e-07
289 3.1741746709211924e-07
290 3.0881731135385656e-07
291 2.866550457368046e-07
292 3.0613840114405546e-07
293 2.9526144844316454e-07
294 3.037440290449209e-07
295 2.9449660618261815e-07
296 2.996377293356521e-07
297 3.1060325992238124e-07
298 3.0310354946122825e-07
299 3.0205224392765436e-07
