0 6.787443864885319e-07
1 6.231762953060714e-07
2 6.662679741098852e-07
3 5.765659349886113e-07
4 7.278745472035073e-07
5 6.966151657758256e-07
6 7.022728074293942e-07
7 6.779302456629041e-07
8 7.459940249661639e-07
9 6.763728650494371e-07
10 6.859788169901048e-07
11 6.718548309014238e-07
12 6.876249907808042e-07
13 6.820016230644319e-07
14 7.029516296645746e-07
15 6.742499015856247e-07
16 6.499402543767733e-07
17 6.876618752946963e-07
18 6.987928359835873e-07
19 6.683179843889223e-07
20 6.380055061180879e-07
21 7.124981423246674e-07
22 7.194160250826237e-07
23 6.583474424478232e-07
24 6.173225171414268e-07
25 5.857043892629286e-07
26 6.290891761100516e-07
27 6.367951909050399e-07
28 6.907223361071961e-07
29 6.548625589805073e-07
30 6.597030173643379e-07
31 6.606159333130847e-07
32 6.252209952587008e-07
33 6.511587655232629e-07
34 7.075546091291414e-07
35 7.261839356956324e-07
36 6.954686401396197e-07
37 6.924466157853939e-07
38 6.971906577935885e-07
39 6.792996579520467e-07
40 7.133658814263525e-07
41 6.616185619790486e-07
42 7.261432601495592e-07
43 6.874986148176372e-07
44 6.614172825908982e-07
45 5.979560471528931e-07
46 6.971838112038846e-07
47 6.812879082937995e-07
48 6.736140852433332e-07
49 6.440070191182938e-07
50 6.351673418869383e-07
51 6.496453215405317e-07
52 6.622884801495074e-07
53 7.193450325870679e-07
54 7.034376084718722e-07
55 6.587886560650166e-07
56 6.651109998801769e-07
57 6.69824346312451e-07
58 6.779166766187889e-07
59 6.473639154751616e-07
60 6.64804225511879e-07
61 6.54776296986129e-07
62 6.81582936171181e-07
63 5.998600869019708e-07
64 6.174611352151268e-07
65 6.508336220304152e-07
66 7.218477849562633e-07
67 6.914300603093648e-07
68 7.634883918939932e-07
69 6.854328366739508e-07
70 6.747763312906392e-07
71 6.68575169302777e-07
72 6.767738708973299e-07
73 6.186107561026396e-07
74 7.014447230189128e-07
75 6.811470081017783e-07
76 6.67213271229958e-07
77 6.183515249925497e-07
78 6.315436656388052e-07
79 6.720729939895915e-07
80 6.363347123440186e-07
81 6.5339861949585e-07
82 6.901656673453807e-07
83 7.001527812725529e-07
84 6.83173752612485e-07
85 6.497554757718574e-07
86 6.757416460508828e-07
87 6.513832405131838e-07
88 6.478109168478541e-07
89 7.059218364728266e-07
90 7.461033515104498e-07
91 6.785972679187507e-07
92 6.841707330899915e-07
93 7.112199507634343e-07
94 7.021741383892016e-07
95 6.984398319206919e-07
96 7.171835957182234e-07
97 6.492301975792843e-07
98 6.406236801611197e-07
99 7.425855659557938e-07
100 7.065638748563973e-07
101 6.59872357794283e-07
102 6.534136622273937e-07
103 6.646290152346384e-07
104 6.942094524407189e-07
105 6.854125008088556e-07
106 7.017584781876844e-07
107 7.12060714283473e-07
108 6.816288057167397e-07
109 7.070316947396864e-07
110 6.009590760327462e-07
111 6.637037222444181e-07
112 6.564052856521575e-07
113 7.463456880360543e-07
114 6.571652815166483e-07
115 6.567178649307541e-07
116 7.289272757565269e-07
117 6.382323927680946e-07
118 6.745570336634829e-07
119 6.793566642170739e-07
120 6.882341338807463e-07
121 7.212305488130403e-07
122 6.404311162890529e-07
123 6.540334178948863e-07
124 6.625627856339412e-07
125 6.248255132779869e-07
126 6.977913200267969e-07
127 6.376578653334254e-07
128 6.366659932135743e-07
129 6.251476505860748e-07
130 6.235528919953559e-07
131 6.832517388322293e-07
132 6.804069024161511e-07
133 6.972255686647289e-07
134 6.342803068800445e-07
135 6.815130124207475e-07
136 6.43140095398591e-07
137 6.045537768213899e-07
138 7.005700042520721e-07
139 6.729464233899442e-07
140 6.83708906669733e-07
141 6.345456811303072e-07
142 6.899415264083284e-07
143 6.752521760565664e-07
144 6.985090017312072e-07
145 6.670102900647539e-07
146 6.814639226806421e-07
147 6.395872303244595e-07
148 6.952301579969983e-07
149 6.239647460966828e-07
150 6.90764362237693e-07
151 6.502541748321644e-07
152 6.533452080132931e-07
153 7.175567058828031e-07
154 6.775564464804935e-07
155 6.133940807144101e-07
156 7.197733709847411e-07
157 6.925138895181274e-07
158 7.242733943853785e-07
159 6.336632770055135e-07
160 6.647949861140922e-07
161 7.452240455818867e-07
162 6.849102169543916e-07
163 6.456905405845763e-07
164 6.651001559503603e-07
165 6.747133347999765e-07
166 7.188385323029529e-07
167 6.54083490895418e-07
168 7.179761044661825e-07
169 6.921917128785838e-07
170 6.925003879164841e-07
171 6.505993602887755e-07
172 6.56509562977648e-07
173 6.457462134492807e-07
174 7.21036000799e-07
175 6.667729924351316e-07
176 6.561203393124799e-07
177 6.287458653669585e-07
178 6.664513094867405e-07
179 6.797422200559854e-07
180 6.685391950142494e-07
181 7.005627696812179e-07
182 6.622418516359455e-07
183 6.117835020056626e-07
184 6.544584660180695e-07
185 6.534226493650267e-07
186 6.848287776209508e-07
187 6.880460066818266e-07
188 6.738802074367194e-07
189 7.07839087131032e-07
190 6.897224331361886e-07
191 6.782991751438859e-07
192 6.267652403385733e-07
193 6.339751100104019e-07
194 6.331595940867144e-07
195 7.16445016975276e-07
196 6.783074963786557e-07
197 6.470908565172901e-07
198 6.768860674833315e-07
199 6.77168202258522e-07
200 6.713561396977029e-07
201 6.558928523029823e-07
202 7.177080460419921e-07
203 6.415123816226057e-07
204 6.642327373014297e-07
205 6.712431566771774e-07
206 6.478759624769454e-07
207 6.480628341984309e-07
208 6.505641746968782e-07
209 6.505095200238557e-07
210 6.533385793039692e-07
211 6.918197431714447e-07
212 6.778629330153666e-07
213 6.619021633758577e-07
214 7.242784927282403e-07
215 6.807212716233659e-07
216 6.3108157802863e-07
217 6.719522957709464e-07
218 5.856850668167514e-07
219 7.06883215734743e-07
220 6.482413809881556e-07
221 6.420569999549954e-07
222 6.620327601222691e-07
223 6.056091946787526e-07
224 6.313922858455952e-07
225 6.129616548465916e-07
226 7.009728389386369e-07
227 7.058912649494577e-07
228 6.757801588264579e-07
229 6.977256218532194e-07
230 6.595204614402803e-07
231 6.632501408229871e-07
232 6.731106819366215e-07
233 6.580523338300408e-07
234 6.560639838968938e-07
235 7.005911357414878e-07
236 6.713856926278632e-07
237 6.379712150466937e-07
238 6.725307703157403e-07
239 7.20059515846178e-07
240 6.768510711214531e-07
241 6.984203910566858e-07
242 7.19820813110592e-07
243 6.735784959015011e-07
244 6.970513531099312e-07
245 6.740886898336156e-07
246 7.352912969545428e-07
247 6.290879433580063e-07
248 6.789630798522815e-07
249 6.066474773768273e-07
250 6.741577872793291e-07
251 6.766610545639902e-07
252 6.674644965297794e-07
253 6.903224389576521e-07
254 7.466345685005206e-07
255 6.613787671475258e-07
256 7.420964704869617e-07
257 6.241848117499186e-07
258 7.243970226608213e-07
259 6.559306841873989e-07
260 6.952118262268893e-07
261 7.013073992049311e-07
262 6.587613204883133e-07
263 6.161115239389751e-07
264 7.315166939991727e-07
265 6.704372705150268e-07
266 7.400384270804313e-07
267 7.13349033744081e-07
268 6.93798111820755e-07
269 6.325909645737491e-07
270 6.870872278573751e-07
271 6.905642097792874e-07
272 6.694500418096817e-07
273 7.036546880035534e-07
274 7.255693792641519e-07
275 6.707826650817234e-07
276 7.141740619497315e-07
277 7.088547675373015e-07
278 6.478120558826761e-07
279 6.647676026841294e-07
280 6.509731941692668e-07
281 6.073584006248592e-07
282 6.683475313639818e-07
283 6.356502682158656e-07
284 6.973907558755742e-07
285 7.022855686365406e-07
286 6.393372255235314e-07
287 6.53724943733788e-07
288 6.995066964831255e-07
289 6.20149524440253e-07
290 6.879548600884693e-07
291 6.980495921035068e-07
292 6.395214486959323e-07
293 7.123687680149608e-07
294 6.496741048805485e-07
295 6.700742489481312e-07
296 6.889190547433587e-07
297 6.435550227800603e-07
298 6.786651234370112e-07
299 6.697843088715892e-07
