0 5.460566390605112e-07
1 4.7445671060336397e-07
2 5.509383609103151e-07
3 4.530628052865856e-07
4 5.338114106497928e-07
5 5.402597104640153e-07
6 5.432635395567742e-07
7 5.119706110568625e-07
8 5.519007289436698e-07
9 5.594749501602069e-07
10 5.218160823348991e-07
11 5.158178113689418e-07
12 5.115107546044683e-07
13 4.7668158844480124e-07
14 5.252571879619046e-07
15 5.200335611011075e-07
16 4.998604512303177e-07
17 4.94629086987149e-07
18 5.293205311168288e-07
19 5.27632131761405e-07
20 5.004053985477195e-07
21 5.347905243371162e-07
22 5.514077557253642e-07
23 5.148304769265547e-07
24 4.850857769469461e-07
25 4.449574350213349e-07
26 4.681393586043586e-07
27 4.6521427244897204e-07
28 5.219684835277759e-07
29 5.166379771875585e-07
30 5.074776189757753e-07
31 5.100302291515813e-07
32 4.835599609951348e-07
33 4.861032402493142e-07
34 5.268387211823742e-07
35 5.721418243853237e-07
36 5.085526529419707e-07
37 5.131839807704562e-07
38 5.369969774199173e-07
39 5.093385322913513e-07
40 5.464196800211268e-07
41 5.203786353117258e-07
42 5.364338848461819e-07
43 5.415734909421848e-07
44 5.590070924151544e-07
45 4.5621931330073464e-07
46 5.478233314731045e-07
47 4.99354245571772e-07
48 4.880451979622997e-07
49 4.981415240081067e-07
50 5.096266261414191e-07
51 4.4300360261012903e-07
52 5.122145517739746e-07
53 5.538892818795157e-07
54 5.460877586016963e-07
55 5.229920874597431e-07
56 5.250592858467051e-07
57 5.541977292110225e-07
58 4.857109682649653e-07
59 4.900081168830102e-07
60 4.699621464957491e-07
61 5.050931127612239e-07
62 4.895537485279186e-07
63 4.5651622860200346e-07
64 4.6293362574668495e-07
65 4.7123371966800455e-07
66 5.697892619127435e-07
67 4.920646198621115e-07
68 5.733118175466815e-07
69 5.443879537351401e-07
70 5.073160440374937e-07
71 5.208909428750512e-07
72 5.236179613543651e-07
73 4.939444880069656e-07
74 5.222921899601419e-07
75 4.918797231867684e-07
76 5.291571050915001e-07
77 4.5944361426889714e-07
78 4.982086227158567e-07
79 5.324973445802847e-07
80 5.024930065492895e-07
81 4.93446313838269e-07
82 5.330274591622656e-07
83 5.161111674786555e-07
84 5.152834690986549e-07
85 5.016044090351143e-07
86 4.992340939282139e-07
87 4.721426576977719e-07
88 5.1559681866412e-07
89 5.056625711596351e-07
90 5.618773711643551e-07
91 5.503057796562992e-07
92 5.434464240932136e-07
93 5.407347340710742e-07
94 5.839180502495724e-07
95 5.055312053752789e-07
96 5.516142402967362e-07
97 4.9617175329871e-07
98 4.769472967803896e-07
99 5.356670171507877e-07
100 5.154974827761014e-07
101 4.556648760021623e-07
102 4.951257229535899e-07
103 5.015222640572224e-07
104 5.28293302552717e-07
105 4.7233495325871305e-07
106 5.414866078028756e-07
107 5.504879163220592e-07
108 4.6433642779581175e-07
109 5.358410011388741e-07
110 4.350468020453332e-07
111 5.183470763900671e-07
112 4.842757980589764e-07
113 5.720074693920762e-07
114 5.140702619983232e-07
115 5.179344586840374e-07
116 5.502753117747504e-07
117 5.060124452588059e-07
118 5.332344647281077e-07
119 5.120927213890668e-07
120 5.084500119146708e-07
121 5.124987608448412e-07
122 4.738137389793439e-07
123 5.047912496594292e-07
124 4.928293477289387e-07
125 4.966984323417093e-07
126 5.593368473032609e-07
127 4.7580222227692045e-07
128 4.98171358615769e-07
129 4.7304814674297507e-07
130 5.318957417965739e-07
131 5.286101629697874e-07
132 4.941518002818104e-07
133 5.497126889077606e-07
134 4.79768900679814e-07
135 5.327358570165132e-07
136 4.888165945068896e-07
137 4.739250644749633e-07
138 5.006545987907719e-07
139 5.477831968487e-07
140 4.776426762009052e-07
141 4.6572750773966674e-07
142 5.138649370125206e-07
143 5.514025053804863e-07
144 5.239872437568463e-07
145 4.730604083804471e-07
146 5.259996476873712e-07
147 4.757683382607751e-07
148 5.189580458972715e-07
149 4.760387484008027e-07
150 5.171543035951727e-07
151 5.480865564977193e-07
152 4.966856422811384e-07
153 5.499743194198824e-07
154 5.058109052562683e-07
155 4.774255541851992e-07
156 5.555795154082518e-07
157 4.894443183600353e-07
158 5.193842923282122e-07
159 5.025753319011975e-07
160 5.24866892223592e-07
161 5.635644552290385e-07
162 5.037296468356809e-07
163 4.6750700184352926e-07
164 5.317886783553382e-07
165 5.224414963767478e-07
166 5.536926678949588e-07
167 4.5849884551382795e-07
168 5.59780518323874e-07
169 5.534657374973089e-07
170 5.060624619620141e-07
171 4.661156864658188e-07
172 5.329838585739762e-07
173 5.036176746534909e-07
174 5.274871362431002e-07
175 5.237707775732669e-07
176 5.439241297611592e-07
177 4.976029420439549e-07
178 4.877539907066964e-07
179 5.251769854047368e-07
180 5.332209797661336e-07
181 5.530395662520846e-07
182 5.047594641460035e-07
183 4.772958535256627e-07
184 4.79914816055041e-07
185 5.228773547483166e-07
186 5.106484458124347e-07
187 5.236601762271375e-07
188 4.881908845031491e-07
189 5.387568806417415e-07
190 5.533688697403096e-07
191 4.909985664216665e-07
192 4.7006035326805403e-07
193 4.989802290243276e-07
194 4.736510789808189e-07
195 5.40448929388671e-07
196 5.354001063213831e-07
197 5.023862285620695e-07
198 5.265094947448026e-07
199 5.625181903311932e-07
200 4.81442928310678e-07
201 4.7668327604447556e-07
202 5.537587542943866e-07
203 5.271746549041767e-07
204 5.267656197391275e-07
205 5.314404330026439e-07
206 4.917020441386245e-07
207 5.251597452327053e-07
208 4.867074004060736e-07
209 5.072278180844323e-07
210 5.125744668953697e-07
211 5.35811053043802e-07
212 5.040096411240841e-07
213 4.868674966580798e-07
214 5.966913182499146e-07
215 5.295133605183271e-07
216 4.713928407119474e-07
217 5.688160873189933e-07
218 4.379196282426791e-07
219 5.147361682253496e-07
220 4.98467029507108e-07
221 5.179547669948194e-07
222 5.233304951900889e-07
223 4.476271648566629e-07
224 4.996945822190797e-07
225 4.598492836802159e-07
226 5.092305985346535e-07
227 5.376249778982248e-07
228 5.434576042267352e-07
229 5.552107650273804e-07
230 5.310912196750493e-07
231 5.271234197900455e-07
232 5.280979074829799e-07
233 5.310625141048638e-07
234 5.021560279519397e-07
235 5.684344414958049e-07
236 5.221336664001098e-07
237 4.3065939477999663e-07
238 5.307253790755304e-07
239 5.873333605143765e-07
240 5.562576923752733e-07
241 5.03040556916536e-07
242 5.488110518046817e-07
243 5.028699236357555e-07
244 5.423636590097189e-07
245 5.406423282267761e-07
246 5.605909709497744e-07
247 5.059592965765841e-07
248 5.45312544967489e-07
249 5.112251295270191e-07
250 5.116503651060672e-07
251 5.51286601190024e-07
252 5.286902578459714e-07
253 5.575868656518817e-07
254 5.790446256944722e-07
255 4.764383614458105e-07
256 5.804769473259098e-07
257 4.6787203358587706e-07
258 5.599556755134558e-07
259 5.600963619523651e-07
260 5.072055684766656e-07
261 5.316377840531121e-07
262 4.771675342908307e-07
263 4.590013968944986e-07
264 5.780295383268191e-07
265 5.177825580891024e-07
266 5.559966281817174e-07
267 5.192661685780314e-07
268 5.230750719469016e-07
269 5.005389962961268e-07
270 5.200727829194892e-07
271 5.037903978091028e-07
272 5.019644029609806e-07
273 5.361671832132e-07
274 5.563623038912222e-07
275 4.914737106356802e-07
276 6.152748921070238e-07
277 5.727857912867223e-07
278 4.986279499845442e-07
279 5.039981506711259e-07
280 4.5067470627119107e-07
281 4.3308457154088726e-07
282 5.07463709552329e-07
283 4.5389363862574025e-07
284 5.360501102583187e-07
285 5.444701749118538e-07
286 5.143852518984154e-07
287 5.1565523075913e-07
288 5.00388476023749e-07
289 4.67621217028821e-07
290 5.036119746942954e-07
291 5.735607162619496e-07
292 4.964504067890688e-07
293 5.790141008918904e-07
294 5.053509978485474e-07
295 5.575857753520898e-07
296 5.679887354669845e-07
297 4.866065701140418e-07
298 5.202097162543875e-07
299 5.440183234252106e-07
