0 -3.151853127631866e-07
1 -2.3317480565837304e-07
2 -2.9924964321472784e-07
3 -2.35570844580938e-07
4 -2.522175257106213e-07
5 -2.610978792048492e-07
6 -2.7962365153261434e-07
7 -2.515038935086645e-07
8 -2.5944256550315714e-07
9 -3.277768633125085e-07
10 -2.406285115930232e-07
11 -2.7655042595861316e-07
12 -2.3703856762620548e-07
13 -1.983468194544623e-07
14 -2.5179345877773703e-07
15 -2.464559459188051e-07
16 -2.7238288996819207e-07
17 -2.127233822342206e-07
18 -2.5692246714698505e-07
19 -3.0083009549635046e-07
20 -2.4936850035206975e-07
21 -2.684505056737932e-07
22 -2.8210460164867343e-07
23 -2.5957250329586164e-07
24 -2.6115216671236085e-07
25 -2.0582368493151807e-07
26 -2.238288671074387e-07
27 -2.1735603579074403e-07
28 -2.6669504801092996e-07
29 -2.8185514292678943e-07
30 -2.713012604235306e-07
31 -2.655722564534794e-07
32 -2.6359294857898825e-07
33 -2.411335005197247e-07
34 -2.5170236753040183e-07
35 -3.083182479523431e-07
36 -2.3481278086329905e-07
37 -2.5608743217581975e-07
38 -2.837553039827827e-07
39 -2.6377405529694495e-07
40 -2.8350202801875597e-07
41 -2.8199500699782874e-07
42 -2.6213839108736957e-07
43 -3.0590773584898664e-07
44 -3.371505839924687e-07
45 -2.2769341865804476e-07
46 -2.795912055325732e-07
47 -2.384355975063305e-07
48 -2.2888735713825934e-07
49 -2.6767015497018496e-07
50 -2.807413156847501e-07
51 -1.671262111128246e-07
52 -2.5272344789039845e-07
53 -2.912908298339687e-07
54 -2.879575044956345e-07
55 -2.89146989332871e-07
56 -2.9327621975465557e-07
57 -3.326825842305986e-07
58 -2.080876294815564e-07
59 -2.610447490511739e-07
60 -2.0484107958223642e-07
61 -2.5401820412048646e-07
62 -2.1183578176361496e-07
63 -2.306742148311647e-07
64 -2.2166330704253518e-07
65 -2.0085446778645647e-07
66 -3.099122090069855e-07
67 -2.134121520799413e-07
68 -2.8560411725039175e-07
69 -3.093941825823953e-07
70 -2.595400388454388e-07
71 -2.8208708217749386e-07
72 -2.7095737611581206e-07
73 -2.740335227621291e-07
74 -2.5393430523022043e-07
75 -2.2544743255201815e-07
76 -2.9622477258584053e-07
77 -2.0349799068884079e-07
78 -2.7828636972679476e-07
79 -2.8782692866310867e-07
80 -2.616186087227332e-07
81 -2.5510437515616354e-07
82 -2.8575504567611346e-07
83 -2.5237175519593983e-07
84 -2.496825393058259e-07
85 -2.616611423258219e-07
86 -2.396311009659281e-07
87 -2.1669876253487535e-07
88 -2.9149800584056283e-07
89 -2.316111575729005e-07
90 -2.851895158512057e-07
91 -3.1358007139475253e-07
92 -3.0967704703829953e-07
93 -2.610075361091945e-07
94 -3.464623492516348e-07
95 -1.9946761596022265e-07
96 -2.7097259389985194e-07
97 -2.610585160154863e-07
98 -2.309853259470044e-07
99 -2.29308118943923e-07
100 -2.4085931514044156e-07
101 -1.74153634101729e-07
102 -2.4218338210085987e-07
103 -2.3625349042689219e-07
104 -2.548667558589357e-07
105 -1.7084225649835813e-07
106 -2.7067853856826263e-07
107 -2.842084768490375e-07
108 -1.8798077400173535e-07
109 -2.713962483364975e-07
110 -1.9974494715752966e-07
111 -2.679182384977362e-07
112 -2.2682023874525151e-07
113 -2.894871936438941e-07
114 -2.75465718998833e-07
115 -2.7196732516037293e-07
116 -2.6558557017425046e-07
117 -2.884973593286026e-07
118 -2.753419479792711e-07
119 -2.6018698020599535e-07
120 -2.3449502051820166e-07
121 -2.1328285074189456e-07
122 -2.233958545460218e-07
123 -2.679825660134041e-07
124 -2.5432540213787624e-07
125 -2.566975878006961e-07
126 -3.014345843092784e-07
127 -2.2944661218332583e-07
128 -2.653672560966452e-07
129 -2.190640462463447e-07
130 -3.250416930917077e-07
131 -2.67585319431431e-07
132 -2.211957608928933e-07
133 -2.9926609315141394e-07
134 -2.3139633691684103e-07
135 -2.9478872271619524e-07
136 -2.6406265321095063e-07
137 -2.5986256076280915e-07
138 -2.1482128623128835e-07
139 -3.3206496931579664e-07
140 -2.0072879616570182e-07
141 -2.115212769440084e-07
142 -2.5949931713227894e-07
143 -3.145500128221557e-07
144 -2.509053509083023e-07
145 -2.0034783498137973e-07
146 -2.7900398129275797e-07
147 -2.2263957155687643e-07
148 -2.44808026096738e-07
149 -2.4565676079438793e-07
150 -2.4086271870490454e-07
151 -3.3706384845549944e-07
152 -2.4380262865577286e-07
153 -2.770157668799213e-07
154 -2.415425593341829e-07
155 -2.450430656975521e-07
156 -2.857171474491664e-07
157 -2.118278375548676e-07
158 -2.3736155667867076e-07
159 -2.6045316521207844e-07
160 -2.7648984771711894e-07
161 -2.8141728864191846e-07
162 -2.3527289989374483e-07
163 -2.1337162351107458e-07
164 -3.144418939925409e-07
165 -2.811686677070772e-07
166 -2.7476108358096345e-07
167 -1.9799308365587752e-07
168 -2.811477176971166e-07
169 -3.091061055611895e-07
170 -2.3571582206700428e-07
171 -1.9702903525110247e-07
172 -2.926162800042445e-07
173 -2.8340654010833913e-07
174 -2.4801605659506167e-07
175 -2.804007137858687e-07
176 -3.164611610237745e-07
177 -2.658650201380928e-07
178 -2.2099514297115688e-07
179 -2.5832508726875374e-07
180 -3.0448541317594895e-07
181 -3.2626805106824676e-07
182 -2.607310714995875e-07
183 -2.628595433395886e-07
184 -2.1210291357826146e-07
185 -2.811793912176671e-07
186 -2.4390892651193124e-07
187 -2.6932042048078566e-07
188 -2.3696515418303607e-07
189 -2.710286692410875e-07
190 -3.2054243775141445e-07
191 -2.1995536376362551e-07
192 -2.2949403680620016e-07
193 -2.5827008240156416e-07
194 -2.2611375698354972e-07
195 -2.668576250059451e-07
196 -2.8867490474151864e-07
197 -2.5072357096971476e-07
198 -2.8977246296816535e-07
199 -3.32959158970401e-07
200 -2.0220139105840534e-07
201 -2.0423833354887012e-07
202 -2.9838036582226523e-07
203 -2.99654583431661e-07
204 -2.7722806715373323e-07
205 -2.863305212201898e-07
206 -2.5128852346659653e-07
207 -2.932508740858143e-07
208 -2.3403815297733953e-07
209 -2.71173886842371e-07
210 -2.6945786078784165e-07
211 -2.825980615432773e-07
212 -2.3920338581179e-07
213 -2.1122193385175844e-07
214 -3.5824346312345174e-07
215 -2.6918385154086317e-07
216 -2.4198940489847566e-07
217 -3.481331555380715e-07
218 -1.9966535243674394e-07
219 -2.2914940178556555e-07
220 -2.5559134031657297e-07
221 -3.0371421577592993e-07
222 -2.8802388683616225e-07
223 -2.0815709102348882e-07
224 -2.838341314130751e-07
225 -2.1367169438613962e-07
226 -2.2348684607782337e-07
227 -2.656803008073324e-07
228 -3.018754612025654e-07
229 -3.0252573706873285e-07
230 -3.1276575533370877e-07
231 -2.844998388583908e-07
232 -2.684772180835537e-07
233 -2.9344500607297333e-07
234 -2.3735093337719276e-07
235 -3.121558551412345e-07
236 -2.6589264057394005e-07
237 -1.7194437622156257e-07
238 -2.897427802833119e-07
239 -3.533869675413435e-07
240 -3.279590686525321e-07
241 -2.116519306363838e-07
242 -2.8335915791792667e-07
243 -2.3785009269473636e-07
244 -2.9397772625023047e-07
245 -3.130087494319061e-07
246 -2.849427714071089e-07
247 -2.821704281175188e-07
248 -3.0870605698665966e-07
249 -3.0120497412795233e-07
250 -2.6145276303106156e-07
251 -3.231654667092063e-07
252 -3.0067615591503417e-07
253 -3.1946401490036074e-07
254 -2.9390652863464756e-07
255 -1.9466439344291673e-07
256 -3.0850492513404335e-07
257 -2.2969979585099978e-07
258 -3.0917391061175007e-07
259 -3.2829396647729917e-07
260 -2.3743898449969402e-07
261 -2.636029466487844e-07
262 -2.16255322561584e-07
263 -2.1132633940820827e-07
264 -3.2596048366657157e-07
265 -2.557631733843129e-07
266 -2.6895477206574615e-07
267 -2.2813353969392025e-07
268 -2.497873994596989e-07
269 -2.67478636371302e-07
270 -2.484897144768087e-07
271 -2.3456693711271647e-07
272 -2.4614365484136225e-07
273 -2.762599755229124e-07
274 -2.8192665060523544e-07
275 -2.2027589246704188e-07
276 -3.773077374716454e-07
277 -3.3599734551816705e-07
278 -2.7751367688763303e-07
279 -2.4730511619228095e-07
280 -1.816549842163085e-07
281 -1.9360682941043586e-07
282 -2.677957557607756e-07
283 -2.0158530680481769e-07
284 -2.608504578584614e-07
285 -2.808247114639691e-07
286 -2.685980500597623e-07
287 -2.7329517065450553e-07
288 -1.995079190306838e-07
289 -2.347514948704484e-07
290 -2.432093977623785e-07
291 -3.3030229788824296e-07
292 -2.436724845214611e-07
293 -3.437099964557216e-07
294 -2.6009946353034397e-07
295 -3.4459382730093524e-07
296 -3.453629478713765e-07
297 -2.464934193093387e-07
298 -2.581794717058794e-07
299 -3.1035886083822786e-07
