0 4.3070979852066695e-07
1 3.910297959313349e-07
2 4.4573441280112643e-07
3 3.924985163567192e-07
4 3.79818790025759e-07
5 4.1662902986298715e-07
6 4.137293649006807e-07
7 3.920429730241747e-07
8 3.940749800119873e-07
9 4.483396538886532e-07
10 4.0128094396500826e-07
11 4.0569331537630993e-07
12 3.8449018348534437e-07
13 3.497644901798311e-07
14 3.861621665245026e-07
15 4.075267075543772e-07
16 3.963833756198882e-07
17 3.665014986457066e-07
18 3.9372849139708926e-07
19 4.1763017009877934e-07
20 4.040536750423215e-07
21 3.962814008633095e-07
22 4.0689443830702135e-07
23 4.127352043934771e-07
24 4.025938284709402e-07
25 3.7676690537589083e-07
26 3.7667166549131146e-07
27 3.654274295355301e-07
28 3.9260366909452615e-07
29 4.113196196560184e-07
30 3.9917688711485114e-07
31 4.035581999598013e-07
32 3.9468433034836434e-07
33 3.769688108515261e-07
34 3.8948367115963315e-07
35 4.3239372242521925e-07
36 3.7589921771698384e-07
37 3.780222424289481e-07
38 4.068045452895017e-07
39 3.8979171554726934e-07
40 4.0915288305137256e-07
41 4.1584293759375984e-07
42 3.827142406826923e-07
43 4.174901383660854e-07
44 4.586669783038547e-07
45 3.8031865199644075e-07
46 4.202925288005974e-07
47 3.740891929190791e-07
48 3.6474226563911974e-07
49 3.9863341655207185e-07
50 4.157279432009437e-07
51 3.3096580352542065e-07
52 4.0529608584132913e-07
53 4.081195999506628e-07
54 4.1574305502054617e-07
55 4.206395324317793e-07
56 4.1128668123703423e-07
57 4.4597551670323006e-07
58 3.5900682473645433e-07
59 3.851250556436716e-07
60 3.50368991414956e-07
61 3.9761959173674056e-07
62 3.629340869061775e-07
63 3.82271444145147e-07
64 3.794967867627314e-07
65 3.6584814608516637e-07
66 4.294121483861406e-07
67 3.579410405441952e-07
68 4.0072729667931116e-07
69 4.226416101102106e-07
70 3.9130409647528993e-07
71 4.093883987857308e-07
72 4.080140294016847e-07
73 4.1285108355921534e-07
74 3.8458906599303075e-07
75 3.627748909139549e-07
76 4.160854492707747e-07
77 3.713509550350721e-07
78 4.0516699307790714e-07
79 4.1809743088699465e-07
80 4.180071905059754e-07
81 3.8491297870226647e-07
82 4.099596650732462e-07
83 3.815172671639297e-07
84 3.926024318836991e-07
85 4.0145136207220977e-07
86 3.768983522085313e-07
87 3.6507073144662e-07
88 4.1915783021982873e-07
89 3.666447318817956e-07
90 4.020897443814628e-07
91 4.3419020391004033e-07
92 4.2412494553718735e-07
93 4.0603311802610966e-07
94 4.5575000089907623e-07
95 3.711238963598194e-07
96 4.190054840314421e-07
97 3.924163670244733e-07
98 3.709656591145524e-07
99 3.730896089337913e-07
100 3.7284714313505423e-07
101 3.3195528956074087e-07
102 3.9133141683449723e-07
103 3.87016032151886e-07
104 4.0016126869083674e-07
105 3.416966046218137e-07
106 4.103455798636011e-07
107 4.141222869716786e-07
108 3.2701472196174745e-07
109 3.994458489832944e-07
110 3.486952335920019e-07
111 4.0994674077706005e-07
112 3.751304873635269e-07
113 4.133875785459683e-07
114 4.088409401222318e-07
115 4.1136075206986653e-07
116 4.0332496552119314e-07
117 4.128358950728463e-07
118 4.185977688942677e-07
119 3.8959255823393345e-07
120 3.850859524297561e-07
121 3.6208800312435994e-07
122 3.715921647517731e-07
123 3.993788488233913e-07
124 3.781575141687274e-07
125 4.152542733844684e-07
126 4.372620165651507e-07
127 3.805906304104949e-07
128 4.039041891530875e-07
129 3.827755080827465e-07
130 4.510570039071684e-07
131 4.0603535984998057e-07
132 3.6919284135874563e-07
133 4.17833336414924e-07
134 3.839676376734934e-07
135 4.124332238566859e-07
136 3.880979345329878e-07
137 3.9777823975925595e-07
138 3.6248918565169573e-07
139 4.354313939923123e-07
140 3.4697882076077165e-07
141 3.646367932486401e-07
142 3.81891531089357e-07
143 4.4203056154885307e-07
144 3.8762506392264284e-07
145 3.5779059566152216e-07
146 4.0436705253281015e-07
147 3.7602148289140406e-07
148 3.9087533648906384e-07
149 3.8845379944562533e-07
150 3.925390278424857e-07
151 4.503698293432676e-07
152 3.900519530322207e-07
153 4.131644869296238e-07
154 3.834532222415985e-07
155 3.9461840473103825e-07
156 4.115446500586302e-07
157 3.5497178127264546e-07
158 3.616411950844399e-07
159 4.167066184576604e-07
160 4.151887440962284e-07
161 4.0596844505865793e-07
162 3.7874541062154277e-07
163 3.6288824505161403e-07
164 4.1886810314726906e-07
165 4.0615787621513695e-07
166 4.09701443710568e-07
167 3.4902404305941723e-07
168 4.2387446024402074e-07
169 4.317866076882888e-07
170 3.73254640098121e-07
171 3.5438052608815133e-07
172 4.298376902678662e-07
173 4.041959730093262e-07
174 3.828297947897754e-07
175 4.153349259868543e-07
176 4.4703957975662215e-07
177 4.0787341767705325e-07
178 3.71129646228532e-07
179 4.0974304202426944e-07
180 4.2303060796117464e-07
181 4.210518934517152e-07
182 3.920484860197501e-07
183 3.962530712637347e-07
184 3.7279907176102514e-07
185 4.2696753853015536e-07
186 3.9040747861823677e-07
187 3.941388795428703e-07
188 3.637365067719709e-07
189 4.016427348739819e-07
190 4.251355103938684e-07
191 3.6702496228135286e-07
192 3.739670119292426e-07
193 4.008700637349765e-07
194 3.7547561551029653e-07
195 4.0014082904024155e-07
196 4.159664467671274e-07
197 4.0291976870183267e-07
198 4.1090917862159756e-07
199 4.544445163931051e-07
200 3.653613359025252e-07
201 3.7085133931364296e-07
202 4.102297789632802e-07
203 4.3501060358591725e-07
204 4.2121863703080933e-07
205 4.19920025472871e-07
206 3.9046846209505383e-07
207 4.301512293980511e-07
208 3.8068193552965793e-07
209 4.045159172862355e-07
210 4.099787456531273e-07
211 4.0882254166584634e-07
212 3.830386113420289e-07
213 3.790446949006151e-07
214 4.584087420194105e-07
215 4.112418680711414e-07
216 3.758360601200006e-07
217 4.6373297407584494e-07
218 3.703332949990743e-07
219 3.7398348513343475e-07
220 3.9401079387766773e-07
221 4.186926940930065e-07
222 4.1921135804608903e-07
223 3.692733168672742e-07
224 4.0842057323817345e-07
225 3.773353403947652e-07
226 3.748010569814778e-07
227 4.035513645773037e-07
228 4.3122429353182687e-07
229 4.3122428114657157e-07
230 4.2578125738327605e-07
231 4.178921527389704e-07
232 4.1573825627018664e-07
233 4.2744599916373345e-07
234 3.9671887625083173e-07
235 4.403489934565167e-07
236 4.090934405924595e-07
237 3.1891892553026647e-07
238 4.1551577225379957e-07
239 4.5346165451583693e-07
240 4.4792670696671773e-07
241 3.695258760082306e-07
242 4.0599222000003537e-07
243 3.874620046351352e-07
244 4.158846822113275e-07
245 4.23193555252763e-07
246 4.062824638567035e-07
247 4.1841144991231326e-07
248 4.299128767853668e-07
249 4.4256255801799927e-07
250 3.896569491168958e-07
251 4.4018320201784014e-07
252 4.22117469943066e-07
253 4.30729356959453e-07
254 4.2613327159981476e-07
255 3.6475992981528515e-07
256 4.281117440767832e-07
257 3.786217541028029e-07
258 4.139814301315968e-07
259 4.674057752496305e-07
260 3.704151149945982e-07
261 3.931124150057102e-07
262 3.569483090001796e-07
263 3.7925272389689226e-07
264 4.3067455447520526e-07
265 4.0878790906805606e-07
266 3.9972917504930644e-07
267 3.7342413988544377e-07
268 3.9493718162816017e-07
269 4.133658801121456e-07
270 3.978933094992381e-07
271 3.707275128863346e-07
272 3.8477651195219916e-07
273 4.0253156391889834e-07
274 4.123920156697902e-07
275 3.707354978805233e-07
276 4.858704654998012e-07
277 4.403374389170817e-07
278 3.9782266217641284e-07
279 3.917265364377457e-07
280 3.35370469498768e-07
281 3.4710022279760676e-07
282 3.9110331993003955e-07
283 3.472338324428941e-07
284 4.080790461006993e-07
285 4.1432693936487267e-07
286 4.22868969288024e-07
287 4.1627916929197397e-07
288 3.676099219221494e-07
289 3.772275081561623e-07
290 3.7299762755208187e-07
291 4.49696696199894e-07
292 4.000167495893676e-07
293 4.4283826107706486e-07
294 4.020653083243507e-07
295 4.4546533113664127e-07
296 4.525610594635847e-07
297 3.834154949160555e-07
298 4.035129885552648e-07
299 4.392374481998927e-07
