0 6.870418955762975e-07
1 6.836470044550047e-07
2 6.651935476069539e-07
3 6.247852868214757e-07
4 7.849238585634521e-07
5 7.330044878817513e-07
6 7.346711446591944e-07
7 7.286576786179624e-07
8 7.994443895616768e-07
9 6.680382798165627e-07
10 7.361087768057427e-07
11 7.147210333571656e-07
12 7.461847640724058e-07
13 7.786225518328885e-07
14 7.52796649406782e-07
15 7.18180427898108e-07
16 6.906821647906173e-07
17 7.682424533075353e-07
18 7.408114959157215e-07
19 6.900883780289679e-07
20 6.750453720679156e-07
21 7.602525411657324e-07
22 7.507421195904767e-07
23 6.962859562257138e-07
24 6.558751652988073e-07
25 6.515313904052129e-07
26 6.985650538004629e-07
27 7.127083107902062e-07
28 7.351805882138623e-07
29 6.80557995815412e-07
30 7.003445862738667e-07
31 7.020737877404705e-07
32 6.691025737212988e-07
33 7.100777695073643e-07
34 7.620564657897855e-07
35 7.415662205751063e-07
36 7.628891603217526e-07
37 7.454390325194188e-07
38 7.293532227315134e-07
39 7.326085466717111e-07
40 7.483786629668553e-07
41 6.908591968073408e-07
42 7.771505947563714e-07
43 7.047179369319607e-07
44 6.434069455350375e-07
45 6.566741784549309e-07
46 7.200878027207071e-07
47 7.475903646220684e-07
48 7.461360462193764e-07
49 6.84601151784243e-07
50 6.551974304292362e-07
51 7.630139324710731e-07
52 7.0478397881546e-07
53 7.449049652901851e-07
54 7.316146434259611e-07
55 6.828901862557294e-07
56 6.848772986856809e-07
57 6.615219945801618e-07
58 7.596019160954467e-07
59 6.97402085891598e-07
60 7.538266331428635e-07
61 6.958614163697938e-07
62 7.62139499874474e-07
63 6.609311193519498e-07
64 6.859763003346173e-07
65 7.343779799944245e-07
66 7.342748339512795e-07
67 7.74357515805894e-07
68 7.978365456012188e-07
69 6.980810351099644e-07
70 7.286127853009489e-07
71 7.003747926340014e-07
72 7.131386131378486e-07
73 6.480536133593175e-07
74 7.531281420472543e-07
75 7.545899083109823e-07
76 6.851819582828961e-07
77 6.910186943373715e-07
78 6.608148805475063e-07
79 6.916505215095422e-07
80 6.757972656427789e-07
81 7.045243286338768e-07
82 7.236942519648331e-07
83 7.600803093067519e-07
84 7.338846309149084e-07
85 6.934256333251207e-07
86 7.377889657443394e-07
87 7.306036121256454e-07
88 6.7197692849843e-07
89 7.837525805679892e-07
90 7.833798891301827e-07
91 6.810246828422882e-07
92 6.985455532976627e-07
93 7.560129315865959e-07
94 6.806007041046452e-07
95 7.763577347530916e-07
96 7.560220563798783e-07
97 6.952011604254113e-07
98 7.006460654599121e-07
99 8.115033484923556e-07
100 7.698413588706945e-07
101 7.606045133088188e-07
102 7.087103528903903e-07
103 7.186215828676581e-07
104 7.385893728744377e-07
105 7.927404833363691e-07
106 7.355471325826632e-07
107 7.413026932229511e-07
108 7.851377990841814e-07
109 7.483232434031651e-07
110 6.828225447062537e-07
111 6.97827506356195e-07
112 7.254896233509476e-07
113 7.731242917838226e-07
114 6.89549349390464e-07
115 6.838588581699407e-07
116 7.72986913229794e-07
117 6.64661281641509e-07
118 6.983647295365598e-07
119 7.279214259120331e-07
120 7.548023729255278e-07
121 8.028341178436928e-07
122 7.085745439121443e-07
123 6.940724430513527e-07
124 7.196612135479361e-07
125 6.609048928447669e-07
126 7.096405889438746e-07
127 7.047337740566732e-07
128 6.728461196857615e-07
129 6.86454551823351e-07
130 6.089861806755487e-07
131 7.173261477220043e-07
132 7.547077027973599e-07
133 7.118192349596782e-07
134 6.927144293584526e-07
135 7.063554546915556e-07
136 6.919626213960833e-07
137 6.458441984823028e-07
138 7.811187949818802e-07
139 6.725443510543921e-07
140 7.781657853945626e-07
141 7.074313931442636e-07
142 7.419071208169592e-07
143 6.777837408381247e-07
144 7.468397690426198e-07
145 7.598655499384084e-07
146 7.153863895820926e-07
147 7.062424161537378e-07
148 7.526720868295473e-07
149 6.778333713903585e-07
150 7.485197818782454e-07
151 6.335406461921808e-07
152 7.047819894643695e-07
153 7.547717260271008e-07
154 7.344289636982097e-07
155 6.57814001251603e-07
156 7.460306100634584e-07
157 7.793201267257159e-07
158 7.926378009828938e-07
159 6.686400204292112e-07
160 6.907123784675877e-07
161 7.822660330809986e-07
162 7.514918106061695e-07
163 7.265480021594752e-07
164 6.745581661513285e-07
165 7.08051349149211e-07
166 7.481743355547658e-07
167 7.528816822228079e-07
168 7.448206386790641e-07
169 7.032986888845514e-07
170 7.58610539704067e-07
171 7.350104629991564e-07
172 6.663558967190026e-07
173 6.797356969867616e-07
174 7.85315693861233e-07
175 6.959471708516776e-07
176 6.543278860541816e-07
177 6.597902717870656e-07
178 7.383529969220846e-07
179 7.206807414779174e-07
180 6.846566615163553e-07
181 7.105808526241694e-07
182 7.072081600491562e-07
183 6.532980535220403e-07
184 7.299828096248044e-07
185 6.780056419788185e-07
186 7.451143793825426e-07
187 7.27491611148884e-07
188 7.446814012473828e-07
189 7.472165645368838e-07
190 6.9070991804146e-07
191 7.547639943000643e-07
192 6.871775295728185e-07
193 6.649475459509753e-07
194 6.955933880543394e-07
195 7.618324081523574e-07
196 6.982242717842836e-07
197 6.889848809520939e-07
198 7.079214488598393e-07
199 6.676428612067097e-07
200 7.58822913718846e-07
201 7.384622532328536e-07
202 7.417953775664093e-07
203 6.477611111700493e-07
204 6.899332988305504e-07
205 6.941711823679896e-07
206 7.006356716992796e-07
207 6.62919485162478e-07
208 7.112185792805444e-07
209 6.85435820984837e-07
210 6.858826762833571e-07
211 7.215470077807212e-07
212 7.38268160761967e-07
213 7.375458512256812e-07
214 7.035066343981035e-07
215 7.139890264317094e-07
216 6.92838985212189e-07
217 6.491535291839507e-07
218 6.60937545080678e-07
219 7.746177819052186e-07
220 6.912667571654447e-07
221 6.528522747740199e-07
222 6.883896946711573e-07
223 6.836653747198548e-07
224 6.589743665490194e-07
225 6.819012657032074e-07
226 7.738992668791928e-07
227 7.475683943169335e-07
228 6.878933857392557e-07
229 7.126528132488478e-07
230 6.692313186469465e-07
231 6.841577224228306e-07
232 7.039951563553785e-07
233 6.715314395123774e-07
234 7.062147377231445e-07
235 6.994957887192176e-07
236 7.065965535240281e-07
237 7.505712238517362e-07
238 6.940031702280604e-07
239 7.092482356491327e-07
240 6.74300867005673e-07
241 7.78048526463106e-07
242 7.549504217174605e-07
243 7.348201369548496e-07
244 7.242462524452859e-07
245 6.809508563195069e-07
246 7.660383719916302e-07
247 6.504364751267434e-07
248 6.888102184399599e-07
249 6.085894228491934e-07
250 7.18195201454341e-07
251 6.776738018767297e-07
252 6.901483375741311e-07
253 6.88830281229219e-07
254 7.695028487492135e-07
255 7.479146653896698e-07
256 7.56627948327743e-07
257 6.891460197597428e-07
258 7.458252164212874e-07
259 6.378207378475094e-07
260 7.599560457994519e-07
261 7.406390374823544e-07
262 7.307992607581102e-07
263 6.916900528336252e-07
264 7.374490830763559e-07
265 7.143855086899109e-07
266 7.82688427744903e-07
267 7.806823432789571e-07
268 7.441325887597463e-07
269 6.672713890451054e-07
270 7.383764587201324e-07
271 7.573278713490194e-07
272 7.242345466067185e-07
273 7.425738984727811e-07
274 7.58532504555712e-07
275 7.403812731749271e-07
276 6.659240459856224e-07
277 7.048630449731554e-07
278 6.890694517969949e-07
279 7.151918510360321e-07
280 7.52764324479096e-07
281 6.990026704893765e-07
282 7.125612136875149e-07
283 7.203789985012666e-07
284 7.361336687446512e-07
285 7.324234900808444e-07
286 6.627552479315741e-07
287 6.857074279837179e-07
288 7.858733920526229e-07
289 6.791121620275636e-07
290 7.526302199918439e-07
291 6.888243768353993e-07
292 6.828154349392223e-07
293 7.012043964424187e-07
294 6.873233911113863e-07
295 6.533105815385176e-07
296 6.790871899900296e-07
297 6.967078919028522e-07
298 7.226047632774252e-07
299 6.784649614351264e-07
