0 -4.0364490492625637e-05
1 -3.989031249692253e-05
2 -4.0858701982084326e-05
3 -3.979763211851135e-05
4 -4.11136442371904e-05
5 -3.9978036505695055e-05
6 -4.022347455363072e-05
7 -4.1703458694914114e-05
8 -4.251343076678777e-05
9 -4.029242860793615e-05
10 -4.172742204212164e-05
11 -4.164664776318542e-05
12 -3.986446429504923e-05
13 -4.260369294715348e-05
14 -4.142433660918811e-05
15 -4.079195420487973e-05
16 -4.130157917361388e-05
17 -3.9784021823155984e-05
18 -4.0944390617665797e-05
19 -4.116209037595535e-05
20 -3.8862216870234134e-05
21 -4.106569719592466e-05
22 -4.108753430433326e-05
23 -3.997248080178479e-05
24 -4.0724839625609224e-05
25 -3.968603404244134e-05
26 -4.072996597187694e-05
27 -4.1207817750241376e-05
28 -4.0261631492381945e-05
29 -4.000712676874608e-05
30 -3.903315822323817e-05
31 -4.063194757558789e-05
32 -4.184874115849149e-05
33 -4.102938613079131e-05
34 -4.025062711276341e-05
35 -4.151232424048129e-05
36 -4.1407092146608633e-05
37 -4.211374831119014e-05
38 -4.068693211035852e-05
39 -3.992374022014089e-05
40 -4.122653011065794e-05
41 -4.2312118149243363e-05
42 -4.1451158540906694e-05
43 -4.111055986439215e-05
44 -3.989673131275674e-05
45 -4.051479526521664e-05
46 -4.030552067697686e-05
47 -3.92439410596466e-05
48 -4.149652958751909e-05
49 -4.101017375943426e-05
50 -4.099973426461047e-05
51 -4.0683576449935796e-05
52 -4.007679508531902e-05
53 -4.076296952654408e-05
54 -4.112367424167725e-05
55 -4.122846238594278e-05
56 -3.946701581528234e-05
57 -4.079247000808856e-05
58 -4.162984637271181e-05
59 -4.2346392976227565e-05
60 -4.140751548125388e-05
61 -3.923118026654894e-05
62 -4.1379252300854706e-05
63 -4.105973594656156e-05
64 -3.982328276864152e-05
65 -4.144435927052278e-05
66 -4.0666311859136036e-05
67 -4.201581116156841e-05
68 -4.136936211464649e-05
69 -4.0346630744092274e-05
70 -4.1225104137398085e-05
71 -4.070216699552027e-05
72 -4.067084292736207e-05
73 -4.066476862701708e-05
74 -3.980940378107667e-05
75 -4.217431122471693e-05
76 -4.117167840896456e-05
77 -3.960325635927993e-05
78 -4.2346152302724e-05
79 -4.1562853734448844e-05
80 -4.1579646266971215e-05
81 -4.1356181249234434e-05
82 -4.166915073856524e-05
83 -4.10092165217943e-05
84 -4.134472640998963e-05
85 -4.121664659003726e-05
86 -4.030958175439613e-05
87 -4.0994540963769346e-05
88 -4.206842231836242e-05
89 -4.132864660501171e-05
90 -4.0076232243666024e-05
91 -4.080572763544936e-05
92 -4.0719242087794893e-05
93 -4.135476383070401e-05
94 -4.0136099052575797e-05
95 -4.0147423573580155e-05
96 -3.990171628009444e-05
97 -4.069356234752188e-05
98 -4.038946313707911e-05
99 -4.284941078733968e-05
100 -4.026506868377031e-05
101 -4.11938383629637e-05
102 -4.098032204407471e-05
103 -4.130754274188942e-05
104 -4.19818297817094e-05
105 -4.174812039682149e-05
106 -4.21664693593225e-05
107 -4.184234606635349e-05
108 -3.9785900751488344e-05
109 -3.9250429499587275e-05
110 -4.189886718585484e-05
111 -4.1355237264172745e-05
112 -4.0102187202960974e-05
113 -3.9818216908695585e-05
114 -3.9653895935686895e-05
115 -4.091251586442869e-05
116 -4.051373934710431e-05
117 -4.127629941301788e-05
118 -4.046582340040796e-05
119 -4.0000896630881273e-05
120 -4.14802623951415e-05
121 -4.091278961173682e-05
122 -4.115303757559573e-05
123 -4.0443229079815425e-05
124 -4.051323753683538e-05
125 -4.206976068602302e-05
126 -4.067885668700011e-05
127 -4.1626244905716364e-05
128 -4.075523994069444e-05
129 -4.095814399151395e-05
130 -4.091813697788079e-05
131 -4.081200656635822e-05
132 -4.013386749630816e-05
133 -4.0386029385465445e-05
134 -4.11481698042103e-05
135 -4.045485887013614e-05
136 -3.90048881437351e-05
137 -4.137803572244917e-05
138 -4.0488311804573564e-05
139 -4.1033334279952174e-05
140 -4.068712480007287e-05
141 -4.154426813779933e-05
142 -4.119576960268179e-05
143 -4.100613480491549e-05
144 -4.0631526629386995e-05
145 -4.068574782592439e-05
146 -4.06075776698881e-05
147 -4.1558818383161624e-05
148 -4.14016859519029e-05
149 -3.987365194282677e-05
150 -3.9849842058136785e-05
151 -4.176270942232798e-05
152 -4.0495427768071126e-05
153 -4.184741181967199e-05
154 -4.11561960292502e-05
155 -4.088935141823077e-05
156 -4.207214561662751e-05
157 -4.067567153062341e-05
158 -4.2151540278418084e-05
159 -4.1035766964904925e-05
160 -4.0340836933160535e-05
161 -4.125496768323625e-05
162 -4.054871810596872e-05
163 -4.1634631294782036e-05
164 -4.120854058475803e-05
165 -4.208034957461477e-05
166 -4.16034456322009e-05
167 -4.084672480243032e-05
168 -4.059077500589469e-05
169 -4.038815668843886e-05
170 -3.99615938745593e-05
171 -4.013248780520374e-05
172 -4.046004943000899e-05
173 -4.012200621232873e-05
174 -4.1392881635906925e-05
175 -4.05328678235268e-05
176 -4.0899844552642274e-05
177 -4.061738533343103e-05
178 -4.1840100314509547e-05
179 -4.157309057109668e-05
180 -4.134917366418719e-05
181 -4.156086058476033e-05
182 -4.1077762271033044e-05
183 -4.086160536911626e-05
184 -4.020762817575823e-05
185 -4.177265306600185e-05
186 -4.0799480253726564e-05
187 -3.94617699512728e-05
188 -4.2043277091014546e-05
189 -4.0788093017179926e-05
190 -4.000093593725279e-05
191 -4.065836449141388e-05
192 -4.192583803292496e-05
193 -4.089073207564175e-05
194 -4.209374425835295e-05
195 -3.971476694442394e-05
196 -4.122598259314161e-05
197 -4.2403987167500996e-05
198 -3.951558584391396e-05
199 -4.1292074406798394e-05
200 -4.070202782314601e-05
201 -3.935887984902246e-05
202 -4.1387896380886884e-05
203 -4.0934650407315074e-05
204 -4.1394897874665375e-05
205 -3.9703617523089185e-05
206 -4.0445255880188596e-05
207 -4.1327371666497565e-05
208 -4.02853969614004e-05
209 -4.236440847544e-05
210 -4.045202563063391e-05
211 -3.973281160431324e-05
212 -4.029171901296189e-05
213 -4.072262236622213e-05
214 -4.0902074691019004e-05
215 -4.1194143347639476e-05
216 -4.047134090941885e-05
217 -4.020972255154562e-05
218 -4.1366726546515737e-05
219 -3.9769861914936956e-05
220 -4.01332540127217e-05
221 -4.100685284530625e-05
222 -4.2545627200178634e-05
223 -4.0437990535592554e-05
224 -4.0521352250231615e-05
225 -4.151247339353943e-05
226 -4.1760304247934125e-05
227 -3.939494327623357e-05
228 -4.139090527809191e-05
229 -4.002063476933797e-05
230 -4.1858353870700915e-05
231 -4.015876427117893e-05
232 -4.159501859261297e-05
233 -4.059086854091213e-05
234 -4.124822994093047e-05
235 -3.977245209010749e-05
236 -4.072045777442249e-05
237 -4.125455815743539e-05
238 -4.08463825976874e-05
239 -4.060435281851963e-05
240 -3.922254266181773e-05
241 -4.112117349352086e-05
242 -3.9599796152450476e-05
243 -4.007718444972122e-05
244 -4.1841964827436344e-05
245 -3.971352812000025e-05
246 -4.171460896717021e-05
247 -4.0843926352992044e-05
248 -4.0523653193505935e-05
249 -4.156554662341189e-05
250 -4.1405482593239534e-05
251 -4.229881194692722e-05
252 -3.943928669713088e-05
253 -4.030131199181467e-05
254 -4.117597142085658e-05
255 -4.131022710014052e-05
256 -4.110288586154948e-05
257 -4.0302112521216616e-05
258 -4.0709105212596745e-05
259 -4.067942603627761e-05
260 -4.1488389894400775e-05
261 -4.1221962161947545e-05
262 -4.103850849922745e-05
263 -4.066335074391872e-05
264 -4.1231549886920854e-05
265 -4.241615705269336e-05
266 -4.022131470969967e-05
267 -3.9749710629963825e-05
268 -4.148994270713126e-05
269 -4.146209429143407e-05
270 -4.1115912799919155e-05
271 -4.153178736916465e-05
272 -4.1232718220404e-05
273 -4.1832803212740055e-05
274 -4.101835166149018e-05
275 -4.134358325459773e-05
276 -4.180635974437459e-05
277 -4.075362280456091e-05
278 -4.075104598607905e-05
279 -4.086475321569944e-05
280 -4.2261706022666716e-05
281 -3.932663212139654e-05
282 -4.071421202718112e-05
283 -3.9471376367596027e-05
284 -4.1269305273663736e-05
285 -4.1536422872461226e-05
286 -4.104052894174526e-05
287 -4.11042755017137e-05
288 -4.077076166744772e-05
289 -4.197542347713778e-05
290 -4.176394901470684e-05
291 -4.042750330405736e-05
292 -4.20873071417994e-05
293 -3.98227839921727e-05
294 -4.014248594627517e-05
295 -4.0981390579316597e-05
296 -4.008869876259455e-05
297 -3.9844785918133964e-05
298 -4.1015506236650885e-05
299 -4.072585992525509e-05
