0 -3.15119945624643e-05
1 -3.075726952760346e-05
2 -3.212909753594873e-05
3 -3.1086366876167596e-05
4 -3.252128697729133e-05
5 -3.11748057493603e-05
6 -3.152811388387053e-05
7 -3.30925391874803e-05
8 -3.423626109563129e-05
9 -3.1641328080420386e-05
10 -3.3329576863093764e-05
11 -3.252372688346453e-05
12 -3.129841337694256e-05
13 -3.422239754379484e-05
14 -3.226132502591446e-05
15 -3.240365894290729e-05
16 -3.253173865487614e-05
17 -3.1103407620036876e-05
18 -3.2534159501734056e-05
19 -3.3061356032195886e-05
20 -3.0242784635975953e-05
21 -3.211802362045077e-05
22 -3.2098962452016295e-05
23 -3.201514719230021e-05
24 -3.2261150700704745e-05
25 -3.131458924630768e-05
26 -3.2127581719017275e-05
27 -3.2518752398035486e-05
28 -3.2206602286725934e-05
29 -3.1900871933203824e-05
30 -3.0630668811922216e-05
31 -3.1982838678708566e-05
32 -3.303829738235317e-05
33 -3.241421496909274e-05
34 -3.226042512198186e-05
35 -3.256631271689878e-05
36 -3.310545426371349e-05
37 -3.278980754801251e-05
38 -3.2523644241423745e-05
39 -3.20444716286047e-05
40 -3.3004965923249606e-05
41 -3.3502559265631675e-05
42 -3.247325162024813e-05
43 -3.235006323311075e-05
44 -3.204328759737438e-05
45 -3.236307400389945e-05
46 -3.0803581798775765e-05
47 -3.107540942445265e-05
48 -3.233518202512772e-05
49 -3.149721553990661e-05
50 -3.229256393985677e-05
51 -3.248153410998529e-05
52 -3.152750876915191e-05
53 -3.1527610358374355e-05
54 -3.292962042729274e-05
55 -3.2573500722759406e-05
56 -3.0887921144261485e-05
57 -3.195438862741355e-05
58 -3.303955334690577e-05
59 -3.2871087461675066e-05
60 -3.3012484874067006e-05
61 -3.114951227400425e-05
62 -3.155778511545221e-05
63 -3.299210118202879e-05
64 -3.1721540493255055e-05
65 -3.2041520644465095e-05
66 -3.125055680514927e-05
67 -3.354033726259873e-05
68 -3.215154379473377e-05
69 -3.197751505791827e-05
70 -3.266389683964394e-05
71 -3.235280940914219e-05
72 -3.246355642033122e-05
73 -3.201583166169518e-05
74 -3.046783885444109e-05
75 -3.3462658721605066e-05
76 -3.263746466354816e-05
77 -3.103166336857125e-05
78 -3.371988199685411e-05
79 -3.26701179940177e-05
80 -3.274045141341611e-05
81 -3.314072370272949e-05
82 -3.3234666917860374e-05
83 -3.1778866717052836e-05
84 -3.209518444649862e-05
85 -3.234713530729084e-05
86 -3.129787040725492e-05
87 -3.205675102351812e-05
88 -3.2941120257185105e-05
89 -3.233644288160549e-05
90 -3.2347718957214354e-05
91 -3.270729722921138e-05
92 -3.201424866710713e-05
93 -3.2595781889002046e-05
94 -3.2754385170586145e-05
95 -3.226911450098941e-05
96 -3.13310694551766e-05
97 -3.1927062362157086e-05
98 -3.221765861222489e-05
99 -3.3996489189671516e-05
100 -3.143269545717952e-05
101 -3.211957161884696e-05
102 -3.1784260126204986e-05
103 -3.204385139072977e-05
104 -3.328610313418674e-05
105 -3.287810462953151e-05
106 -3.369002086532617e-05
107 -3.407209095000469e-05
108 -3.1117772536658634e-05
109 -3.045139442927844e-05
110 -3.31103749953957e-05
111 -3.25085866881502e-05
112 -3.174030586158476e-05
113 -3.1528491588762265e-05
114 -3.1714183791183534e-05
115 -3.2337247137004714e-05
116 -3.2281489730352704e-05
117 -3.1824524818403294e-05
118 -3.20545547428711e-05
119 -3.1142294084781905e-05
120 -3.2732576355219326e-05
121 -3.251376957865217e-05
122 -3.1586223286972766e-05
123 -3.218933206715529e-05
124 -3.2796248270186096e-05
125 -3.330254242855131e-05
126 -3.146231079769641e-05
127 -3.28633990449462e-05
128 -3.212110803377242e-05
129 -3.213203115947339e-05
130 -3.319682084805184e-05
131 -3.214717683491299e-05
132 -3.098026616173529e-05
133 -3.188372026205081e-05
134 -3.186707459680891e-05
135 -3.176520592103652e-05
136 -3.0727607735534056e-05
137 -3.2727071174220374e-05
138 -3.2129797632411716e-05
139 -3.234778745964811e-05
140 -3.202354855311114e-05
141 -3.3534774107345256e-05
142 -3.185314492879275e-05
143 -3.137094084192242e-05
144 -3.210518104016928e-05
145 -3.207003554613213e-05
146 -3.2346487127029555e-05
147 -3.216594479661418e-05
148 -3.261188011083763e-05
149 -3.1488972092087904e-05
150 -3.1664139320342766e-05
151 -3.2845017833156774e-05
152 -3.2420871058022794e-05
153 -3.380835684434631e-05
154 -3.1841072400064035e-05
155 -3.2327598656215296e-05
156 -3.281413838295211e-05
157 -3.248415068771459e-05
158 -3.2949193313469676e-05
159 -3.2973582730602214e-05
160 -3.1692068034813495e-05
161 -3.242393699887199e-05
162 -3.201785793704402e-05
163 -3.309507718839214e-05
164 -3.327471575071744e-05
165 -3.2712011951861736e-05
166 -3.355464603650055e-05
167 -3.201397033180301e-05
168 -3.206059329847046e-05
169 -3.1049650599880224e-05
170 -3.134036106823495e-05
171 -3.184130560945922e-05
172 -3.206157126528807e-05
173 -3.105239723991062e-05
174 -3.283323899797719e-05
175 -3.175912981069452e-05
176 -3.227319080471158e-05
177 -3.1080252505303e-05
178 -3.319185270356788e-05
179 -3.3412782580409124e-05
180 -3.314705091961853e-05
181 -3.2794903001497725e-05
182 -3.2747909556518295e-05
183 -3.2964593167375974e-05
184 -3.183385375445612e-05
185 -3.335382405460539e-05
186 -3.168416926700303e-05
187 -3.197796205210629e-05
188 -3.3366871056243585e-05
189 -3.223229916295667e-05
190 -3.230938939128635e-05
191 -3.2927602581656866e-05
192 -3.3040994644493994e-05
193 -3.178944964365522e-05
194 -3.295654777256094e-05
195 -3.181160705215649e-05
196 -3.24736403438792e-05
197 -3.387518959588881e-05
198 -3.116019821464478e-05
199 -3.2406555602068904e-05
200 -3.2141075452636926e-05
201 -3.144903482439112e-05
202 -3.311552762662278e-05
203 -3.223694173271772e-05
204 -3.290999691859551e-05
205 -3.067177809437345e-05
206 -3.227098690435167e-05
207 -3.2382792494825856e-05
208 -3.1377538021861046e-05
209 -3.3746164545113996e-05
210 -3.1257853782698575e-05
211 -3.095531332588712e-05
212 -3.232633710824584e-05
213 -3.223354070782806e-05
214 -3.229283804825765e-05
215 -3.239646559901039e-05
216 -3.20885827506516e-05
217 -3.208916800622858e-05
218 -3.277611075215904e-05
219 -3.1771131403636044e-05
220 -3.156430229928565e-05
221 -3.317378135817234e-05
222 -3.3514956870770103e-05
223 -3.112346024598926e-05
224 -3.13526652070929e-05
225 -3.265282325776421e-05
226 -3.2780567821612606e-05
227 -3.127440005390987e-05
228 -3.249249214985747e-05
229 -3.136879617425579e-05
230 -3.3040906229251765e-05
231 -3.10425877583499e-05
232 -3.256014936346474e-05
233 -3.294048260661908e-05
234 -3.267281906491238e-05
235 -3.099589606231704e-05
236 -3.166359120190776e-05
237 -3.2560992981719656e-05
238 -3.1771176042008734e-05
239 -3.203720983858244e-05
240 -3.078687023036408e-05
241 -3.273924906237473e-05
242 -3.074891871362438e-05
243 -3.159689663942824e-05
244 -3.307564542425728e-05
245 -3.189115701362592e-05
246 -3.326594995666308e-05
247 -3.211320174493742e-05
248 -3.2540347230119254e-05
249 -3.278864057265471e-05
250 -3.2542360889222546e-05
251 -3.296876596505329e-05
252 -3.147667238273224e-05
253 -3.1813758449525476e-05
254 -3.2453572882284785e-05
255 -3.268461132711833e-05
256 -3.202768434134357e-05
257 -3.0986291596907974e-05
258 -3.235066862581262e-05
259 -3.119574381305142e-05
260 -3.168740369147331e-05
261 -3.270978700804998e-05
262 -3.2057063493678687e-05
263 -3.165763572991548e-05
264 -3.180079243976947e-05
265 -3.401408051596907e-05
266 -3.1415840350380275e-05
267 -3.103195250737077e-05
268 -3.20812767712993e-05
269 -3.299335449665425e-05
270 -3.299790630838518e-05
271 -3.306694562253613e-05
272 -3.263884170209679e-05
273 -3.2337856992748514e-05
274 -3.2562034869866296e-05
275 -3.2922447499217716e-05
276 -3.266007334000311e-05
277 -3.176766537736212e-05
278 -3.224374627895844e-05
279 -3.1994256911872065e-05
280 -3.3734154261710305e-05
281 -3.1215407883088834e-05
282 -3.1764063933045675e-05
283 -3.1517010386143846e-05
284 -3.245720372540233e-05
285 -3.326327652552929e-05
286 -3.311080664284057e-05
287 -3.2617289852224534e-05
288 -3.232647858782852e-05
289 -3.3420769317151516e-05
290 -3.381240119188831e-05
291 -3.237264261351574e-05
292 -3.31760815199888e-05
293 -3.18616009323467e-05
294 -3.1713434567200306e-05
295 -3.173331895123857e-05
296 -3.1478080750758117e-05
297 -3.1437015904847484e-05
298 -3.295577431802237e-05
299 -3.2660327889162215e-05
