0 -1.1418700434063895e-05
1 -1.187505825810822e-05
2 -1.100369384647999e-05
3 -1.0925425574080372e-05
4 -1.05440034640777e-05
5 -1.1289781614098844e-05
6 -1.1210604495158539e-05
7 -1.1037638668282829e-05
8 -9.97623894052213e-06
9 -1.097602949778557e-05
10 -1.0470088173095903e-05
11 -1.2052760139145162e-05
12 -1.100793821227931e-05
13 -1.0769953831703387e-05
14 -1.212534822237936e-05
15 -1.0445605457644912e-05
16 -1.1102589338090417e-05
17 -1.1090289959683263e-05
18 -1.0494049923108209e-05
19 -9.86657229781521e-06
20 -1.1169769132536182e-05
21 -1.1732873304736493e-05
22 -1.1321222826491353e-05
23 -1.0005960658571075e-05
24 -1.0816616661675614e-05
25 -1.0579826965141793e-05
26 -1.0698082589349794e-05
27 -1.0798124193312315e-05
28 -9.710758535719308e-06
29 -9.884535008869691e-06
30 -1.0139887264118755e-05
31 -1.079275945020689e-05
32 -1.1249330447890048e-05
33 -1.0856197295042155e-05
34 -9.841514272838628e-06
35 -1.1299192879479723e-05
36 -1.0433732965672377e-05
37 -1.2267539255612852e-05
38 -1.0181403197326547e-05
39 -9.593124106736779e-06
40 -1.011797226005952e-05
41 -1.1006314143213668e-05
42 -1.1715516510016698e-05
43 -1.0941837983578228e-05
44 -9.61360812068661e-06
45 -1.0253759735283255e-05
46 -1.2482805683775413e-05
47 -1.040028325682728e-05
48 -1.1998716098238274e-05
49 -1.2881659241557735e-05
50 -1.0964284406118833e-05
51 -9.935410569817324e-06
52 -1.094174522395261e-05
53 -1.2208381235101148e-05
54 -1.0092381354214194e-05
55 -1.117554668843989e-05
56 -1.0794644585041042e-05
57 -1.0982007013593768e-05
58 -1.0909977246665513e-05
59 -1.2538535908841102e-05
60 -1.044845755580394e-05
61 -9.745160216782047e-06
62 -1.2923699712483219e-05
63 -1.0153376664752165e-05
64 -1.0342281870761068e-05
65 -1.2558241860269809e-05
66 -1.2416652784754551e-05
67 -1.0598589790387779e-05
68 -1.204673249421456e-05
69 -1.0488239796568505e-05
70 -1.0781395689886795e-05
71 -1.0271145719180024e-05
72 -1.028928366290082e-05
73 -1.1195723625125563e-05
74 -1.204333592301045e-05
75 -1.111449420698739e-05
76 -1.0850505461419197e-05
77 -1.1011926584382996e-05
78 -1.0971884739740719e-05
79 -1.1565780349648608e-05
80 -1.1213111164680492e-05
81 -1.0414572455127091e-05
82 -1.0398672762358837e-05
83 -1.2205165687590105e-05
84 -1.234582829648501e-05
85 -1.1337689247465292e-05
86 -1.1606240763019387e-05
87 -1.168474612658686e-05
88 -1.1842547096265776e-05
89 -1.1952495508069512e-05
90 -9.146474989119006e-06
91 -9.90513394624993e-06
92 -1.0942448701069533e-05
93 -1.1053598463736823e-05
94 -8.703187821865077e-06
95 -9.45752053316278e-06
96 -1.0813519153054198e-05
97 -1.12526029436645e-05
98 -1.0026474064629747e-05
99 -1.1581333487156934e-05
100 -1.152966142830142e-05
101 -1.162020876955256e-05
102 -1.1867842027183854e-05
103 -1.2289700482130725e-05
104 -1.0969931694969548e-05
105 -1.154086309111221e-05
106 -1.0998570214957615e-05
107 -9.42179074862142e-06
108 -1.1067201462552845e-05
109 -1.1152758188384589e-05
110 -1.107460902735663e-05
111 -1.129545340257757e-05
112 -1.0395740090391115e-05
113 -1.0336141037980354e-05
114 -9.811069498805968e-06
115 -1.0856864376447203e-05
116 -1.026706060618413e-05
117 -1.2430479130989822e-05
118 -1.0638134889623099e-05
119 -1.1242187349932412e-05
120 -1.111165865991157e-05
121 -1.0495111489101053e-05
122 -1.2389085946305322e-05
123 -1.0125191285568464e-05
124 -9.631863640981985e-06
125 -1.116379334464261e-05
126 -1.1837432269809058e-05
127 -1.1132426681499646e-05
128 -1.1133059473863964e-05
129 -1.133977303115764e-05
130 -9.394370680975657e-06
131 -1.0798511410539128e-05
132 -1.2160949432385686e-05
133 -1.089225077852848e-05
134 -1.1976886170064426e-05
135 -1.1311717974784173e-05
136 -1.0421886832017953e-05
137 -1.0747009493764614e-05
138 -1.0229796870844674e-05
139 -1.0939258585360784e-05
140 -1.087479523752565e-05
141 -9.728556937030898e-06
142 -1.2238029539660938e-05
143 -1.3012453241094392e-05
144 -1.0812077477021466e-05
145 -1.0950285945959206e-05
146 -1.0329557328096065e-05
147 -1.2507353128733746e-05
148 -1.1121067451358571e-05
149 -1.0637370863290407e-05
150 -1.0117228680768769e-05
151 -1.1703593406080136e-05
152 -9.817519111766112e-06
153 -9.914003880166244e-06
154 -1.2086887820986522e-05
155 -1.1076637418956896e-05
156 -1.1993414622620138e-05
157 -1.0039361866258517e-05
158 -1.204585543789432e-05
159 -1.0107934097926724e-05
160 -1.095514999799673e-05
161 -1.1441750745361698e-05
162 -1.0633332893203857e-05
163 -1.0837223987984739e-05
164 -9.701195661302941e-06
165 -1.2376099277468995e-05
166 -9.94061771087289e-06
167 -1.1085617142175885e-05
168 -1.096050952178901e-05
169 -1.2195352200769382e-05
170 -1.0875919968494086e-05
171 -1.0502106512647845e-05
172 -1.0649322228249445e-05
173 -1.1920965343588357e-05
174 -1.1086618452726345e-05
175 -1.12073437505417e-05
176 -1.1133139995264655e-05
177 -1.2499352842766554e-05
178 -1.0837794467576822e-05
179 -9.909722549601552e-06
180 -1.0099951694644768e-05
181 -1.1031460188463641e-05
182 -1.066241437268432e-05
183 -9.58220485785864e-06
184 -1.0542435758899911e-05
185 -1.070209439559129e-05
186 -1.1824611790649705e-05
187 -8.923945673115127e-06
188 -1.1145930645219888e-05
189 -1.100859294379904e-05
190 -9.369974481789004e-06
191 -9.464985440233173e-06
192 -1.1358626768950432e-05
193 -1.175693692176462e-05
194 -1.2132912889808997e-05
195 -9.888167593358134e-06
196 -1.1184833387133322e-05
197 -1.0725107429074464e-05
198 -1.029823467131808e-05
199 -1.1692146191084069e-05
200 -1.0976115221175548e-05
201 -9.420166846235265e-06
202 -1.0149057661592036e-05
203 -1.0987808132825217e-05
204 -1.0581089935720003e-05
205 -1.1736679539734266e-05
206 -1.0090258426438755e-05
207 -1.1668794914776753e-05
208 -1.1421170164252351e-05
209 -1.1054583931481466e-05
210 -1.1981681880126544e-05
211 -1.1201555280045811e-05
212 -9.832326450638794e-06
213 -1.0645905919905231e-05
214 -1.0755458395693282e-05
215 -1.1252210562780428e-05
216 -1.0711016246006074e-05
217 -1.0152689007236628e-05
218 -1.0977314361013634e-05
219 -9.384798676383838e-06
220 -1.1039304949033556e-05
221 -9.698459215063397e-06
222 -1.1723040433377317e-05
223 -1.2268185702208324e-05
224 -1.2085992916876191e-05
225 -1.1561360111644023e-05
226 -1.1582308135118712e-05
227 -9.927620080429713e-06
228 -1.133989987393481e-05
229 -1.063591518812878e-05
230 -1.1418202717942999e-05
231 -1.1752916913835269e-05
232 -1.155157549423475e-05
233 -9.229666014085212e-06
234 -1.0750683176500708e-05
235 -1.1169396092188251e-05
236 -1.1774240833613429e-05
237 -1.0951938060676729e-05
238 -1.1598881745411936e-05
239 -1.0883995353490866e-05
240 -1.05403454143538e-05
241 -1.038952576689603e-05
242 -1.1325718259512592e-05
243 -1.0338651158204959e-05
244 -1.1271910121661895e-05
245 -9.575580491910783e-06
246 -1.0757626070401716e-05
247 -1.1057766899716733e-05
248 -9.859522124993682e-06
249 -1.1231277532763143e-05
250 -1.1427151076847026e-05
251 -1.1955067363233898e-05
252 -9.802046876229217e-06
253 -1.0605841883670483e-05
254 -1.0962324522732494e-05
255 -1.0842228966839531e-05
256 -1.1810809938996092e-05
257 -1.225782527640322e-05
258 -1.0387045129264253e-05
259 -1.2222551282309352e-05
260 -1.30953262926379e-05
261 -1.068524981056392e-05
262 -1.1397796619985439e-05
263 -1.1623058862301957e-05
264 -1.2427440114916226e-05
265 -1.0444196999956087e-05
266 -1.1371307817452454e-05
267 -1.1007526358773667e-05
268 -1.2135199823724722e-05
269 -1.0735351611116755e-05
270 -9.950546322782602e-06
271 -1.0672209857889042e-05
272 -1.0985793968071558e-05
273 -1.2655133118177648e-05
274 -1.0671324249420401e-05
275 -1.0590421772114876e-05
276 -1.18233342687875e-05
277 -1.1717838865437068e-05
278 -1.0602641362879256e-05
279 -1.1488438757777542e-05
280 -1.1214277812551065e-05
281 -1.0227312559506384e-05
282 -1.1388070648706098e-05
283 -9.949674884145592e-06
284 -1.0971153756308828e-05
285 -1.006223926011815e-05
286 -9.648013468624504e-06
287 -1.049565008411145e-05
288 -1.0237940071180068e-05
289 -1.096619752566552e-05
290 -9.644076705782384e-06
291 -9.967058750102786e-06
292 -1.1246402514936543e-05
293 -9.525415793652168e-06
294 -1.0883101559006453e-05
295 -1.2085080055530293e-05
296 -1.070420143315357e-05
297 -1.0375798553276537e-05
298 -1.0015410052014953e-05
299 -1.0212901050277578e-05
