0 8.599568830379614e-08
1 5.6286275768813296e-08
2 9.993202449959663e-08
3 -1.6009706226243587e-08
4 -3.1869500779293975e-08
5 2.3356269468320964e-09
6 9.498599232171985e-08
7 1.3141913578164415e-09
8 -4.1313831132535594e-08
9 1.7409867982331703e-08
10 3.163607805403004e-08
11 1.1769130993249982e-07
12 5.6830467018265405e-08
13 9.495453185432144e-08
14 7.77751109618448e-08
15 1.72453004537838e-08
16 4.5492685562326444e-08
17 6.268068802282043e-08
18 9.467856095442378e-08
19 -3.721585037278143e-08
20 1.9422741490241906e-08
21 8.812103480983942e-08
22 4.429339336628705e-08
23 1.0613051403883152e-07
24 3.1419531195851526e-08
25 -6.478001822983339e-08
26 -4.099309820330043e-08
27 -9.184741745718483e-08
28 -1.300324628668136e-08
29 -7.754808039486488e-09
30 -9.30859299408851e-08
31 2.5574985384736276e-09
32 -7.309702422841026e-08
33 -3.143620477216032e-08
34 6.203697229617637e-08
35 -1.540984235017681e-08
36 7.535940740536518e-08
37 -2.563281308618149e-09
38 2.8349365859258473e-08
39 1.7098551925280017e-08
40 1.8026551141877336e-08
41 -4.528860351650965e-08
42 9.425889375187285e-08
43 -3.595086666817798e-08
44 2.3291127690530717e-08
45 1.468868276985923e-07
46 -1.4866692875853334e-08
47 -2.5548448421092353e-08
48 3.1877061136020155e-08
49 7.541848663870906e-08
50 8.696504933601454e-09
51 -5.1960076646552684e-08
52 -1.3506315757249147e-08
53 6.045461068788486e-08
54 5.618429809965015e-09
55 7.627031575681687e-09
56 -2.1546956619434056e-08
57 -1.2278956579712866e-08
58 6.126878860363817e-08
59 -9.432115054957569e-08
60 4.819857523432564e-09
61 -2.62634263110062e-08
62 -6.114802583440808e-08
63 1.0944414441174591e-07
64 1.357091352240434e-07
65 7.257612329024861e-08
66 -4.161631906395357e-08
67 1.4569043474361983e-10
68 1.0810722663389712e-08
69 7.415853650517465e-08
70 -3.628611832338536e-08
71 6.335200665134342e-08
72 -1.1114139126867562e-08
73 1.9309038182733002e-08
74 -7.579927683243481e-08
75 5.090071206940944e-08
76 -9.922754271220206e-10
77 1.1734782106961916e-07
78 2.2904578495693193e-08
79 1.1179272600178614e-07
80 5.852658873702878e-08
81 4.2481372944656454e-08
82 -3.328131114691776e-08
83 -1.2665845657084251e-08
84 -6.111531980292931e-08
85 3.702991642591693e-08
86 6.326168188170913e-08
87 -2.8662457826249898e-08
88 -1.974090650035044e-08
89 2.793076077307407e-08
90 -1.0418690541409726e-08
91 5.514421796938477e-08
92 2.0712537436457492e-08
93 -7.153100942102544e-08
94 7.63314390901203e-08
95 4.1804731615102985e-08
96 3.266821572951915e-08
97 4.8221683593201275e-08
98 2.099312969805513e-08
99 2.8157003858716013e-08
100 4.949417750594307e-08
101 -8.043702710522613e-08
102 1.3748350839597754e-09
103 3.2240778077224676e-09
104 2.3767379990786934e-08
105 -1.092979951256828e-08
106 7.80001921037481e-09
107 4.7835396128964556e-08
108 4.367256425547761e-08
109 1.6315990162057522e-08
110 -3.6034110253486976e-08
111 6.892938560683435e-10
112 2.0460457934469875e-08
113 3.796571428810026e-08
114 6.845039049673783e-08
115 -2.6672836196170674e-09
116 5.2633956048673e-08
117 9.918177942320407e-09
118 5.2080281540797636e-08
119 -5.63947060771373e-09
120 1.0727482240908607e-07
121 -2.4652146630517266e-09
122 -4.955176719809966e-08
123 3.6237359548101426e-09
124 3.148247822069097e-08
125 -5.830115562308824e-08
126 -7.99836564186189e-08
127 -1.3956377223123892e-08
128 1.4025798279774631e-08
129 5.350494474079477e-08
130 6.86491139789221e-08
131 3.3458739486286586e-08
132 5.627465979821802e-08
133 2.5230927855549893e-08
134 3.135087008494507e-08
135 3.791229866430978e-08
136 5.2920603776210025e-08
137 -7.446331254173454e-09
138 6.129723143586661e-08
139 5.4708349775351876e-08
140 4.505013540825835e-08
141 -8.023636665136454e-09
142 4.9637678246580047e-08
143 2.870757476926665e-08
144 6.945026429786994e-08
145 -3.907690231792206e-08
146 9.188276917952604e-08
147 1.1737374886603856e-07
148 3.1611549235277466e-09
149 1.0434003730216353e-07
150 7.545062878319225e-08
151 4.4834537669332183e-08
152 2.575564426410052e-08
153 5.881725939314485e-08
154 -3.08956672965522e-08
155 5.486852091893083e-08
156 1.9153747074906607e-08
157 2.6159171712852686e-08
158 -3.5648629868841936e-08
159 7.565269587214272e-08
160 -2.028355060499952e-08
161 -3.613646424487886e-08
162 4.489071019423665e-08
163 1.2217705443089672e-08
164 4.91629492568897e-08
165 -3.997367989360171e-09
166 2.5534804607759772e-08
167 9.618446281567771e-09
168 1.4767305486918306e-07
169 -2.3549856866997027e-08
170 2.1432757395383723e-08
171 5.8502170318580366e-08
172 4.58281218512044e-08
173 2.3192589544607327e-08
174 3.725823811101543e-08
175 -2.5119938764120127e-08
176 6.833031648445758e-08
177 1.1697197735844193e-08
178 -2.6408537195436375e-08
179 -3.4297620997103398e-09
180 -2.207953277372897e-08
181 -1.7076721483620494e-08
182 8.05223045029612e-08
183 1.3267193193928418e-07
184 6.494255863251865e-08
185 2.674146729985615e-08
186 -2.1430704019875886e-08
187 1.255593019314536e-07
188 3.374300840389691e-08
189 1.4466901571189996e-08
190 1.072886804272925e-08
191 7.469494078478225e-08
192 8.020872936916585e-08
193 6.279082188642618e-08
194 9.228566853625644e-08
195 2.3440491619274415e-08
196 6.804431633442774e-08
197 1.4536302024903945e-08
198 1.3423227957148382e-08
199 1.5345553298647065e-08
200 5.380525401138476e-08
201 -3.923727110140922e-08
202 4.6115131554792596e-08
203 -1.3493233240185296e-07
204 4.436283929615171e-08
205 8.903321850318447e-08
206 1.4532723523773525e-07
207 5.6581528975937953e-08
208 -5.734150831212363e-09
209 9.386555867074779e-08
210 -2.6223511580462054e-08
211 8.254078012931451e-09
212 8.797133949610738e-08
213 4.477198266212032e-08
214 3.273114677622287e-08
215 1.6344690792019996e-08
216 4.521108661017381e-08
217 1.3665108547435374e-07
218 2.923491590735871e-08
219 -7.765184166159284e-08
220 2.307645398918471e-08
221 2.48954816043e-08
222 -1.8850471287211168e-09
223 -1.9222163502358043e-08
224 4.781353757256172e-08
225 7.700804613314325e-08
226 -1.3820707026251236e-08
227 9.885099837856952e-09
228 5.370107197176437e-08
229 2.3493670245754228e-08
230 5.1025892640747035e-08
231 6.072346874710692e-08
232 -5.023871006889587e-08
233 1.2962905140427528e-07
234 -4.3748190148412875e-08
235 1.7961828692172303e-08
236 -4.942552391578796e-08
237 2.1372027206249968e-08
238 -2.5349572930634634e-08
239 5.574151027603784e-08
240 7.796888003306183e-08
241 2.9839225657433406e-08
242 8.679112006931507e-08
243 -1.4473048204276294e-07
244 -1.1406772654311519e-08
245 1.0013555558157134e-07
246 -2.8066939930622476e-08
247 4.2437769253978966e-08
248 3.758002237502044e-08
249 4.7171661221621375e-08
250 4.632412197572899e-08
251 5.809470812718441e-09
252 2.442361316478857e-09
253 1.1270039954302224e-08
254 -2.1432329698455677e-08
255 -6.053065028805203e-08
256 7.17466168062083e-08
257 7.30935379021504e-08
258 -1.4173398701858232e-08
259 3.115100573853774e-08
260 3.2449214303527954e-08
261 4.3590362865379216e-08
262 5.8853130157341954e-08
263 7.464506304530591e-08
264 1.947308554093444e-08
265 3.695796848294136e-08
266 7.723210085242395e-09
267 1.640805408731116e-08
268 -3.7530687780827744e-08
269 2.058440486736134e-08
270 -4.831908002042336e-09
271 -2.9189242929270088e-08
272 3.692414075613932e-08
273 7.829714991107004e-08
274 -3.0983713296395814e-10
275 -3.2982194733921835e-08
276 -9.069992768563914e-08
277 1.058533786070764e-07
278 -1.559684896805339e-08
279 3.3492923008071793e-08
280 7.688410898854567e-08
281 9.098219663818801e-08
282 -2.356838632547057e-08
283 6.23648471464499e-08
284 -5.311677909032106e-08
285 -3.490813178578275e-08
286 -5.142960078364316e-08
287 -2.5785853558636433e-08
288 -8.53140506819454e-08
289 -2.324239389884703e-08
290 4.987123878064053e-08
291 1.4063057261349748e-08
292 -3.3773081795523984e-08
293 2.489645152698536e-08
294 5.6307226497699144e-08
295 -2.662028315301243e-09
296 6.541233811593088e-08
297 3.948886529431375e-08
298 3.5599062490224997e-08
299 4.488742435316553e-08
