0 -5.129145403320078e-06
1 -5.496233649088609e-06
2 -4.87289266850831e-06
3 -5.240920905214145e-06
4 -4.8518110987878864e-06
5 -5.076606108523054e-06
6 -5.532901257754056e-06
7 -4.476648075698183e-06
8 -4.195826417738761e-06
9 -5.310127590211285e-06
10 -4.582256358415578e-06
11 -4.706609309388212e-06
12 -5.40745685445812e-06
13 -4.620417726301371e-06
14 -5.06824501142061e-06
15 -4.732838630939119e-06
16 -5.006655108307206e-06
17 -5.162138557031781e-06
18 -5.180478307044134e-06
19 -4.8566487008411065e-06
20 -5.652142147329479e-06
21 -5.105182115867879e-06
22 -5.069278781561434e-06
23 -5.171112794215675e-06
24 -4.971573143459866e-06
25 -5.27691643599187e-06
26 -4.619327980576554e-06
27 -4.742428164071036e-06
28 -5.089810466963651e-06
29 -5.1384852484117265e-06
30 -5.7037842744706e-06
31 -5.104522782375351e-06
32 -4.613796495073324e-06
33 -5.05883188178122e-06
34 -5.133666052451775e-06
35 -5.114959461586995e-06
36 -4.635797612291809e-06
37 -4.513374571010769e-06
38 -4.992707412679635e-06
39 -4.9433746637173065e-06
40 -4.47849471025486e-06
41 -4.325594066110112e-06
42 -4.848031255852604e-06
43 -4.724806385535334e-06
44 -5.1943765930413105e-06
45 -4.928403203774651e-06
46 -5.319514669401172e-06
47 -5.146717034972489e-06
48 -4.768750284432936e-06
49 -4.661039135437836e-06
50 -4.81499416177606e-06
51 -4.7849699685138104e-06
52 -5.2671955076321255e-06
53 -5.110327403405049e-06
54 -4.639340706619306e-06
55 -4.5498501020527124e-06
56 -5.308899417674102e-06
57 -4.840312003462924e-06
58 -4.695363954773305e-06
59 -4.5373285545588475e-06
60 -4.619031946001984e-06
61 -5.23544148434314e-06
62 -5.019190411675476e-06
63 -4.655307336893124e-06
64 -5.344575169785871e-06
65 -5.023608246258454e-06
66 -4.978815606117868e-06
67 -4.322143669068026e-06
68 -4.597122059065614e-06
69 -5.045046163717881e-06
70 -4.69030375677383e-06
71 -4.923897812544641e-06
72 -4.962873835756955e-06
73 -4.7390809796897895e-06
74 -5.4361201287959955e-06
75 -4.589610845866309e-06
76 -5.055585449218698e-06
77 -5.366175991160467e-06
78 -4.324141575503641e-06
79 -4.608864457557128e-06
80 -4.726648421463339e-06
81 -4.903596221774659e-06
82 -4.693136192148509e-06
83 -4.923381601905552e-06
84 -4.697481889185748e-06
85 -5.02399323953592e-06
86 -5.375191447364766e-06
87 -5.04041914567815e-06
88 -4.3305386731235485e-06
89 -4.652420875151238e-06
90 -5.1971859031953844e-06
91 -4.8756667573079085e-06
92 -5.117122438628348e-06
93 -4.696854147061377e-06
94 -5.169007348103206e-06
95 -5.5451256667819726e-06
96 -4.562905636132134e-06
97 -5.084347580844083e-06
98 -5.237070078524386e-06
99 -4.2819876973768005e-06
100 -5.1478677059426235e-06
101 -4.7131230176076765e-06
102 -4.74834275792983e-06
103 -4.717415526191659e-06
104 -4.681015218942544e-06
105 -4.647070239049457e-06
106 -4.0203158238809886e-06
107 -4.206584744972805e-06
108 -5.790974831733645e-06
109 -5.4398135344523395e-06
110 -4.4575115668942965e-06
111 -4.939522442448183e-06
112 -5.115750359924421e-06
113 -5.388721161080291e-06
114 -5.129938723116769e-06
115 -4.922754390919588e-06
116 -4.936160940084278e-06
117 -4.7659446671033676e-06
118 -5.18073138958278e-06
119 -5.376913346004508e-06
120 -4.977233096733115e-06
121 -4.976588902341019e-06
122 -4.884450495366348e-06
123 -5.025088373499121e-06
124 -4.814133377078896e-06
125 -4.580007369627884e-06
126 -5.089450669859459e-06
127 -4.651357891891381e-06
128 -4.9660142445934075e-06
129 -4.674797826297295e-06
130 -4.853997331813967e-06
131 -5.025140393288453e-06
132 -5.290564094279656e-06
133 -4.956604121763231e-06
134 -5.170165360561243e-06
135 -4.8861874549222956e-06
136 -5.274843106958852e-06
137 -4.891019065908023e-06
138 -5.193906446506165e-06
139 -4.879395141437548e-06
140 -4.850815191657694e-06
141 -4.3908750513190485e-06
142 -4.882987320163411e-06
143 -5.0961293757927845e-06
144 -5.197120401348249e-06
145 -4.943891275115346e-06
146 -4.801410098984951e-06
147 -4.633194603197859e-06
148 -4.95105172750209e-06
149 -5.163314586196189e-06
150 -5.400931470127345e-06
151 -4.781233843008613e-06
152 -4.9287280991493026e-06
153 -4.420519836144004e-06
154 -4.9672003948068844e-06
155 -4.9517331240251804e-06
156 -4.7638375190399955e-06
157 -5.052871502120349e-06
158 -4.3722977299607795e-06
159 -4.5473201803259396e-06
160 -5.160422912150061e-06
161 -4.589629663404404e-06
162 -5.026122172265353e-06
163 -4.635478021617558e-06
164 -4.523921776455519e-06
165 -4.689599922231053e-06
166 -4.826186915844312e-06
167 -4.999408443135609e-06
168 -4.9374991775350475e-06
169 -4.996648682324591e-06
170 -5.319418591952156e-06
171 -5.21900960947824e-06
172 -4.987071072167864e-06
173 -4.8899681226515165e-06
174 -4.787536456571678e-06
175 -4.852631312215843e-06
176 -4.760674305417205e-06
177 -5.526776003278368e-06
178 -4.044006542624033e-06
179 -4.407052002841128e-06
180 -4.48543997833997e-06
181 -5.209301901113078e-06
182 -4.8902748405560625e-06
183 -4.923993987848841e-06
184 -5.131332344329579e-06
185 -4.6322440087875186e-06
186 -4.90180551034894e-06
187 -5.493764890209743e-06
188 -4.443371196081815e-06
189 -5.029130758884144e-06
190 -5.022445074422428e-06
191 -4.78075102219318e-06
192 -4.927423631176418e-06
193 -5.287187991749953e-06
194 -4.338604838306391e-06
195 -5.106920485569227e-06
196 -4.893745526265642e-06
197 -4.424620333133639e-06
198 -5.074461259087213e-06
199 -4.735210227669931e-06
200 -5.068953512375641e-06
201 -5.364007038134938e-06
202 -4.7602444894994704e-06
203 -4.711838502193809e-06
204 -4.66628666096698e-06
205 -5.6959527748295055e-06
206 -5.027874462904851e-06
207 -4.59980952149124e-06
208 -4.9307890053485914e-06
209 -4.430230515460114e-06
210 -5.18879091736298e-06
211 -5.217961515424206e-06
212 -5.526849925771076e-06
213 -5.064620129944874e-06
214 -4.924948138656532e-06
215 -4.906337167753526e-06
216 -4.778832774675672e-06
217 -5.201504303124768e-06
218 -4.7521921915530305e-06
219 -5.1803681958221525e-06
220 -5.1441234770632e-06
221 -4.661264216311072e-06
222 -4.527493444826361e-06
223 -5.037460244095052e-06
224 -4.7060845820496166e-06
225 -4.793879006241539e-06
226 -4.6150487605094875e-06
227 -5.6326129591323635e-06
228 -4.846374577753495e-06
229 -5.1219585825769405e-06
230 -4.7079081250452544e-06
231 -5.228106701351709e-06
232 -4.64237924555734e-06
233 -4.835088303355803e-06
234 -4.565982393064013e-06
235 -5.60137858833873e-06
236 -5.019435256054729e-06
237 -5.005354204870302e-06
238 -5.200316182972786e-06
239 -4.873999993073398e-06
240 -5.455923992010537e-06
241 -4.7447995899861394e-06
242 -5.383342990627104e-06
243 -5.019187199220486e-06
244 -4.727863882888177e-06
245 -5.152092788321791e-06
246 -4.19473287267503e-06
247 -4.863349360406832e-06
248 -5.0793149351460855e-06
249 -4.929927258982072e-06
250 -4.614246192199622e-06
251 -4.665065115166924e-06
252 -5.090637687173264e-06
253 -5.255055280102132e-06
254 -4.917380906730259e-06
255 -5.126198490314602e-06
256 -5.304085414995807e-06
257 -5.289733951563622e-06
258 -4.917712552913135e-06
259 -5.115787353205875e-06
260 -5.166382110577405e-06
261 -4.7218085913736455e-06
262 -5.02949263180115e-06
263 -4.907360680028228e-06
264 -4.921663548315619e-06
265 -4.473283434812336e-06
266 -5.262597953869522e-06
267 -5.520079677509898e-06
268 -4.923774200266644e-06
269 -4.4488625472617955e-06
270 -4.722579879202646e-06
271 -4.507004315780885e-06
272 -4.600628014638629e-06
273 -4.7987029886931945e-06
274 -4.953842998247947e-06
275 -4.380896913075043e-06
276 -4.6540853384964045e-06
277 -4.6558071355443005e-06
278 -5.128419109113672e-06
279 -4.970369096717647e-06
280 -4.3149166243398865e-06
281 -5.392302161269285e-06
282 -5.278358203369921e-06
283 -5.250297531313168e-06
284 -4.640793861631654e-06
285 -4.956716068056858e-06
286 -5.183080424906262e-06
287 -4.727865835871948e-06
288 -5.193630607115256e-06
289 -4.454560123977433e-06
290 -4.606858509315653e-06
291 -5.147179203630715e-06
292 -4.481424521151087e-06
293 -5.151527914042167e-06
294 -5.227962137333445e-06
295 -4.976273518206758e-06
296 -5.248179082267931e-06
297 -5.190505122736065e-06
298 -4.669256989959237e-06
299 -5.087914926162495e-06
