0 -1.0206286555824596e-06
1 -9.619653368642e-07
2 -1.0558294698625258e-06
3 -1.0453503633902565e-06
4 -1.0875114950703123e-06
5 -1.0200746057732639e-06
6 -9.777999657124332e-07
7 -1.0873647459144208e-06
8 -1.1438456123548772e-06
9 -9.965632481352275e-07
10 -1.1177711999343817e-06
11 -1.060917343540428e-06
12 -9.941237635962738e-07
13 -1.07432737681668e-06
14 -1.0138157074757683e-06
15 -1.0919791560312558e-06
16 -1.0414802442494815e-06
17 -1.0117539811983106e-06
18 -1.0218113039770357e-06
19 -1.1122359062181994e-06
20 -9.447286000694259e-07
21 -1.0374838338803933e-06
22 -1.0549847335769703e-06
23 -1.0258772870524295e-06
24 -1.0115973972779102e-06
25 -1.0365446542451188e-06
26 -1.0496302399430087e-06
27 -1.0703745663234095e-06
28 -1.0739367942827848e-06
29 -1.0314742935764242e-06
30 -9.94447841348448e-07
31 -1.0171620893045928e-06
32 -1.1069960139441861e-06
33 -9.97316896579466e-07
34 -1.0462604904069797e-06
35 -1.0531944005845516e-06
36 -1.039238683843706e-06
37 -1.1120361360063867e-06
38 -1.0236414990831377e-06
39 -1.0537387208962964e-06
40 -1.0914185644130726e-06
41 -1.101218236545022e-06
42 -1.054040449863765e-06
43 -1.0669736041939651e-06
44 -1.0066810850588626e-06
45 -1.0017056843505786e-06
46 -1.0182988537790285e-06
47 -1.0227542474577715e-06
48 -1.047648493304079e-06
49 -1.0335163933690215e-06
50 -1.0780485501713292e-06
51 -1.0834645683926553e-06
52 -1.004675729801754e-06
53 -9.892976040222236e-07
54 -1.07338026587956e-06
55 -1.0905507619142175e-06
56 -9.972367163648564e-07
57 -1.0478868294982762e-06
58 -1.0309435244628168e-06
59 -1.0698808677256039e-06
60 -1.0679911210237045e-06
61 -1.014044094667539e-06
62 -1.0167081886047963e-06
63 -1.060659850363238e-06
64 -1.0261131738134386e-06
65 -1.028816771061286e-06
66 -9.971727775964605e-07
67 -1.0986213123843835e-06
68 -1.03665581282117e-06
69 -1.0112007657118565e-06
70 -1.052592822114659e-06
71 -1.0700570010493002e-06
72 -1.051922830566776e-06
73 -1.0771509160323449e-06
74 -1.0191937434437004e-06
75 -1.0752951204094858e-06
76 -1.05370424372215e-06
77 -9.718661391609342e-07
78 -1.1190588281831278e-06
79 -1.0780004533630406e-06
80 -1.0724750534053713e-06
81 -1.062924422974397e-06
82 -1.0607482351212898e-06
83 -1.0062433810357966e-06
84 -1.0778423011365787e-06
85 -1.0294987602993978e-06
86 -9.99507275396597e-07
87 -1.0043798565908432e-06
88 -1.1274410139801226e-06
89 -1.045477922372099e-06
90 -1.0361853266484173e-06
91 -1.018558704633127e-06
92 -1.0413642290824746e-06
93 -1.0603712015972737e-06
94 -1.0383248083929533e-06
95 -9.936748309170384e-07
96 -1.0572092341237473e-06
97 -1.022850727144155e-06
98 -1.0445010152050308e-06
99 -1.078015778587263e-06
100 -9.752768326022252e-07
101 -1.0506639486930835e-06
102 -1.0445564737537648e-06
103 -1.0067112462118393e-06
104 -1.0666626053193552e-06
105 -1.0552263418359874e-06
106 -1.1095394389829615e-06
107 -1.0923946023429747e-06
108 -9.67326931626235e-07
109 -9.906634131556205e-07
110 -1.074230109486436e-06
111 -1.0699834643080336e-06
112 -1.061679856179492e-06
113 -1.007727887615612e-06
114 -1.0358405550880196e-06
115 -1.043437299672707e-06
116 -1.0391765733072684e-06
117 -1.024298976748968e-06
118 -1.0281653189153774e-06
119 -9.828651110034802e-07
120 -1.0707467285256814e-06
121 -1.0541003615292765e-06
122 -1.000079676706991e-06
123 -1.0381385792599863e-06
124 -1.0569214199774033e-06
125 -1.0790438419502063e-06
126 -1.022611277419482e-06
127 -1.06834958602295e-06
128 -1.0339572875100268e-06
129 -1.0811405453498432e-06
130 -1.0500943815529903e-06
131 -1.0533388256095243e-06
132 -9.700301383056642e-07
133 -1.041007809934259e-06
134 -1.0341632068622884e-06
135 -1.0268292977739782e-06
136 -1.0358191726176733e-06
137 -1.0582062127529504e-06
138 -1.0637856412805038e-06
139 -1.0693107980474113e-06
140 -1.0609829888936087e-06
141 -1.1080177945907028e-06
142 -1.0255640886714214e-06
143 -1.0339274789798821e-06
144 -1.0546826725937416e-06
145 -1.0781685511080868e-06
146 -1.0800217176631162e-06
147 -1.0763440443968892e-06
148 -1.0653229071591083e-06
149 -1.0264802988344223e-06
150 -1.03495988469839e-06
151 -1.0477307307628036e-06
152 -1.0215527526018506e-06
153 -1.0739886869915281e-06
154 -1.0260606611675344e-06
155 -1.051565496187034e-06
156 -1.069393263885077e-06
157 -1.0227525885780256e-06
158 -1.0670510561289549e-06
159 -1.0980662836801123e-06
160 -1.0488204042925969e-06
161 -1.0933749604437233e-06
162 -1.0366185501527096e-06
163 -1.06763217769492e-06
164 -1.1045221627911628e-06
165 -1.0324850741724209e-06
166 -1.0624812225140582e-06
167 -1.0557453515140344e-06
168 -1.0318779855491832e-06
169 -1.0093459223253002e-06
170 -1.0143930050830502e-06
171 -1.0313419738965732e-06
172 -1.075468792889756e-06
173 -9.800667530801432e-07
174 -1.0483535004257822e-06
175 -1.0399529400203662e-06
176 -1.039605558160641e-06
177 -9.56998122240426e-07
178 -1.0847085455551822e-06
179 -1.0790529270647974e-06
180 -1.046051214927553e-06
181 -1.0357191498131135e-06
182 -1.0242018015302752e-06
183 -1.089909613467623e-06
184 -1.0044751677738348e-06
185 -1.0673684267204978e-06
186 -1.000551113902378e-06
187 -1.0048767420041996e-06
188 -1.104997152276926e-06
189 -9.987555971700226e-07
190 -1.0396554793533414e-06
191 -1.0629975529518815e-06
192 -1.0319465823054392e-06
193 -1.0306492798981508e-06
194 -1.0647318370027244e-06
195 -1.0532184863244802e-06
196 -1.0382210891308065e-06
197 -1.0684725590595292e-06
198 -9.962419292138373e-07
199 -1.0342549935217957e-06
200 -1.0524684382683188e-06
201 -1.0118064835884292e-06
202 -1.1325864685267948e-06
203 -1.0531782482710622e-06
204 -1.0716066718515682e-06
205 -9.882239475971155e-07
206 -1.0348746962367831e-06
207 -1.0950369820677978e-06
208 -1.0130574323919794e-06
209 -1.0886022988988018e-06
210 -1.014937274531687e-06
211 -1.0131357159269924e-06
212 -9.84184159868347e-07
213 -1.0047245815237525e-06
214 -1.0341542897158359e-06
215 -1.0666039226069748e-06
216 -1.0648692197402346e-06
217 -1.0365393455550158e-06
218 -1.0180964141687378e-06
219 -1.043941251294343e-06
220 -1.016914244184857e-06
221 -1.0606738975748643e-06
222 -1.071393251202218e-06
223 -1.0363843011595527e-06
224 -1.037615727042478e-06
225 -1.0310297538967114e-06
226 -1.0755272630578107e-06
227 -1.0075387448060887e-06
228 -1.0800905413610458e-06
229 -1.0109008646059643e-06
230 -1.0380832097882804e-06
231 -1.031306042947181e-06
232 -1.087495565765666e-06
233 -1.053537750827942e-06
234 -1.0860810380565978e-06
235 -9.92645522496554e-07
236 -1.0050710713623453e-06
237 -1.0457796261655016e-06
238 -1.0537321056355526e-06
239 -1.0402320484856533e-06
240 -1.025330426741968e-06
241 -1.0727725371868255e-06
242 -1.0130737543299595e-06
243 -1.0327455125889723e-06
244 -1.037994368837199e-06
245 -1.0086961484600054e-06
246 -1.108291490623816e-06
247 -1.0370094418456811e-06
248 -1.0857793934973485e-06
249 -1.0493522264670732e-06
250 -1.0519600463252153e-06
251 -1.1037918295821715e-06
252 -1.0526458466157116e-06
253 -1.017622112361526e-06
254 -1.0594899119542389e-06
255 -1.0310008302894288e-06
256 -9.76809740195352e-07
257 -1.0223113389755225e-06
258 -1.0444627819285718e-06
259 -9.965279740102173e-07
260 -1.002502633449168e-06
261 -1.0705769902229477e-06
262 -1.0146497057631879e-06
263 -1.0517027000917094e-06
264 -9.947641301676883e-07
265 -1.127733938884609e-06
266 -1.000077551911623e-06
267 -9.878255280909001e-07
268 -1.067285709885264e-06
269 -1.0704436520700207e-06
270 -1.0616037291210459e-06
271 -1.0959521807528718e-06
272 -1.0999632006951055e-06
273 -1.0198155405629112e-06
274 -1.0299358671651467e-06
275 -1.0839536010292136e-06
276 -1.0890679139520697e-06
277 -1.0429128948984245e-06
278 -1.029373035774051e-06
279 -1.0367075145428182e-06
280 -1.1121548889188814e-06
281 -9.487136754331551e-07
282 -9.82355599097977e-07
283 -1.018644121141389e-06
284 -1.0411533681416314e-06
285 -1.027160867162521e-06
286 -1.0492282356496985e-06
287 -1.0588208694027023e-06
288 -1.0518229357525493e-06
289 -1.0597055410951812e-06
290 -1.1272177787537874e-06
291 -1.0665059968797526e-06
292 -1.1207594487159914e-06
293 -1.0566603304690835e-06
294 -1.0191264809770333e-06
295 -1.0695490605213968e-06
296 -1.0392477860995273e-06
297 -1.000949458980423e-06
298 -1.0699666998183814e-06
299 -1.0497003204547241e-06
