0 6.532786373258426e-07
1 6.686781687711205e-07
2 6.443179651607346e-07
3 6.849986912043537e-07
4 6.541858840242827e-07
5 6.570924712486901e-07
6 6.57480040204484e-07
7 6.620390320487529e-07
8 6.543620559684936e-07
9 6.378207997472816e-07
10 6.308095507163819e-07
11 6.645039463663521e-07
12 6.422089243694519e-07
13 6.243507772081092e-07
14 6.288997385106068e-07
15 6.552327968676388e-07
16 6.363814316209134e-07
17 6.833827727737767e-07
18 6.307562696868757e-07
19 6.232736297732168e-07
20 6.613980151779583e-07
21 6.418786192115758e-07
22 6.53426854477699e-07
23 6.469557634058207e-07
24 6.356523455397132e-07
25 6.38441746804332e-07
26 5.965381336071159e-07
27 6.121813733260455e-07
28 6.758096402706625e-07
29 6.777445606022958e-07
30 6.503017921259653e-07
31 7.001512451500642e-07
32 6.243089251327973e-07
33 6.695133985484304e-07
34 6.328079253919236e-07
35 6.453921482915641e-07
36 6.633744275433614e-07
37 6.517009147670835e-07
38 6.837314682166711e-07
39 6.815345589063823e-07
40 6.98035870988602e-07
41 6.267204667116277e-07
42 6.380460182947912e-07
43 6.680250378973342e-07
44 6.574413724900625e-07
45 6.782823460420388e-07
46 6.291975246721526e-07
47 6.752816852918215e-07
48 6.481433325350931e-07
49 6.463074353298989e-07
50 6.357376559303365e-07
51 6.291425719186736e-07
52 6.565440944921598e-07
53 6.845959064427946e-07
54 6.745853639368606e-07
55 6.728484766806079e-07
56 6.822859045656969e-07
57 6.742173472131899e-07
58 6.869930715855425e-07
59 6.876511025102236e-07
60 6.083803329661251e-07
61 6.466644062619125e-07
62 6.331245337684727e-07
63 6.508452144374306e-07
64 6.473621278089076e-07
65 6.527172055206508e-07
66 6.846438940459317e-07
67 6.397324040421232e-07
68 6.538060852771373e-07
69 6.694941507892255e-07
70 6.582379189046977e-07
71 6.710008808599387e-07
72 6.144303313664335e-07
73 6.714477457662197e-07
74 6.369620547701385e-07
75 6.484847646996197e-07
76 6.441316791535224e-07
77 6.340774878469473e-07
78 5.983626427520632e-07
79 6.467953483992192e-07
80 6.532884200141104e-07
81 6.194265836709188e-07
82 6.562303369491326e-07
83 6.365674009613053e-07
84 6.678943932682464e-07
85 6.639067609782795e-07
86 6.465735000446329e-07
87 6.406686926752079e-07
88 6.681490366363311e-07
89 6.137811459743428e-07
90 6.712720729676387e-07
91 6.787260744519543e-07
92 6.566226939702274e-07
93 6.666779275487112e-07
94 6.732424381379117e-07
95 6.559304523262844e-07
96 6.650209823023938e-07
97 6.569406377617191e-07
98 6.374512375300202e-07
99 6.676428792881625e-07
100 6.375102865996445e-07
101 6.33588542597966e-07
102 6.685159266757501e-07
103 7.044146276004797e-07
104 6.732952699060213e-07
105 6.249137721483191e-07
106 6.646998260587875e-07
107 6.660787510387455e-07
108 6.467671209562299e-07
109 6.184785796634762e-07
110 6.91652118814333e-07
111 6.869190443511225e-07
112 6.508336839102554e-07
113 6.47342495215571e-07
114 6.674937944327785e-07
115 6.496187069845763e-07
116 6.407022338311019e-07
117 6.856685005719649e-07
118 6.842122592759722e-07
119 6.314035101487272e-07
120 6.554393033950581e-07
121 6.745894263989247e-07
122 6.387501757338342e-07
123 6.527221855846195e-07
124 6.339656256129478e-07
125 6.800722476444558e-07
126 6.495151361793621e-07
127 6.687058567712362e-07
128 6.738702883612526e-07
129 6.492515585827496e-07
130 6.462527893078208e-07
131 6.2158326013218e-07
132 6.505497750770998e-07
133 6.642009177061447e-07
134 6.5028572923656e-07
135 6.163524312615606e-07
136 6.493828419217219e-07
137 6.782886959935694e-07
138 6.446254518957788e-07
139 6.851694405388164e-07
140 6.923754587456079e-07
141 6.404154854721947e-07
142 6.34205494750083e-07
143 6.671948341575717e-07
144 6.23382306240569e-07
145 6.550528068065384e-07
146 6.548097601058085e-07
147 6.691914241340029e-07
148 6.471947610711679e-07
149 6.755226918698546e-07
150 6.726363330947204e-07
151 6.591162956687011e-07
152 6.862428779860827e-07
153 6.817088453327339e-07
154 6.696006515409929e-07
155 6.68366649102395e-07
156 6.424199313420356e-07
157 7.00101646172313e-07
158 6.347098598196473e-07
159 6.124982865987096e-07
160 6.551156472640051e-07
161 6.637040247161553e-07
162 6.301967601820173e-07
163 7.04756428307047e-07
164 6.518536533233416e-07
165 6.1943751795373e-07
166 6.604906242114602e-07
167 6.815115518427403e-07
168 6.421214378846553e-07
169 6.501768472096987e-07
170 6.842380275038145e-07
171 6.458000408731556e-07
172 6.424947667963389e-07
173 6.716245975391865e-07
174 6.766686538432994e-07
175 6.562449382800659e-07
176 6.524390287215062e-07
177 6.417587662626494e-07
178 6.737557566087387e-07
179 6.3430992331243e-07
180 6.600846920101372e-07
181 6.520204175822555e-07
182 6.523862476338494e-07
183 6.41800076293387e-07
184 6.845460182239843e-07
185 6.592429011210826e-07
186 6.714021510269513e-07
187 6.539455825448036e-07
188 6.816722905536783e-07
189 6.25715450429658e-07
190 6.574961853484327e-07
191 6.639193924326813e-07
192 6.322061383657448e-07
193 6.537506520167176e-07
194 6.488463043017321e-07
195 6.6154016129682e-07
196 6.6170167509627e-07
197 6.494913413045673e-07
198 6.789609154199691e-07
199 6.395649668859454e-07
200 6.258793404844473e-07
201 6.365800042777134e-07
202 6.672362339878249e-07
203 6.581297510783348e-07
204 6.367275746280855e-07
205 6.527863795181778e-07
206 6.765761297976946e-07
207 6.464378448797599e-07
208 6.790934896123612e-07
209 6.145647658014956e-07
210 6.327890689592963e-07
211 6.366925075317447e-07
212 6.789183242637586e-07
213 6.976827300063006e-07
214 6.510783672573394e-07
215 6.534715234556852e-07
216 6.219473592129696e-07
217 6.869026537522551e-07
218 6.584953072983831e-07
219 6.312927467484725e-07
220 6.497853616332483e-07
221 6.26700086508447e-07
222 6.170767529897261e-07
223 6.59102727560778e-07
224 6.494423137722505e-07
225 6.145627419726015e-07
226 6.74543087951373e-07
227 6.581514424455392e-07
228 6.548661941893733e-07
229 6.235018590531797e-07
230 6.941604852558258e-07
231 6.609449441414157e-07
232 7.106451584603853e-07
233 6.770627239076667e-07
234 5.99606149714407e-07
235 6.339349936575558e-07
236 6.279323356001687e-07
237 6.622469577154662e-07
238 6.12028213251033e-07
239 6.369406638358156e-07
240 6.270572233414644e-07
241 6.881847296540886e-07
242 6.644394474487552e-07
243 6.678692973203643e-07
244 6.556397383203727e-07
245 6.785345872365214e-07
246 6.890429378740227e-07
247 6.768402608811339e-07
248 6.527555807216401e-07
249 6.430735360497247e-07
250 6.167768588531239e-07
251 6.82636843769332e-07
252 6.47837737668445e-07
253 6.641002073947138e-07
254 6.676211217322291e-07
255 6.471284488102786e-07
256 6.446297787432434e-07
257 6.730563042907995e-07
258 6.446849728582849e-07
259 6.414984065163742e-07
260 6.487889566408552e-07
261 6.453785125085717e-07
262 6.464841139335253e-07
263 6.76541593877736e-07
264 6.207690750532013e-07
265 6.334965538106475e-07
266 6.915748575493736e-07
267 6.686090264108792e-07
268 6.258520068036295e-07
269 6.664874708899428e-07
270 6.557653722712462e-07
271 6.636172253430962e-07
272 6.586136001480541e-07
273 6.567614354751846e-07
274 6.645569017341987e-07
275 6.472418925544732e-07
276 6.520587458384704e-07
277 6.52313864901709e-07
278 6.65003195321293e-07
279 6.584402573461948e-07
280 6.215456774860093e-07
281 6.631847927033124e-07
282 6.338251500542837e-07
283 6.339437008432035e-07
284 6.471547561213231e-07
285 6.543550872190408e-07
286 6.591572599303308e-07
287 6.435986768145911e-07
288 6.53435172487443e-07
289 6.819947350986362e-07
290 6.497722997415943e-07
291 6.803524010616575e-07
292 6.825620293195079e-07
293 6.520576987228327e-07
294 6.63291018499272e-07
295 6.622762959549173e-07
296 6.399002944839164e-07
297 6.608788471911826e-07
298 6.755871240347103e-07
299 6.536526616160044e-07
