0 8.546387589442307e-07
1 8.014276694938689e-07
2 8.901504815468056e-07
3 8.013532833758601e-07
4 9.029996016285801e-07
5 9.631248285119393e-07
6 9.504107639353881e-07
7 8.728556784463043e-07
8 8.928340351795934e-07
9 9.353282364836324e-07
10 9.570967866602684e-07
11 8.473908354986294e-07
12 9.295070105862295e-07
13 9.699643378307612e-07
14 9.296294664376582e-07
15 8.641091946444469e-07
16 9.608788473975795e-07
17 7.82311325187862e-07
18 9.787052698994749e-07
19 1.0101103601759255e-06
20 8.282690310057531e-07
21 9.408671548657753e-07
22 8.905386615735367e-07
23 9.276694857492229e-07
24 9.300350881129565e-07
25 9.295872900626277e-07
26 9.937901424790326e-07
27 1.0146235535441215e-06
28 8.587583709253068e-07
29 8.178820389780112e-07
30 8.86621681183348e-07
31 7.970492602600729e-07
32 9.674249404466706e-07
33 8.313588917492854e-07
34 9.345320947288615e-07
35 9.023032541683391e-07
36 8.871671171641566e-07
37 8.393242078741504e-07
38 8.536488440345476e-07
39 8.316607149918002e-07
40 7.722430527786434e-07
41 9.265000278415865e-07
42 9.574400469782343e-07
43 8.199727479489623e-07
44 8.681190044961293e-07
45 8.246397477753811e-07
46 1.0147622742852493e-06
47 8.605450601278344e-07
48 9.224527827078218e-07
49 9.413092653612601e-07
50 8.836610716894622e-07
51 9.803131870503062e-07
52 8.512661449505988e-07
53 7.90100657158858e-07
54 8.214241902103197e-07
55 8.190989279484546e-07
56 7.780567454016882e-07
57 9.10038279934145e-07
58 8.23747164347794e-07
59 7.775559975008427e-07
60 1.009628016980466e-06
61 8.53321554458607e-07
62 9.83677844575303e-07
63 9.075236918683963e-07
64 9.056800666402574e-07
65 8.426297029037638e-07
66 7.891478525171558e-07
67 8.707836435289264e-07
68 8.781473856732375e-07
69 8.649147089506169e-07
70 9.117487503978855e-07
71 8.557745539215166e-07
72 1.0008839336962309e-06
73 8.247825336549226e-07
74 9.588297528890447e-07
75 8.777159999326772e-07
76 8.965003521401744e-07
77 9.342820439455699e-07
78 9.765034240651485e-07
79 8.723348337834561e-07
80 9.327717407339367e-07
81 9.808943859749926e-07
82 8.620808082294836e-07
83 9.788363658420513e-07
84 8.322935469393867e-07
85 8.548224251855196e-07
86 8.881961336129078e-07
87 8.822358401034598e-07
88 8.937433253902739e-07
89 9.818139835932848e-07
90 8.47691788425812e-07
91 8.238143432891222e-07
92 8.935176769005254e-07
93 8.518966411747021e-07
94 8.493958314291858e-07
95 9.811536332712473e-07
96 7.974064081512685e-07
97 8.857640350042615e-07
98 9.70594583008243e-07
99 8.512295523359745e-07
100 9.321007270829854e-07
101 9.234923915171689e-07
102 8.376164818543101e-07
103 7.704289643818036e-07
104 8.309643683619706e-07
105 9.05658558586141e-07
106 8.138052670086035e-07
107 8.072317819371556e-07
108 9.456824762803051e-07
109 9.996461485915537e-07
110 7.688572911097248e-07
111 8.08754370530918e-07
112 8.911707641692922e-07
113 8.883977485907431e-07
114 8.002071149112416e-07
115 9.002160468436773e-07
116 9.609383033582783e-07
117 8.221462597058225e-07
118 8.632044366867675e-07
119 9.31055559649203e-07
120 8.969431581960231e-07
121 8.650205887135275e-07
122 8.678453926110804e-07
123 8.739167486707087e-07
124 9.222655946061186e-07
125 7.829758990306334e-07
126 8.912739656986726e-07
127 8.629110421127488e-07
128 8.549545482640703e-07
129 8.985203924061784e-07
130 8.970468654303066e-07
131 9.336031583917457e-07
132 9.404507597186282e-07
133 8.095402330203933e-07
134 8.764416557328892e-07
135 9.381756796230938e-07
136 8.818130764284318e-07
137 8.221817544733271e-07
138 9.119433015209797e-07
139 8.078478371587968e-07
140 8.398164889379571e-07
141 9.557941887527646e-07
142 9.519267818043258e-07
143 8.408354380484885e-07
144 9.798419584578157e-07
145 9.063555694720347e-07
146 8.997104035536785e-07
147 8.711078100976574e-07
148 9.870885833286755e-07
149 8.473034597832704e-07
150 8.095222127563439e-07
151 8.595010327829996e-07
152 8.718499258207993e-07
153 8.241585432249129e-07
154 8.227789332990817e-07
155 8.244159155789159e-07
156 9.319228673645471e-07
157 6.924836351066873e-07
158 9.24026133522329e-07
159 1.0043408976161632e-06
160 8.3872136697417e-07
161 7.95207762353316e-07
162 9.491344980985094e-07
163 7.93287179737894e-07
164 9.061532080469183e-07
165 9.349202943353073e-07
166 8.77657604663011e-07
167 8.187244840252647e-07
168 9.001059915493162e-07
169 8.771573518209891e-07
170 8.992784422958636e-07
171 8.733908166071417e-07
172 8.59661090594125e-07
173 8.788849430101047e-07
174 8.578374566872471e-07
175 8.605952443044249e-07
176 8.588537786853754e-07
177 8.977857141721417e-07
178 7.952839292601623e-07
179 9.546515495548725e-07
180 8.53610979213943e-07
181 8.476412255880659e-07
182 8.951994071889937e-07
183 9.547928099163762e-07
184 8.487738783406531e-07
185 8.913432466915377e-07
186 7.995268053421491e-07
187 8.278333778482304e-07
188 7.791466949232287e-07
189 9.536817182046843e-07
190 8.972120801293925e-07
191 8.117623486865873e-07
192 9.6143517691244e-07
193 9.059262128282613e-07
194 9.302614110182745e-07
195 9.095114552792768e-07
196 8.254516739557072e-07
197 8.502388402104246e-07
198 7.834987139818366e-07
199 9.304338893645451e-07
200 9.07209061239854e-07
201 9.186287377966185e-07
202 8.206330633826697e-07
203 8.726789633319524e-07
204 9.709974709991618e-07
205 8.992637171159107e-07
206 8.994484086484255e-07
207 8.948780221581245e-07
208 8.595240250813568e-07
209 1.026958282375543e-06
210 9.804107934830415e-07
211 9.467962096404065e-07
212 8.484318227608007e-07
213 7.984624135567037e-07
214 8.682365588163127e-07
215 9.163763852476457e-07
216 9.214209689634471e-07
217 7.423608816711589e-07
218 8.873626783002134e-07
219 9.60973503577057e-07
220 8.900259516408491e-07
221 9.103407978879717e-07
222 9.416724186224907e-07
223 8.854570280834591e-07
224 8.786995003212443e-07
225 1.046093229566937e-06
226 8.568575197791332e-07
227 9.18407587548854e-07
228 8.4682755014711e-07
229 9.597389098782136e-07
230 7.328572169884739e-07
231 7.720021352294151e-07
232 7.459761414916587e-07
233 7.965399056457052e-07
234 9.369143669913827e-07
235 9.30386521950513e-07
236 1.0002825381455937e-06
237 8.892579434496631e-07
238 9.558990761300992e-07
239 9.028842119700747e-07
240 1.0766453172800216e-06
241 8.459444177598202e-07
242 8.569100504811633e-07
243 8.56884190774608e-07
244 8.700809115006942e-07
245 7.367459966757881e-07
246 8.200007583614415e-07
247 8.695099821537732e-07
248 8.916770942176796e-07
249 8.790298325715642e-07
250 1.0094194095310376e-06
251 7.87331325243065e-07
252 8.758522172773522e-07
253 8.199260248873771e-07
254 8.352849106812707e-07
255 8.80959214660443e-07
256 9.236982955750086e-07
257 8.155844933145673e-07
258 9.052443161811301e-07
259 9.364043972224401e-07
260 8.646906766974495e-07
261 8.981742038373873e-07
262 9.112041307324038e-07
263 8.234075856857784e-07
264 9.963675184920368e-07
265 8.958493139831111e-07
266 7.420952574755397e-07
267 9.057981358877911e-07
268 9.684456346942331e-07
269 7.998475437325504e-07
270 9.26937558190894e-07
271 8.475730033908197e-07
272 8.474431480278576e-07
273 9.293260018057754e-07
274 8.694113438135154e-07
275 9.090413224963339e-07
276 9.380885949799877e-07
277 9.33871623415724e-07
278 8.991681949848261e-07
279 8.290942525928302e-07
280 9.1213446439705e-07
281 8.456350538407517e-07
282 9.317915063954246e-07
283 8.989965210324866e-07
284 8.86754209475574e-07
285 8.732775971037862e-07
286 8.60927139512709e-07
287 9.46540863647764e-07
288 9.106355368059466e-07
289 8.434103310561761e-07
290 8.612674622548864e-07
291 8.425150571887244e-07
292 8.226466750819028e-07
293 9.400000183691356e-07
294 8.298247845325048e-07
295 8.843078904571944e-07
296 9.022579430702356e-07
297 8.544582536595572e-07
298 8.562516758954916e-07
299 9.006897952786707e-07
