0 9.036652828272516e-08
1 1.0970494272246938e-07
2 1.7670444311964993e-07
3 7.136882969763924e-08
4 1.9710750830455425e-07
5 3.3783631691929967e-07
6 2.9518127168748744e-07
7 1.7416405788830322e-07
8 1.5604853026040475e-07
9 1.8403441912569175e-07
10 2.3601247392844714e-07
11 1.773325940096579e-07
12 1.8266408630538684e-07
13 1.7241175950970766e-07
14 1.436069832896357e-07
15 1.3352252984508674e-07
16 2.7786891948558804e-07
17 6.846035643817114e-08
18 2.866502386522997e-07
19 2.3308843167641844e-07
20 1.0781123119330526e-07
21 2.652268990898894e-07
22 1.4531634827295626e-07
23 2.121484669599097e-07
24 2.417687275599811e-07
25 2.2034075900233305e-07
26 2.3655881411623548e-07
27 2.9953492066543913e-07
28 1.7214814435489164e-07
29 1.2065805892900635e-07
30 2.211479874558323e-07
31 1.4260275755519652e-07
32 2.5070381712845177e-07
33 1.3197885047615537e-07
34 1.8564403831416716e-07
35 1.3341290625964004e-07
36 1.5872159423141834e-07
37 1.221312479907873e-07
38 1.7490771059400359e-07
39 1.923993883948383e-07
40 1.0373749936632114e-07
41 1.3813362380623502e-07
42 2.694106023955356e-07
43 1.341485295731406e-07
44 1.7394486008756516e-07
45 1.2099515383819443e-07
46 3.055624742423254e-07
47 1.639570060049565e-07
48 2.641285929647527e-07
49 2.738291829728625e-07
50 1.0068079958565667e-07
51 2.1088219047466458e-07
52 1.0348889260507143e-07
53 1.3785139646303894e-07
54 1.3930647687626336e-07
55 9.079629574244301e-08
56 4.6341606308846185e-08
57 2.7184738102546755e-07
58 1.373861723676591e-07
59 1.1684654334507668e-07
60 2.5654011061271766e-07
61 7.896338138035784e-08
62 3.3071739492184756e-07
63 2.0572085821015124e-07
64 2.4665257213642134e-07
65 1.1432484359156721e-07
66 1.0350696988020086e-07
67 7.377547870565802e-08
68 1.969979362673842e-07
69 1.7234232943171538e-07
70 2.0816556375093615e-07
71 1.558448167394227e-07
72 2.2081466333834758e-07
73 1.3448313397375152e-07
74 2.7234385427640307e-07
75 1.0796685123120151e-07
76 1.6530132706333882e-07
77 1.293087978034268e-07
78 1.411138436253895e-07
79 9.046583922690435e-08
80 2.223553690949271e-07
81 2.717560397044433e-07
82 1.4758173086350764e-07
83 3.1038751476185303e-07
84 1.225669786921387e-07
85 1.0463629474601578e-07
86 1.7125220715496882e-07
87 1.1577765773070309e-07
88 2.644016641391636e-07
89 2.624037052302809e-07
90 1.9896949266576477e-07
91 1.6171161095046517e-07
92 2.0410128269319458e-07
93 1.4481637349888183e-07
94 1.6599364330542528e-07
95 3.5055315338464785e-07
96 8.018480464594945e-08
97 1.7431712603625178e-07
98 2.401178685472297e-07
99 1.4366741724813893e-07
100 1.7103736345067147e-07
101 2.0852523736877264e-07
102 2.0788009358981972e-07
103 1.3633432824507104e-07
104 1.9311438302809386e-07
105 6.660180288239966e-08
106 9.307250725025905e-08
107 8.121252253353154e-08
108 3.2934498464364963e-07
109 2.1761093729004852e-07
110 5.835158667158706e-08
111 1.749472602804405e-07
112 1.426305778051122e-07
113 1.6574028779161667e-07
114 6.568587345239835e-08
115 1.809770792089968e-07
116 2.277557301451548e-07
117 1.6498196628027595e-07
118 1.728858578706675e-07
119 2.5783810339846255e-07
120 1.6644230281219693e-07
121 2.1214484569879873e-07
122 1.7767997695308063e-07
123 1.2579034253434577e-07
124 1.9456688385371294e-07
125 1.0774823614746861e-07
126 2.0375611315376846e-07
127 1.7925702476995243e-07
128 2.0542457838941305e-07
129 1.6034313158853262e-07
130 2.0876546508487008e-07
131 1.7804957210520358e-07
132 1.835519567025441e-07
133 1.2792152747188076e-07
134 1.5720834073817866e-07
135 2.62518674055084e-07
136 1.2937388709963608e-07
137 1.831637135168165e-07
138 1.5970105296819433e-07
139 6.968104224680729e-08
140 1.4514811120995496e-07
141 2.9952905240785074e-07
142 3.009810100738584e-07
143 1.3126606138212712e-07
144 2.686666749176107e-07
145 1.6681904134169968e-07
146 2.127347210687103e-07
147 2.762435192745553e-07
148 2.997440576974682e-07
149 1.48069109732059e-07
150 1.3857892468749988e-07
151 1.567154662892438e-07
152 1.655931432201332e-07
153 2.170787715966266e-07
154 1.2269870901920262e-07
155 1.3466197464925425e-07
156 2.0457822291000448e-07
157 -9.51974878177267e-08
158 1.8887749052584018e-07
159 2.7665891892188227e-07
160 1.189071358686654e-07
161 8.484595281456129e-08
162 2.5929628053326887e-07
163 2.1708752732882994e-07
164 2.5943014244537297e-07
165 1.2933215331952032e-07
166 1.0140265643257793e-07
167 1.2688360406951605e-07
168 1.436430108008879e-07
169 1.523270801518252e-07
170 2.5757189082134034e-07
171 1.291235349650125e-07
172 5.054952156241652e-08
173 2.144520193336476e-07
174 2.334183539183508e-07
175 1.6380653208626406e-07
176 1.7454677896658834e-07
177 1.7211037983506146e-07
178 9.135454712594304e-08
179 2.9941070440862433e-07
180 1.36218664614266e-07
181 1.4046784733990645e-07
182 2.0125536784352667e-07
183 2.623267247064772e-07
184 1.8018219807646889e-07
185 2.2756663278731366e-07
186 3.431842985541926e-08
187 2.8003587193539926e-08
188 5.105036944005862e-08
189 1.9871476060248182e-07
190 2.2021032131019676e-07
191 8.616064804987065e-08
192 2.593156109822601e-07
193 1.4990023479749482e-07
194 1.549980739211482e-07
195 3.065942485609684e-07
196 1.6052083796962514e-07
197 1.265544767613375e-07
198 3.44764264091619e-08
199 2.6467200417809176e-07
200 1.1015840780393838e-07
201 1.8518826841360907e-07
202 8.502594822874999e-08
203 1.4846479864055314e-07
204 3.3951919615743326e-07
205 1.6872919606956345e-07
206 2.451456214191481e-07
207 1.8014344404076655e-07
208 1.8997913349542866e-07
209 3.055217051887339e-07
210 2.571233472086349e-07
211 2.0711877345779694e-07
212 2.08135912277956e-07
213 5.0495374700007354e-08
214 1.1279021657979823e-07
215 2.587315551406991e-07
216 1.7988151157935314e-07
217 7.716462374222182e-08
218 2.1545238764248438e-07
219 2.874470743869521e-07
220 1.3959824994830022e-07
221 1.1688946099182338e-07
222 2.0279573666427376e-07
223 1.8742166609716185e-07
224 1.2119258116154221e-07
225 3.842845237885676e-07
226 1.6913442369344182e-07
227 2.0640697988560975e-07
228 1.1946032021850195e-07
229 1.7189156537278603e-07
230 -5.658725769506269e-09
231 2.5802145814744645e-08
232 8.70145667073614e-08
233 1.3225865159366387e-07
234 6.510340558268377e-08
235 1.4389952406971913e-07
236 2.8377365284773833e-07
237 1.998130262965196e-07
238 1.6993927985623006e-07
239 1.3059041103243762e-07
240 4.180365030691822e-07
241 1.8852292682731428e-07
242 1.3123932109128572e-07
243 8.878365956721518e-08
244 1.640316111084173e-07
245 1.4924935340904376e-08
246 1.60295090180334e-07
247 2.1142627922792652e-07
248 1.2882989656274745e-07
249 1.8750118460901474e-07
250 2.6654461765941967e-07
251 1.3357382937586152e-07
252 1.7735958772787021e-07
253 1.237696957889092e-07
254 5.183855395728656e-08
255 1.0977108690943885e-07
256 1.8933377058355126e-07
257 7.638091189577667e-08
258 2.0636365550030107e-07
259 1.855617479985896e-07
260 1.8127707274213526e-07
261 1.8047728388971333e-07
262 1.6322434600821253e-07
263 1.2795245788040837e-07
264 2.4419265567989446e-07
265 1.887709356066057e-07
266 8.819079933856868e-08
267 2.62088565008582e-07
268 2.482740038759586e-07
269 6.33184179221793e-08
270 2.696665496326059e-07
271 2.261300102782961e-07
272 1.5766418250220313e-07
273 2.565646773701216e-07
274 1.4137330633066512e-07
275 1.1157951831940825e-07
276 2.9226134698843807e-07
277 2.056556993161595e-07
278 2.4337096684985076e-07
279 5.888621398508494e-08
280 6.290621470066564e-08
281 1.6800855046719912e-07
282 2.306232538521489e-07
283 8.657765885707783e-08
284 1.8780322980098783e-07
285 2.192614865669398e-07
286 1.863469873771874e-07
287 1.8646390236850156e-07
288 2.52706865491358e-07
289 2.2107973024834253e-07
290 8.166248522427668e-08
291 2.1704725811441383e-07
292 1.5299921150455927e-07
293 2.0999507559866963e-07
294 8.917511656829092e-08
295 2.088126757999926e-07
296 1.809990719527517e-07
297 1.2509432647421525e-07
298 1.8777790568002905e-07
299 1.649048023466359e-07
