0 -9.472559003605094e-07
1 -8.979248787748429e-07
2 -8.992408889833525e-07
3 -9.348637413698222e-07
4 -8.794586875678684e-07
5 -7.978743838763651e-07
6 -8.352023586214305e-07
7 -8.912125151145208e-07
8 -9.142193386743882e-07
9 -9.2458632271461e-07
10 -8.834579760930422e-07
11 -8.595524422962854e-07
12 -9.196638785459775e-07
13 -9.569483846707227e-07
14 -9.46805693843884e-07
15 -9.126134636594846e-07
16 -8.384362624050059e-07
17 -9.205550004623016e-07
18 -8.477007232079247e-07
19 -9.210118979541009e-07
20 -9.174619438511711e-07
21 -8.507612337814331e-07
22 -9.213384148313791e-07
23 -8.767287959809619e-07
24 -8.553758733681385e-07
25 -8.79476134042646e-07
26 -8.924529868444371e-07
27 -8.520337682175304e-07
28 -8.872973129402814e-07
29 -8.993447424571497e-07
30 -8.437389970327258e-07
31 -8.766481943346026e-07
32 -8.726708639956003e-07
33 -9.007917731332414e-07
34 -9.129657117151933e-07
35 -9.410221998311359e-07
36 -9.037500376304477e-07
37 -9.042386778128057e-07
38 -8.798219516707904e-07
39 -8.448254742499977e-07
40 -8.917107122556136e-07
41 -9.522753444882349e-07
42 -8.542828862531079e-07
43 -8.852674171941018e-07
44 -8.775495323843761e-07
45 -9.096582412852013e-07
46 -8.563865006687685e-07
47 -8.96913023051042e-07
48 -8.311703872235135e-07
49 -8.375417304364826e-07
50 -9.590128679117607e-07
51 -9.25066865165275e-07
52 -9.36462194185447e-07
53 -8.694649471437276e-07
54 -8.830050096899939e-07
55 -9.320666643252679e-07
56 -9.446413418478147e-07
57 -8.289147975416341e-07
58 -9.009076817921781e-07
59 -8.804833824628015e-07
60 -8.875797108681376e-07
61 -9.577382953723822e-07
62 -8.051620273567859e-07
63 -8.705443272789659e-07
64 -8.360671799470751e-07
65 -9.147879856906418e-07
66 -8.981167978546613e-07
67 -9.727189058626106e-07
68 -8.644215762668314e-07
69 -8.908198918846964e-07
70 -8.870017361130443e-07
71 -8.999839174660806e-07
72 -9.173424482838801e-07
73 -8.88659752284703e-07
74 -8.497359364467271e-07
75 -9.529920384033518e-07
76 -9.094285656924784e-07
77 -9.652852416454222e-07
78 -9.791028387648119e-07
79 -9.627266840611307e-07
80 -8.868587583207621e-07
81 -8.554696126441978e-07
82 -9.01327909063136e-07
83 -8.307504744750938e-07
84 -9.050987991824904e-07
85 -9.485969196929646e-07
86 -8.986182002822647e-07
87 -9.389672461413938e-07
88 -8.23499602710562e-07
89 -8.664266430544148e-07
90 -8.460371444821201e-07
91 -8.67106327216068e-07
92 -8.67791251188326e-07
93 -9.047020096655468e-07
94 -8.825634433047532e-07
95 -8.005051326206864e-07
96 -9.185680495284282e-07
97 -8.934279475006641e-07
98 -8.911655606255447e-07
99 -9.091395052204646e-07
100 -9.221767043679956e-07
101 -8.781869622395091e-07
102 -8.254169289871081e-07
103 -8.574105065541825e-07
104 -8.292943755157895e-07
105 -1.0064785372643945e-06
106 -9.160893847625701e-07
107 -9.245953101042413e-07
108 -7.875877165990341e-07
109 -9.279729219970953e-07
110 -9.290708901128337e-07
111 -8.465289937800441e-07
112 -9.266692297054682e-07
113 -8.961939483337001e-07
114 -9.395847969312127e-07
115 -9.02461937297938e-07
116 -8.975154082635502e-07
117 -8.698179001634008e-07
118 -8.813173528780091e-07
119 -8.314034222998958e-07
120 -9.111770323345203e-07
121 -8.499912384784622e-07
122 -8.679591585488143e-07
123 -9.299645186059196e-07
124 -8.967854988438583e-07
125 -8.835831308468869e-07
126 -8.667892645644385e-07
127 -8.740346404160381e-07
128 -8.473270294061725e-07
129 -9.137400136649637e-07
130 -8.720954622468147e-07
131 -9.121234073065939e-07
132 -9.303905186787866e-07
133 -8.796291061697277e-07
134 -9.07540684536649e-07
135 -8.28349749503444e-07
136 -9.260442516341109e-07
137 -8.4680968315754e-07
138 -9.32818195428434e-07
139 -9.498722723378774e-07
140 -9.013427796369779e-07
141 -8.196896551129607e-07
142 -8.15294010718411e-07
143 -9.057128342465551e-07
144 -8.694288623488664e-07
145 -9.243420941678756e-07
146 -8.652980405109162e-07
147 -7.944067212073236e-07
148 -8.527595002164478e-07
149 -9.036936944339842e-07
150 -8.703986640598984e-07
151 -8.906656618088344e-07
152 -9.054428923910537e-07
153 -8.056773811742266e-07
154 -8.99664912370354e-07
155 -8.96517551912573e-07
156 -8.949523675769196e-07
157 -1.0191903831477893e-06
158 -9.064970608629713e-07
159 -8.743741388182652e-07
160 -9.074232467626664e-07
161 -9.059354114547772e-07
162 -8.587806393915498e-07
163 -8.072710940842143e-07
164 -8.211064713526224e-07
165 -9.663979151910035e-07
166 -9.688761659785784e-07
167 -8.966400292370838e-07
168 -9.257655743322063e-07
169 -9.028017544415395e-07
170 -8.375833101742298e-07
171 -9.267287441205188e-07
172 -9.852614156130458e-07
173 -8.55064372060404e-07
174 -8.282354115639686e-07
175 -8.788550482958266e-07
176 -8.773660155767761e-07
177 -9.019963827742764e-07
178 -9.217272190157943e-07
179 -8.144316614363809e-07
180 -9.172596516985873e-07
181 -8.977853188810793e-07
182 -8.715544055943835e-07
183 -8.611335152168957e-07
184 -8.763566949106148e-07
185 -8.458186008708585e-07
186 -9.63342888470953e-07
187 -9.87583500929815e-07
188 -9.4197247845837e-07
189 -9.005956216406783e-07
190 -8.547572383508371e-07
191 -9.223370687736219e-07
192 -8.559253044418081e-07
193 -9.364505872103705e-07
194 -9.453318877023458e-07
195 -7.797850191806165e-07
196 -8.547920317122669e-07
197 -9.110526997517741e-07
198 -9.579250756906952e-07
199 -8.31786497637768e-07
200 -9.60892448099948e-07
201 -9.007297100369778e-07
202 -9.409900109038022e-07
203 -9.095286657764339e-07
204 -7.939923419212141e-07
205 -9.116924029721974e-07
206 -8.453252831484217e-07
207 -8.936305668723253e-07
208 -8.743297416436911e-07
209 -8.596488358372071e-07
210 -8.820102532916649e-07
211 -8.997249845914201e-07
212 -8.37469153095594e-07
213 -9.65753742563029e-07
214 -9.426823721791247e-07
215 -8.345303031378954e-07
216 -9.101549495663724e-07
217 -8.908307706054914e-07
218 -8.527855753536774e-07
219 -8.289933689508531e-07
220 -9.294021138434594e-07
221 -9.592598676284204e-07
222 -8.950466363379774e-07
223 -8.770048466124089e-07
224 -9.380268441153774e-07
225 -8.000147471078927e-07
226 -8.798087881600749e-07
227 -8.963014539943173e-07
228 -9.138746978023632e-07
229 -9.445206532635433e-07
230 -9.681253008362282e-07
231 -9.496111295786136e-07
232 -8.891259944596357e-07
233 -8.697291203147827e-07
234 -1.0151929080960401e-06
235 -9.538964821195556e-07
236 -8.651793607009316e-07
237 -8.718636018068076e-07
238 -9.295287758508767e-07
239 -9.398253551277724e-07
240 -8.004060510747748e-07
241 -8.616667500129672e-07
242 -9.154438115081855e-07
243 -9.604586553567508e-07
244 -8.911101353025103e-07
245 -9.438151491317117e-07
246 -8.679145233200044e-07
247 -8.519067203375166e-07
248 -9.434411444749343e-07
249 -8.718386956663521e-07
250 -8.802154620342856e-07
251 -8.650059481290256e-07
252 -8.795796425651637e-07
253 -8.94499157670976e-07
254 -9.80629756867893e-07
255 -9.54131783859851e-07
256 -8.996279777180758e-07
257 -9.422686779048564e-07
258 -8.737617005967758e-07
259 -9.164982627568192e-07
260 -8.634051243280361e-07
261 -8.916589859798232e-07
262 -9.250241113614296e-07
263 -8.856994598628743e-07
264 -9.036788874503657e-07
265 -8.800976427522365e-07
266 -8.78642000838949e-07
267 -8.271012848123344e-07
268 -8.817320527483445e-07
269 -9.354088923659588e-07
270 -8.437926463908566e-07
271 -8.110532215535012e-07
272 -8.79874485004705e-07
273 -8.522717538080173e-07
274 -9.126716237253669e-07
275 -9.715281127496932e-07
276 -8.204045147423331e-07
277 -8.946733823311814e-07
278 -8.379394570426493e-07
279 -9.668665131007238e-07
280 -1.0144374720625864e-06
281 -8.678226208835162e-07
282 -8.68133545522418e-07
283 -9.808054975957792e-07
284 -8.793709447092684e-07
285 -8.336693856344678e-07
286 -8.6162306114093e-07
287 -9.259656739225799e-07
288 -8.38944336536402e-07
289 -8.252826126973798e-07
290 -9.6387181719357e-07
291 -8.318343795919593e-07
292 -8.724598928193218e-07
293 -9.005523729815116e-07
294 -9.360662633381801e-07
295 -8.632142714341363e-07
296 -8.940459922374372e-07
297 -9.166700241728548e-07
298 -8.638680100230431e-07
299 -9.150827851900348e-07
