0 5.998267923398424e-08
1 5.909288748803253e-08
2 6.045959695928116e-08
3 5.955208001896896e-08
4 5.950773143628546e-08
5 5.855813618166918e-08
6 6.068606750448459e-08
7 6.07106722726071e-08
8 6.137256416694423e-08
9 6.038337190028575e-08
10 6.123079078049251e-08
11 6.013810526886541e-08
12 6.272261711391639e-08
13 6.104374255020577e-08
14 6.091529292732337e-08
15 6.094509931881878e-08
16 6.10107803995982e-08
17 5.959811953610969e-08
18 5.983863216510696e-08
19 6.036740255827903e-08
20 6.071214856708186e-08
21 5.9451540912447364e-08
22 5.980994937470225e-08
23 5.952524816439922e-08
24 6.049050630158312e-08
25 5.9050659158448356e-08
26 6.092609964425245e-08
27 6.039226713893206e-08
28 6.0361784916085e-08
29 6.128006922916393e-08
30 5.919216888605817e-08
31 6.011464282221906e-08
32 5.948691552626938e-08
33 6.042078650554348e-08
34 5.8711735655988466e-08
35 5.84717256641905e-08
36 5.8992884330670704e-08
37 5.937981230260185e-08
38 6.170265875864659e-08
39 6.040318309397087e-08
40 6.05791409363842e-08
41 6.102687265809404e-08
42 5.993218566029381e-08
43 5.931190471100991e-08
44 5.867444077411185e-08
45 6.025586635607184e-08
46 5.869652666677495e-08
47 5.985858747350589e-08
48 6.134049186527078e-08
49 5.819956665443446e-08
50 6.073029248344823e-08
51 6.123386973693883e-08
52 5.967182359962319e-08
53 6.032260425345495e-08
54 6.072744110642197e-08
55 6.113345219909596e-08
56 5.95962370244076e-08
57 6.032064361389153e-08
58 5.973462417924031e-08
59 5.981712636228562e-08
60 5.9021147334247863e-08
61 5.984773592661533e-08
62 5.988293880003369e-08
63 5.9192746106014986e-08
64 6.028960195558344e-08
65 6.00181723866153e-08
66 5.95214558005945e-08
67 6.074156666646448e-08
68 5.983399748819786e-08
69 5.991558934268361e-08
70 5.975846345079624e-08
71 6.044730539439763e-08
72 6.004403923045912e-08
73 5.8553089482861885e-08
74 6.032770508394651e-08
75 5.938978463537517e-08
76 6.093362971226189e-08
77 6.028366593528318e-08
78 5.9372818592964865e-08
79 5.954541096108776e-08
80 5.981910274212146e-08
81 5.863608977555818e-08
82 6.074712892085221e-08
83 5.985441921450242e-08
84 6.02123690943391e-08
85 5.94507436908065e-08
86 5.853926861300308e-08
87 6.01781812896934e-08
88 6.145478291288455e-08
89 6.08328066186903e-08
90 6.122277633177874e-08
91 6.046927459106797e-08
92 6.020737546359052e-08
93 6.029590272701295e-08
94 5.903454859755314e-08
95 6.045062663717751e-08
96 5.9006648997972055e-08
97 6.01843457901683e-08
98 6.110632650343866e-08
99 6.17028422208069e-08
100 6.056819787779077e-08
101 5.994743751675743e-08
102 5.920581918967147e-08
103 6.131007960085982e-08
104 6.000108699374065e-08
105 6.049266292821116e-08
106 5.9555658018063074e-08
107 6.03287592529139e-08
108 6.096324577226833e-08
109 6.102625888717866e-08
110 6.045805890599648e-08
111 5.957737090313261e-08
112 5.978116077414923e-08
113 5.9180901656540985e-08
114 6.100257617794593e-08
115 6.001046262932711e-08
116 5.906505359678011e-08
117 6.036945261573627e-08
118 6.005775591530714e-08
119 6.038687424088156e-08
120 5.961301967967714e-08
121 6.002021682900844e-08
122 5.9439299551858826e-08
123 6.052051697031902e-08
124 6.033430263104893e-08
125 5.990446424550756e-08
126 6.079046572861276e-08
127 5.92029182940931e-08
128 5.995471080564723e-08
129 5.954651925730553e-08
130 6.114465161045491e-08
131 5.985573172254904e-08
132 5.993034392400481e-08
133 5.970928253339527e-08
134 6.115685208441836e-08
135 5.971024668684762e-08
136 6.038116192060029e-08
137 6.060462000555527e-08
138 6.007392879080026e-08
139 6.020702583268931e-08
140 6.054684672594242e-08
141 6.162665497534812e-08
142 5.999162932567729e-08
143 6.300539737134577e-08
144 5.948339938987686e-08
145 5.984561440085603e-08
146 5.997748596219988e-08
147 5.96948033695936e-08
148 6.10616988482146e-08
149 5.9199994802289867e-08
150 5.964970581159473e-08
151 5.933807558265845e-08
152 6.03588646199918e-08
153 5.905186131205873e-08
154 5.883410770539869e-08
155 6.020133911271947e-08
156 6.010295967312569e-08
157 6.098956191186197e-08
158 6.083568482605658e-08
159 5.915748374303252e-08
160 5.988711754816944e-08
161 6.021403886931272e-08
162 6.128695380984424e-08
163 6.085889116532821e-08
164 6.075809889560165e-08
165 6.034195437504995e-08
166 6.048525003141954e-08
167 6.08503921803965e-08
168 5.942056903631967e-08
169 6.080985000447464e-08
170 6.062936855320043e-08
171 6.146190872994913e-08
172 5.926399092689003e-08
173 6.074459475132764e-08
174 5.971736378815764e-08
175 5.900029433689856e-08
176 6.004359421569967e-08
177 5.947735529322219e-08
178 6.029816079561347e-08
179 6.086260532473858e-08
180 5.962618371339947e-08
181 5.8104763037359146e-08
182 5.9395342587496566e-08
183 6.030256853963629e-08
184 5.953297725667922e-08
185 6.014139675023798e-08
186 5.918706567595527e-08
187 6.004726733196985e-08
188 6.003841695689946e-08
189 5.838008067329682e-08
190 5.993177159937685e-08
191 5.8031462977491566e-08
192 6.040852866919223e-08
193 6.059324649798827e-08
194 5.94435304158617e-08
195 6.012669878875176e-08
196 5.9327148864557874e-08
197 5.982437505175986e-08
198 6.055103853534444e-08
199 6.025746158935185e-08
200 5.919926951796365e-08
201 6.127967846990411e-08
202 5.971151379821323e-08
203 5.929360105042834e-08
204 5.941686005349136e-08
205 5.943466472046068e-08
206 5.96768701062125e-08
207 6.035436980389667e-08
208 6.176574746272137e-08
209 6.226796345309809e-08
210 6.009652522850511e-08
211 5.987540567853862e-08
212 5.9266704543888943e-08
213 6.037773672638439e-08
214 6.072297348755869e-08
215 6.048099265151925e-08
216 6.080501715722646e-08
217 6.206081235272978e-08
218 6.082386125911942e-08
219 6.02761994181407e-08
220 6.119107146825513e-08
221 6.064145952759449e-08
222 5.989707748223693e-08
223 6.046045312008317e-08
224 6.078188581718445e-08
225 5.921869693898714e-08
226 5.933649380027742e-08
227 6.176463436614101e-08
228 5.970425019231839e-08
229 5.906180817397929e-08
230 6.00545029453464e-08
231 5.966415010231197e-08
232 5.98448077114972e-08
233 6.045542943364185e-08
234 6.054791195656793e-08
235 6.108124934241554e-08
236 6.111306778775605e-08
237 6.020275743137996e-08
238 6.032071740259633e-08
239 6.012603637731685e-08
240 5.934973209961406e-08
241 5.990959928717797e-08
242 6.024615797784804e-08
243 5.945704969087392e-08
244 5.918274165894134e-08
245 6.138146537309756e-08
246 6.018951281053447e-08
247 5.845529420712826e-08
248 5.971634352931125e-08
249 6.082856544359982e-08
250 6.038914945573686e-08
251 5.894643628992936e-08
252 5.974215886942855e-08
253 6.074612038135007e-08
254 6.061604820443419e-08
255 6.150964102869875e-08
256 6.041169115447081e-08
257 5.982987321472078e-08
258 6.25723615245302e-08
259 6.073168049347423e-08
260 5.852264386008573e-08
261 6.01722141533408e-08
262 6.142427545865092e-08
263 5.971970960963165e-08
264 5.900059601078056e-08
265 5.9383456770793003e-08
266 5.950370825196071e-08
267 6.015722500921094e-08
268 6.037596179424943e-08
269 6.07532376646062e-08
270 6.028957038017788e-08
271 5.887645126065031e-08
272 5.887238684999619e-08
273 6.04086011777486e-08
274 5.99513408419734e-08
275 5.963714769270807e-08
276 6.055597060779458e-08
277 5.9182341091018805e-08
278 5.886296395681498e-08
279 5.950103307985278e-08
280 6.131518375947371e-08
281 5.8901283467893383e-08
282 6.065261413659359e-08
283 5.8560398982727557e-08
284 5.880115762203688e-08
285 5.835766162697816e-08
286 6.038196657617681e-08
287 5.855522533046462e-08
288 6.096965619584568e-08
289 6.012002962095934e-08
290 6.0564072772347e-08
291 5.99172423995591e-08
292 5.995023158139461e-08
293 5.901845735257055e-08
294 6.02486566432084e-08
295 6.015157666637016e-08
296 6.09771940162053e-08
297 5.981904031752195e-08
298 6.123666887961737e-08
299 6.023182297914373e-08
