0 -4.488937846181883e-07
1 -4.068739265965702e-07
2 -3.7373721433359007e-07
3 -4.489964553139428e-07
4 -3.545100940479927e-07
5 -2.3240933155576813e-07
6 -2.7491189733954996e-07
7 -3.7101281574568914e-07
8 -3.960425109007255e-07
9 -3.8524654515950467e-07
10 -3.358448283096863e-07
11 -3.5143965859997785e-07
12 -3.84447447823911e-07
13 -4.115269906473089e-07
14 -4.2037558386558406e-07
15 -4.05519605312545e-07
16 -2.900292619095623e-07
17 -4.422598453097934e-07
18 -2.89879377020133e-07
19 -3.615909765107694e-07
20 -4.20837254036088e-07
21 -2.993186026973642e-07
22 -4.048019421278511e-07
23 -3.4623138553553043e-07
24 -3.166696253171078e-07
25 -3.4135535827609407e-07
26 -3.433918840273987e-07
27 -2.863778520760019e-07
28 -3.6872097586562106e-07
29 -4.036998007282767e-07
30 -3.203905678638957e-07
31 -3.7584209243521154e-07
32 -3.221450216264563e-07
33 -3.970113409192213e-07
34 -3.791161383821224e-07
35 -4.2266016804803765e-07
36 -3.882977791448557e-07
37 -4.0640193742604733e-07
38 -3.637646990196738e-07
39 -3.3383446041457297e-07
40 -4.046684537528871e-07
41 -4.266062140604863e-07
42 -3.0024068789584174e-07
43 -3.8796011401096927e-07
44 -3.6417853942843923e-07
45 -4.0828239678401175e-07
46 -2.8480395537068577e-07
47 -3.776900818419076e-07
48 -2.9100036122257616e-07
49 -2.8793710658299235e-07
50 -4.494487674443212e-07
51 -3.727663330673897e-07
52 -4.343826361598933e-07
53 -3.75982284576339e-07
54 -3.842789306665233e-07
55 -4.3680772518416154e-07
56 -4.6694312759345006e-07
57 -2.8309085916844883e-07
58 -3.9285211490549253e-07
59 -3.9263273624287284e-07
60 -3.3046524244931855e-07
61 -4.5920028955673255e-07
62 -2.432663593975123e-07
63 -3.447465932654371e-07
64 -3.0240547449446333e-07
65 -4.162082566755142e-07
66 -4.102283318888356e-07
67 -4.7254202872783997e-07
68 -3.442708435006297e-07
69 -3.7115521461235236e-07
70 -3.500081254263348e-07
71 -3.848214247853273e-07
72 -3.666866012064316e-07
73 -3.9017316560615266e-07
74 -2.980273491972473e-07
75 -4.413914892698125e-07
76 -3.867124532376332e-07
77 -4.4000257297919246e-07
78 -4.411637464591603e-07
79 -4.5695504303034284e-07
80 -3.443278443134672e-07
81 -3.027285373792914e-07
82 -3.9241966821963514e-07
83 -2.65278742993821e-07
84 -4.058631861986743e-07
85 -4.3827036378775495e-07
86 -3.7628117306695366e-07
87 -4.3204369058183735e-07
88 -2.8321368663150074e-07
89 -3.1411538840945547e-07
90 -3.319503141505334e-07
91 -3.6178876454157574e-07
92 -3.4272703261874717e-07
93 -3.9286279997291996e-07
94 -3.6895798151237804e-07
95 -2.2735815985922594e-07
96 -4.3556658029429144e-07
97 -3.7253736548267653e-07
98 -3.38230277870013e-07
99 -3.9545461185437975e-07
100 -3.931968492337158e-07
101 -3.473594737056114e-07
102 -3.154176439193873e-07
103 -3.68824217684383e-07
104 -3.273081395976698e-07
105 -4.957094315462957e-07
106 -4.27946784273472e-07
107 -4.3977223122376177e-07
108 -2.31365970834497e-07
109 -3.7223632857073855e-07
110 -4.5128788608606545e-07
111 -3.431507102311371e-07
112 -4.0905693309665295e-07
113 -3.8013598932528174e-07
114 -4.540205194052183e-07
115 -3.7410422958670286e-07
116 -3.4887986565466316e-07
117 -3.61702098439329e-07
118 -3.6785505461993787e-07
119 -2.9503966664064366e-07
120 -3.869273455665619e-07
121 -3.2697912816287845e-07
122 -3.572489588213219e-07
123 -4.20276091631603e-07
124 -3.648630655213184e-07
125 -4.0056035813563407e-07
126 -3.4247327780934766e-07
127 -3.5851323231858606e-07
128 -3.286527619746215e-07
129 -3.9248350595834185e-07
130 -3.421695723182141e-07
131 -3.849179770646572e-07
132 -3.8884609507909404e-07
133 -3.884723390591567e-07
134 -3.885113735316948e-07
135 -2.9171238046160586e-07
136 -4.1584685154152444e-07
137 -3.3950084979701925e-07
138 -4.0266936323734574e-07
139 -4.5772404840230377e-07
140 -3.908274002994797e-07
141 -2.6689903374045823e-07
142 -2.6135066227222645e-07
143 -4.014137823009096e-07
144 -3.0986376828498964e-07
145 -3.9300615286639613e-07
146 -3.369338111224315e-07
147 -2.596046941413473e-07
148 -2.836257230780684e-07
149 -3.901026173880262e-07
150 -3.7829762780271974e-07
151 -3.800203701652688e-07
152 -3.826451803277444e-07
153 -3.000571270961581e-07
154 -4.0192140917897125e-07
155 -3.921697069028269e-07
156 -3.5957956958115737e-07
157 -5.837853428893154e-07
158 -3.728379684832061e-07
159 -3.096078465210233e-07
160 -4.095466490187527e-07
161 -4.268411626810108e-07
162 -3.0787578550807375e-07
163 -2.947982853078114e-07
164 -2.867971567251784e-07
165 -4.400067829606156e-07
166 -4.5299992740242635e-07
167 -3.9798576980648673e-07
168 -4.096485907282502e-07
169 -3.9071569308762676e-07
170 -2.9584355556543744e-07
171 -4.1518896112691623e-07
172 -4.920443303195533e-07
173 -3.2930656339048203e-07
174 -3.022648060311271e-07
175 -3.708288035404943e-07
176 -3.612969414266177e-07
177 -3.7858643144679725e-07
178 -4.276956544187081e-07
179 -2.6355025481535685e-07
180 -4.035724834080686e-07
181 -3.914482657594061e-07
182 -3.466759591948721e-07
183 -3.0834135910946585e-07
184 -3.567230607884778e-07
185 -3.176197795935652e-07
186 -4.868433648949405e-07
187 -5.036335328671884e-07
188 -4.634472466974002e-07
189 -3.6899145167968295e-07
190 -3.267495412121774e-07
191 -4.355738451672018e-07
192 -3.105440795324914e-07
193 -4.0935257221041506e-07
194 -4.1407890607933857e-07
195 -2.3851364586369204e-07
196 -3.5823016464115684e-07
197 -4.06392456446297e-07
198 -4.817164313716611e-07
199 -2.9097914762465546e-07
200 -4.4618856850679405e-07
201 -3.723809565172655e-07
202 -4.4445378215911683e-07
203 -3.9465295445105603e-07
204 -2.2989541554841284e-07
205 -3.8568649540835067e-07
206 -3.0659820684821727e-07
207 -3.6965698844457024e-07
208 -3.515134780837964e-07
209 -2.874369567227915e-07
210 -3.2462693124911265e-07
211 -3.6117306597662756e-07
212 -3.2226236494656935e-07
213 -4.773339027910658e-07
214 -4.316267473938507e-07
215 -2.9491590825328e-07
216 -3.7983836079460555e-07
217 -4.1854711327684087e-07
218 -3.291738459387869e-07
219 -2.786912298982214e-07
220 -4.1231975567230025e-07
221 -4.4088400350937663e-07
222 -3.6056398740391026e-07
223 -3.5673280553911435e-07
224 -4.267739761950804e-07
225 -2.1197643750055387e-07
226 -3.677761542541648e-07
227 -3.5639625822317637e-07
228 -4.134436463446626e-07
229 -4.044607996533435e-07
230 -5.06337758012798e-07
231 -4.808106918142106e-07
232 -4.13010710368278e-07
233 -3.800304089679838e-07
234 -5.03330139917148e-07
235 -4.241155162583478e-07
236 -3.0111700895615386e-07
237 -3.463768494547563e-07
238 -4.0022402135995787e-07
239 -4.247338985388956e-07
240 -1.926851534158596e-07
241 -3.4551768450135166e-07
242 -4.0870099412017535e-07
243 -4.5518276825076957e-07
244 -3.769519782593479e-07
245 -4.824026064322993e-07
246 -3.637341542164277e-07
247 -3.281799210593223e-07
248 -4.257034372416808e-07
249 -3.5294953477206894e-07
250 -3.19702747393677e-07
251 -3.7589429965198057e-07
252 -3.6303118594910725e-07
253 -3.9769852498794594e-07
254 -4.860650502650374e-07
255 -4.417493514312462e-07
256 -3.698857927736789e-07
257 -4.5076881373951327e-07
258 -3.45083218984661e-07
259 -3.805724270720553e-07
260 -3.516869395544609e-07
261 -3.6890638104327654e-07
262 -3.9560673225500783e-07
263 -3.943229020814662e-07
264 -3.4453987159854873e-07
265 -3.5735467146364176e-07
266 -4.064220754760901e-07
267 -2.891239538973526e-07
268 -3.284732733923504e-07
269 -4.5508520007129147e-07
270 -2.926362471387181e-07
271 -2.978499113753377e-07
272 -3.7411364568018884e-07
273 -3.06266641647323e-07
274 -4.0082886407483905e-07
275 -4.5120074614174257e-07
276 -2.6912247750177544e-07
277 -3.5946882721109925e-07
278 -3.0453162605797285e-07
279 -4.7378586369372177e-07
280 -5.018845748478382e-07
281 -3.6131498258439187e-07
282 -3.2805617526445193e-07
283 -4.7033990928328075e-07
284 -3.565212986076777e-07
285 -3.153623789549547e-07
286 -3.4784263848911516e-07
287 -3.8606159817386837e-07
288 -3.0037670148295727e-07
289 -3.0750677163717986e-07
290 -4.6122153631738707e-07
291 -3.119623994121551e-07
292 -3.701596696809209e-07
293 -3.5896162749760735e-07
294 -4.4007396289100716e-07
295 -3.3669754519781187e-07
296 -3.7033551232607496e-07
297 -4.122522879821556e-07
298 -3.4754133521145264e-07
299 -3.8937997796215254e-07
