0 5.759845385333779e-07
1 5.679725396368316e-07
2 5.387885553367785e-07
3 5.93238903780144e-07
4 4.875437159908626e-07
5 3.9826056127273306e-07
6 4.420434842971481e-07
7 5.088528878143915e-07
8 5.195466862965055e-07
9 5.390793303667382e-07
10 4.847772842092205e-07
11 5.094947313561271e-07
12 5.213709334222608e-07
13 5.670717020523981e-07
14 5.870315531157907e-07
15 5.554011373593836e-07
16 4.18103691548415e-07
17 5.958877835865044e-07
18 4.4268085838062673e-07
19 4.89902947391443e-07
20 5.534021826273869e-07
21 4.89454640535838e-07
22 5.552909288417663e-07
23 4.798966830445285e-07
24 4.6587121112138535e-07
25 4.904538319983837e-07
26 4.995501073157373e-07
27 4.685323428111459e-07
28 5.114895290016385e-07
29 5.292028592654673e-07
30 4.6173169422579235e-07
31 5.283026142750158e-07
32 4.931840856818027e-07
33 5.502506746554579e-07
34 5.452639150900074e-07
35 5.719357535103546e-07
36 5.33765957854043e-07
37 5.658231718644571e-07
38 4.869102757371903e-07
39 4.795109324995842e-07
40 5.633649804225875e-07
41 5.821179119567482e-07
42 4.837766842142864e-07
43 5.395542334084548e-07
44 5.083534536875503e-07
45 5.525173809154823e-07
46 4.5558853913335534e-07
47 5.468734704582741e-07
48 4.3656770614499996e-07
49 4.788563814000929e-07
50 6.030114194802811e-07
51 5.538653262485268e-07
52 5.784242725557807e-07
53 5.086363604893406e-07
54 5.291088401289235e-07
55 5.795714121773511e-07
56 6.114384581151726e-07
57 4.472689905675313e-07
58 5.577162220658353e-07
59 5.325942871975793e-07
60 4.805975212700792e-07
61 6.178928588660866e-07
62 3.792485359274622e-07
63 4.9935213585869e-07
64 4.5340068810613405e-07
65 5.755723271326213e-07
66 5.565243021142824e-07
67 6.01901952019582e-07
68 5.001835276474761e-07
69 4.937293032075742e-07
70 5.211900300874697e-07
71 5.270631521948843e-07
72 4.965501980078614e-07
73 5.39444262145141e-07
74 4.405938660179071e-07
75 5.934777000079325e-07
76 5.46100592999045e-07
77 5.693682684809872e-07
78 6.234663638739863e-07
79 6.009743077836894e-07
80 4.814430222125968e-07
81 4.615508852682324e-07
82 5.090921315292866e-07
83 4.545308267487494e-07
84 5.441828754804672e-07
85 6.053864603755768e-07
86 5.522371988474329e-07
87 5.494257409881133e-07
88 4.6096725589955426e-07
89 4.637481821401151e-07
90 4.7014732260704563e-07
91 5.285336725217053e-07
92 5.093303493951429e-07
93 5.490527846000161e-07
94 5.309761718874244e-07
95 3.8872154204418313e-07
96 5.83280423345691e-07
97 5.27179393358915e-07
98 4.92373060832966e-07
99 5.619747188687396e-07
100 5.451382131932054e-07
101 5.109584007764147e-07
102 4.635939531691283e-07
103 5.09344983195362e-07
104 4.468743291093671e-07
105 6.312907968790964e-07
106 5.734338825494802e-07
107 5.486094363129425e-07
108 3.851313779570122e-07
109 5.291910352081626e-07
110 5.87780559157445e-07
111 4.842465982435601e-07
112 5.535264712972048e-07
113 5.246878344781e-07
114 6.17040765509082e-07
115 5.273816815519683e-07
116 4.807833436520278e-07
117 4.92608729387624e-07
118 4.6664824691483894e-07
119 4.771320666361878e-07
120 5.454311940983966e-07
121 4.743570510056581e-07
122 5.068734706394947e-07
123 5.386985953319019e-07
124 5.206028065857197e-07
125 5.512791061759778e-07
126 4.933918740316047e-07
127 5.102219613656023e-07
128 4.821538845225052e-07
129 5.397570173093822e-07
130 4.927401470765447e-07
131 5.212746522576324e-07
132 5.551808984241417e-07
133 5.406127464764992e-07
134 5.577735544212918e-07
135 4.5340632227193927e-07
136 5.66797562820512e-07
137 4.78437089470999e-07
138 5.501582842565849e-07
139 5.919192227894304e-07
140 5.21500656076282e-07
141 4.0904273079796456e-07
142 4.5870691237150026e-07
143 5.437487948686615e-07
144 4.955094760290751e-07
145 5.593441232978065e-07
146 4.877333895034917e-07
147 4.4840769382354867e-07
148 4.5285760829412917e-07
149 5.406503140288396e-07
150 5.025988262114296e-07
151 5.388821449529353e-07
152 5.261962261294691e-07
153 4.336127142563578e-07
154 5.591684679961759e-07
155 5.72710002287695e-07
156 4.986224678684085e-07
157 7.037700080768982e-07
158 5.369164681155553e-07
159 4.920609471178252e-07
160 5.638462175116932e-07
161 5.682561647973789e-07
162 4.895602632339341e-07
163 4.779144770574231e-07
164 4.6054963549636716e-07
165 5.846638413233714e-07
166 5.943533412016875e-07
167 5.440680714110595e-07
168 5.360911850126382e-07
169 5.351550707095026e-07
170 4.375847663087754e-07
171 5.713392491442443e-07
172 6.159383029810807e-07
173 4.6866817578962473e-07
174 4.5342885118199855e-07
175 5.117109204591378e-07
176 5.359713999742715e-07
177 5.509830620217477e-07
178 6.156396144323435e-07
179 4.275220836238537e-07
180 5.835874381877628e-07
181 5.701274447861831e-07
182 4.860991907456462e-07
183 4.795749046779714e-07
184 5.146108218035357e-07
185 4.6338897839978395e-07
186 5.988071326378267e-07
187 6.432830355120762e-07
188 5.929988377010644e-07
189 4.880962513519605e-07
190 4.859796214276288e-07
191 5.683195242506218e-07
192 4.229405798454471e-07
193 5.817622814465216e-07
194 5.434454465269282e-07
195 3.962707217231665e-07
196 5.010614232589919e-07
197 5.952404375590569e-07
198 6.138155592179092e-07
199 4.5228976240605427e-07
200 6.120333963338939e-07
201 5.304831062039357e-07
202 5.972907484152121e-07
203 5.592871505092502e-07
204 3.922072352412094e-07
205 5.471380554901758e-07
206 4.670253767595978e-07
207 5.30542160159807e-07
208 4.802840532759014e-07
209 4.6047139290569126e-07
210 4.6530767906660763e-07
211 5.146888077396315e-07
212 4.571333358153213e-07
213 5.870026027914182e-07
214 6.134202950704969e-07
215 4.544372580423941e-07
216 5.427170840989379e-07
217 5.740144150395377e-07
218 4.4438927533567406e-07
219 4.3283880459372426e-07
220 5.425157360430336e-07
221 6.192390172635592e-07
222 5.257937941659059e-07
223 5.091492710955668e-07
224 5.694468956759942e-07
225 3.803665880145297e-07
226 5.012280336678516e-07
227 5.16181672429814e-07
228 5.630439880339965e-07
229 5.718813861034694e-07
230 6.47427888410955e-07
231 6.564794996580085e-07
232 5.453785615477596e-07
233 5.286321437692288e-07
234 6.506516259325005e-07
235 5.855955513942999e-07
236 4.648167765947383e-07
237 5.114177751825945e-07
238 5.332434155206814e-07
239 5.535126443487104e-07
240 3.8472606980137984e-07
241 4.912004527175255e-07
242 5.286352316990704e-07
243 6.020898978299946e-07
244 5.174696475054703e-07
245 6.181583646382425e-07
246 5.039877078161519e-07
247 4.878574271653897e-07
248 5.662226399552862e-07
249 5.268753691889317e-07
250 4.992978974661327e-07
251 5.282064147855242e-07
252 5.225095138642864e-07
253 5.732640210399571e-07
254 6.289158489588775e-07
255 5.687396602443641e-07
256 5.152431270845704e-07
257 5.94086591454948e-07
258 4.950499575204201e-07
259 5.534805063284329e-07
260 5.312693258667961e-07
261 5.281100320629602e-07
262 5.79352507253017e-07
263 5.107705987276896e-07
264 4.964455109366754e-07
265 5.433040685444314e-07
266 5.515462282777704e-07
267 4.192932799590922e-07
268 4.774858658024896e-07
269 5.890433454746111e-07
270 4.5256982139287434e-07
271 4.5834241038725067e-07
272 5.011830261080163e-07
273 4.4742200044718974e-07
274 5.541861276175319e-07
275 6.001236053363573e-07
276 4.292961435177271e-07
277 4.849191558473719e-07
278 4.6260623200640646e-07
279 6.383288116706912e-07
280 6.369280207912755e-07
281 5.045388646562337e-07
282 5.152574892597267e-07
283 6.168469979942095e-07
284 5.349942448635253e-07
285 4.7622091830383787e-07
286 5.03048115826199e-07
287 5.343498239347327e-07
288 4.540479611271572e-07
289 4.555746220087478e-07
290 6.245655597726622e-07
291 4.831842756791216e-07
292 5.255476560536177e-07
293 5.040689232516206e-07
294 6.1256231588063e-07
295 4.82430271946187e-07
296 5.289207367496979e-07
297 5.503415075755971e-07
298 4.88374968587031e-07
299 5.660451429402518e-07
