0 5.372384013888018e-07
1 5.275336592316128e-07
2 5.338865997651604e-07
3 5.322641691044791e-07
4 5.558862864026995e-07
5 5.577852924613684e-07
6 5.604827640015781e-07
7 5.466466755516031e-07
8 5.454768757125001e-07
9 5.431385454681478e-07
10 5.549932251710884e-07
11 5.38948417830348e-07
12 5.468818524965519e-07
13 5.319010072335076e-07
14 5.300598444443814e-07
15 5.375896917770611e-07
16 5.732788219765275e-07
17 5.251739024049231e-07
18 5.554784826320006e-07
19 5.583740235676745e-07
20 5.372380345740727e-07
21 5.388580631921333e-07
22 5.359551410696342e-07
23 5.537520076243946e-07
24 5.532785683915725e-07
25 5.51412818749815e-07
26 5.484186947803131e-07
27 5.442119260618528e-07
28 5.481968445559505e-07
29 5.471780775900486e-07
30 5.584406670060878e-07
31 5.403203801915486e-07
32 5.41014749915502e-07
33 5.387077651571632e-07
34 5.376987238264231e-07
35 5.282628347210347e-07
36 5.439255345425681e-07
37 5.244200576757738e-07
38 5.56068148024042e-07
39 5.450635808672783e-07
40 5.311724420576678e-07
41 5.33654009294089e-07
42 5.443302898247114e-07
43 5.366121938344381e-07
44 5.4223754066644e-07
45 5.347506980172344e-07
46 5.503763162110979e-07
47 5.329467645196299e-07
48 5.617375910885836e-07
49 5.456741076825405e-07
50 5.243179736475277e-07
51 5.326332960337864e-07
52 5.301268414016535e-07
53 5.441443494670604e-07
54 5.392610461021474e-07
55 5.333280983668167e-07
56 5.269063001901375e-07
57 5.563364078298194e-07
58 5.291434485924757e-07
59 5.35092456414351e-07
60 5.520313746263098e-07
61 5.227704259307383e-07
62 5.742548940278885e-07
63 5.453242127194689e-07
64 5.563528698089572e-07
65 5.267448279958565e-07
66 5.342674689687809e-07
67 5.304507293011799e-07
68 5.387763583982008e-07
69 5.59490513443413e-07
70 5.408557151916041e-07
71 5.420366751902369e-07
72 5.543916602898653e-07
73 5.295593009801136e-07
74 5.590143372892943e-07
75 5.278178351887723e-07
76 5.348279603782895e-07
77 5.422942380999985e-07
78 5.172629951437898e-07
79 5.248667362673937e-07
80 5.545621523853242e-07
81 5.544053813167525e-07
82 5.464562652567434e-07
83 5.512358225600056e-07
84 5.410484684263956e-07
85 5.267421120020002e-07
86 5.286197684164617e-07
87 5.436630648670859e-07
88 5.46376261174306e-07
89 5.560976329262482e-07
90 5.495891839138887e-07
91 5.387596927455612e-07
92 5.42931501938566e-07
93 5.388605122996226e-07
94 5.390499416909521e-07
95 5.677102282222223e-07
96 5.213138095365262e-07
97 5.375168390368983e-07
98 5.509909593694042e-07
99 5.237241445276631e-07
100 5.357754819547192e-07
101 5.400371854822186e-07
102 5.532943359158335e-07
103 5.480855051093451e-07
104 5.553288868730238e-07
105 5.202126467016946e-07
106 5.293926246157815e-07
107 5.449166823444473e-07
108 5.680215069792352e-07
109 5.485676746663257e-07
110 5.311566357498296e-07
111 5.519759838046916e-07
112 5.413809739307152e-07
113 5.382718178969419e-07
114 5.204449760707592e-07
115 5.408659096988298e-07
116 5.569335938504053e-07
117 5.50686393933844e-07
118 5.666915652520144e-07
119 5.39836465702179e-07
120 5.395729562702816e-07
121 5.502035034857946e-07
122 5.386701789438661e-07
123 5.460068483812072e-07
124 5.409311261724179e-07
125 5.289503432106646e-07
126 5.455348134267888e-07
127 5.42887511502639e-07
128 5.506702713568783e-07
129 5.434381139513699e-07
130 5.42707128197897e-07
131 5.433893963800393e-07
132 5.358425062385967e-07
133 5.372658285335383e-07
134 5.29797470888987e-07
135 5.532631877098568e-07
136 5.380641487097896e-07
137 5.498029977046722e-07
138 5.429252119830845e-07
139 5.321729900777967e-07
140 5.492048470301878e-07
141 5.661479124543074e-07
142 5.448865620489749e-07
143 5.443691515355402e-07
144 5.395539823947724e-07
145 5.359010311276955e-07
146 5.485505948288255e-07
147 5.403359315340358e-07
148 5.540397275438496e-07
149 5.362423826542771e-07
150 5.470541339120465e-07
151 5.341968734394016e-07
152 5.450121287146346e-07
153 5.576246947538615e-07
154 5.317242024434497e-07
155 5.216777792184238e-07
156 5.477721512403427e-07
157 5.064073407056632e-07
158 5.383225565808845e-07
159 5.418684753494257e-07
160 5.297692404483558e-07
161 5.3257263522648e-07
162 5.430032274728868e-07
163 5.460415416287161e-07
164 5.47764915246636e-07
165 5.284618988945114e-07
166 5.297867859773204e-07
167 5.353098796513979e-07
168 5.438955868801357e-07
169 5.421834379483951e-07
170 5.646320150792958e-07
171 5.315009208634839e-07
172 5.266729399559374e-07
173 5.547520980790148e-07
174 5.461003274279078e-07
175 5.441197408597179e-07
176 5.314893455131135e-07
177 5.315568745957944e-07
178 5.106133747881907e-07
179 5.536590074958204e-07
180 5.246411958694111e-07
181 5.160164122618548e-07
182 5.553018033432261e-07
183 5.43879707934115e-07
184 5.450650130983357e-07
185 5.56532737556565e-07
186 5.295057109321053e-07
187 5.157008476939162e-07
188 5.280332358854564e-07
189 5.543831650916187e-07
190 5.501363633056434e-07
191 5.268275990959638e-07
192 5.738802972160296e-07
193 5.298346453644253e-07
194 5.458332562166183e-07
195 5.679252062228655e-07
196 5.407186386993464e-07
197 5.17814045067442e-07
198 5.247318554881386e-07
199 5.518958382058198e-07
200 5.190463028573788e-07
201 5.416287758973224e-07
202 5.274457464339701e-07
203 5.322580264250275e-07
204 5.637987240912211e-07
205 5.350014591662104e-07
206 5.533201428218027e-07
207 5.402658964332409e-07
208 5.590790562511062e-07
209 5.528949416426271e-07
210 5.559026415972505e-07
211 5.4315522177785e-07
212 5.557634808613548e-07
213 5.402448361130959e-07
214 5.177945709202481e-07
215 5.507222588414683e-07
216 5.323497022908992e-07
217 5.287339013291652e-07
218 5.686565782216609e-07
219 5.610421726579653e-07
220 5.465022439475706e-07
221 5.174010601377593e-07
222 5.398225115345208e-07
223 5.461634585474485e-07
224 5.37505159954246e-07
225 5.630654470969636e-07
226 5.4778865584791e-07
227 5.402099253289304e-07
228 5.341360055888501e-07
229 5.343932736985489e-07
230 5.151368832782767e-07
231 5.053280872843375e-07
232 5.400484580781555e-07
233 5.366452984604011e-07
234 5.246740463274527e-07
235 5.30046846278242e-07
236 5.599326880335269e-07
237 5.46367710803059e-07
238 5.378557113666842e-07
239 5.399477299558537e-07
240 5.662055064990481e-07
241 5.482292287132003e-07
242 5.480568330171244e-07
243 5.287331554175326e-07
244 5.42537767684396e-07
245 5.205057558627011e-07
246 5.454622296840385e-07
247 5.467517337950108e-07
248 5.363012648479941e-07
249 5.342321317741103e-07
250 5.46162883677121e-07
251 5.334418687212012e-07
252 5.39070424836053e-07
253 5.237096458028276e-07
254 5.191556198690264e-07
255 5.410390384433101e-07
256 5.491786347995233e-07
257 5.300589458314138e-07
258 5.492419522196085e-07
259 5.361246562328073e-07
260 5.307444012694546e-07
261 5.386207869902003e-07
262 5.276914384061924e-07
263 5.497910730079253e-07
264 5.463633400744592e-07
265 5.245341765974775e-07
266 5.306916761195387e-07
267 5.655851798379039e-07
268 5.533292581901377e-07
269 5.283935530809814e-07
270 5.546513822774284e-07
271 5.499038797504874e-07
272 5.478379263789269e-07
273 5.579916165805105e-07
274 5.406532114373513e-07
275 5.265384699166818e-07
276 5.582128245195093e-07
277 5.583906707561227e-07
278 5.505775026110826e-07
279 5.106926248973284e-07
280 5.32728130325152e-07
281 5.435311476520178e-07
282 5.447040067033883e-07
283 5.208901321186057e-07
284 5.35197555642745e-07
285 5.470173017890709e-07
286 5.419484470538887e-07
287 5.434987509814919e-07
288 5.515965286247098e-07
289 5.525296192464217e-07
290 5.162403877997072e-07
291 5.458143816692394e-07
292 5.402032936120637e-07
293 5.472884744624246e-07
294 5.250865158986843e-07
295 5.540706542617859e-07
296 5.363316801070202e-07
297 5.386940135034534e-07
298 5.564011933942743e-07
299 5.296264300488452e-07
