0 -2.1355838720566e-06
1 -2.1434252604477148e-06
2 -2.187717380413508e-06
3 -2.1327739213729896e-06
4 -2.1462517416342463e-06
5 -2.071790461448257e-06
6 -2.014083142937836e-06
7 -2.119948805875199e-06
8 -2.136647774509178e-06
9 -1.9769912759739783e-06
10 -2.0700795716601186e-06
11 -2.168213617878015e-06
12 -2.259936467088993e-06
13 -2.1161200079361753e-06
14 -2.1787652155664363e-06
15 -2.2487512334564068e-06
16 -2.0849646856045935e-06
17 -2.122461913567496e-06
18 -2.1913179866802004e-06
19 -2.0740108591542973e-06
20 -2.10746090667702e-06
21 -2.0914205479143302e-06
22 -2.132314742456961e-06
23 -2.1864644494216207e-06
24 -2.206242602898317e-06
25 -2.1838446183342155e-06
26 -2.179905972297152e-06
27 -2.1863297103197297e-06
28 -2.0854913457378187e-06
29 -2.1327294745748803e-06
30 -2.169694947807679e-06
31 -2.104124608079049e-06
32 -2.15309533541606e-06
33 -2.206745110496714e-06
34 -2.1688947067839592e-06
35 -2.191842437201521e-06
36 -2.1211399485821378e-06
37 -2.1772383235065493e-06
38 -2.157716708628365e-06
39 -2.136743628367186e-06
40 -2.1667630102730098e-06
41 -2.107037698739414e-06
42 -2.0191629387501198e-06
43 -2.215973157008028e-06
44 -2.1006592161033507e-06
45 -2.1682412177598434e-06
46 -2.1295879194663287e-06
47 -2.163307235550983e-06
48 -2.0480898185223225e-06
49 -2.1033443107944558e-06
50 -2.0747952452468187e-06
51 -2.280457242364462e-06
52 -2.0993910915735435e-06
53 -2.099682455205524e-06
54 -2.135116434523538e-06
55 -2.2219480757187907e-06
56 -2.2183661008938612e-06
57 -2.287778307011175e-06
58 -2.0856094275455205e-06
59 -2.1203009489931583e-06
60 -2.2041262055946725e-06
61 -2.1364644834241626e-06
62 -2.1298755115805402e-06
63 -2.0942865799355904e-06
64 -2.2663569091365666e-06
65 -2.1268058919442795e-06
66 -2.1316973112427105e-06
67 -2.0919843353030016e-06
68 -2.1901219542356647e-06
69 -2.031531074450198e-06
70 -2.105912232854294e-06
71 -2.200422006441011e-06
72 -2.1684551477448877e-06
73 -2.1403774987931436e-06
74 -2.0347684052590435e-06
75 -2.1764879245060967e-06
76 -2.044953285446271e-06
77 -2.0958881670032616e-06
78 -2.0505639107423393e-06
79 -2.136305175176983e-06
80 -2.1054286820550684e-06
81 -2.1689588865079378e-06
82 -2.0890017808436558e-06
83 -2.1552621314572147e-06
84 -2.073713453173823e-06
85 -2.0023186837146226e-06
86 -2.0804601650404078e-06
87 -2.1740611438725196e-06
88 -2.2299894993459926e-06
89 -2.226534233860631e-06
90 -2.1508384380680444e-06
91 -2.0559509553909997e-06
92 -2.1274585363119198e-06
93 -2.154419761773207e-06
94 -2.2450723461467393e-06
95 -2.1288795723033124e-06
96 -2.0926372376718512e-06
97 -2.082767866277486e-06
98 -2.025686972138698e-06
99 -2.176864142857483e-06
100 -2.1127030538654107e-06
101 -2.1125182673315287e-06
102 -2.1351677377788752e-06
103 -2.1067348943478377e-06
104 -2.151452264739094e-06
105 -2.2287694583284295e-06
106 -2.141378685513414e-06
107 -2.144478262203594e-06
108 -2.1379647697869644e-06
109 -2.1310806136440687e-06
110 -2.2419296352808186e-06
111 -2.210916778043431e-06
112 -2.1515317736300684e-06
113 -2.084375449278539e-06
114 -2.1237052663201466e-06
115 -2.170988764720544e-06
116 -2.2549290227832126e-06
117 -2.071817066989455e-06
118 -2.081605045438095e-06
119 -2.1995177984209587e-06
120 -2.1713464211621666e-06
121 -2.105150049355702e-06
122 -2.081834814196099e-06
123 -2.1386530704771813e-06
124 -2.2437864387362014e-06
125 -2.176028836044649e-06
126 -2.120126443106427e-06
127 -2.114752436077177e-06
128 -2.280788587984391e-06
129 -2.139543157496601e-06
130 -2.226908469806639e-06
131 -2.3227810966624154e-06
132 -2.1850485074627825e-06
133 -2.1045233703031287e-06
134 -2.176873392826249e-06
135 -2.3048471022522124e-06
136 -2.1484934751731712e-06
137 -2.1622059380989372e-06
138 -2.2092946471450145e-06
139 -2.0679651452131194e-06
140 -2.2284672087336622e-06
141 -2.1404259994682693e-06
142 -2.1995870153498412e-06
143 -2.1365371951514056e-06
144 -2.1198791734072966e-06
145 -2.087286071900321e-06
146 -2.126162368627914e-06
147 -2.078904503471726e-06
148 -2.23378240101868e-06
149 -2.198376577987294e-06
150 -2.081904365398574e-06
151 -2.046201454504929e-06
152 -2.0682368656277867e-06
153 -2.2113494138586893e-06
154 -2.1637733132204717e-06
155 -2.0894463374989406e-06
156 -2.129678260742657e-06
157 -2.1592219603981686e-06
158 -2.159162776312638e-06
159 -2.061662619779995e-06
160 -2.148219090996375e-06
161 -2.1231678214495868e-06
162 -2.203399484568253e-06
163 -2.2342007923956974e-06
164 -2.1849372490610782e-06
165 -2.224382040411704e-06
166 -2.257635925346238e-06
167 -2.104026766057316e-06
168 -2.135047557427059e-06
169 -2.026947803901448e-06
170 -2.195168578328333e-06
171 -2.046004917230894e-06
172 -2.1929050549437113e-06
173 -2.1661155789421394e-06
174 -2.2777401039589532e-06
175 -2.1251302322472055e-06
176 -2.140683624807037e-06
177 -2.1864018940986982e-06
178 -2.286594536574519e-06
179 -2.155035198523358e-06
180 -2.208633950095006e-06
181 -2.033201333322355e-06
182 -1.9408084749620682e-06
183 -2.0818933450762103e-06
184 -2.1866911859787596e-06
185 -2.119560333992763e-06
186 -2.182257147224825e-06
187 -2.382947776866359e-06
188 -2.0802758812949774e-06
189 -2.1912314525942623e-06
190 -2.1015297749050614e-06
191 -2.1565144563044664e-06
192 -2.193737970316195e-06
193 -2.141155336985288e-06
194 -2.035692868137901e-06
195 -2.0646148311472535e-06
196 -2.102735256793688e-06
197 -2.185243701633219e-06
198 -2.0970657363442833e-06
199 -2.152002911624549e-06
200 -2.0634664857937432e-06
201 -2.0948874405836673e-06
202 -2.142493205609807e-06
203 -2.205794952340722e-06
204 -2.0980557132314785e-06
205 -2.184158241927487e-06
206 -2.1534754198098407e-06
207 -2.184681628666582e-06
208 -2.152914644068388e-06
209 -2.27781436359189e-06
210 -2.0530644602052963e-06
211 -2.199219052457261e-06
212 -2.1842035157976966e-06
213 -2.197633538714859e-06
214 -2.138321921824868e-06
215 -2.144725471640564e-06
216 -1.9786452292546237e-06
217 -2.145730636149123e-06
218 -2.200682457588425e-06
219 -2.074172438174019e-06
220 -2.1024964845973163e-06
221 -2.1652981495848663e-06
222 -2.1133218499285253e-06
223 -2.0994038298993893e-06
224 -2.0543440048178873e-06
225 -2.2809201142451804e-06
226 -2.0435484875502316e-06
227 -2.230631665001531e-06
228 -2.1434727000588785e-06
229 -2.133074195842409e-06
230 -2.1970771417616483e-06
231 -2.2143888140733486e-06
232 -2.141218915068209e-06
233 -2.1427598933472045e-06
234 -2.1645280969886556e-06
235 -2.136987282813626e-06
236 -2.0380087440498256e-06
237 -2.1190213350338715e-06
238 -2.1653232130561897e-06
239 -2.210619104438359e-06
240 -2.1415660536488966e-06
241 -2.1648601277306897e-06
242 -2.1525907414288622e-06
243 -2.0947457321808728e-06
244 -2.0470212275206623e-06
245 -2.1242448575827162e-06
246 -2.1125925939729254e-06
247 -2.1559265215097173e-06
248 -2.193781994449298e-06
249 -2.1209720599068268e-06
250 -2.227578691550299e-06
251 -2.2605919821377144e-06
252 -2.045728211960012e-06
253 -2.171944259587406e-06
254 -2.1992869546012225e-06
255 -2.1467749553869283e-06
256 -2.0772608833218836e-06
257 -2.147223324877925e-06
258 -2.1399714015781734e-06
259 -2.105336229298495e-06
260 -2.1456750868073796e-06
261 -2.140751660357006e-06
262 -2.0465023818253153e-06
263 -2.196495500576091e-06
264 -2.1044732730550972e-06
265 -2.2195059169604176e-06
266 -2.0997336838049992e-06
267 -2.073326731688665e-06
268 -2.1195657598682397e-06
269 -2.181164247593249e-06
270 -2.1867237736884496e-06
271 -2.128094702974973e-06
272 -2.17618045637832e-06
273 -2.136375066096762e-06
274 -2.182256696400614e-06
275 -2.2899841801541387e-06
276 -2.1698851014534657e-06
277 -2.18782754638346e-06
278 -2.2637892258016002e-06
279 -2.1682258827061306e-06
280 -2.1740334681871076e-06
281 -2.1317950530626226e-06
282 -2.178090208912266e-06
283 -2.2532661461140978e-06
284 -2.126429610496061e-06
285 -2.1566225652441782e-06
286 -2.0443533742483834e-06
287 -2.2337618519189125e-06
288 -2.1020165713109314e-06
289 -2.0378081726255e-06
290 -2.1277047119645404e-06
291 -2.177468340330586e-06
292 -2.1861067537005606e-06
293 -2.108533130846511e-06
294 -2.1114081714624058e-06
295 -2.0930052569318596e-06
296 -2.204502069934789e-06
297 -2.0443730374363056e-06
298 -2.161410497493835e-06
299 -2.0619179557606243e-06
