0 8.756056668692855e-07
1 9.063071403760123e-07
2 8.69076818963379e-07
3 8.857242044735921e-07
4 8.975583395747016e-07
5 8.958968714355744e-07
6 8.928559174995112e-07
7 8.769114174618093e-07
8 9.092052888003277e-07
9 8.888528091918157e-07
10 8.906514265157506e-07
11 8.668748803302892e-07
12 8.636222642400264e-07
13 8.837448358220658e-07
14 8.76656934738531e-07
15 8.888245089966533e-07
16 9.04152005514503e-07
17 8.608223626361665e-07
18 9.305312357274672e-07
19 8.735745004378682e-07
20 8.80608018411245e-07
21 8.707393305738318e-07
22 8.90726162024663e-07
23 8.949771282720198e-07
24 8.904313505736401e-07
25 8.829305733483342e-07
26 8.732104486698952e-07
27 8.7481489369801e-07
28 8.692774727600326e-07
29 8.64433941468413e-07
30 8.46392661645863e-07
31 9.098119050706757e-07
32 8.330774156587915e-07
33 8.550127914522409e-07
34 9.136008441201029e-07
35 8.552219902472137e-07
36 8.574947365092622e-07
37 8.931802880381129e-07
38 9.005488113061446e-07
39 8.63870221013635e-07
40 8.902042052664618e-07
41 8.455563586478332e-07
42 8.655529576117501e-07
43 8.614537313945868e-07
44 8.746452609146509e-07
45 9.060404758441858e-07
46 8.965265432971024e-07
47 8.275697282965804e-07
48 8.753789188851877e-07
49 8.5427138880232e-07
50 9.061495832560563e-07
51 8.866168725727786e-07
52 8.90937168512075e-07
53 8.75371843480498e-07
54 9.042601356006864e-07
55 8.947621539504853e-07
56 9.074744533871548e-07
57 8.340805837679095e-07
58 9.153232427841181e-07
59 8.964825302369185e-07
60 8.735981067545242e-07
61 9.038913686590102e-07
62 8.822359553110284e-07
63 8.931190105108034e-07
64 8.65898438852884e-07
65 8.817798886015578e-07
66 8.716579561234542e-07
67 9.13569148038005e-07
68 8.992109873047412e-07
69 9.04054717989633e-07
70 8.623483860100236e-07
71 8.260189531909026e-07
72 8.646673186954678e-07
73 8.784972136032024e-07
74 9.326827790760093e-07
75 8.850533804605145e-07
76 8.847818531010942e-07
77 9.023463854049484e-07
78 9.424257288641221e-07
79 9.116804804222968e-07
80 8.686545581588476e-07
81 8.980823103104129e-07
82 8.907244926524704e-07
83 9.128942738532621e-07
84 8.787052107620659e-07
85 8.932221450403079e-07
86 9.077936553468368e-07
87 9.098975999256934e-07
88 8.21970823376712e-07
89 8.679271766784167e-07
90 8.802484170721804e-07
91 8.299638382876811e-07
92 8.899208698054246e-07
93 8.870905057077206e-07
94 8.610475172281791e-07
95 8.81624284616012e-07
96 8.921181517908219e-07
97 8.875101537995099e-07
98 9.314840557882607e-07
99 8.702657081422915e-07
100 9.190290929570984e-07
101 8.992033968394169e-07
102 8.800671239444289e-07
103 9.18030681029285e-07
104 8.708042796555707e-07
105 8.681088756381188e-07
106 8.951138386047727e-07
107 8.678166062777835e-07
108 9.147869763109867e-07
109 8.471059671843358e-07
110 8.490787521907879e-07
111 9.027649848208272e-07
112 8.799455259295723e-07
113 8.873965677491818e-07
114 8.955743286932684e-07
115 8.687536316099829e-07
116 9.336999517423333e-07
117 9.02131373570538e-07
118 8.951691209210758e-07
119 8.558327032628541e-07
120 8.900462818311703e-07
121 9.184560859208162e-07
122 8.984977018998579e-07
123 8.660974802617617e-07
124 8.693518811232237e-07
125 8.275004858244736e-07
126 9.322192940119154e-07
127 9.222732040569985e-07
128 8.446939004006718e-07
129 8.113789882015261e-07
130 8.77428696200266e-07
131 8.357949692316838e-07
132 8.984292095614641e-07
133 8.528126629318389e-07
134 8.832437203320543e-07
135 8.492874990940399e-07
136 8.797814217656646e-07
137 8.789071913350221e-07
138 8.611162097762467e-07
139 9.074810207883521e-07
140 8.930463793071666e-07
141 8.330685309584777e-07
142 8.70090254454457e-07
143 8.606187776269742e-07
144 8.484518453848378e-07
145 8.739995523184027e-07
146 8.700326472896775e-07
147 9.105254756627587e-07
148 9.021885675586665e-07
149 8.632265883202883e-07
150 9.295830107239258e-07
151 8.83958686722606e-07
152 8.739630714647434e-07
153 8.889294809135098e-07
154 8.448797304337502e-07
155 8.425609606057606e-07
156 9.218668267344311e-07
157 8.880612102505174e-07
158 8.897535171191514e-07
159 9.184989519261864e-07
160 8.770506408048297e-07
161 9.113381795100423e-07
162 8.670137684164426e-07
163 9.017587522543062e-07
164 9.129608486462617e-07
165 8.909099237446644e-07
166 8.477920854508441e-07
167 8.779005498026994e-07
168 8.970638599374278e-07
169 9.098854985905134e-07
170 9.021197739827194e-07
171 9.259931797655338e-07
172 8.731494619488682e-07
173 8.871975277768612e-07
174 8.864351145001019e-07
175 8.876668984724761e-07
176 8.642663974409526e-07
177 8.496133419330374e-07
178 8.765236114675507e-07
179 9.158521460073275e-07
180 8.608082858234872e-07
181 8.6793125418607e-07
182 9.677507810515919e-07
183 9.137928601271701e-07
184 9.063966118590701e-07
185 8.947684624056134e-07
186 8.916004971151694e-07
187 8.719026707326897e-07
188 8.852630868277734e-07
189 8.646671135775638e-07
190 8.943731543695805e-07
191 8.620236327408246e-07
192 8.752332125505968e-07
193 8.684426672052528e-07
194 9.311890849057266e-07
195 9.183002793696669e-07
196 8.461780900975135e-07
197 8.603872951360834e-07
198 8.495485757054724e-07
199 9.034708699948448e-07
200 8.753642266173797e-07
201 8.448987697376588e-07
202 9.081295491090028e-07
203 8.35729198862698e-07
204 9.13715168420483e-07
205 9.132478447087448e-07
206 8.831629185462528e-07
207 8.691394018466148e-07
208 8.652322601101375e-07
209 8.809858943570521e-07
210 9.326225414786818e-07
211 9.03392576756105e-07
212 8.467025873237272e-07
213 9.3009973276048e-07
214 8.586030075880502e-07
215 8.384790562542414e-07
216 8.91794482454986e-07
217 9.164837454079755e-07
218 8.672571752286805e-07
219 9.352028508455026e-07
220 9.060165970423749e-07
221 8.807684053628649e-07
222 9.055789496862542e-07
223 8.78652834085918e-07
224 8.720863412814792e-07
225 8.381894563368742e-07
226 8.811760153645138e-07
227 8.632334010768779e-07
228 8.855553082744542e-07
229 8.890127946031074e-07
230 8.277158056560026e-07
231 8.916100599206255e-07
232 8.965885972171246e-07
233 9.122746637450679e-07
234 8.903045704933577e-07
235 8.286025468110509e-07
236 9.358150391535425e-07
237 8.881155768910237e-07
238 9.043201953043614e-07
239 8.334153617426183e-07
240 8.969840722092265e-07
241 8.87841294656059e-07
242 8.997788735845248e-07
243 9.049686960811982e-07
244 8.900326061494459e-07
245 8.521760108916223e-07
246 8.86172127699733e-07
247 8.66033313062782e-07
248 8.497394172505343e-07
249 8.655572440536173e-07
250 8.416836546249308e-07
251 9.019499533115492e-07
252 8.885919288745554e-07
253 8.742580773703543e-07
254 8.580590583844569e-07
255 8.812229962684111e-07
256 8.971047071328566e-07
257 8.877800158572909e-07
258 9.014049802128558e-07
259 8.621683506012337e-07
260 8.917410524869337e-07
261 8.779476883128589e-07
262 9.096188532648956e-07
263 8.353732628681931e-07
264 8.94659886697223e-07
265 8.371682115656564e-07
266 9.230157817075917e-07
267 9.089956638830139e-07
268 8.824289542636291e-07
269 8.99314249094228e-07
270 9.601145315617402e-07
271 8.781219388728368e-07
272 9.120207206525563e-07
273 8.77323287862002e-07
274 8.769723485381686e-07
275 8.534320001604365e-07
276 8.769848598274389e-07
277 8.656758131710708e-07
278 9.142228981407105e-07
279 8.647028147596443e-07
280 9.134133141737193e-07
281 9.034528146407565e-07
282 9.100191673047405e-07
283 8.644900642771413e-07
284 8.907143618716692e-07
285 8.155072497132348e-07
286 9.33836123137221e-07
287 9.008367169731313e-07
288 9.051710727915526e-07
289 8.959377329328029e-07
290 8.773013533336758e-07
291 8.80923722803789e-07
292 8.918706655591353e-07
293 8.736153529685503e-07
294 9.137050560175887e-07
295 8.678753109384823e-07
296 8.807926424568925e-07
297 9.228307396367607e-07
298 8.746209994730023e-07
299 8.823848012425128e-07
