0 1.6969200709991077e-07
1 1.7001981649651163e-07
2 1.7724535457445365e-07
3 1.795542721938351e-07
4 1.775170273640343e-07
5 1.7853148405913524e-07
6 1.695430030321051e-07
7 1.718431704232009e-07
8 1.7674046269892843e-07
9 1.7622038985932563e-07
10 1.7277106578034337e-07
11 1.7311929011137527e-07
12 1.7410763646431455e-07
13 1.740249110688709e-07
14 1.742518772160327e-07
15 1.7489214858580442e-07
16 1.7645625346202264e-07
17 1.7366768040288775e-07
18 1.7247694253351587e-07
19 1.7270110476101242e-07
20 1.7517041642509116e-07
21 1.7768151029057993e-07
22 1.775516716915512e-07
23 1.7315153681055862e-07
24 1.7791422878457773e-07
25 1.7212105867730981e-07
26 1.769489990299667e-07
27 1.728737964704948e-07
28 1.813445001945508e-07
29 1.7476996431559055e-07
30 1.7380951421560266e-07
31 1.7236637868184081e-07
32 1.7395616805536948e-07
33 1.7257572370170472e-07
34 1.7462878217344977e-07
35 1.7692283482426905e-07
36 1.7890997511379408e-07
37 1.7292796869338068e-07
38 1.7558510199001686e-07
39 1.7597061739772019e-07
40 1.7838035157902263e-07
41 1.7597897063693046e-07
42 1.744408269081191e-07
43 1.7225342662605723e-07
44 1.764152879534411e-07
45 1.7572056555393877e-07
46 1.766142825404692e-07
47 1.7453842890967523e-07
48 1.770369479354269e-07
49 1.7518492063582678e-07
50 1.747399544316853e-07
51 1.7250850625512204e-07
52 1.7514368246794442e-07
53 1.7540190780628416e-07
54 1.768137701097018e-07
55 1.7242508633429762e-07
56 1.7511983079902208e-07
57 1.7082459551361503e-07
58 1.7751937247074726e-07
59 1.7601851187725162e-07
60 1.707377164830683e-07
61 1.7405724218515022e-07
62 1.760191851019618e-07
63 1.7433142184598971e-07
64 1.78289696365318e-07
65 1.7012654985525963e-07
66 1.7219399924876858e-07
67 1.7720452486239156e-07
68 1.776957981374697e-07
69 1.7463723993526278e-07
70 1.7646509590079186e-07
71 1.6922234833273481e-07
72 1.768363789661953e-07
73 1.7979733532094322e-07
74 1.7353380357604341e-07
75 1.7523323175174823e-07
76 1.7410626524312214e-07
77 1.722927448559781e-07
78 1.7526039723177972e-07
79 1.7349598967123165e-07
80 1.758081104262854e-07
81 1.753298601607115e-07
82 1.7941734813496672e-07
83 1.7451721333377752e-07
84 1.7640141145922543e-07
85 1.7157406229200446e-07
86 1.7388308369144647e-07
87 1.7254609649932764e-07
88 1.7230345136332335e-07
89 1.7718677250872664e-07
90 1.772659516635519e-07
91 1.7212927069642603e-07
92 1.7742217975883527e-07
93 1.711984585987306e-07
94 1.7315822326000876e-07
95 1.7669674602289767e-07
96 1.7895623872304508e-07
97 1.77424672221692e-07
98 1.7565370526804332e-07
99 1.798676551797296e-07
100 1.7201220176473216e-07
101 1.7654522814845772e-07
102 1.7414426476675583e-07
103 1.7728385507982726e-07
104 1.7595143936715248e-07
105 1.7661066737742084e-07
106 1.7372475522942267e-07
107 1.75760851628104e-07
108 1.7021911548717695e-07
109 1.7220075154710535e-07
110 1.7495597041922222e-07
111 1.7674739344465663e-07
112 1.748423697369595e-07
113 1.777994975750563e-07
114 1.7601473286034543e-07
115 1.7309900099978632e-07
116 1.7255202586406332e-07
117 1.7389482607091046e-07
118 1.6904385722030202e-07
119 1.7178891435460246e-07
120 1.7222872012983736e-07
121 1.7400924475651852e-07
122 1.7843528756434328e-07
123 1.714427864055552e-07
124 1.7726866951018302e-07
125 1.72796885026023e-07
126 1.7543341175632243e-07
127 1.7028552628026604e-07
128 1.7822297807425326e-07
129 1.751847058304934e-07
130 1.7218881616982333e-07
131 1.7308045042587274e-07
132 1.7434468061337604e-07
133 1.748471523811581e-07
134 1.741484457527526e-07
135 1.734804804762978e-07
136 1.7542952717819398e-07
137 1.7945265833863026e-07
138 1.7626014645847582e-07
139 1.7335372914599693e-07
140 1.7226467839129403e-07
141 1.8074874545236075e-07
142 1.7329494323848961e-07
143 1.7118030695032552e-07
144 1.7525619488875714e-07
145 1.807296288158644e-07
146 1.76120529383276e-07
147 1.775482976650791e-07
148 1.7120188568770778e-07
149 1.71943615274184e-07
150 1.759870327422439e-07
151 1.706732912910863e-07
152 1.784325253837712e-07
153 1.7165695834040652e-07
154 1.7628695103760332e-07
155 1.7802249930892683e-07
156 1.7525856337721635e-07
157 1.7185214657139524e-07
158 1.7664814309934833e-07
159 1.748813038145373e-07
160 1.7483382911604736e-07
161 1.697242125792738e-07
162 1.7404076443753157e-07
163 1.7884757079901435e-07
164 1.7500575346653813e-07
165 1.7586206141918326e-07
166 1.7202486708774684e-07
167 1.755186962598411e-07
168 1.7533842104412718e-07
169 1.7439362032631335e-07
170 1.7202511969597663e-07
171 1.7145704392362134e-07
172 1.773397892509983e-07
173 1.800849321073595e-07
174 1.6834093126457246e-07
175 1.7481293844055193e-07
176 1.8279932924478074e-07
177 1.770727846999755e-07
178 1.7386210373940571e-07
179 1.7227342842754649e-07
180 1.748477082012213e-07
181 1.7363499736427967e-07
182 1.7505822569814367e-07
183 1.7435714925096394e-07
184 1.769804175743707e-07
185 1.7280453542491834e-07
186 1.726101095792107e-07
187 1.7606262339055952e-07
188 1.7198405545091788e-07
189 1.76034800837017e-07
190 1.7045044795033118e-07
191 1.7412801718140234e-07
192 1.7677136843744837e-07
193 1.795865937017124e-07
194 1.7260766089530508e-07
195 1.747982165611476e-07
196 1.7806292830242028e-07
197 1.7627058760803396e-07
198 1.7334718691369059e-07
199 1.730288344593331e-07
200 1.75671418783985e-07
201 1.772529509419831e-07
202 1.7306655143030315e-07
203 1.766398646228987e-07
204 1.7714636238290432e-07
205 1.7050266599880715e-07
206 1.7301064278249805e-07
207 1.772647873289935e-07
208 1.7659477918399215e-07
209 1.7481885950219418e-07
210 1.720284847775716e-07
211 1.743836357048553e-07
212 1.7203091872455503e-07
213 1.7322998273214768e-07
214 1.754191308160389e-07
215 1.7665418703844278e-07
216 1.7506576747962456e-07
217 1.717231779890148e-07
218 1.7432068291567496e-07
219 1.7251238214031237e-07
220 1.7626218269555558e-07
221 1.7442624764754912e-07
222 1.7822969535827705e-07
223 1.7444495744384905e-07
224 1.7832171730645507e-07
225 1.7444001402145586e-07
226 1.7892476830469263e-07
227 1.7712373145397318e-07
228 1.7339170572331421e-07
229 1.732170601337839e-07
230 1.7888220035231879e-07
231 1.6846752603098084e-07
232 1.7435269991630332e-07
233 1.7154580079172634e-07
234 1.7051816876500966e-07
235 1.78569148612933e-07
236 1.7316135951506856e-07
237 1.7280522862501812e-07
238 1.7057213629467185e-07
239 1.716775971576536e-07
240 1.7364157779839368e-07
241 1.7873881282657994e-07
242 1.7734635312263943e-07
243 1.7731640174823986e-07
244 1.7688437524612688e-07
245 1.7883307757970947e-07
246 1.7457208225231927e-07
247 1.752674428437849e-07
248 1.7731688146632837e-07
249 1.7632016662193503e-07
250 1.7929781126851302e-07
251 1.7174756602530715e-07
252 1.7397422842016024e-07
253 1.694025619011067e-07
254 1.738707101777447e-07
255 1.6792176421174225e-07
256 1.764900494852116e-07
257 1.7776302989594929e-07
258 1.734769166733623e-07
259 1.7238380014956758e-07
260 1.7586094629193528e-07
261 1.7524797938952137e-07
262 1.7305836351066606e-07
263 1.7169303084629844e-07
264 1.7259143202977333e-07
265 1.7226849040533856e-07
266 1.7455185928227368e-07
267 1.7281136816227e-07
268 1.7073782246643848e-07
269 1.7501897992637406e-07
270 1.74813576013185e-07
271 1.7077965138979175e-07
272 1.755928816752382e-07
273 1.7046013582653188e-07
274 1.7933882759548578e-07
275 1.75629274391069e-07
276 1.7914265272589984e-07
277 1.7695335682221256e-07
278 1.7373205745974225e-07
279 1.7357594537288e-07
280 1.7473421892013012e-07
281 1.758496779256491e-07
282 1.724730647169665e-07
283 1.7252299809338963e-07
284 1.8090096050117534e-07
285 1.7689434602033608e-07
286 1.7605641596746538e-07
287 1.7477066701612593e-07
288 1.7374363624073261e-07
289 1.768566121972131e-07
290 1.750308029455548e-07
291 1.7534541445565053e-07
292 1.7568061298325556e-07
293 1.7407277125079175e-07
294 1.7290945980895223e-07
295 1.8065299447107748e-07
296 1.7678120124932512e-07
297 1.7656502360145049e-07
298 1.7572432043133646e-07
299 1.7364927473231876e-07
