0 1.2147804210348595e-06
1 1.2567496861353396e-06
2 1.2523811385686145e-06
3 1.1962656916092505e-06
4 1.2072471787456576e-06
5 1.1640123609800541e-06
6 1.0130558124010344e-06
7 1.1395519133762103e-06
8 1.2175815699419184e-06
9 1.035688322851444e-06
10 1.1542230612752783e-06
11 1.2276439297470351e-06
12 1.276424642805167e-06
13 1.1729503806477253e-06
14 1.2202647927908606e-06
15 1.2740294935088272e-06
16 1.1480081721894824e-06
17 1.109841041672342e-06
18 1.3355400526638896e-06
19 1.074212684589268e-06
20 1.1997599966350586e-06
21 1.1281580527490786e-06
22 1.2251664400645547e-06
23 1.2970152028462557e-06
24 1.2606087073284184e-06
25 1.2339865216360467e-06
26 1.2311492068275765e-06
27 1.2295893742644575e-06
28 1.103122979995837e-06
29 1.156881357953012e-06
30 1.1775694127778434e-06
31 1.2606652216003064e-06
32 1.1847079123486173e-06
33 1.2156508320725372e-06
34 1.2708893610952398e-06
35 1.1970753279661456e-06
36 1.1257723257692717e-06
37 1.2284689933440873e-06
38 1.2287034744613008e-06
39 1.1873480491655134e-06
40 1.219234427858732e-06
41 1.131711409680582e-06
42 1.0369967815573429e-06
43 1.2669342297267245e-06
44 1.1710286600264362e-06
45 1.2601657396777023e-06
46 1.1644401492776814e-06
47 1.1528499887901766e-06
48 1.0960029638833986e-06
49 1.1242486767096823e-06
50 1.135444597128163e-06
51 1.3605597195813806e-06
52 1.1659326290089587e-06
53 1.1480979380594638e-06
54 1.1989498307453032e-06
55 1.2638007669161677e-06
56 1.3021633373577326e-06
57 1.2861946716478882e-06
58 1.2147719942241254e-06
59 1.1909875756058084e-06
60 1.2228250425192773e-06
61 1.1939471160348786e-06
62 1.2461258643240253e-06
63 1.1964559450116586e-06
64 1.2968258306896768e-06
65 1.1663192992258937e-06
66 1.2260185820450146e-06
67 1.1883400272253251e-06
68 1.2961299579522852e-06
69 1.1042061514126113e-06
70 1.084791164992688e-06
71 1.2132222721154294e-06
72 1.205411604074938e-06
73 1.179449227564872e-06
74 1.0813921007836307e-06
75 1.2427511204550682e-06
76 1.191557769264823e-06
77 1.1663996922553916e-06
78 1.176550938070247e-06
79 1.2285425750526608e-06
80 1.1087877531459048e-06
81 1.2385710030952046e-06
82 1.1154906205003343e-06
83 1.2581299947502436e-06
84 1.1092447297510366e-06
85 1.0641612035375734e-06
86 1.134140667190876e-06
87 1.27010302873973e-06
88 1.2271757391694081e-06
89 1.2272862260924457e-06
90 1.1810545657958023e-06
91 1.0988728605625326e-06
92 1.1721862604859183e-06
93 1.1996682711287074e-06
94 1.279974203855327e-06
95 1.1631047655209487e-06
96 1.1613855068346476e-06
97 1.1387928377239533e-06
98 1.1279064290399772e-06
99 1.2172783534339794e-06
100 1.266920872906477e-06
101 1.1553339252212155e-06
102 1.2305445495786082e-06
103 1.1895865347303555e-06
104 1.2145142739477513e-06
105 1.3098817279279598e-06
106 1.2472646462734925e-06
107 1.1910416840460997e-06
108 1.2174505531094835e-06
109 1.1690232846114578e-06
110 1.2603702128626512e-06
111 1.2664710132407694e-06
112 1.147571683032108e-06
113 1.1388431552394528e-06
114 1.1681439583461835e-06
115 1.2454313891817936e-06
116 1.3039790757439763e-06
117 1.1442541161447833e-06
118 1.1534895419261862e-06
119 1.2562840653385305e-06
120 1.1886721028808355e-06
121 1.213585313101979e-06
122 1.1896718421148271e-06
123 1.215580861164581e-06
124 1.2544406234340378e-06
125 1.1124568903516756e-06
126 1.2353153273968816e-06
127 1.2251514355930758e-06
128 1.2543336125671487e-06
129 1.0410563471460382e-06
130 1.281997866160427e-06
131 1.3103675020250072e-06
132 1.239448204463827e-06
133 1.1007316307911193e-06
134 1.1726315029579324e-06
135 1.2939096359971527e-06
136 1.195974450522255e-06
137 1.1911840199849353e-06
138 1.3015166226765075e-06
139 1.1815070811153405e-06
140 1.2829547262722389e-06
141 1.1188575893157781e-06
142 1.2430833062550082e-06
143 1.198444659697797e-06
144 1.1864574706798114e-06
145 1.2127644160028079e-06
146 1.1670571039448461e-06
147 1.1522775339709152e-06
148 1.2643687372777947e-06
149 1.2233663936595341e-06
150 1.1521550389276045e-06
151 1.1346066307345578e-06
152 1.112949964621786e-06
153 1.2772507299751746e-06
154 1.1816530985456683e-06
155 1.077674304727732e-06
156 1.256076896984342e-06
157 1.2052030978125973e-06
158 1.2156573433019243e-06
159 1.1587600084739077e-06
160 1.2013076975856493e-06
161 1.212128602045451e-06
162 1.2479547886988232e-06
163 1.3505073988666136e-06
164 1.2628933690902982e-06
165 1.3220811182933126e-06
166 1.2642953410358884e-06
167 1.151139286231973e-06
168 1.1640150974941974e-06
169 1.1544738593069108e-06
170 1.2456540444827897e-06
171 1.1765543090621403e-06
172 1.277730129298609e-06
173 1.2179612126951586e-06
174 1.3214481710553262e-06
175 1.200578227603325e-06
176 1.1790164206572731e-06
177 1.1821886369234863e-06
178 1.3675348559443608e-06
179 1.2645791442677872e-06
180 1.3013965536829396e-06
181 1.0680601016915863e-06
182 1.0703014664617428e-06
183 1.1876940439842484e-06
184 1.2364523965516305e-06
185 1.1883826506170951e-06
186 1.2084950045131042e-06
187 1.3471357401204632e-06
188 1.1781589881585956e-06
189 1.2432458081577048e-06
190 1.1419935097418798e-06
191 1.183457358299825e-06
192 1.270595392780023e-06
193 1.171847555707902e-06
194 1.133485876808531e-06
195 1.1294466921584067e-06
196 1.1995446365048332e-06
197 1.1857286571232994e-06
198 1.0944359557382461e-06
199 1.1653933446252974e-06
200 1.095443801023944e-06
201 1.1040093210997697e-06
202 1.223565655772379e-06
203 1.1676481343652287e-06
204 1.1675976640652847e-06
205 1.2516801231257529e-06
206 1.2303021661278161e-06
207 1.2180119671823532e-06
208 1.1238829806689333e-06
209 1.3447894640990327e-06
210 1.220621756475105e-06
211 1.2665664136397419e-06
212 1.1928917833746308e-06
213 1.259531646928348e-06
214 1.1700232379603697e-06
215 1.1975326314750583e-06
216 1.1237924047770108e-06
217 1.2118401707908258e-06
218 1.2387806255810341e-06
219 1.1961945757714179e-06
220 1.1639773861932132e-06
221 1.1943230905002888e-06
222 1.1997438827532082e-06
223 1.1191814126854031e-06
224 1.1188817136241121e-06
225 1.2504658936996564e-06
226 1.069042586082947e-06
227 1.234946079727001e-06
228 1.1974260106522694e-06
229 1.2426017762955273e-06
230 1.2333575013195171e-06
231 1.3147162947128251e-06
232 1.1979542443099847e-06
233 1.2389904187850933e-06
234 1.237083393659238e-06
235 1.1299946760658764e-06
236 1.1033623586737657e-06
237 1.1952589585724892e-06
238 1.2191552019980612e-06
239 1.2096690741864433e-06
240 1.2463894129043152e-06
241 1.1545043653456976e-06
242 1.2135980897232989e-06
243 1.1958510379210594e-06
244 1.1058751110604558e-06
245 1.1282313714944072e-06
246 1.1474958659869585e-06
247 1.1638183112515582e-06
248 1.2498385692952606e-06
249 1.1826992741588685e-06
250 1.2828164029825208e-06
251 1.3133485015152203e-06
252 1.1241323286955215e-06
253 1.1740301482545433e-06
254 1.1783825751060638e-06
255 1.2362226131782463e-06
256 1.1669185046340668e-06
257 1.1742445031755403e-06
258 1.2064856363002914e-06
259 1.1627664708414093e-06
260 1.2503774002001802e-06
261 1.120341691627073e-06
262 1.1400085885804854e-06
263 1.2322248786048282e-06
264 1.1520511572498024e-06
265 1.1579554745488121e-06
266 1.1680998736671659e-06
267 1.1092898935555257e-06
268 1.1871138379715713e-06
269 1.2821160465138207e-06
270 1.3522401263316579e-06
271 1.2429294075146302e-06
272 1.2832975769795353e-06
273 1.2055339116484736e-06
274 1.1784504927758168e-06
275 1.2832181091909475e-06
276 1.1771886998828164e-06
277 1.2000726998629552e-06
278 1.3851804049527068e-06
279 1.2543428886264028e-06
280 1.2399592726951939e-06
281 1.1382333352608748e-06
282 1.2365301108573887e-06
283 1.2930589992769099e-06
284 1.1623443050826126e-06
285 1.139308665388205e-06
286 1.1238506831808495e-06
287 1.340483530132497e-06
288 1.1542695063351964e-06
289 1.0797600249256455e-06
290 1.1840752599756009e-06
291 1.1815097070937718e-06
292 1.2298092720581465e-06
293 1.1284331887833365e-06
294 1.2085004935918513e-06
295 1.135123257519723e-06
296 1.2703656018919096e-06
297 1.0912871567374038e-06
298 1.2711313648148172e-06
299 1.0494983997315488e-06
