0 1.6420346318799781e-06
1 1.6335496712457285e-06
2 1.6885964776828795e-06
3 1.6276025185943947e-06
4 1.6477903361616704e-06
5 1.5758326744292974e-06
6 1.4525691441703415e-06
7 1.5910549347067938e-06
8 1.6210996746154759e-06
9 1.468836666446533e-06
10 1.5519585260408842e-06
11 1.652848991996315e-06
12 1.746551901976619e-06
13 1.6053744746973502e-06
14 1.6637438724473884e-06
15 1.7049695755194506e-06
16 1.5790440093246825e-06
17 1.6146764167908537e-06
18 1.6922786794496154e-06
19 1.544954334895722e-06
20 1.6301206114697564e-06
21 1.579582927864549e-06
22 1.6183437370384582e-06
23 1.710596886353442e-06
24 1.6779131621388797e-06
25 1.6830790845495018e-06
26 1.6741222411543236e-06
27 1.6605946672380216e-06
28 1.5527751772032225e-06
29 1.6105969588510344e-06
30 1.6538875782883169e-06
31 1.6266301664880013e-06
32 1.669664044150435e-06
33 1.6883302008518761e-06
34 1.6581794527145535e-06
35 1.6892044222798002e-06
36 1.6151592388712936e-06
37 1.6438265334315506e-06
38 1.6507996273125454e-06
39 1.6537091578101443e-06
40 1.6470874525438535e-06
41 1.61727489190709e-06
42 1.501027185585601e-06
43 1.7337063694422197e-06
44 1.605021757294418e-06
45 1.6596579889260423e-06
46 1.604662116098603e-06
47 1.67649565581443e-06
48 1.5511496214173157e-06
49 1.6020834875909292e-06
50 1.5537583071278322e-06
51 1.7780795776669024e-06
52 1.5870314944405227e-06
53 1.5898335998093303e-06
54 1.6141257759790305e-06
55 1.6687286526672752e-06
56 1.6856492316277602e-06
57 1.7874815601510498e-06
58 1.6042637300640384e-06
59 1.5987977256916928e-06
60 1.6841088386664502e-06
61 1.606733990135196e-06
62 1.6529183908379217e-06
63 1.6086913544801162e-06
64 1.7533941216426278e-06
65 1.6175501964721448e-06
66 1.6624128993879869e-06
67 1.5811621616718302e-06
68 1.6880739164213748e-06
69 1.5111107047771785e-06
70 1.5809317749103095e-06
71 1.7141257041434898e-06
72 1.6677326335173493e-06
73 1.6233538830124816e-06
74 1.4664360511136346e-06
75 1.683812903073561e-06
76 1.5929100629237512e-06
77 1.552376941234043e-06
78 1.5164853093737272e-06
79 1.6204792226402273e-06
80 1.588454509004752e-06
81 1.6507837461463817e-06
82 1.5679676546261725e-06
83 1.6307734896262212e-06
84 1.5531113340539075e-06
85 1.4833136310662408e-06
86 1.541799406515547e-06
87 1.6606819154214482e-06
88 1.746387681475534e-06
89 1.7161522879643216e-06
90 1.6313286268731682e-06
91 1.599576459241019e-06
92 1.6027032457339642e-06
93 1.6374519297614644e-06
94 1.735035231890043e-06
95 1.6054739162978138e-06
96 1.5980805011343414e-06
97 1.5808554205704094e-06
98 1.4931652141670222e-06
99 1.6756907791715759e-06
100 1.6175227741487216e-06
101 1.5698933513353403e-06
102 1.6493607372227915e-06
103 1.567673759428893e-06
104 1.6688114451282024e-06
105 1.7396475400068353e-06
106 1.6573236055802751e-06
107 1.6374335950696926e-06
108 1.5997965497130584e-06
109 1.6374965146499469e-06
110 1.742028832658452e-06
111 1.6777023182189802e-06
112 1.613640664459486e-06
113 1.5562446142538169e-06
114 1.5853116009431371e-06
115 1.7059897680964252e-06
116 1.6614050664295936e-06
117 1.547392045034156e-06
118 1.5618453098626486e-06
119 1.7232716653315705e-06
120 1.638897809135039e-06
121 1.5938180963008071e-06
122 1.5599264096411316e-06
123 1.6513311599882285e-06
124 1.7268750103605763e-06
125 1.6644949923682183e-06
126 1.5989691916210895e-06
127 1.5807528174945146e-06
128 1.7753536993864194e-06
129 1.6083185532786795e-06
130 1.722555852459704e-06
131 1.8078099011837787e-06
132 1.6573758579906662e-06
133 1.5874277808030508e-06
134 1.631805025532315e-06
135 1.7904850260888308e-06
136 1.6538804004259676e-06
137 1.6457933759171844e-06
138 1.7489031064435091e-06
139 1.565506335850782e-06
140 1.7201617756435824e-06
141 1.6383258057451554e-06
142 1.6927332138422373e-06
143 1.6689612220632947e-06
144 1.6489056578244837e-06
145 1.6238305155079515e-06
146 1.615216544213057e-06
147 1.554135938320969e-06
148 1.6814338444168758e-06
149 1.6999006463702724e-06
150 1.536584510439141e-06
151 1.546478086747716e-06
152 1.5634823972221949e-06
153 1.681612035079636e-06
154 1.6698736353605841e-06
155 1.5843389615588315e-06
156 1.628643997965497e-06
157 1.6512235420085593e-06
158 1.6411517315042446e-06
159 1.522342632748507e-06
160 1.629798956315311e-06
161 1.6123478754223276e-06
162 1.6974093199957887e-06
163 1.7397327573877905e-06
164 1.6588261093594019e-06
165 1.7308816421280031e-06
166 1.7548871837612684e-06
167 1.589659150674074e-06
168 1.6000176413878368e-06
169 1.5369461868368483e-06
170 1.6592067411806917e-06
171 1.5330247509214088e-06
172 1.7037477854225616e-06
173 1.6424311844362145e-06
174 1.744746204074881e-06
175 1.6213076453314293e-06
176 1.6544271907527202e-06
177 1.665834960572169e-06
178 1.7946857259757048e-06
179 1.6523278807913043e-06
180 1.7432461570022511e-06
181 1.5496642857549307e-06
182 1.387944964864832e-06
183 1.5548411366526004e-06
184 1.6534629344663905e-06
185 1.6085348930539373e-06
186 1.6428092156412887e-06
187 1.8307324596593432e-06
188 1.596617818682515e-06
189 1.692807216731951e-06
190 1.5664082376048256e-06
191 1.6639596417035236e-06
192 1.7005707147313525e-06
193 1.6414981248054301e-06
194 1.4848557032630818e-06
195 1.5298418595851275e-06
196 1.6650728240665061e-06
197 1.6592216361145755e-06
198 1.5868895733225145e-06
199 1.5872485016004994e-06
200 1.5483865958535723e-06
201 1.595015515156328e-06
202 1.6101508179540186e-06
203 1.6819100218739919e-06
204 1.5590061329356102e-06
205 1.6418898480056185e-06
206 1.6578022709934352e-06
207 1.6771229262475208e-06
208 1.6145585716348765e-06
209 1.766898584950623e-06
210 1.565708639048646e-06
211 1.6733109525702358e-06
212 1.6785128351886956e-06
213 1.6410552239801284e-06
214 1.6399936685999192e-06
215 1.671702314567264e-06
216 1.5042488284586377e-06
217 1.6045416763715466e-06
218 1.7073427107744349e-06
219 1.5485709975674808e-06
220 1.5895511818880666e-06
221 1.6344001310391936e-06
222 1.5952919364228575e-06
223 1.5753384029003898e-06
224 1.5620303070233001e-06
225 1.7670771813810184e-06
226 1.519865951517314e-06
227 1.7135260265390538e-06
228 1.6414039608191216e-06
229 1.6431373793209323e-06
230 1.726934793787258e-06
231 1.7140985996346504e-06
232 1.6200562666922655e-06
233 1.6307494798321e-06
234 1.658517429632532e-06
235 1.6479578792740867e-06
236 1.4865826058693103e-06
237 1.632542244529415e-06
238 1.6299238627195907e-06
239 1.7138718494971597e-06
240 1.650928304858178e-06
241 1.6276204843340415e-06
242 1.6357264070469462e-06
243 1.5787974881338319e-06
244 1.5281553048353713e-06
245 1.6347727757352286e-06
246 1.5809094097323594e-06
247 1.6314406775320316e-06
248 1.7128824278018287e-06
249 1.643794066367888e-06
250 1.7470128191015285e-06
251 1.7308971494560325e-06
252 1.5574704795753008e-06
253 1.6440003101675924e-06
254 1.670785567757122e-06
255 1.6686638287055965e-06
256 1.5723428577428251e-06
257 1.610349166142604e-06
258 1.6277924511552422e-06
259 1.6023235365068306e-06
260 1.6502632415415527e-06
261 1.590469149694838e-06
262 1.535968046302305e-06
263 1.719028024463619e-06
264 1.5780966717958754e-06
265 1.6887429245454815e-06
266 1.558293771218316e-06
267 1.531483345543271e-06
268 1.6281579792429615e-06
269 1.6960356560289729e-06
270 1.6544469835722363e-06
271 1.6365860027777401e-06
272 1.6826656232085185e-06
273 1.6318893949553084e-06
274 1.6268921877495307e-06
275 1.758426022220954e-06
276 1.6443533029023354e-06
277 1.6610600416916097e-06
278 1.7614004221933751e-06
279 1.6949660182760775e-06
280 1.646706888309914e-06
281 1.5687387330522618e-06
282 1.6427856147266957e-06
283 1.7703417768128305e-06
284 1.6025201008980313e-06
285 1.6814805452439798e-06
286 1.4892969601972128e-06
287 1.73690867758141e-06
288 1.5770047441417033e-06
289 1.5186007646467948e-06
290 1.623744364157291e-06
291 1.6357210685680426e-06
292 1.6660001371344042e-06
293 1.5737959170079534e-06
294 1.5928636930217678e-06
295 1.5821893239576277e-06
296 1.7074969261973242e-06
297 1.4992234440047378e-06
298 1.6763636068656955e-06
299 1.5296396858019814e-06
