0 -1.00045130065018e-06
1 -1.0795808200827902e-06
2 -1.0991761260281922e-06
3 -9.971418227731272e-07
4 -9.84710227059914e-07
5 -9.449251212608966e-07
6 -8.137400140105252e-07
7 -9.396551503103685e-07
8 -1.0096007214451262e-06
9 -7.755623521906581e-07
10 -9.473437278655834e-07
11 -1.0940024663366652e-06
12 -1.142611466182713e-06
13 -9.96694108120942e-07
14 -1.0462467291085331e-06
15 -1.1458910665806397e-06
16 -8.973023783600513e-07
17 -8.835819407477598e-07
18 -1.1351034838408627e-06
19 -8.607985715095338e-07
20 -9.89035444187805e-07
21 -9.310572477888009e-07
22 -1.0709661164542156e-06
23 -1.0851655428544694e-06
24 -1.1071416844875271e-06
25 -1.0322780296992747e-06
26 -1.0740730206541817e-06
27 -1.0803817417873866e-06
28 -9.500627408947935e-07
29 -9.90607495671463e-07
30 -1.0240253911863425e-06
31 -1.0412153092433852e-06
32 -1.0548080075989459e-06
33 -1.0749998421781632e-06
34 -1.06461099276e-06
35 -1.0223145380003305e-06
36 -9.20256247846966e-07
37 -1.0476927474457214e-06
38 -1.0352343424009711e-06
39 -9.897574432807922e-07
40 -1.0609933982054903e-06
41 -9.61870405428295e-07
42 -8.279212313692153e-07
43 -1.0763864645151845e-06
44 -9.782305395229987e-07
45 -1.0555398408349132e-06
46 -9.82819389616473e-07
47 -9.676227276372068e-07
48 -8.704009155623956e-07
49 -9.407066539191999e-07
50 -9.067696427621911e-07
51 -1.2131678419894416e-06
52 -9.804693976438696e-07
53 -9.59579787525289e-07
54 -9.867206451151313e-07
55 -1.1416089443094769e-06
56 -1.1653756046602795e-06
57 -1.1525010111156655e-06
58 -9.628872383402527e-07
59 -9.91827433729901e-07
60 -1.0429076703341044e-06
61 -9.987073847238339e-07
62 -1.0452627488837448e-06
63 -9.68044856962527e-07
64 -1.1702050287238213e-06
65 -9.536849745709985e-07
66 -1.0075124054761686e-06
67 -9.726340481759555e-07
68 -1.1372357309878036e-06
69 -8.784552496795271e-07
70 -8.776839580778044e-07
71 -1.0794387019758697e-06
72 -1.040722442823321e-06
73 -9.959506065170815e-07
74 -8.724244224410591e-07
75 -1.027365061673052e-06
76 -9.401177713715801e-07
77 -9.87434564455712e-07
78 -9.581653383382732e-07
79 -1.0266178588301501e-06
80 -9.049024346755855e-07
81 -1.0551249435899013e-06
82 -8.946907382158569e-07
83 -1.0976659928287883e-06
84 -9.014859119958761e-07
85 -8.338024326573214e-07
86 -9.200542306298635e-07
87 -1.0857616520639047e-06
88 -1.0691272762863646e-06
89 -1.0567822346450034e-06
90 -1.0035925984191852e-06
91 -8.689523560108631e-07
92 -9.825399349778296e-07
93 -1.0037253786225105e-06
94 -1.1490150226874795e-06
95 -1.0018781630291637e-06
96 -9.173002798867746e-07
97 -9.024549055807355e-07
98 -8.954007524695154e-07
99 -1.050188920447239e-06
100 -1.0633940903912625e-06
101 -9.716910977369838e-07
102 -1.0334000149705426e-06
103 -1.0042523146132054e-06
104 -1.0143572351625845e-06
105 -1.1689355254882242e-06
106 -1.0483267152289763e-06
107 -1.0264421438463074e-06
108 -1.0517049130026575e-06
109 -9.932776979419489e-07
110 -1.1303826446268202e-06
111 -1.1224047299313912e-06
112 -9.533209239866756e-07
113 -9.618789675892672e-07
114 -9.94607286341942e-07
115 -1.0216648422691782e-06
116 -1.2057420698966384e-06
117 -9.337053384326077e-07
118 -9.609313481910118e-07
119 -1.0817844116458642e-06
120 -1.0061676811127818e-06
121 -1.004020766976522e-06
122 -1.0508789981756276e-06
123 -1.029185274037419e-06
124 -1.0920454686152223e-06
125 -9.295921617914765e-07
126 -1.0447214376332696e-06
127 -1.0548774527934753e-06
128 -1.1142068703809637e-06
129 -9.024924501710045e-07
130 -1.1229963876273012e-06
131 -1.2050598577719474e-06
132 -1.100996475686483e-06
133 -9.169624070043037e-07
134 -1.001992695076557e-06
135 -1.1724581216729914e-06
136 -9.756861500606026e-07
137 -1.0157206098232478e-06
138 -1.1378144997718375e-06
139 -9.694945523662275e-07
140 -1.1135206008349667e-06
141 -9.483841508734591e-07
142 -1.0862667213164532e-06
143 -9.704426232962675e-07
144 -1.0049733148439073e-06
145 -1.0035409253020152e-06
146 -9.97954162180031e-07
147 -9.432279528028301e-07
148 -1.1258313562784931e-06
149 -1.037883840671713e-06
150 -9.37014947332032e-07
151 -9.264587416614202e-07
152 -9.102048403043839e-07
153 -1.1497693697122835e-06
154 -1.013452551643869e-06
155 -8.911980353101236e-07
156 -1.04434274553778e-06
157 -9.877282208620453e-07
158 -1.0253985685590227e-06
159 -9.802952743623185e-07
160 -1.0452766036167028e-06
161 -9.856974293467527e-07
162 -1.098229551813813e-06
163 -1.1751380115504345e-06
164 -1.0769074732244583e-06
165 -1.1722969427683206e-06
166 -1.124414093512747e-06
167 -9.571789173750302e-07
168 -9.844119244117267e-07
169 -9.071976188611559e-07
170 -1.0759547050675651e-06
171 -9.633639025218033e-07
172 -1.1080737403264802e-06
173 -1.0598273683361725e-06
174 -1.2008144152429779e-06
175 -1.00687008807758e-06
176 -9.740902316997597e-07
177 -1.0465789530475821e-06
178 -1.2445106092352079e-06
179 -1.0654116158969013e-06
180 -1.1445631856604049e-06
181 -8.154710690068489e-07
182 -8.176384986796058e-07
183 -1.016738739121757e-06
184 -1.0541717771307912e-06
185 -9.781332944721608e-07
186 -1.0268228526939442e-06
187 -1.2586056598928979e-06
188 -9.513543581769011e-07
189 -1.0905660821598643e-06
190 -9.503742359355498e-07
191 -9.778955650606917e-07
192 -1.0994166560438205e-06
193 -9.738558890465121e-07
194 -9.3254647723591e-07
195 -9.017954204009933e-07
196 -9.686321238140523e-07
197 -1.0454985289480435e-06
198 -8.819321420828036e-07
199 -1.011455069653791e-06
200 -8.780351889200751e-07
201 -9.065770865367032e-07
202 -1.0661847970666177e-06
203 -1.0384588606721142e-06
204 -9.800914402440184e-07
205 -1.1046288611425567e-06
206 -1.0172487635025696e-06
207 -1.0496619302597815e-06
208 -9.697880435381486e-07
209 -1.2227493556740326e-06
210 -9.616168837338395e-07
211 -1.0930687669388242e-06
212 -1.0419743025316535e-06
213 -1.096899899512796e-06
214 -9.907985441225692e-07
215 -1.0402762812199796e-06
216 -8.854049860903055e-07
217 -1.0458259971670385e-06
218 -1.0297534771666124e-06
219 -9.876705206035926e-07
220 -9.310531424326362e-07
221 -1.038379093517377e-06
222 -1.0240916783256964e-06
223 -9.228398964142786e-07
224 -9.117231820522513e-07
225 -1.122130179280632e-06
226 -8.541450301461908e-07
227 -1.077574426943051e-06
228 -9.904053326715346e-07
229 -1.0565955865696608e-06
230 -1.0806792373799816e-06
231 -1.1577574101202239e-06
232 -1.0034096863541847e-06
233 -1.022731127343856e-06
234 -1.0431516022938345e-06
235 -9.510071672930664e-07
236 -8.627287529334935e-07
237 -9.604115518768487e-07
238 -1.053683572184389e-06
239 -1.0536586523404087e-06
240 -1.049377604412415e-06
241 -9.684581162963171e-07
242 -1.0123279578187932e-06
243 -1.0077082127875577e-06
244 -9.080621459274644e-07
245 -9.038249423910416e-07
246 -9.61346264618232e-07
247 -9.887762111957942e-07
248 -1.1007374399942975e-06
249 -9.471690841526271e-07
250 -1.1629511688235591e-06
251 -1.1738398858500897e-06
252 -8.678437971926909e-07
253 -1.006474250021563e-06
254 -1.0043070577270153e-06
255 -9.928750165936283e-07
256 -9.6986243727691e-07
257 -1.0020262708538116e-06
258 -9.995913294862273e-07
259 -9.83846249242788e-07
260 -1.0607807175132616e-06
261 -9.5881602741375e-07
262 -8.88232957092356e-07
263 -1.0543336717665594e-06
264 -9.594063037776431e-07
265 -1.0112661838368467e-06
266 -9.679777377335188e-07
267 -8.810104553101639e-07
268 -9.561196699290689e-07
269 -1.0855844938110696e-06
270 -1.1869806382840647e-06
271 -1.0847123781169894e-06
272 -1.079082701533266e-06
273 -1.044214015131429e-06
274 -1.055372525233886e-06
275 -1.163103898316733e-06
276 -1.0127049446536274e-06
277 -1.0617659703890996e-06
278 -1.2270119678818758e-06
279 -1.0864457253302158e-06
280 -1.0584606918958815e-06
281 -9.673406469060789e-07
282 -1.07300948743224e-06
283 -1.1095947064003596e-06
284 -9.73933372885709e-07
285 -9.542094730336571e-07
286 -9.368120196146049e-07
287 -1.1961458286129747e-06
288 -9.393934014107473e-07
289 -8.421342077376053e-07
290 -9.923795982125571e-07
291 -1.013279776758936e-06
292 -1.054811379148201e-06
293 -9.583548482263294e-07
294 -9.914732692896049e-07
295 -9.506244891478324e-07
296 -1.0989554701428947e-06
297 -8.556900818496207e-07
298 -1.1125836561054884e-06
299 -8.223076217899246e-07
