0 3.6754341827740454e-07
1 3.7304616103110455e-07
2 3.7846231057780525e-07
3 3.8315837758655813e-07
4 3.8535350236016073e-07
5 3.8802675199066266e-07
6 3.969430782781143e-07
7 3.842235325981715e-07
8 3.8409543307736673e-07
9 3.914297665878227e-07
10 3.785296561207518e-07
11 3.789816891901178e-07
12 3.76281847843166e-07
13 3.874550579779819e-07
14 3.7838780534293656e-07
15 3.7727436050301256e-07
16 3.8750065993948173e-07
17 3.846248416909635e-07
18 3.6939592199997744e-07
19 3.8916673361002846e-07
20 3.8168896677883767e-07
21 3.8818110538599896e-07
22 3.847797532130482e-07
23 3.72484883516893e-07
24 3.7897828440863394e-07
25 3.7235424638736386e-07
26 3.819881136223071e-07
27 3.7647961889786306e-07
28 3.987964890946167e-07
29 3.853431298032593e-07
30 3.791355312606136e-07
31 3.7200193772479734e-07
32 3.8385726205029276e-07
33 3.773181968739452e-07
34 3.732720161942628e-07
35 3.839215072894933e-07
36 3.867099677519388e-07
37 3.7348044853130916e-07
38 3.8353223704474617e-07
39 3.831539989635716e-07
40 3.8721356196082927e-07
41 3.885555301845554e-07
42 3.933572961443007e-07
43 3.710346788750949e-07
44 3.850986198387765e-07
45 3.7557410260332005e-07
46 3.9233796493748437e-07
47 3.8202852023248393e-07
48 3.920341168208872e-07
49 3.8710915220343246e-07
50 3.894481712613074e-07
51 3.6513381434619333e-07
52 3.8709563755081226e-07
53 3.862396934864481e-07
54 3.838974250198612e-07
55 3.76328830748714e-07
56 3.778251222072426e-07
57 3.6676939410836735e-07
58 3.8137030614344787e-07
59 3.8317437042820303e-07
60 3.7325269252209386e-07
61 3.81880241622576e-07
62 3.7457837721245667e-07
63 3.7842954753869504e-07
64 3.763699682232168e-07
65 3.7849224103958685e-07
66 3.711611843962869e-07
67 3.854319164659843e-07
68 3.778635132678806e-07
69 3.911035032137638e-07
70 3.9195793677365125e-07
71 3.726876082231354e-07
72 3.8327699382371066e-07
73 3.88621649557361e-07
74 3.974200433772968e-07
75 3.771396091393603e-07
76 3.7473945387762757e-07
77 3.814376152157566e-07
78 3.869412617472666e-07
79 3.7773285974467397e-07
80 3.923756546791828e-07
81 3.8013859017040967e-07
82 3.9603572200758e-07
83 3.820102077372223e-07
84 3.875745348851515e-07
85 3.881561711876191e-07
86 3.843717593403967e-07
87 3.751608754429881e-07
88 3.715684613789193e-07
89 3.8561576167719825e-07
90 3.8608308442421177e-07
91 3.7892664890023094e-07
92 3.880016780237593e-07
93 3.762823123202933e-07
94 3.747793771947768e-07
95 3.9218099556418595e-07
96 3.872424643990787e-07
97 3.867275523065874e-07
98 3.89058786162415e-07
99 3.8844803473919255e-07
100 3.7325321943174393e-07
101 3.8860368199049167e-07
102 3.7626936292014426e-07
103 3.858214376216752e-07
104 3.8022052699455904e-07
105 3.7305818200440156e-07
106 3.762647206894855e-07
107 3.848072472791584e-07
108 3.802729725081128e-07
109 3.7864234133649615e-07
110 3.774150047692623e-07
111 3.8318405586323146e-07
112 3.8581990224565465e-07
113 3.923486951774623e-07
114 3.8669464318652575e-07
115 3.716527092814349e-07
116 3.795555406478213e-07
117 3.835871976007017e-07
118 3.831369594904309e-07
119 3.705264100875815e-07
120 3.83901029473768e-07
121 3.829979606455544e-07
122 3.9310070052232476e-07
123 3.727804433999966e-07
124 3.798278638572721e-07
125 3.8513287953817045e-07
126 3.879150704801061e-07
127 3.8079742066467685e-07
128 3.832127736991306e-07
129 4.0208827654514777e-07
130 3.73390569803167e-07
131 3.6698199013403326e-07
132 3.8848868682238736e-07
133 3.883274619660323e-07
134 3.8754511545971005e-07
135 3.732366949562952e-07
136 3.797827735002076e-07
137 3.8863022591565403e-07
138 3.7453013865305613e-07
139 3.810193067792096e-07
140 3.7760626845068846e-07
141 3.928663724098586e-07
142 3.7737815321806993e-07
143 3.727786640985457e-07
144 3.798125741741717e-07
145 3.823165167861541e-07
146 3.8622410317598807e-07
147 3.899146079794129e-07
148 3.7736592866713596e-07
149 3.7426551309019027e-07
150 3.8992817006976267e-07
151 3.787000052989472e-07
152 3.9318356775835606e-07
153 3.752021700915917e-07
154 3.831723040442425e-07
155 3.925752271237468e-07
156 3.810379359353856e-07
157 3.7665686094630985e-07
158 3.807200928581667e-07
159 3.876044020408815e-07
160 3.812623325703334e-07
161 3.7560983807860377e-07
162 3.792233730457229e-07
163 3.706225270438834e-07
164 3.7801539696065016e-07
165 3.765452195176213e-07
166 3.7411773819593817e-07
167 3.8518049708692174e-07
168 3.9018424140702034e-07
169 3.825745631565462e-07
170 3.77811244111559e-07
171 3.819865028947717e-07
172 3.7547592848484804e-07
173 3.874775955844013e-07
174 3.6913941871389376e-07
175 3.8339888624340544e-07
176 3.878305324653056e-07
177 3.868112068139657e-07
178 3.6807610010102375e-07
179 3.7619814207509183e-07
180 3.7215518118561717e-07
181 3.9127564526233433e-07
182 3.9714097376377904e-07
183 3.8599432918449835e-07
184 3.841321151376454e-07
185 3.821123097115388e-07
186 3.8148365433593694e-07
187 3.7732082108620165e-07
188 3.755634605555419e-07
189 3.7750583275611684e-07
190 3.846319870369251e-07
191 3.811344365791524e-07
192 3.741280771296369e-07
193 3.8827269578438094e-07
194 3.851942006896851e-07
195 3.891342899592909e-07
196 3.7703097406990914e-07
197 3.881341497093853e-07
198 3.8188308576231144e-07
199 3.896479345583789e-07
200 3.8848472921800357e-07
201 3.8712208022321284e-07
202 3.8349444172763165e-07
203 3.864000208406433e-07
204 3.882936104982899e-07
205 3.802218940409059e-07
206 3.719441934883322e-07
207 3.848100309030681e-07
208 3.956180334257459e-07
209 3.733270648583161e-07
210 3.7251320077304685e-07
211 3.7622829547738346e-07
212 3.786228419323365e-07
213 3.803780752022271e-07
214 3.816916178085885e-07
215 3.8090507159122074e-07
216 3.8196671884572204e-07
217 3.8348456417834663e-07
218 3.6964306192125496e-07
219 3.8517338021630927e-07
220 3.8573751764978227e-07
221 3.83799193490041e-07
222 3.8848951372374575e-07
223 3.9048048559064306e-07
224 3.903850829470348e-07
225 3.7563654578689806e-07
226 3.954153235159552e-07
227 3.812133690212894e-07
228 3.81178383745068e-07
229 3.7463929927524105e-07
230 3.7940324949817004e-07
231 3.6596490921205554e-07
232 3.797601326944134e-07
233 3.7174872033116923e-07
234 3.721474315793043e-07
235 3.8930998705889017e-07
236 3.8989130871815327e-07
237 3.781959541552988e-07
238 3.8087814058082964e-07
239 3.7233307344035584e-07
240 3.772298445680489e-07
241 3.9304091269740903e-07
242 3.8444247144444675e-07
243 3.8393784969285555e-07
244 3.9434395621782927e-07
245 3.8682724460857103e-07
246 3.8637175662445265e-07
247 3.8432256634888634e-07
248 3.754804143374906e-07
249 3.774565856995713e-07
250 3.7874543268336186e-07
251 3.7464393336540244e-07
252 3.815367967831267e-07
253 3.8280566027876744e-07
254 3.7992037093427734e-07
255 3.650314747711714e-07
256 3.8645093322092913e-07
257 3.8707762472849853e-07
258 3.804452400636529e-07
259 3.7930743740435806e-07
260 3.7719739063273925e-07
261 3.9353675733120783e-07
262 3.79417059715244e-07
263 3.664252996308314e-07
264 3.8250661969594945e-07
265 3.839692867947572e-07
266 3.897193065427973e-07
267 3.880188628820319e-07
268 3.736835904490087e-07
269 3.767742381009807e-07
270 3.753450538539537e-07
271 3.746261040085368e-07
272 3.770073535750969e-07
273 3.792449671074306e-07
274 3.924418199647233e-07
275 3.7064001806019043e-07
276 3.9228844185709584e-07
277 3.8847852063912365e-07
278 3.6924133279129977e-07
279 3.7692302930521937e-07
280 3.8324407274493063e-07
281 3.939948079715021e-07
282 3.8041087089258096e-07
283 3.7174853320339707e-07
284 3.939335264091216e-07
285 3.8348520995077435e-07
286 3.976279743161886e-07
287 3.7518736751604354e-07
288 3.855345372104261e-07
289 3.9625444266741965e-07
290 3.797239474465123e-07
291 3.8350065509719164e-07
292 3.8314813175246096e-07
293 3.8764824761575547e-07
294 3.764001817481739e-07
295 3.909637820611536e-07
296 3.776915629748326e-07
297 3.9354025009405737e-07
298 3.747295513738802e-07
299 3.9726880050820304e-07
