0 -1.2705171071597892e-06
1 -9.72253882308419e-07
2 -1.4541550037764352e-06
3 -1.2376044665220623e-06
4 -1.2478136148539418e-06
5 -1.226009933697723e-06
6 -1.131479661088967e-06
7 -1.0709765149928257e-06
8 -1.2924067855847603e-06
9 -1.013874378515389e-06
10 -1.2199048754552217e-06
11 -1.4383502313522199e-06
12 -1.1276664350984963e-06
13 -1.1858513485072604e-06
14 -1.0745683946885247e-06
15 -1.116828674792279e-06
16 -1.1645893329480646e-06
17 -1.2416259141691375e-06
18 -1.1416016700467445e-06
19 -1.1431189615540078e-06
20 -1.0629885524296564e-06
21 -9.701876260726405e-07
22 -1.1451628523122525e-06
23 -1.1440124114702568e-06
24 -8.279997670297517e-07
25 -1.2707284671936878e-06
26 -1.0947753967179335e-06
27 -1.252167954518013e-06
28 -1.1271965728120637e-06
29 -1.306319727612503e-06
30 -1.1383627231693337e-06
31 -1.144322377533471e-06
32 -1.025702912775674e-06
33 -1.4275707522803267e-06
34 -1.0123737711297492e-06
35 -1.0728323868847152e-06
36 -1.262894060866882e-06
37 -1.0790079277127238e-06
38 -1.3340230859482166e-06
39 -9.89446811123333e-07
40 -1.2808107167744848e-06
41 -9.348249968170901e-07
42 -1.329764193811531e-06
43 -1.1868722409981334e-06
44 -1.162564815147644e-06
45 -1.0545380106598849e-06
46 -1.0472073303918212e-06
47 -9.019326807705014e-07
48 -1.0879556869968466e-06
49 -8.640991723930222e-07
50 -1.071714287304106e-06
51 -1.449921958735973e-06
52 -1.2004408346611415e-06
53 -1.0916947242271871e-06
54 -1.1599859071301938e-06
55 -1.1576558340071217e-06
56 -1.0639059937352876e-06
57 -9.39926586399896e-07
58 -1.1346359630561634e-06
59 -1.0956918687776526e-06
60 -1.261986991878235e-06
61 -1.431779245993494e-06
62 -1.1696336456228794e-06
63 -1.1111523648834402e-06
64 -1.2126494095050292e-06
65 -1.3659839984355758e-06
66 -1.0439807320948201e-06
67 -1.1368924812521912e-06
68 -1.0862530733792975e-06
69 -1.314698954583039e-06
70 -1.1687541040603527e-06
71 -9.0136923420234e-07
72 -9.572631504920104e-07
73 -1.1636810577986203e-06
74 -1.1818330011549065e-06
75 -1.1033329588621144e-06
76 -1.119525376577166e-06
77 -1.0033608625171633e-06
78 -1.246121974415563e-06
79 -1.0478290011649345e-06
80 -1.4404716473257087e-06
81 -1.1672447637562637e-06
82 -1.082659945685983e-06
83 -1.2458236411576615e-06
84 -1.2456880772693993e-06
85 -1.1148730054094815e-06
86 -1.0721359513079032e-06
87 -1.0957496905068488e-06
88 -8.89944527392986e-07
89 -1.2340245623328523e-06
90 -1.1461547325583898e-06
91 -1.3144939508069892e-06
92 -9.544548925197303e-07
93 -1.2316284480514959e-06
94 -1.3229006656152579e-06
95 -1.2167761555091089e-06
96 -1.1975104046528644e-06
97 -1.1015738874202772e-06
98 -1.434462303289001e-06
99 -1.0089459554416186e-06
100 -1.2642451706416415e-06
101 -1.2572374509737818e-06
102 -1.272265316428415e-06
103 -1.2563242079899568e-06
104 -1.1747017351424625e-06
105 -9.285663266272413e-07
106 -1.125395127300698e-06
107 -1.1210481511590294e-06
108 -1.0567334989446918e-06
109 -9.995852698909395e-07
110 -9.72643284989832e-07
111 -1.3260645099906317e-06
112 -1.1125202373107717e-06
113 -1.2537258263227274e-06
114 -8.813548999649572e-07
115 -9.903726129843843e-07
116 -1.3369222652545277e-06
117 -1.5652820983200312e-06
118 -1.0652570480619427e-06
119 -1.2150221319011636e-06
120 -1.0951605276625523e-06
121 -1.3855192218312236e-06
122 -1.040383427311175e-06
123 -1.1332398163590617e-06
124 -1.1823904449904784e-06
125 -1.0522917579530924e-06
126 -1.2636020986409802e-06
127 -1.1507621662279442e-06
128 -1.0109483409025002e-06
129 -8.918259033459988e-07
130 -1.0361006189105357e-06
131 -1.1677803318401885e-06
132 -1.0353739662971911e-06
133 -1.0866604167034641e-06
134 -1.0679588629530792e-06
135 -1.070394591352021e-06
136 -9.599909736303885e-07
137 -1.1864627121177404e-06
138 -1.2977043131401684e-06
139 -1.279369285512633e-06
140 -1.1526271258333873e-06
141 -1.3185975915643474e-06
142 -1.2619886205107756e-06
143 -1.2027376905349655e-06
144 -1.0960252422468066e-06
145 -9.729585189454905e-07
146 -1.3486294068985379e-06
147 -1.1119916833412995e-06
148 -9.021893180350823e-07
149 -1.4320187417925373e-06
150 -1.1484714897413598e-06
151 -1.174626295906329e-06
152 -1.136264608861238e-06
153 -1.172437387126603e-06
154 -1.2883891509648597e-06
155 -1.4509631077645066e-06
156 -1.2116117252383337e-06
157 -1.0101739663444937e-06
158 -1.1899680924670856e-06
159 -1.1105961638881722e-06
160 -9.47473826121883e-07
161 -1.248920427896761e-06
162 -1.1043342538429958e-06
163 -1.1410684294515303e-06
164 -1.1656210154657462e-06
165 -9.834872819762875e-07
166 -1.3349763579956098e-06
167 -1.332277860862117e-06
168 -1.0942863819465423e-06
169 -1.2083789731458595e-06
170 -1.1797843700417257e-06
171 -1.072682357637143e-06
172 -1.1732199127580395e-06
173 -1.0905236167266265e-06
174 -1.1269569840533358e-06
175 -1.481329874432506e-06
176 -1.3291699423785421e-06
177 -1.3983073122176613e-06
178 -1.1696069966522992e-06
179 -1.3084238910303477e-06
180 -1.0790202168426424e-06
181 -9.61699355317731e-07
182 -1.1315495048594772e-06
183 -1.009565691515064e-06
184 -1.0534053938838722e-06
185 -1.1750967696360944e-06
186 -1.383978130152981e-06
187 -8.108411079146142e-07
188 -1.1949383896491944e-06
189 -1.4225240782607947e-06
190 -1.1101383915207247e-06
191 -1.0178769521252923e-06
192 -1.3083347243073802e-06
193 -1.1305885473878175e-06
194 -1.195675104634293e-06
195 -1.059837928104518e-06
196 -1.2145990202156368e-06
197 -1.1919495815887185e-06
198 -1.1036790359818956e-06
199 -9.20650082818742e-07
200 -1.1622670344454774e-06
201 -1.303017123197241e-06
202 -9.678223210208665e-07
203 -1.4158891352069341e-06
204 -1.0291839125952333e-06
205 -1.283665911467794e-06
206 -1.2376601091547606e-06
207 -1.1779286853259209e-06
208 -9.515701190696694e-07
209 -9.620567152732135e-07
210 -1.5754568279913654e-06
211 -1.1794458733599974e-06
212 -1.2509464847778528e-06
213 -9.340204506845023e-07
214 -1.238505433583567e-06
215 -1.0365480641931784e-06
216 -1.2051053549801322e-06
217 -1.3420337278520703e-06
218 -1.076153230748626e-06
219 -1.139300431961536e-06
220 -1.0557648985906124e-06
221 -1.077275279837838e-06
222 -1.1143209178629936e-06
223 -1.1232782671983429e-06
224 -9.940017285058066e-07
225 -1.1345987148355337e-06
226 -1.0979406398645304e-06
227 -1.1237554001679602e-06
228 -1.254604954650298e-06
229 -8.591169947150717e-07
230 -1.0592597110397418e-06
231 -1.0051082328097e-06
232 -9.716326628874047e-07
233 -9.64576693854917e-07
234 -1.0814954071979426e-06
235 -1.0833291141815044e-06
236 -9.975243072593794e-07
237 -9.661394481117172e-07
238 -1.2344144223107038e-06
239 -1.1871273421547742e-06
240 -1.1739864713729874e-06
241 -1.0438512314562624e-06
242 -1.2784274940783507e-06
243 -1.292440412707368e-06
244 -1.1541211498835558e-06
245 -1.0942220814531158e-06
246 -1.0964437466512397e-06
247 -1.2459637422453886e-06
248 -1.1793164705853562e-06
249 -1.030629752444097e-06
250 -1.1299381029067413e-06
251 -1.0643528487403968e-06
252 -9.480078293167401e-07
253 -1.1163779501055777e-06
254 -1.0943038607563853e-06
255 -9.791029920360975e-07
256 -9.919555483878611e-07
257 -1.119554063221072e-06
258 -1.326691933829531e-06
259 -1.3809015662907093e-06
260 -1.2520464615745324e-06
261 -1.3346384265103123e-06
262 -1.0991194489473513e-06
263 -1.0661568860150473e-06
264 -1.0115427794162814e-06
265 -1.2727355750661614e-06
266 -1.0348369166705626e-06
267 -9.086432048126323e-07
268 -1.1435166701225579e-06
269 -1.2765113575971957e-06
270 -1.0542433730347668e-06
271 -1.056218020138301e-06
272 -1.1479538278844684e-06
273 -9.473469376091017e-07
274 -1.1577236712804487e-06
275 -1.1349118497204693e-06
276 -8.874951435473123e-07
277 -8.983316126895716e-07
278 -1.2848423062619065e-06
279 -1.181385766600467e-06
280 -1.128901907505457e-06
281 -1.1031668643351512e-06
282 -1.242462582074574e-06
283 -9.921375382974845e-07
284 -1.15865805871146e-06
285 -1.1017195273659021e-06
286 -9.568344285528172e-07
287 -1.0065458070976166e-06
288 -1.1135949253347643e-06
289 -9.928701454807317e-07
290 -1.2186854086533695e-06
291 -9.76342580319983e-07
292 -1.1873262395518617e-06
293 -1.2798901973316733e-06
294 -1.2017040615412357e-06
295 -1.2441349857481408e-06
296 -1.3784555696376266e-06
297 -1.0722485566628853e-06
298 -1.1911969892211884e-06
299 -9.75688684424389e-07
