0 5.086605388894482e-06
1 4.755774364498852e-06
2 5.180554176054984e-06
3 5.158273259314838e-06
4 5.028106008449651e-06
5 5.101778505489191e-06
6 4.95915525504836e-06
7 4.91285898286194e-06
8 5.0846735417572985e-06
9 4.818237387942127e-06
10 5.109996906237615e-06
11 5.375786440154245e-06
12 4.949021928291548e-06
13 4.9615170858052114e-06
14 4.9306685847855464e-06
15 4.86399043012792e-06
16 5.1564011261385995e-06
17 5.169065828748066e-06
18 4.95872453686778e-06
19 4.942028182406919e-06
20 4.9104279705834186e-06
21 4.938547189504654e-06
22 4.973207027033608e-06
23 5.065914402947955e-06
24 4.740807611591674e-06
25 5.0926696258423664e-06
26 4.895390983452987e-06
27 5.079587726485768e-06
28 5.026161764519162e-06
29 5.135410350290684e-06
30 5.003251991175334e-06
31 5.064140873208966e-06
32 4.8811915716535875e-06
33 5.329379174630961e-06
34 4.937118609634251e-06
35 4.935830786747386e-06
36 5.036812621982981e-06
37 4.938337921182303e-06
38 5.281680544907296e-06
39 4.858974435020862e-06
40 5.112745321358235e-06
41 4.739969679596958e-06
42 5.16818337617306e-06
43 5.042832800966104e-06
44 4.9646278570375824e-06
45 4.903828422528512e-06
46 4.984727371926985e-06
47 4.67266401950918e-06
48 4.91045827088399e-06
49 4.663251174636811e-06
50 4.945637910503465e-06
51 5.335907109668417e-06
52 5.084478849233478e-06
53 4.964074578877784e-06
54 5.046883611393286e-06
55 4.990657366046001e-06
56 4.915434732682465e-06
57 4.858128598807577e-06
58 5.079288470391425e-06
59 5.052329000220724e-06
60 5.084819215689105e-06
61 5.268803340920296e-06
62 4.931512718677756e-06
63 4.917390955621405e-06
64 5.1248263457976295e-06
65 5.2224761080025035e-06
66 5.009689757834222e-06
67 4.9541689534783545e-06
68 4.911452746413157e-06
69 5.136445167557609e-06
70 5.104347056386866e-06
71 4.76532670748131e-06
72 4.815568512876345e-06
73 4.982125950913583e-06
74 5.005484441511568e-06
75 4.916859880469674e-06
76 4.983141741396572e-06
77 4.8707792030471095e-06
78 5.0904202942199335e-06
79 4.937527737832302e-06
80 5.331555235305216e-06
81 5.107835525452645e-06
82 4.970313865529926e-06
83 5.177592015797784e-06
84 5.0752310739928e-06
85 5.031073214351466e-06
86 4.921423781893793e-06
87 5.073721959189833e-06
88 4.7786801634497125e-06
89 5.093698667168361e-06
90 5.026429694094152e-06
91 5.1496765069771475e-06
92 4.931307981711749e-06
93 5.094801928960148e-06
94 5.1885481558300345e-06
95 4.979850456737885e-06
96 5.002454393114849e-06
97 5.012660196537186e-06
98 5.285190372085408e-06
99 4.872714704982233e-06
100 5.167986686050053e-06
101 5.070888937923902e-06
102 5.0902061395705465e-06
103 5.20115371086568e-06
104 5.095231104080203e-06
105 4.686370229742841e-06
106 5.000333829265026e-06
107 4.907434974393342e-06
108 4.91465701716786e-06
109 4.787558665029612e-06
110 4.896982327967349e-06
111 5.245989743968579e-06
112 4.8728717661037775e-06
113 5.1691971143293145e-06
114 4.669234153841064e-06
115 4.733971556122811e-06
116 5.2307118935584094e-06
117 5.312625502376187e-06
118 4.905984079329776e-06
119 5.090361746138983e-06
120 4.8597414625141355e-06
121 5.220074068353878e-06
122 4.8886037466109665e-06
123 5.118811121433761e-06
124 4.949261152551898e-06
125 4.928894247208332e-06
126 5.147014914428661e-06
127 4.9886962653839275e-06
128 4.822861485155334e-06
129 4.653502556921873e-06
130 4.809729287238112e-06
131 4.9824384430962955e-06
132 4.867343928969123e-06
133 4.912041559643701e-06
134 4.842697020131394e-06
135 4.9090506175224855e-06
136 4.771329667107724e-06
137 5.15596613664125e-06
138 5.217256660546272e-06
139 5.20431931973551e-06
140 4.992521312179166e-06
141 5.1828062729147825e-06
142 5.2312380313608144e-06
143 5.015063957782706e-06
144 4.950550313063568e-06
145 4.813899524789006e-06
146 5.155488259660927e-06
147 4.987923906765659e-06
148 4.657378128479664e-06
149 5.358270612619723e-06
150 5.020582962948039e-06
151 5.017278693019961e-06
152 4.961959989695372e-06
153 5.126668838285673e-06
154 5.228348407896079e-06
155 5.449142328057288e-06
156 5.1586828793081215e-06
157 4.835080400116635e-06
158 5.011859370415563e-06
159 5.001021668030508e-06
160 4.724494843621155e-06
161 5.058131213187784e-06
162 4.939306876255356e-06
163 4.9274425846132035e-06
164 4.955728365747619e-06
165 4.741553842619879e-06
166 5.232479186585858e-06
167 5.220103167224885e-06
168 4.9140899270874855e-06
169 5.103924849314717e-06
170 5.069564932908064e-06
171 4.940392777581969e-06
172 5.014354253008113e-06
173 4.947150815144052e-06
174 5.025014044478555e-06
175 5.376770392652167e-06
176 5.161893700836305e-06
177 5.2887359111667e-06
178 5.0150254699620865e-06
179 5.1318846547285106e-06
180 4.915333128659293e-06
181 4.87812054925095e-06
182 4.9180639075653284e-06
183 4.870532252483171e-06
184 4.854803410851629e-06
185 5.064537364166387e-06
186 5.190795468038706e-06
187 4.7578874138124035e-06
188 5.027807046788127e-06
189 5.287358745082062e-06
190 4.9143511013285025e-06
191 4.8358455565518615e-06
192 5.092896366511888e-06
193 4.93752838605945e-06
194 5.08808865559585e-06
195 4.927476105410177e-06
196 4.986526620259584e-06
197 5.031469897741602e-06
198 4.97730522000566e-06
199 4.76700025124665e-06
200 5.011935554398019e-06
201 5.1320909765386535e-06
202 4.872345922679079e-06
203 5.232083244641272e-06
204 4.896725548879344e-06
205 5.187312847363485e-06
206 5.086532598613394e-06
207 5.017594188488606e-06
208 4.819094526471157e-06
209 4.753863957434042e-06
210 5.44989419067713e-06
211 5.08906623341636e-06
212 5.09841926425248e-06
213 4.78243038542656e-06
214 5.161761020027969e-06
215 4.84380094683624e-06
216 5.057613273522625e-06
217 5.165729037687248e-06
218 4.890601584852488e-06
219 5.028006159930731e-06
220 4.919054054456991e-06
221 5.0130230742860716e-06
222 4.858148905499521e-06
223 5.063504923589143e-06
224 4.876840608684127e-06
225 5.014211455619977e-06
226 4.990080391871835e-06
227 4.9302670827763445e-06
228 5.090805677299067e-06
229 4.671959151651446e-06
230 4.936814803964024e-06
231 4.862960050207769e-06
232 4.8067058908378105e-06
233 4.847643756907414e-06
234 4.977056321051575e-06
235 4.936277660573184e-06
236 4.820369144507354e-06
237 4.794683519065168e-06
238 5.097581469843423e-06
239 5.056118987568998e-06
240 5.116641237904485e-06
241 4.793148744288363e-06
242 5.187873843533513e-06
243 5.1501462497628925e-06
244 4.970963871814915e-06
245 4.924741280619164e-06
246 4.989585095206097e-06
247 5.089601078925778e-06
248 5.008245852830759e-06
249 5.0517910468115274e-06
250 5.0472956435088825e-06
251 4.903786864844942e-06
252 4.854260176823307e-06
253 4.96416010735185e-06
254 5.007828877636916e-06
255 4.843267638600078e-06
256 4.9724858406555016e-06
257 4.991202275890351e-06
258 5.163155611397798e-06
259 5.230299726646942e-06
260 5.0508018521205865e-06
261 5.208674246673379e-06
262 4.909627149494534e-06
263 4.876197393403719e-06
264 4.869696660948284e-06
265 5.150633245073703e-06
266 4.956573171357432e-06
267 4.785333482969692e-06
268 5.028679272671755e-06
269 5.052728213856455e-06
270 4.803569162854665e-06
271 4.918223581181924e-06
272 5.073463723546527e-06
273 4.857523375588848e-06
274 5.066690972956013e-06
275 5.000220995557946e-06
276 4.709471131414516e-06
277 4.6406814099682375e-06
278 5.1786330862977505e-06
279 5.14620598726112e-06
280 5.10551323308375e-06
281 4.9329952078935445e-06
282 5.153514853398968e-06
283 4.9586881248933286e-06
284 4.932355764855297e-06
285 5.007611887107434e-06
286 4.758391973781921e-06
287 4.803466143287039e-06
288 4.986536777281304e-06
289 4.7487082202830264e-06
290 5.105782177741558e-06
291 4.846568437277053e-06
292 4.990866971423426e-06
293 5.161415967915881e-06
294 5.045396825011379e-06
295 5.1001712765882045e-06
296 5.18765716134375e-06
297 4.937579045562307e-06
298 5.0493494020338995e-06
299 4.89200733283486e-06
