0 -7.349991506338583e-06
1 -7.581615750767662e-06
2 -7.2125239179299035e-06
3 -7.54152159311626e-06
4 -7.441644526027221e-06
5 -7.460711579148271e-06
6 -7.601070358296502e-06
7 -7.5608115262765836e-06
8 -7.169268228336327e-06
9 -7.761344439530899e-06
10 -7.538571174243441e-06
11 -7.253096544056584e-06
12 -7.644719055373749e-06
13 -7.2297730991160915e-06
14 -7.850450033140642e-06
15 -7.66402365227227e-06
16 -7.61033037672983e-06
17 -7.682425983899251e-06
18 -7.4909649428420024e-06
19 -7.577335712239391e-06
20 -7.644695409565746e-06
21 -7.70271582627889e-06
22 -7.418775006282368e-06
23 -7.375545990137228e-06
24 -7.665909816491924e-06
25 -7.495844329599982e-06
26 -7.567437586131516e-06
27 -7.530609600504877e-06
28 -7.392284268668578e-06
29 -7.118024530036974e-06
30 -7.828233450474337e-06
31 -7.79821947297116e-06
32 -7.416682786236322e-06
33 -7.175423201745817e-06
34 -7.5906407431781775e-06
35 -7.456530277323712e-06
36 -7.3812432833196085e-06
37 -7.463395551476953e-06
38 -7.4152567404077695e-06
39 -7.594447906271701e-06
40 -7.243031386147222e-06
41 -7.778992197796568e-06
42 -7.395155929269044e-06
43 -7.547209061440906e-06
44 -7.566312392712809e-06
45 -7.725953731241514e-06
46 -7.654682429888652e-06
47 -7.721735020432454e-06
48 -7.524628580438748e-06
49 -7.640918267143378e-06
50 -7.591782429193349e-06
51 -7.1102860237710915e-06
52 -7.68706648358147e-06
53 -7.597429170226386e-06
54 -7.657429645905482e-06
55 -7.4578774370596815e-06
56 -7.836406150855848e-06
57 -7.809341934921584e-06
58 -7.591768322346428e-06
59 -7.758600102385355e-06
60 -7.253966167578101e-06
61 -7.327808407439645e-06
62 -7.645614778641483e-06
63 -7.628657305154829e-06
64 -7.4413138420990785e-06
65 -7.257001434805472e-06
66 -7.5699429756682335e-06
67 -7.305550060553083e-06
68 -7.706681893880937e-06
69 -7.418260788530986e-06
70 -7.624092669793222e-06
71 -7.799439094333258e-06
72 -7.585101894821914e-06
73 -7.427713069002593e-06
74 -7.419054789784807e-06
75 -7.458794621574065e-06
76 -7.685844651939742e-06
77 -7.437918528705778e-06
78 -7.559101085572172e-06
79 -7.563803942655117e-06
80 -7.323330491807206e-06
81 -7.588839097450791e-06
82 -7.6107947328192985e-06
83 -7.3765565752598514e-06
84 -7.3212083316599455e-06
85 -7.494538231426351e-06
86 -7.81294452824178e-06
87 -7.488000384762162e-06
88 -7.619721103455123e-06
89 -7.48247259172335e-06
90 -7.58276649514388e-06
91 -7.229702048823661e-06
92 -7.692673338847536e-06
93 -7.396118530406909e-06
94 -7.21747783601577e-06
95 -7.251139768164722e-06
96 -7.393761129135726e-06
97 -7.639343211929332e-06
98 -7.295216046178064e-06
99 -7.724829813426041e-06
100 -7.393825437735771e-06
101 -7.270771865835515e-06
102 -7.374332651075223e-06
103 -7.70432674779951e-06
104 -7.639118879063217e-06
105 -7.7810751322018e-06
106 -7.444286444309519e-06
107 -7.650802644403396e-06
108 -7.775077495612579e-06
109 -8.030888585963124e-06
110 -7.895799220156018e-06
111 -7.34450363496167e-06
112 -7.721698961023016e-06
113 -7.57991613969597e-06
114 -7.661384249437932e-06
115 -7.460538558873442e-06
116 -7.360612033580784e-06
117 -6.99181894028387e-06
118 -7.776154834173023e-06
119 -7.602295179692244e-06
120 -7.629775280874451e-06
121 -7.4751442718422286e-06
122 -7.5398329155837695e-06
123 -7.640489308608327e-06
124 -7.2503720741339525e-06
125 -7.56966746493204e-06
126 -7.4652727918602115e-06
127 -7.672099119905875e-06
128 -7.667756791699825e-06
129 -7.712620526998187e-06
130 -7.621566349624758e-06
131 -7.3732223205260986e-06
132 -7.635359840602313e-06
133 -7.4843502765904645e-06
134 -7.582281734027988e-06
135 -7.87517874185047e-06
136 -7.678133533865695e-06
137 -7.512569990485048e-06
138 -7.29453180641705e-06
139 -7.500910806942612e-06
140 -7.5446807872590555e-06
141 -7.406007336593525e-06
142 -7.416232308989085e-06
143 -7.307874970206716e-06
144 -7.566866232400328e-06
145 -7.683682605558247e-06
146 -7.180778941478739e-06
147 -7.470092393300622e-06
148 -7.659307253968691e-06
149 -7.333131094886753e-06
150 -7.308040509209353e-06
151 -7.38463158508006e-06
152 -7.576402332609935e-06
153 -7.6553058411939e-06
154 -7.295399638178841e-06
155 -7.33400437384131e-06
156 -7.368540091705827e-06
157 -7.663260170905933e-06
158 -7.579613185471675e-06
159 -7.442001176042959e-06
160 -7.583804951664544e-06
161 -7.531347533923172e-06
162 -7.41521975182642e-06
163 -7.505074732479618e-06
164 -7.432174890222898e-06
165 -7.500706527634319e-06
166 -7.180421757576961e-06
167 -7.308310654215027e-06
168 -7.527605895671194e-06
169 -7.44861386314929e-06
170 -7.342775667599858e-06
171 -7.692957359306334e-06
172 -7.637236775384376e-06
173 -7.753097648359022e-06
174 -7.471850255335275e-06
175 -7.09682761809767e-06
176 -7.234330577821172e-06
177 -7.330174250906862e-06
178 -7.49700031198265e-06
179 -7.324888360597721e-06
180 -7.525962564748773e-06
181 -7.78268143845224e-06
182 -7.530633790042948e-06
183 -7.584361779171796e-06
184 -7.62680163957841e-06
185 -7.370486725601662e-06
186 -7.344653057120865e-06
187 -7.91228244001416e-06
188 -7.4406905346573775e-06
189 -7.275758947224755e-06
190 -7.710403261356854e-06
191 -7.73218139242916e-06
192 -6.927328030847146e-06
193 -7.6011008525390815e-06
194 -7.384876224888267e-06
195 -7.616103307075369e-06
196 -7.393049020060059e-06
197 -7.463048262578232e-06
198 -7.491241354947083e-06
199 -7.83800410871135e-06
200 -7.553845893044669e-06
201 -7.331506826478696e-06
202 -7.699577875248432e-06
203 -7.231122654919109e-06
204 -7.602328849515329e-06
205 -7.291944999083806e-06
206 -7.335945432945608e-06
207 -7.425971189385305e-06
208 -7.533960331404423e-06
209 -7.606839877374411e-06
210 -7.129356790899339e-06
211 -7.56957793214636e-06
212 -7.559691464479959e-06
213 -7.819689660668057e-06
214 -7.524440314877957e-06
215 -7.610240319166872e-06
216 -7.357367645980579e-06
217 -7.054135580598485e-06
218 -7.665278862768765e-06
219 -7.4170148661872026e-06
220 -7.498354315893056e-06
221 -7.82334886583701e-06
222 -7.658088972192762e-06
223 -7.308680196831932e-06
224 -7.508190123162609e-06
225 -7.688361067395917e-06
226 -7.71795947899584e-06
227 -7.586752582585513e-06
228 -7.588642013372753e-06
229 -7.885551615212095e-06
230 -7.721960669854179e-06
231 -7.799636952312674e-06
232 -7.846891678821358e-06
233 -7.827030651409992e-06
234 -7.815087381094779e-06
235 -7.403473947098308e-06
236 -7.708837683689553e-06
237 -7.649239378113601e-06
238 -7.30289295468467e-06
239 -7.569117658752984e-06
240 -7.6129749667190325e-06
241 -7.637289936491182e-06
242 -7.388999134145446e-06
243 -7.90575698246942e-06
244 -7.631113807590437e-06
245 -7.667095394003199e-06
246 -7.6229444365408874e-06
247 -7.460039452368831e-06
248 -7.493943992255038e-06
249 -7.654398299074049e-06
250 -7.630155530338506e-06
251 -7.520569137078963e-06
252 -7.693688902436513e-06
253 -7.448268263776735e-06
254 -7.721462818827665e-06
255 -7.722511493543697e-06
256 -7.733326110318595e-06
257 -7.575941415962069e-06
258 -7.36316382494636e-06
259 -7.046898301311781e-06
260 -7.353949415051259e-06
261 -7.237150154473879e-06
262 -7.702957439074442e-06
263 -7.650059833048748e-06
264 -7.6972138055775e-06
265 -7.462831847067251e-06
266 -7.694054389775095e-06
267 -7.914048429644463e-06
268 -7.789359181294629e-06
269 -7.3830433038571265e-06
270 -7.5258312837940986e-06
271 -7.398174117326073e-06
272 -7.786646762056456e-06
273 -7.722436833139104e-06
274 -7.3851420512919816e-06
275 -7.442762878835926e-06
276 -7.771232413931109e-06
277 -7.542712187447681e-06
278 -7.421602082489782e-06
279 -7.524052650094432e-06
280 -7.977955088597785e-06
281 -7.445408351577637e-06
282 -7.322573325053063e-06
283 -8.004713132837238e-06
284 -7.5714847048215735e-06
285 -7.653267618958531e-06
286 -7.676768696180379e-06
287 -7.829996278354066e-06
288 -7.562681972824378e-06
289 -7.547462000357985e-06
290 -7.4375571599663035e-06
291 -7.912510909958959e-06
292 -7.433329473314191e-06
293 -7.477249729692921e-06
294 -7.370178714084533e-06
295 -7.471895259799057e-06
296 -7.250326703659051e-06
297 -7.592241234201906e-06
298 -7.4521894341434365e-06
299 -7.595564172028793e-06
