0 -8.810521355868488e-07
1 -8.396415983908452e-07
2 -8.940078445404559e-07
3 -7.749560844382734e-07
4 -9.152900098671251e-07
5 -8.467096895525152e-07
6 -8.469280217940069e-07
7 -9.147394158115535e-07
8 -9.072620233918227e-07
9 -8.714908235363912e-07
10 -8.441334702626726e-07
11 -7.202743586414814e-07
12 -8.362592170325544e-07
13 -9.764410293755468e-07
14 -7.497444381580452e-07
15 -8.207017839823751e-07
16 -7.770427078613083e-07
17 -7.647103645180041e-07
18 -7.952413890660223e-07
19 -9.023869566169909e-07
20 -8.17562873479602e-07
21 -8.141566613536771e-07
22 -9.79389571542483e-07
23 -8.77331523229459e-07
24 -8.856880000688801e-07
25 -8.734631254750327e-07
26 -9.129096438868359e-07
27 -8.514258571112092e-07
28 -8.561505504713653e-07
29 -9.317647124764955e-07
30 -6.94714583657166e-07
31 -6.869228750034111e-07
32 -9.291608578904274e-07
33 -8.633389614506513e-07
34 -8.310543255558257e-07
35 -8.532979987097262e-07
36 -8.712765981012793e-07
37 -9.262992613206257e-07
38 -7.708349867211415e-07
39 -8.267453814652932e-07
40 -9.460349193436616e-07
41 -7.894490000378457e-07
42 -8.094540165152845e-07
43 -9.157513322582126e-07
44 -8.378683487119674e-07
45 -8.01817375499038e-07
46 -6.686153248101386e-07
47 -8.79614517137575e-07
48 -9.372249459332342e-07
49 -8.509086789239484e-07
50 -8.661234999580229e-07
51 -9.583509710305719e-07
52 -6.213481582324539e-07
53 -8.100244946087166e-07
54 -6.771262048257797e-07
55 -8.397865039409161e-07
56 -7.310290655722289e-07
57 -7.429431743192806e-07
58 -7.825881178982484e-07
59 -7.648431874340385e-07
60 -9.446278891359124e-07
61 -8.630303108100931e-07
62 -8.138763926480369e-07
63 -8.941963277762574e-07
64 -8.276095993663921e-07
65 -8.195130226474327e-07
66 -8.561240430475874e-07
67 -9.328424772972411e-07
68 -8.437863957883127e-07
69 -8.73252019381545e-07
70 -7.947531382880841e-07
71 -7.775905518810664e-07
72 -8.781606158376967e-07
73 -8.794772814538701e-07
74 -8.295015943870234e-07
75 -9.082802736582127e-07
76 -7.829548384268856e-07
77 -9.515431353915485e-07
78 -7.856805411048858e-07
79 -8.675663889361208e-07
80 -7.837582717975301e-07
81 -7.940639533611156e-07
82 -7.818960540324639e-07
83 -8.594586252449889e-07
84 -9.453051903795941e-07
85 -8.56959888084135e-07
86 -7.968710778163011e-07
87 -7.494420529718202e-07
88 -8.301644016002268e-07
89 -7.756347624176733e-07
90 -8.419504727820173e-07
91 -8.736744325682611e-07
92 -7.804029577650905e-07
93 -8.42302769377871e-07
94 -8.676860679646286e-07
95 -8.826242864714062e-07
96 -9.114739019450565e-07
97 -7.473914232532164e-07
98 -7.839990495541496e-07
99 -7.839591428502201e-07
100 -8.424103220247645e-07
101 -8.66872320136953e-07
102 -8.812865357553152e-07
103 -7.799849824292823e-07
104 -7.976247475605507e-07
105 -8.396060286990507e-07
106 -8.268044953131328e-07
107 -8.022282611836323e-07
108 -6.835510111430065e-07
109 -7.691579117988136e-07
110 -7.356577571727753e-07
111 -7.777667894278831e-07
112 -7.825620699747898e-07
113 -8.075090819508097e-07
114 -9.96502187166726e-07
115 -9.347086175619902e-07
116 -8.641059796958979e-07
117 -1.0207071886068924e-06
118 -7.419514757159167e-07
119 -8.4007506206039e-07
120 -8.65877696578968e-07
121 -8.171588717401788e-07
122 -9.052232961462189e-07
123 -7.7274271108687e-07
124 -8.809409393991938e-07
125 -8.332981005950464e-07
126 -8.640896990732706e-07
127 -8.022578473746756e-07
128 -8.344362123551133e-07
129 -9.616620922072916e-07
130 -8.469666483744346e-07
131 -9.282815820091115e-07
132 -8.860545031645633e-07
133 -8.15428096972768e-07
134 -9.059934155329719e-07
135 -7.781418313010949e-07
136 -8.706933254477656e-07
137 -8.355267922982672e-07
138 -8.478262015166194e-07
139 -7.519025417933582e-07
140 -8.70330412578623e-07
141 -8.399998540495757e-07
142 -7.90614447241171e-07
143 -8.647809452789711e-07
144 -8.351192943526801e-07
145 -8.332950099132741e-07
146 -9.391138402469904e-07
147 -8.976311947327774e-07
148 -9.48851625943985e-07
149 -7.758701405813303e-07
150 -9.280633329103631e-07
151 -9.53839164726286e-07
152 -8.583583340752541e-07
153 -7.526613977580305e-07
154 -8.69056962278957e-07
155 -7.416213661505581e-07
156 -8.27259082019411e-07
157 -9.332930173387015e-07
158 -7.782823131535467e-07
159 -8.569300121666395e-07
160 -9.401611655414926e-07
161 -8.728111491395415e-07
162 -9.647399068962409e-07
163 -8.807449152803743e-07
164 -9.115186542719206e-07
165 -9.382435685424202e-07
166 -8.366653311384666e-07
167 -8.892414538535553e-07
168 -8.063028845348322e-07
169 -8.097064224685937e-07
170 -9.087721817708849e-07
171 -7.824239097637019e-07
172 -8.398832438884559e-07
173 -7.147351910596215e-07
174 -8.263438899595744e-07
175 -8.454278092268404e-07
176 -9.047421571576051e-07
177 -8.114393448963422e-07
178 -9.148468662847584e-07
179 -8.975493241632527e-07
180 -8.66150402833784e-07
181 -8.167695157750239e-07
182 -9.574205975492556e-07
183 -8.520305481977973e-07
184 -8.689819337943517e-07
185 -8.317352883675698e-07
186 -8.388307022319704e-07
187 -7.621929751449985e-07
188 -9.317024257098281e-07
189 -8.773072335043994e-07
190 -8.655689567756705e-07
191 -7.686127205771154e-07
192 -1.0469202122402344e-06
193 -9.151711686926815e-07
194 -8.463035106011815e-07
195 -7.918344426972035e-07
196 -9.06274175020815e-07
197 -8.451235588102319e-07
198 -8.774430197931129e-07
199 -8.003688009889709e-07
200 -8.231702703252817e-07
201 -8.323010660953608e-07
202 -8.44741217865224e-07
203 -9.500859757141222e-07
204 -8.865431930057145e-07
205 -7.868276886096631e-07
206 -8.549704406617752e-07
207 -8.748937187626624e-07
208 -9.331200739451788e-07
209 -8.527674812018758e-07
210 -7.703650429749654e-07
211 -8.257940278845697e-07
212 -7.957615717408989e-07
213 -6.937026732971487e-07
214 -7.073589730050542e-07
215 -8.547767899572633e-07
216 -8.694839522258016e-07
217 -1.0106863025718995e-06
218 -8.599860372478632e-07
219 -8.478210002729566e-07
220 -8.975357687200335e-07
221 -7.270530420734202e-07
222 -8.3260191791429e-07
223 -8.773830855538015e-07
224 -9.072279117109243e-07
225 -7.167443049175558e-07
226 -8.331983760503989e-07
227 -8.753596538884833e-07
228 -7.496875402805717e-07
229 -8.355914540037562e-07
230 -7.701981619458738e-07
231 -8.000558174175296e-07
232 -7.849476161972576e-07
233 -7.921938721621418e-07
234 -7.176254602114247e-07
235 -9.125028133603664e-07
236 -8.937649266763945e-07
237 -8.728399680544525e-07
238 -9.043952429356524e-07
239 -8.074694652865787e-07
240 -7.550105186449096e-07
241 -8.274467847641508e-07
242 -9.324303349336558e-07
243 -7.390165498567739e-07
244 -7.760255349541326e-07
245 -7.754998624968126e-07
246 -7.84826291089099e-07
247 -8.786343303751237e-07
248 -8.26642937756821e-07
249 -7.584739976154588e-07
250 -7.866946675177557e-07
251 -8.961197223988659e-07
252 -8.05361728530869e-07
253 -8.194700894413834e-07
254 -7.45758224666315e-07
255 -8.401036276109214e-07
256 -7.652536151182659e-07
257 -8.656610622515365e-07
258 -8.785443050851212e-07
259 -1.014352829787333e-06
260 -9.377000619030909e-07
261 -8.083865785192525e-07
262 -8.438927992457886e-07
263 -8.399596026223511e-07
264 -8.421594889564165e-07
265 -7.704774037075814e-07
266 -8.119529903218944e-07
267 -8.510092820207576e-07
268 -6.829489691727702e-07
269 -8.286010497640459e-07
270 -9.215983009744668e-07
271 -9.410713714172898e-07
272 -7.012941875837744e-07
273 -8.278897994686748e-07
274 -9.264906654140028e-07
275 -8.648787615730559e-07
276 -7.867831576332184e-07
277 -1.0175109228521478e-06
278 -8.004959466887593e-07
279 -7.617092647178638e-07
280 -5.830688750077497e-07
281 -9.192359720671122e-07
282 -8.019494992570673e-07
283 -6.469696301876091e-07
284 -8.979868173781111e-07
285 -8.375951925795081e-07
286 -8.721007009396058e-07
287 -7.675327682777179e-07
288 -8.216233284974403e-07
289 -8.932468331655069e-07
290 -8.396567761325008e-07
291 -7.247059307053526e-07
292 -9.458800539814222e-07
293 -8.764157901871149e-07
294 -9.038497162284846e-07
295 -8.777348402248342e-07
296 -8.435266539019879e-07
297 -9.399509740446708e-07
298 -8.937290936950386e-07
299 -8.818785959062347e-07
