0 -6.701046882377756e-06
1 -6.565734505337274e-06
2 -6.7483640477197664e-06
3 -6.915797406421874e-06
4 -6.712025213814319e-06
5 -6.774837209629546e-06
6 -6.750398844468521e-06
7 -6.6224716592235476e-06
8 -6.583582012493069e-06
9 -6.710909562829736e-06
10 -6.829016056005973e-06
11 -6.981070634692934e-06
12 -6.783866653167968e-06
13 -6.4598199926043835e-06
14 -6.93527884300507e-06
15 -6.763560463487596e-06
16 -6.910986580027355e-06
17 -7.019791494063298e-06
18 -6.728495662305773e-06
19 -6.699931676916694e-06
20 -6.739979626336309e-06
21 -6.7373709370890604e-06
22 -6.555963617222632e-06
23 -6.641046029332586e-06
24 -6.495162502703915e-06
25 -6.808840676758861e-06
26 -6.630851134699825e-06
27 -6.828243567418099e-06
28 -6.634162103350457e-06
29 -6.547991685196896e-06
30 -7.036729273374242e-06
31 -7.050930941788208e-06
32 -6.481498662202778e-06
33 -6.803650534491324e-06
34 -6.686989617598707e-06
35 -6.6130663994279744e-06
36 -6.711182320910199e-06
37 -6.5678153792060205e-06
38 -6.9400520632887604e-06
39 -6.637021556824569e-06
40 -6.612552694289785e-06
41 -6.713454593843312e-06
42 -6.862242979815369e-06
43 -6.732761628485449e-06
44 -6.761543302335707e-06
45 -6.8006958927771145e-06
46 -6.886388884298352e-06
47 -6.547418549062426e-06
48 -6.598621068322774e-06
49 -6.493522664124226e-06
50 -6.683736022167115e-06
51 -6.704935415191474e-06
52 -7.064793686991316e-06
53 -6.743858082068919e-06
54 -6.962297373394601e-06
55 -6.69850096117099e-06
56 -6.921825292830244e-06
57 -6.812669927928984e-06
58 -6.851282950731745e-06
59 -6.9330509467426475e-06
60 -6.5908299869753675e-06
61 -6.8773888578784944e-06
62 -6.810027536350993e-06
63 -6.706418536470363e-06
64 -6.778073258353473e-06
65 -6.810072820007588e-06
66 -6.697588424245212e-06
67 -6.502947384820717e-06
68 -6.781068667894592e-06
69 -6.797274274212953e-06
70 -6.893607160414289e-06
71 -6.71866416404568e-06
72 -6.554476956167831e-06
73 -6.648466272762972e-06
74 -6.6994444817697425e-06
75 -6.589434016199891e-06
76 -6.859017718040959e-06
77 -6.462915814022881e-06
78 -6.882292782121255e-06
79 -6.667483474696764e-06
80 -6.959448072958365e-06
81 -6.868269553646087e-06
82 -6.791012659435234e-06
83 -6.758495414120643e-06
84 -6.619181502226074e-06
85 -6.7021929450896585e-06
86 -6.874713328300822e-06
87 -6.780299919363657e-06
88 -6.5723519332076094e-06
89 -6.844281945731271e-06
90 -6.791028026178929e-06
91 -6.6838773577877555e-06
92 -6.738004852714061e-06
93 -6.740349497466551e-06
94 -6.691753247091946e-06
95 -6.554098487545403e-06
96 -6.6376195085731895e-06
97 -6.851967483820103e-06
98 -6.902695424751329e-06
99 -6.775860565099666e-06
100 -6.792182859163744e-06
101 -6.655543324510901e-06
102 -6.724198116374747e-06
103 -7.04350654515759e-06
104 -6.897833931983464e-06
105 -6.645326105260143e-06
106 -6.676664733776353e-06
107 -6.7904472455275105e-06
108 -6.925854103490473e-06
109 -6.937829273772718e-06
110 -6.9009715176092754e-06
111 -6.8828950203878055e-06
112 -6.824147306975806e-06
113 -6.935991286825738e-06
114 -6.422974610206922e-06
115 -6.43440712252579e-06
116 -6.821029756053393e-06
117 -6.6412255761138595e-06
118 -6.881661010688141e-06
119 -6.859643666112337e-06
120 -6.6958254905237275e-06
121 -6.950337602010669e-06
122 -6.5846959240213764e-06
123 -6.9046502788487215e-06
124 -6.530860645809221e-06
125 -6.701732988190846e-06
126 -6.816740783638035e-06
127 -6.853803037820166e-06
128 -6.678745101450725e-06
129 -6.467672072057079e-06
130 -6.651194396369815e-06
131 -6.5835316514414315e-06
132 -6.653467768151181e-06
133 -6.657105153862973e-06
134 -6.6183639080459075e-06
135 -6.929123059692009e-06
136 -6.603528034200612e-06
137 -6.817636863718617e-06
138 -6.774366057586246e-06
139 -6.9555325587460305e-06
140 -6.72951433877075e-06
141 -6.834897317336147e-06
142 -6.8570145965567604e-06
143 -6.6220213323804255e-06
144 -6.722808538968307e-06
145 -6.6600351290062405e-06
146 -6.626045608640864e-06
147 -6.631290620528305e-06
148 -6.455049351056788e-06
149 -6.968219360935375e-06
150 -6.54163191008485e-06
151 -6.588645283301376e-06
152 -6.728086190915086e-06
153 -6.947720075773377e-06
154 -6.753443792981434e-06
155 -7.045699104373139e-06
156 -6.751108188377744e-06
157 -6.615753682232861e-06
158 -6.836781586813761e-06
159 -6.651080857780479e-06
160 -6.473551305167565e-06
161 -6.794604584354033e-06
162 -6.527791471976646e-06
163 -6.661875597919049e-06
164 -6.617100052989042e-06
165 -6.447083749702474e-06
166 -6.731353213804488e-06
167 -6.754622169395032e-06
168 -6.69389897991449e-06
169 -6.7849453301341615e-06
170 -6.6128421069620775e-06
171 -6.821306599574476e-06
172 -6.832018957894646e-06
173 -6.916698857308659e-06
174 -6.7235657176375095e-06
175 -6.825366747471196e-06
176 -6.678465752737093e-06
177 -6.896118906371993e-06
178 -6.688917828733014e-06
179 -6.714860410662128e-06
180 -6.644041062252135e-06
181 -6.751753499651422e-06
182 -6.619798178756042e-06
183 -6.6343469510594066e-06
184 -6.669152419812735e-06
185 -6.684371044881224e-06
186 -6.836163685152212e-06
187 -6.748727200961997e-06
188 -6.653122592449732e-06
189 -6.825559470700791e-06
190 -6.7741922604046e-06
191 -6.7756875233066555e-06
192 -6.341206119980225e-06
193 -6.6983292618954265e-06
194 -6.713947256638448e-06
195 -6.752233312241323e-06
196 -6.639304306327176e-06
197 -6.738998553041783e-06
198 -6.6576908595118804e-06
199 -6.733046840607157e-06
200 -6.7792755555652225e-06
201 -6.767036099002954e-06
202 -6.68351859691185e-06
203 -6.723802100369231e-06
204 -6.641584820100441e-06
205 -6.780954018170748e-06
206 -6.69159341917443e-06
207 -6.675949433802601e-06
208 -6.494129886782851e-06
209 -6.571596753895491e-06
210 -6.970016232713249e-06
211 -6.8308859537978155e-06
212 -6.885144359948295e-06
213 -6.815653485014534e-06
214 -6.961318346632229e-06
215 -6.654978997742886e-06
216 -6.672137501494159e-06
217 -6.4895552387959985e-06
218 -6.7242657973722605e-06
219 -6.67579318742746e-06
220 -6.5950553280008135e-06
221 -6.974708180646397e-06
222 -6.740343737993787e-06
223 -6.5753430132343796e-06
224 -6.528613313569021e-06
225 -6.933386639485614e-06
226 -6.829432978249599e-06
227 -6.701663205365533e-06
228 -6.940079173829364e-06
229 -6.66348620682433e-06
230 -6.837367344155374e-06
231 -6.801318437486891e-06
232 -6.805054763390776e-06
233 -6.797030108554509e-06
234 -6.971090274784209e-06
235 -6.557441578707053e-06
236 -6.650553589912936e-06
237 -6.599718838786332e-06
238 -6.639594277844686e-06
239 -6.8331508108574965e-06
240 -6.924104562697869e-06
241 -6.663950003129778e-06
242 -6.735855126435108e-06
243 -7.200114571177774e-06
244 -6.842892857576206e-06
245 -6.804699647132185e-06
246 -6.802836213824425e-06
247 -6.763251359304768e-06
248 -6.747517452089232e-06
249 -6.829197193974252e-06
250 -6.858020416960599e-06
251 -6.601177245798662e-06
252 -6.684740539046426e-06
253 -6.666348008967422e-06
254 -6.898969707744902e-06
255 -6.696004701145426e-06
256 -6.823023790576439e-06
257 -6.737182991725991e-06
258 -6.785086233313332e-06
259 -6.5404670653246065e-06
260 -6.6436272352226875e-06
261 -6.769050174100007e-06
262 -6.781261819238714e-06
263 -6.712468517227604e-06
264 -6.710856057453185e-06
265 -6.882204653780699e-06
266 -6.785385329879243e-06
267 -6.751555274751633e-06
268 -7.035203744552451e-06
269 -6.75013506711538e-06
270 -6.549066192170877e-06
271 -6.502108699167112e-06
272 -7.0326952449443855e-06
273 -6.695135968787917e-06
274 -6.620483737798834e-06
275 -6.652112923714178e-06
276 -6.660536498693674e-06
277 -6.332455337519452e-06
278 -6.858219798593744e-06
279 -6.879927894581648e-06
280 -7.260048940561944e-06
281 -6.574394921698991e-06
282 -6.751102513469372e-06
283 -7.067758819865291e-06
284 -6.702015444829729e-06
285 -6.79317782151035e-06
286 -6.597012405359332e-06
287 -6.817816908633511e-06
288 -6.754932152593728e-06
289 -6.527159598549714e-06
290 -6.775148728843981e-06
291 -6.913146883373167e-06
292 -6.631382461908406e-06
293 -6.818864982732015e-06
294 -6.648274261778407e-06
295 -6.763328965186358e-06
296 -6.7651774768328384e-06
297 -6.640540800334848e-06
298 -6.695042171563265e-06
299 -6.605760438057929e-06
