0 -7.704343400549508e-07
1 -8.02981963812507e-07
2 -7.405889888138145e-07
3 -8.039552241206973e-07
4 -7.629532780817866e-07
5 -7.887378162300479e-07
6 -7.758222975961653e-07
7 -7.882235916465142e-07
8 -7.665950258833269e-07
9 -7.912784199259521e-07
10 -7.882824750726968e-07
11 -7.878245141590253e-07
12 -7.724339550260185e-07
13 -7.59343694688436e-07
14 -7.920035942804468e-07
15 -7.763937595539739e-07
16 -8.199539625875798e-07
17 -8.040350461018976e-07
18 -7.808745340104994e-07
19 -7.799595409251055e-07
20 -7.921194445632149e-07
21 -8.325874005603309e-07
22 -7.673358379027671e-07
23 -8.023796097767776e-07
24 -8.192262671123557e-07
25 -7.729746660786177e-07
26 -7.82524983051969e-07
27 -7.693472558137876e-07
28 -8.011699582724864e-07
29 -7.68580134626731e-07
30 -7.983234784027707e-07
31 -8.160552066342383e-07
32 -7.999576225276597e-07
33 -7.695488215676337e-07
34 -8.196640386502315e-07
35 -7.99130224956917e-07
36 -7.654520247720694e-07
37 -7.899176828424143e-07
38 -7.98184691257756e-07
39 -8.073311750901659e-07
40 -7.668304105386903e-07
41 -8.063537765650505e-07
42 -7.756357456993847e-07
43 -7.809122323633431e-07
44 -7.79861439771016e-07
45 -7.972589972249733e-07
46 -8.332045193750295e-07
47 -7.818809178861551e-07
48 -7.770165356711229e-07
49 -7.982404928433051e-07
50 -7.910095129999937e-07
51 -7.556400739710493e-07
52 -8.218612971382806e-07
53 -8.028428571933067e-07
54 -8.172511193605813e-07
55 -7.939841464104902e-07
56 -8.225156314328146e-07
57 -8.172863280379009e-07
58 -8.091932075219604e-07
59 -8.157457096764502e-07
60 -7.689092229307572e-07
61 -7.678994779737553e-07
62 -7.805589531445505e-07
63 -7.822079008699333e-07
64 -7.927222481547716e-07
65 -7.805291216346663e-07
66 -8.151308381586389e-07
67 -7.688040097630161e-07
68 -7.800991630523852e-07
69 -7.565501912547244e-07
70 -8.178056658746804e-07
71 -8.194036690457185e-07
72 -8.015708702588363e-07
73 -7.754315390758248e-07
74 -7.814149040814283e-07
75 -7.95064714813478e-07
76 -8.063535028853903e-07
77 -7.837134101329254e-07
78 -7.762459112858509e-07
79 -7.891686659157322e-07
80 -7.827456278178795e-07
81 -8.14452380790453e-07
82 -8.053518560366198e-07
83 -7.918253562812391e-07
84 -7.685042803774289e-07
85 -7.960066941843853e-07
86 -7.958195612506835e-07
87 -8.197249146743002e-07
88 -8.234274529360912e-07
89 -7.952153071626091e-07
90 -8.015280620685769e-07
91 -7.778220568471468e-07
92 -8.358998400290141e-07
93 -7.862507415625095e-07
94 -7.81920723618802e-07
95 -7.611270211463582e-07
96 -7.601860417285122e-07
97 -8.157501983050721e-07
98 -7.71207610394249e-07
99 -8.096186090685648e-07
100 -8.012384313595966e-07
101 -7.783578207513348e-07
102 -7.705531749419747e-07
103 -8.041555186625614e-07
104 -8.051030841476287e-07
105 -7.829523274536575e-07
106 -8.05389126989348e-07
107 -7.818803504248527e-07
108 -8.0771833053011e-07
109 -8.025986933377458e-07
110 -8.305727608468384e-07
111 -7.887229355215216e-07
112 -7.868964237961783e-07
113 -7.95739392881756e-07
114 -7.785613511421268e-07
115 -7.758261829215863e-07
116 -7.93647957186762e-07
117 -7.269995620103471e-07
118 -7.98684709134829e-07
119 -7.886143909303138e-07
120 -7.739261153785673e-07
121 -7.686289409409105e-07
122 -7.890637678711523e-07
123 -8.29422482420345e-07
124 -7.815862600947705e-07
125 -8.066853058236712e-07
126 -7.966086733831853e-07
127 -7.943648500991044e-07
128 -7.835410099305519e-07
129 -7.57072427776613e-07
130 -7.871183465130773e-07
131 -7.763979984261569e-07
132 -7.759837424988672e-07
133 -7.902474299755088e-07
134 -7.703398233372917e-07
135 -7.906103306778954e-07
136 -8.074066369558374e-07
137 -8.065410654524426e-07
138 -7.897797781206904e-07
139 -7.901342634643971e-07
140 -7.889554551745274e-07
141 -7.768053140608245e-07
142 -8.058673721961862e-07
143 -7.786414990896759e-07
144 -7.886320058426437e-07
145 -7.993220428575865e-07
146 -7.610307987568359e-07
147 -7.84242075274933e-07
148 -7.783305330826285e-07
149 -7.966607752599967e-07
150 -7.932425674912631e-07
151 -7.717749402926928e-07
152 -7.774454057036154e-07
153 -8.007844729177133e-07
154 -7.98823863123467e-07
155 -8.036331408018813e-07
156 -8.081943619732093e-07
157 -7.807442931624962e-07
158 -7.889103167513884e-07
159 -7.997895145253221e-07
160 -7.900100901698843e-07
161 -7.69616835840507e-07
162 -7.732379879662802e-07
163 -7.72922298030336e-07
164 -7.676272121629583e-07
165 -7.674573806689979e-07
166 -7.863486651158809e-07
167 -7.809514781024935e-07
168 -7.965648836626965e-07
169 -7.98877876925644e-07
170 -7.860062226316159e-07
171 -7.957974535996585e-07
172 -7.888088801077328e-07
173 -7.976818675924115e-07
174 -7.95017896520135e-07
175 -7.707897013572923e-07
176 -7.649288410470142e-07
177 -7.930952233493329e-07
178 -7.778471406514446e-07
179 -7.701623210998567e-07
180 -7.966948738577916e-07
181 -8.227597245649974e-07
182 -7.620122201181415e-07
183 -8.000863780637483e-07
184 -7.806393183443343e-07
185 -8.002727904286868e-07
186 -7.64463547593095e-07
187 -8.259692924945569e-07
188 -7.733508656411413e-07
189 -7.695860774420441e-07
190 -7.706793377251529e-07
191 -7.993018932999136e-07
192 -7.697036840565901e-07
193 -7.689324375915567e-07
194 -7.926927081548852e-07
195 -7.952277369277468e-07
196 -7.68695063850497e-07
197 -7.993286224422722e-07
198 -7.86183378161151e-07
199 -8.055981843034458e-07
200 -7.88074013539025e-07
201 -7.87903048610403e-07
202 -8.171363376399283e-07
203 -7.583812184114516e-07
204 -7.883794852123835e-07
205 -7.844012116444924e-07
206 -7.833344230020576e-07
207 -7.777023282223668e-07
208 -7.860334935629775e-07
209 -7.862429918313961e-07
210 -7.809488101193725e-07
211 -7.948797538272828e-07
212 -7.839284356945268e-07
213 -8.100238116548413e-07
214 -8.062828720625682e-07
215 -7.888673713711459e-07
216 -7.81441302351408e-07
217 -7.54361742060442e-07
218 -7.933688602293359e-07
219 -7.860194240662604e-07
220 -7.858947331705961e-07
221 -8.184623984575485e-07
222 -7.69577042420541e-07
223 -7.971862118512167e-07
224 -7.901786554649893e-07
225 -8.038714509837458e-07
226 -7.96120995738679e-07
227 -7.901016063860916e-07
228 -7.891982468567969e-07
229 -7.945080823456263e-07
230 -8.00307292152229e-07
231 -7.994018580939624e-07
232 -7.908022259164831e-07
233 -8.118380578278672e-07
234 -8.209868429264688e-07
235 -7.938207163559513e-07
236 -7.748795216884684e-07
237 -7.966085958165788e-07
238 -7.772559230330624e-07
239 -7.997905741343988e-07
240 -8.094196571329135e-07
241 -7.768757355530671e-07
242 -7.828281638394744e-07
243 -7.843566580688177e-07
244 -7.837494924758685e-07
245 -7.97310868694499e-07
246 -8.235858393691291e-07
247 -7.778811003690287e-07
248 -7.93292426188015e-07
249 -8.433787825127847e-07
250 -8.129224929718969e-07
251 -7.791896653148668e-07
252 -8.077065641501319e-07
253 -8.041822743217147e-07
254 -8.036434348927473e-07
255 -8.061859474220222e-07
256 -8.318308669005889e-07
257 -7.86690486387743e-07
258 -7.68205499654828e-07
259 -7.574475406078929e-07
260 -7.591616961931672e-07
261 -7.836089885952356e-07
262 -7.878173152325682e-07
263 -7.914119647199463e-07
264 -8.00582171734833e-07
265 -7.966906058391244e-07
266 -8.111657807672643e-07
267 -7.992939337964556e-07
268 -8.057897582133583e-07
269 -7.69959873319958e-07
270 -7.783014764747984e-07
271 -7.798634195662444e-07
272 -8.241575984998244e-07
273 -8.153410957306929e-07
274 -7.825803090565075e-07
275 -7.883232060191755e-07
276 -7.961618222661153e-07
277 -7.838299474829338e-07
278 -7.763374341123871e-07
279 -8.247409594502079e-07
280 -8.386247857068569e-07
281 -7.763029000359137e-07
282 -7.869903303174224e-07
283 -8.465344353084818e-07
284 -7.686263344483173e-07
285 -7.959846179372423e-07
286 -7.926683564355702e-07
287 -8.046523352036419e-07
288 -8.013148677404591e-07
289 -7.724574995168874e-07
290 -7.833334974149291e-07
291 -8.148035756827421e-07
292 -7.662831427168727e-07
293 -7.752823673445827e-07
294 -7.786211828006292e-07
295 -7.684209356363351e-07
296 -7.697707205930044e-07
297 -7.934398163667676e-07
298 -7.888658550337744e-07
299 -8.097989744586895e-07
