0 -3.507010939075031e-07
1 -3.5579470094746807e-07
2 -3.476568363221544e-07
3 -3.6031297721438544e-07
4 -3.457545578244438e-07
5 -3.5451218280409943e-07
6 -3.546453995816306e-07
7 -3.506814753854748e-07
8 -3.5304979497797815e-07
9 -3.484659543011173e-07
10 -3.5766499728167086e-07
11 -3.6203571493957166e-07
12 -3.42219692210267e-07
13 -3.393890108174047e-07
14 -3.582336461473752e-07
15 -3.5025634596278576e-07
16 -3.699108342822839e-07
17 -3.583824915033345e-07
18 -3.5201566817622225e-07
19 -3.5610250309401075e-07
20 -3.509967986623546e-07
21 -3.67894307460166e-07
22 -3.487159575806871e-07
23 -3.59567696948346e-07
24 -3.5774839139554e-07
25 -3.506429789355477e-07
26 -3.4878048275836425e-07
27 -3.5035368321570126e-07
28 -3.573838575642055e-07
29 -3.539942044416601e-07
30 -3.528424637713224e-07
31 -3.654120814659855e-07
32 -3.5486069306159117e-07
33 -3.5358988580800255e-07
34 -3.57868312472725e-07
35 -3.5230313559846275e-07
36 -3.4514199290983965e-07
37 -3.514529410513596e-07
38 -3.632936985833622e-07
39 -3.541933107017947e-07
40 -3.501500995255583e-07
41 -3.4760139309372916e-07
42 -3.5306608647319973e-07
43 -3.5122723035714346e-07
44 -3.481497448665464e-07
45 -3.5492955868791977e-07
46 -3.6025537943331203e-07
47 -3.45406772131982e-07
48 -3.492688159640603e-07
49 -3.472801978971412e-07
50 -3.5013334771761064e-07
51 -3.489307604939453e-07
52 -3.7668951053104613e-07
53 -3.6046667240789586e-07
54 -3.703338830487353e-07
55 -3.56577120895288e-07
56 -3.7742139691161395e-07
57 -3.559073593146936e-07
58 -3.6277126790053573e-07
59 -3.6338614335964856e-07
60 -3.470766402921985e-07
61 -3.5030640664069467e-07
62 -3.5816319274881626e-07
63 -3.5491423142092555e-07
64 -3.655069908044184e-07
65 -3.538278968482196e-07
66 -3.6108797865423955e-07
67 -3.395100678023015e-07
68 -3.4616541232438235e-07
69 -3.4853165845022516e-07
70 -3.6184807263831653e-07
71 -3.6151509051586435e-07
72 -3.5234275612554594e-07
73 -3.456602929610311e-07
74 -3.5317932324524036e-07
75 -3.547986172115954e-07
76 -3.6577852756220657e-07
77 -3.4764387001067406e-07
78 -3.5680524670432525e-07
79 -3.4421397840837175e-07
80 -3.607909629291623e-07
81 -3.712398185631808e-07
82 -3.542606543790946e-07
83 -3.588972598420635e-07
84 -3.439404207396142e-07
85 -3.5526228379831324e-07
86 -3.5902346375959083e-07
87 -3.609170878164498e-07
88 -3.5358756443461815e-07
89 -3.621493731785745e-07
90 -3.558203161008411e-07
91 -3.5673587462908154e-07
92 -3.6834040002099794e-07
93 -3.5471040945788323e-07
94 -3.6046773168540633e-07
95 -3.4307538313559013e-07
96 -3.3570250931738575e-07
97 -3.665331165623994e-07
98 -3.625601985706583e-07
99 -3.5662324375432343e-07
100 -3.6295528524289105e-07
101 -3.4985508558121076e-07
102 -3.51123181801071e-07
103 -3.636790273961535e-07
104 -3.6188993155944343e-07
105 -3.3998943554981033e-07
106 -3.636655577090793e-07
107 -3.535211267217353e-07
108 -3.56470148063392e-07
109 -3.5758734239649364e-07
110 -3.742998536752876e-07
111 -3.583453525316008e-07
112 -3.624281466332815e-07
113 -3.575881918645803e-07
114 -3.3736080277035904e-07
115 -3.4460671539491334e-07
116 -3.6157843992421135e-07
117 -3.4239241819727394e-07
118 -3.5714208650232297e-07
119 -3.562824474163374e-07
120 -3.504167132827149e-07
121 -3.5952485877225807e-07
122 -3.5452663750381214e-07
123 -3.687444033038462e-07
124 -3.498419669358634e-07
125 -3.515029259456209e-07
126 -3.6139123426581875e-07
127 -3.605829411639005e-07
128 -3.4939386417684277e-07
129 -3.3272145057674627e-07
130 -3.437787466722126e-07
131 -3.5082660875633033e-07
132 -3.422973267836042e-07
133 -3.4796098180399516e-07
134 -3.4263758836135827e-07
135 -3.5121065965476366e-07
136 -3.5684197293456154e-07
137 -3.6544633792881e-07
138 -3.5610798432861625e-07
139 -3.559249120226376e-07
140 -3.53597502778628e-07
141 -3.564634948471014e-07
142 -3.6384349290340995e-07
143 -3.507781285497419e-07
144 -3.5571173511438724e-07
145 -3.5920930234052515e-07
146 -3.4699879877913744e-07
147 -3.4998949105662037e-07
148 -3.392238010453004e-07
149 -3.722959912589316e-07
150 -3.571855202844508e-07
151 -3.461499593549875e-07
152 -3.4878720459706083e-07
153 -3.5687928506156156e-07
154 -3.6065749358452914e-07
155 -3.6372733899814883e-07
156 -3.637715302252796e-07
157 -3.4588992565936213e-07
158 -3.5787418948629587e-07
159 -3.6075604657074474e-07
160 -3.4753992072162445e-07
161 -3.5726338691912785e-07
162 -3.4271999960251337e-07
163 -3.461472783783728e-07
164 -3.481236365203803e-07
165 -3.4171389869701993e-07
166 -3.613933279199277e-07
167 -3.6248308636120907e-07
168 -3.555721393181395e-07
169 -3.5820634064674744e-07
170 -3.589608218008808e-07
171 -3.531392658936614e-07
172 -3.5205585768550217e-07
173 -3.527410033008511e-07
174 -3.534330073175069e-07
175 -3.499327022327149e-07
176 -3.504355614414485e-07
177 -3.646360249719122e-07
178 -3.4345500672822633e-07
179 -3.506072954213305e-07
180 -3.5967722389138744e-07
181 -3.641456324846289e-07
182 -3.3636454127876133e-07
183 -3.4917871769891305e-07
184 -3.526074375440535e-07
185 -3.603262607766372e-07
186 -3.5020850751433015e-07
187 -3.5495700917816046e-07
188 -3.5041809173806083e-07
189 -3.549511275360566e-07
190 -3.49676527166768e-07
191 -3.5747564691770263e-07
192 -3.495421798810569e-07
193 -3.3949126634561847e-07
194 -3.571661758170456e-07
195 -3.57923584944807e-07
196 -3.4887276088417516e-07
197 -3.597730887814858e-07
198 -3.4891267141272535e-07
199 -3.585366005983205e-07
200 -3.5770032827677533e-07
201 -3.6310318006687e-07
202 -3.626960917096469e-07
203 -3.5946698655885556e-07
204 -3.546743381216933e-07
205 -3.582354277270076e-07
206 -3.5633754326117007e-07
207 -3.4943884042037786e-07
208 -3.3739858328130693e-07
209 -3.4601660202951685e-07
210 -3.684317768015601e-07
211 -3.569833314854978e-07
212 -3.5979860236473037e-07
213 -3.5291331298982205e-07
214 -3.6472235838653594e-07
215 -3.477126784385018e-07
216 -3.4741364810338504e-07
217 -3.4695342563205355e-07
218 -3.5163566555696984e-07
219 -3.4503675888598097e-07
220 -3.482892033423427e-07
221 -3.700572873934621e-07
222 -3.528472794060993e-07
223 -3.6044501094412106e-07
224 -3.4549037259092246e-07
225 -3.629194496521376e-07
226 -3.535161651730883e-07
227 -3.599127252623333e-07
228 -3.56680219660888e-07
229 -3.499981877572508e-07
230 -3.539093288802114e-07
231 -3.55749222881318e-07
232 -3.475375949350715e-07
233 -3.5164181749825656e-07
234 -3.688701456165157e-07
235 -3.4884626296424505e-07
236 -3.4480445830511137e-07
237 -3.493529670808588e-07
238 -3.4963476509754565e-07
239 -3.6193471289309005e-07
240 -3.6639048562764517e-07
241 -3.5141368776368303e-07
242 -3.599845205943157e-07
243 -3.554194081794149e-07
244 -3.4952405643063744e-07
245 -3.57201103541278e-07
246 -3.70438640366186e-07
247 -3.5623994300563936e-07
248 -3.5709161196543195e-07
249 -3.7045971804693953e-07
250 -3.6084829371395444e-07
251 -3.521504877706716e-07
252 -3.6232808089634854e-07
253 -3.6490979859692864e-07
254 -3.5880787493097776e-07
255 -3.556279636050843e-07
256 -3.6499879536995103e-07
257 -3.542682071260529e-07
258 -3.5095444678024544e-07
259 -3.4687089238303586e-07
260 -3.438546062425537e-07
261 -3.633061724704129e-07
262 -3.52800295458238e-07
263 -3.578355343654372e-07
264 -3.527017546906287e-07
265 -3.6274555231136084e-07
266 -3.536825529300471e-07
267 -3.4837743067530887e-07
268 -3.5924687509718066e-07
269 -3.5673028898867753e-07
270 -3.4694452187575e-07
271 -3.381616292597926e-07
272 -3.757084281444023e-07
273 -3.594736017646149e-07
274 -3.474717488091567e-07
275 -3.576326084831094e-07
276 -3.481150275016552e-07
277 -3.4436659442264994e-07
278 -3.5005205717169833e-07
279 -3.692536244932168e-07
280 -3.7306937174813003e-07
281 -3.5253264830829793e-07
282 -3.56366640487533e-07
283 -3.8022160047161967e-07
284 -3.475907551854597e-07
285 -3.5619125830424044e-07
286 -3.5344503846487093e-07
287 -3.593668503216349e-07
288 -3.6135459418452965e-07
289 -3.382441034179437e-07
290 -3.50722780650335e-07
291 -3.560467126395328e-07
292 -3.366657832036671e-07
293 -3.508878799615729e-07
294 -3.500311257422292e-07
295 -3.460822886107029e-07
296 -3.5301448807105255e-07
297 -3.478621690507949e-07
298 -3.5696892808624963e-07
299 -3.532505435169976e-07
