0 -1.3089292499262225e-06
1 -1.3724033613875923e-06
2 -1.2459802819218363e-06
3 -1.3374845356004032e-06
4 -1.318181502989853e-06
5 -1.333435739838716e-06
6 -1.3289797960175794e-06
7 -1.3692812450843204e-06
8 -1.3026622443857855e-06
9 -1.372333440466506e-06
10 -1.3356402436192966e-06
11 -1.2757540277307806e-06
12 -1.328658576076168e-06
13 -1.3305505167748127e-06
14 -1.3376875665514158e-06
15 -1.321927794886555e-06
16 -1.3675984329286864e-06
17 -1.3396788758249849e-06
18 -1.3192486770871121e-06
19 -1.3443786759645935e-06
20 -1.3520927573731282e-06
21 -1.4153418000236896e-06
22 -1.348986241893662e-06
23 -1.3673267106464015e-06
24 -1.4311785959652475e-06
25 -1.3169942837430789e-06
26 -1.3559923183255147e-06
27 -1.310231928683813e-06
28 -1.359531041324776e-06
29 -1.3068938772873827e-06
30 -1.329339064771385e-06
31 -1.3450419493589343e-06
32 -1.388295904808257e-06
33 -1.2904692539923429e-06
34 -1.3998754425273038e-06
35 -1.3649826699121185e-06
36 -1.303901526276686e-06
37 -1.3718907218412772e-06
38 -1.3146991855847382e-06
39 -1.3807165399807076e-06
40 -1.3224266020042677e-06
41 -1.3815789304314422e-06
42 -1.2966330469374554e-06
43 -1.34776308349768e-06
44 -1.329000416397042e-06
45 -1.3584302427480557e-06
46 -1.371999773018399e-06
47 -1.3710356225447336e-06
48 -1.3602556708509198e-06
49 -1.38768171782844e-06
50 -1.3612156189022602e-06
51 -1.2930130743997146e-06
52 -1.316938091533466e-06
53 -1.3537011878545493e-06
54 -1.3323172471973465e-06
55 -1.342852627942393e-06
56 -1.3600329660075674e-06
57 -1.388559319157844e-06
58 -1.3602440981797777e-06
59 -1.3725357623690081e-06
60 -1.325206599755623e-06
61 -1.2875491729918993e-06
62 -1.315589768961546e-06
63 -1.3504878329689908e-06
64 -1.3319976719777674e-06
65 -1.2986085626974642e-06
66 -1.3964580643234853e-06
67 -1.339471147437746e-06
68 -1.3460562210395704e-06
69 -1.2893741186504042e-06
70 -1.369806900532933e-06
71 -1.3959115337393268e-06
72 -1.3891078240149541e-06
73 -1.332452992826972e-06
74 -1.321722766501811e-06
75 -1.3671875446573873e-06
76 -1.3527031502495848e-06
77 -1.3815180341705613e-06
78 -1.2986386654172843e-06
79 -1.3718031519502338e-06
80 -1.2831818969632758e-06
81 -1.3614980573255421e-06
82 -1.3613014497787151e-06
83 -1.3393694942980331e-06
84 -1.3299606528636813e-06
85 -1.3631465629280557e-06
86 -1.353360852876711e-06
87 -1.3684960228399038e-06
88 -1.4179474575220494e-06
89 -1.3187900132430534e-06
90 -1.3630564759563562e-06
91 -1.3081112501199383e-06
92 -1.4112635934100776e-06
93 -1.3265320712005339e-06
94 -1.3078433663171084e-06
95 -1.2985221115019737e-06
96 -1.3220588280304849e-06
97 -1.3570437459671594e-06
98 -1.2605593559676012e-06
99 -1.3744429038121284e-06
100 -1.3418607783621604e-06
101 -1.3172387165722132e-06
102 -1.3110863445400145e-06
103 -1.341803156440878e-06
104 -1.3533787761445317e-06
105 -1.3654159733672435e-06
106 -1.3542254059994212e-06
107 -1.3248894775446401e-06
108 -1.3429552415081732e-06
109 -1.3647891782138768e-06
110 -1.3919367071946704e-06
111 -1.30799519653199e-06
112 -1.3216945284869883e-06
113 -1.337986935565754e-06
114 -1.4060882053836912e-06
115 -1.3643578654745233e-06
116 -1.3283382411568417e-06
117 -1.2493936642691777e-06
118 -1.343653160597534e-06
119 -1.3363586781524186e-06
120 -1.3335520810456038e-06
121 -1.2801446532598465e-06
122 -1.368634998905706e-06
123 -1.3836672505523711e-06
124 -1.3265507533533496e-06
125 -1.3810656356941354e-06
126 -1.3442417111253778e-06
127 -1.3382938242902047e-06
128 -1.352267072235812e-06
129 -1.3680958263425871e-06
130 -1.3547045492629063e-06
131 -1.341872817953281e-06
132 -1.3568926962431944e-06
133 -1.3434245517371344e-06
134 -1.3467072538924662e-06
135 -1.3491901176624037e-06
136 -1.3914616001123873e-06
137 -1.3613563014731155e-06
138 -1.3297530726245676e-06
139 -1.3132868634914658e-06
140 -1.349682177597636e-06
141 -1.3043645331783667e-06
142 -1.3370599222956382e-06
143 -1.3228009058842703e-06
144 -1.3491331071520912e-06
145 -1.3721770159388777e-06
146 -1.3006436542302907e-06
147 -1.3563821152266576e-06
148 -1.3850198323653512e-06
149 -1.2940078117887163e-06
150 -1.3627688454738815e-06
151 -1.3463933217601398e-06
152 -1.3338249000243094e-06
153 -1.3414615125869052e-06
154 -1.3455293037661205e-06
155 -1.3016351251594063e-06
156 -1.3545370233891384e-06
157 -1.378319611034176e-06
158 -1.3158762845337552e-06
159 -1.3619466328092422e-06
160 -1.389854520401501e-06
161 -1.3098718499075535e-06
162 -1.3608033426920623e-06
163 -1.331479327511371e-06
164 -1.3271560774920277e-06
165 -1.3568508275089356e-06
166 -1.3105983703073226e-06
167 -1.31528892254046e-06
168 -1.3434522375594648e-06
169 -1.3382219776269e-06
170 -1.346683738682492e-06
171 -1.3514967855809144e-06
172 -1.3424380211794545e-06
173 -1.333819803444629e-06
174 -1.3543499734098977e-06
175 -1.2826631222572211e-06
176 -1.301669215321843e-06
177 -1.3042564717411588e-06
178 -1.3496013903784356e-06
179 -1.3091026131562216e-06
180 -1.3622382602835654e-06
181 -1.4034980427442416e-06
182 -1.3462430795988968e-06
183 -1.3786701619280645e-06
184 -1.3499985380429465e-06
185 -1.345798916238884e-06
186 -1.2780406812695451e-06
187 -1.4238646176127857e-06
188 -1.338443321428797e-06
189 -1.289764779153517e-06
190 -1.3327554936534175e-06
191 -1.3518899008782778e-06
192 -1.3344828812759512e-06
193 -1.344539020766486e-06
194 -1.3428620962668821e-06
195 -1.3513242375270565e-06
196 -1.3195513338008974e-06
197 -1.3471401273530539e-06
198 -1.357727995839387e-06
199 -1.3828225980323378e-06
200 -1.3330253312010508e-06
201 -1.3107016205654294e-06
202 -1.4015057992283652e-06
203 -1.2901702710056387e-06
204 -1.3700152788519078e-06
205 -1.3034360721066403e-06
206 -1.3214406846705476e-06
207 -1.332760027563097e-06
208 -1.3945853131851556e-06
209 -1.3638137892768975e-06
210 -1.2509713580811646e-06
211 -1.346784136757303e-06
212 -1.3093124762349185e-06
213 -1.3625554833729065e-06
214 -1.3225646085553758e-06
215 -1.3601486968174357e-06
216 -1.3336106240349763e-06
217 -1.3086535118020596e-06
218 -1.3617268486427803e-06
219 -1.34688592827743e-06
220 -1.367054617723331e-06
221 -1.365108970165654e-06
222 -1.3136798622094194e-06
223 -1.3602602523684572e-06
224 -1.3804410056310386e-06
225 -1.3348198633239432e-06
226 -1.3625476385513482e-06
227 -1.3486735142505697e-06
228 -1.3063567380532484e-06
229 -1.3874267134878894e-06
230 -1.3562641429498197e-06
231 -1.3681172777292329e-06
232 -1.3625155722340865e-06
233 -1.3898970898128598e-06
234 -1.3645904548506618e-06
235 -1.3762821421027481e-06
236 -1.3605217674044487e-06
237 -1.3832355072405977e-06
238 -1.330729845777813e-06
239 -1.3408590122940082e-06
240 -1.3484391041534706e-06
241 -1.3296813268591821e-06
242 -1.3418150179953787e-06
243 -1.3047296941965522e-06
244 -1.3207210632122597e-06
245 -1.3404052637851803e-06
246 -1.373594374316795e-06
247 -1.3245386857782132e-06
248 -1.3357657321058819e-06
249 -1.4086468525205478e-06
250 -1.366292282049236e-06
251 -1.352112504184112e-06
252 -1.3808570144781424e-06
253 -1.3510189688363737e-06
254 -1.3490096068523498e-06
255 -1.3862980349612179e-06
256 -1.4039743488527222e-06
257 -1.3542045039985735e-06
258 -1.305209605884433e-06
259 -1.3130872344234795e-06
260 -1.3161109276967207e-06
261 -1.2968191026048335e-06
262 -1.3487814558516822e-06
263 -1.3506595372727833e-06
264 -1.377090239835557e-06
265 -1.3152845107481286e-06
266 -1.3852221484999845e-06
267 -1.3996963604174569e-06
268 -1.3320724550063829e-06
269 -1.2901770686346189e-06
270 -1.3570140010252985e-06
271 -1.3723581447463904e-06
272 -1.352806923666968e-06
273 -1.4001110512132627e-06
274 -1.3594791148173319e-06
275 -1.34384193752656e-06
276 -1.3732763867017708e-06
277 -1.4063299437720204e-06
278 -1.3049256300860348e-06
279 -1.3661989970930572e-06
280 -1.3576527160992148e-06
281 -1.34903846182448e-06
282 -1.3169018462001272e-06
283 -1.3895699241547863e-06
284 -1.3288321910807947e-06
285 -1.360640209864037e-06
286 -1.37555179120888e-06
287 -1.3590192855828502e-06
288 -1.357638791674386e-06
289 -1.3547357214278774e-06
290 -1.3312476392143313e-06
291 -1.3768584734304934e-06
292 -1.3415070205305321e-06
293 -1.320977937784169e-06
294 -1.3382961012124476e-06
295 -1.3149990789211212e-06
296 -1.2813882215706477e-06
297 -1.3873428512142804e-06
298 -1.3465095914280948e-06
299 -1.4041728412127373e-06
