0 -3.796789632044115e-06
1 -3.5183178912161497e-06
2 -3.948177686896842e-06
3 -3.9032870824131114e-06
4 -3.7737874962479597e-06
5 -3.807974693889999e-06
6 -3.7187259529349945e-06
7 -3.6002911980309935e-06
8 -3.7566483793769453e-06
9 -3.603111787160288e-06
10 -3.8278982469253056e-06
11 -4.105451212615778e-06
12 -3.7333430456859197e-06
13 -3.5997584512779034e-06
14 -3.7831322192894844e-06
15 -3.7158515438430197e-06
16 -3.847933359655829e-06
17 -3.953376258096834e-06
18 -3.7343003102643607e-06
19 -3.6899672075685967e-06
20 -3.672455139752912e-06
21 -3.6109568924560507e-06
22 -3.609297499417779e-06
23 -3.6842326994944194e-06
24 -3.371485645293522e-06
25 -3.8462445219334885e-06
26 -3.6189393356809423e-06
27 -3.8457657342285076e-06
28 -3.6713823141371627e-06
29 -3.74510433131132e-06
30 -3.8959966940590404e-06
31 -3.913429971857139e-06
32 -3.504197726738763e-06
33 -3.97689681074833e-06
34 -3.6168649528454816e-06
35 -3.6192441070601512e-06
36 -3.797051585802732e-06
37 -3.5818996059265208e-06
38 -3.9906275980602434e-06
39 -3.5721483832387544e-06
40 -3.752025152026615e-06
41 -3.570230147063062e-06
42 -3.936911351155572e-06
43 -3.7369530026640526e-06
44 -3.751235914399462e-06
45 -3.6974521282583393e-06
46 -3.778143219735065e-06
47 -3.4396988736083576e-06
48 -3.596159797421116e-06
49 -3.4004053708172185e-06
50 -3.6414849917161355e-06
51 -3.921660641071844e-06
52 -3.97951555177091e-06
53 -3.6990178151375463e-06
54 -3.887921808434606e-06
55 -3.7234856980149074e-06
56 -3.7753113090303944e-06
57 -3.6368839256419297e-06
58 -3.7955342353204085e-06
59 -3.8047505472395615e-06
60 -3.726750141123816e-06
61 -4.0061058449851706e-06
62 -3.778670680650828e-06
63 -3.6698243007159453e-06
64 -3.80663363341993e-06
65 -3.942632378686773e-06
66 -3.6392022787863107e-06
67 -3.594717709382361e-06
68 -3.6988943066816618e-06
69 -3.873200198440569e-06
70 -3.836637847699616e-06
71 -3.5526062605538803e-06
72 -3.4948532425533313e-06
73 -3.6929003832056525e-06
74 -3.743736214984674e-06
75 -3.6143067982828812e-06
76 -3.7798494173354896e-06
77 -3.471695168982613e-06
78 -3.8819341173434355e-06
79 -3.6214809449449795e-06
80 -4.074635510834993e-06
81 -3.8238400598730795e-06
82 -3.726545962744584e-06
83 -3.817906870257775e-06
84 -3.7259010953056544e-06
85 -3.6923593746558307e-06
86 -3.7423907016330123e-06
87 -3.747974269083056e-06
88 -3.471581795946304e-06
89 -3.86432786168865e-06
90 -3.7578799466869534e-06
91 -3.829293379134257e-06
92 -3.608753018781781e-06
93 -3.7992156557480768e-06
94 -3.840941037352456e-06
95 -3.6874394871970383e-06
96 -3.704825760980789e-06
97 -3.77635277469434e-06
98 -4.038340227499838e-06
99 -3.659272294846015e-06
100 -3.851136517245349e-06
101 -3.7746473906576707e-06
102 -3.809198367694947e-06
103 -3.9706837074487905e-06
104 -3.839126281948876e-06
105 -3.5154515775755704e-06
106 -3.694661995426518e-06
107 -3.73909276705772e-06
108 -3.7890052077222836e-06
109 -3.71674690388235e-06
110 -3.7005619445415008e-06
111 -3.958795333807988e-06
112 -3.7490458993686996e-06
113 -3.914862230001113e-06
114 -3.34105265882968e-06
115 -3.4477212152637906e-06
116 -3.911966005283791e-06
117 -3.955044198739337e-06
118 -3.7568278715094943e-06
119 -3.83671162411845e-06
120 -3.658105380728282e-06
121 -4.01116241394806e-06
122 -3.562679202054612e-06
123 -3.823677312153838e-06
124 -3.655180710673834e-06
125 -3.651572481816973e-06
126 -3.853385724786779e-06
127 -3.7931012533405737e-06
128 -3.5984201305006186e-06
129 -3.37169411480904e-06
130 -3.6017077090555057e-06
131 -3.654531502026801e-06
132 -3.5925977128429785e-06
133 -3.6568642349324153e-06
134 -3.594246494223578e-06
135 -3.7702188123746346e-06
136 -3.517230417898515e-06
137 -3.8062308951981685e-06
138 -3.8709869487186706e-06
139 -3.960065231447245e-06
140 -3.7235149163641135e-06
141 -3.906564648684369e-06
142 -3.894279534481264e-06
143 -3.71755447210562e-06
144 -3.6881797092713454e-06
145 -3.5629839516723954e-06
146 -3.80892874312987e-06
147 -3.643404838729555e-06
148 -3.380645003035926e-06
149 -4.075033487513566e-06
150 -3.626106997044804e-06
151 -3.6557218854159293e-06
152 -3.709655605892458e-06
153 -3.872781371731937e-06
154 -3.849576905816804e-06
155 -4.139170936207858e-06
156 -3.8005869230133935e-06
157 -3.5441870125153825e-06
158 -3.820792224327496e-06
159 -3.665615346924784e-06
160 -3.430421261378573e-06
161 -3.819422433843093e-06
162 -3.5717936639369703e-06
163 -3.677807881860504e-06
164 -3.668519890538112e-06
165 -3.4444422019327756e-06
166 -3.882360135248041e-06
167 -3.8695895467384e-06
168 -3.679664537044275e-06
169 -3.812163138903319e-06
170 -3.685900643980041e-06
171 -3.7278893012299376e-06
172 -3.7914394808892803e-06
173 -3.8001192457824417e-06
174 -3.7206508841452123e-06
175 -4.035481901316996e-06
176 -3.827998921728426e-06
177 -4.006295476987945e-06
178 -3.706865748135513e-06
179 -3.82835093854702e-06
180 -3.6309510436286446e-06
181 -3.6039773984167746e-06
182 -3.6309535827062493e-06
183 -3.579328560637059e-06
184 -3.617045475835885e-06
185 -3.7373077429559784e-06
186 -3.953930610909481e-06
187 -3.505775519364033e-06
188 -3.70360775238911e-06
189 -3.972201371985438e-06
190 -3.703910899213277e-06
191 -3.6654395470348068e-06
192 -3.6268874415635188e-06
193 -3.676215726923173e-06
194 -3.762847137010795e-06
195 -3.685953510157802e-06
196 -3.717141638530989e-06
197 -3.7675176363978467e-06
198 -3.6556618934739638e-06
199 -3.5632548575970543e-06
200 -3.765055808592334e-06
201 -3.867570433297066e-06
202 -3.571732119651827e-06
203 -3.899176798107356e-06
204 -3.5860310528146153e-06
205 -3.875985498016109e-06
206 -3.778155764601534e-06
207 -3.718749758603055e-06
208 -3.451985783964571e-06
209 -3.50938158024202e-06
210 -4.186840297386282e-06
211 -3.80467595628132e-06
212 -3.885452918440234e-06
213 -3.6419824543558463e-06
214 -3.9445104289402195e-06
215 -3.6038308076572202e-06
216 -3.7425160391136744e-06
217 -3.725180371768262e-06
218 -3.6620227540146676e-06
219 -3.7019557780157618e-06
220 -3.5848327044677168e-06
221 -3.817133127929532e-06
222 -3.697870177229155e-06
223 -3.639082982259109e-06
224 -3.5047761144572126e-06
225 -3.84421788538401e-06
226 -3.736144361319711e-06
227 -3.6829175289624352e-06
228 -3.92611941549278e-06
229 -3.4723965855485205e-06
230 -3.7284266104420393e-06
231 -3.6594522814491213e-06
232 -3.6384417335581272e-06
233 -3.631891451760808e-06
234 -3.820950475928691e-06
235 -3.5891221850641682e-06
236 -3.557407959029629e-06
237 -3.521274632226038e-06
238 -3.740373672069553e-06
239 -3.81417373909344e-06
240 -3.864841672936256e-06
241 -3.613365938881055e-06
242 -3.8095730951361722e-06
243 -4.068371335690014e-06
244 -3.797671163819276e-06
245 -3.7349029136910233e-06
246 -3.7406025970296663e-06
247 -3.807227819961712e-06
248 -3.7638619759596404e-06
249 -3.718169561669637e-06
250 -3.7921779399685377e-06
251 -3.590001023126041e-06
252 -3.5662195349805454e-06
253 -3.6840893721391874e-06
254 -3.789924707212697e-06
255 -3.5837962792501407e-06
256 -3.6803142680291623e-06
257 -3.7047486744754286e-06
258 -3.880411068000418e-06
259 -3.779960033558984e-06
260 -3.7412124097409856e-06
261 -3.902634192371112e-06
262 -3.7077347942501728e-06
263 -3.6531950387461984e-06
264 -3.6145273697052663e-06
265 -3.9134108065491095e-06
266 -3.679325331324063e-06
267 -3.549559605373282e-06
268 -3.904556980161806e-06
269 -3.8347045345931785e-06
270 -3.54947702213753e-06
271 -3.5340900102729248e-06
272 -3.903640185415978e-06
273 -3.5662714842543538e-06
274 -3.669755996690602e-06
275 -3.6780865465106775e-06
276 -3.509985360912856e-06
277 -3.307941243155314e-06
278 -3.905264838966912e-06
279 -3.853777672944348e-06
280 -4.027462677158741e-06
281 -3.6027379218872662e-06
282 -3.827204513582531e-06
283 -3.815292398191724e-06
284 -3.7013476673317433e-06
285 -3.7232060010641956e-06
286 -3.5100927147530615e-06
287 -3.672871917820462e-06
288 -3.7217933811999317e-06
289 -3.500900201303532e-06
290 -3.807834199038206e-06
291 -3.7104923210780404e-06
292 -3.6855872321406894e-06
293 -3.858952894888932e-06
294 -3.7185909102558053e-06
295 -3.8038854572296846e-06
296 -3.918515382346289e-06
297 -3.6048185430397185e-06
298 -3.732211018643764e-06
299 -3.5357408376785192e-06
