0 -1.445798414661803e-06
1 -1.4991521232518712e-06
2 -1.3864271185034695e-06
3 -1.4156091345807852e-06
4 -1.4781128902788621e-06
5 -1.451071125565452e-06
6 -1.462617323073952e-06
7 -1.5320296819589674e-06
8 -1.4491532982833027e-06
9 -1.520135698637355e-06
10 -1.4549971035476604e-06
11 -1.3169491706118361e-06
12 -1.4587992790838316e-06
13 -1.5209741482619246e-06
14 -1.4265962841401296e-06
15 -1.4433252576820958e-06
16 -1.4471040364595005e-06
17 -1.4151293543340336e-06
18 -1.4228344544657946e-06
19 -1.5005643250467854e-06
20 -1.4691906763726036e-06
21 -1.5213734943752938e-06
22 -1.5448219118162208e-06
23 -1.4985934362571861e-06
24 -1.5860508681536128e-06
25 -1.4519473872302355e-06
26 -1.5180787292618646e-06
27 -1.4387441962343885e-06
28 -1.4820992357026844e-06
29 -1.4620158923636804e-06
30 -1.38370502483145e-06
31 -1.387625448878778e-06
32 -1.5532588140595768e-06
33 -1.4068040293683108e-06
34 -1.5141952930252081e-06
35 -1.4915922244224693e-06
36 -1.4391108788966864e-06
37 -1.5372269059736287e-06
38 -1.3849487592035664e-06
39 -1.4994986688585215e-06
40 -1.4899236571062843e-06
41 -1.4893890610231898e-06
42 -1.3945904061850586e-06
43 -1.5060401186582796e-06
44 -1.4523812084455822e-06
45 -1.4681386690162914e-06
46 -1.4015604722311382e-06
47 -1.534225167533299e-06
48 -1.5374441036381257e-06
49 -1.5309216592512303e-06
50 -1.5001752791959012e-06
51 -1.4576342651691575e-06
52 -1.319545997006189e-06
53 -1.4594834977684358e-06
54 -1.365446436895423e-06
55 -1.4594178149740453e-06
56 -1.4261131052464866e-06
57 -1.4715024005469305e-06
58 -1.4488022675216466e-06
59 -1.4552884129674511e-06
60 -1.4917082280087139e-06
61 -1.405394518835653e-06
62 -1.4280483251534586e-06
63 -1.5047121668021496e-06
64 -1.4411111680208077e-06
65 -1.3938231944210827e-06
66 -1.5230130116992087e-06
67 -1.50996211515286e-06
68 -1.4805996926238025e-06
69 -1.427766555443735e-06
70 -1.4571833193215252e-06
71 -1.4963488053483553e-06
72 -1.5368325326255325e-06
73 -1.4750931547862465e-06
74 -1.4369334998950496e-06
75 -1.519262860393404e-06
76 -1.4444201538421664e-06
77 -1.5672501896074963e-06
78 -1.393865745922563e-06
79 -1.5143752414321887e-06
80 -1.356933375767447e-06
81 -1.450719682352593e-06
82 -1.4540687268600783e-06
83 -1.460136154817872e-06
84 -1.499223225645271e-06
85 -1.492115667259306e-06
86 -1.462020095650969e-06
87 -1.4370461957451429e-06
88 -1.5386558511508896e-06
89 -1.4000303462325215e-06
90 -1.4809201452370775e-06
91 -1.4332756582368803e-06
92 -1.500623464330155e-06
93 -1.441885633096745e-06
94 -1.4276041444006897e-06
95 -1.4413979356935911e-06
96 -1.483684999048224e-06
97 -1.4282233471635646e-06
98 -1.3391662895165328e-06
99 -1.4731884669437286e-06
100 -1.448520427188767e-06
101 -1.4431177987607618e-06
102 -1.4487542780438439e-06
103 -1.424419091011159e-06
104 -1.448265083844003e-06
105 -1.5079311219827936e-06
106 -1.4619840328301501e-06
107 -1.4352171033881684e-06
108 -1.392563553978549e-06
109 -1.4650249504837209e-06
110 -1.4651626762688066e-06
111 -1.3854538888664469e-06
112 -1.4221315739579883e-06
113 -1.4351712186666783e-06
114 -1.6267556223890306e-06
115 -1.5456180547407302e-06
116 -1.4426606487360032e-06
117 -1.444415098533238e-06
118 -1.4245360659001573e-06
119 -1.4546238872695457e-06
120 -1.4789497251520915e-06
121 -1.3827051500756758e-06
122 -1.5287389838445659e-06
123 -1.459001385331979e-06
124 -1.4614781091205377e-06
125 -1.4988159148544808e-06
126 -1.4645637636272998e-06
127 -1.4417204209404034e-06
128 -1.4855645955263154e-06
129 -1.5823645497584807e-06
130 -1.48809046588525e-06
131 -1.5063401439517058e-06
132 -1.5156756610363047e-06
133 -1.4552512051386273e-06
134 -1.5136770130831076e-06
135 -1.452363473267048e-06
136 -1.5337562169530925e-06
137 -1.471320880359492e-06
138 -1.4408005052812002e-06
139 -1.383931019284584e-06
140 -1.4851366571763299e-06
141 -1.4174077065252745e-06
142 -1.418161990245027e-06
143 -1.4523356717513478e-06
144 -1.4734968314039538e-06
145 -1.5010812808237435e-06
146 -1.460424572470044e-06
147 -1.5089737876526435e-06
148 -1.580850463884922e-06
149 -1.3589192163223408e-06
150 -1.5198948738040125e-06
151 -1.5249568441002624e-06
152 -1.4703626226274573e-06
153 -1.417774509890113e-06
154 -1.4631202306715357e-06
155 -1.3456841399136161e-06
156 -1.4547694609735142e-06
157 -1.5598221066880044e-06
158 -1.405296022361497e-06
159 -1.4882823961942773e-06
160 -1.572159296414388e-06
161 -1.4486291396212249e-06
162 -1.5491744695434792e-06
163 -1.4786773515950798e-06
164 -1.4887074084107405e-06
165 -1.544917136690748e-06
166 -1.4131324346548911e-06
167 -1.4473369159124174e-06
168 -1.4483416952933691e-06
169 -1.435092139080865e-06
170 -1.497240447222446e-06
171 -1.4511431609168128e-06
172 -1.4634879795106552e-06
173 -1.3997625479456906e-06
174 -1.4679114017932005e-06
175 -1.384225408834349e-06
176 -1.4465070007915902e-06
177 -1.3889732028581525e-06
178 -1.5088304787945977e-06
179 -1.4507746953632583e-06
180 -1.4973804644566887e-06
181 -1.51649269421987e-06
182 -1.5358550568390177e-06
183 -1.5110255761298055e-06
184 -1.4974926921123331e-06
185 -1.4536243398141361e-06
186 -1.3892259635557091e-06
187 -1.523438208411291e-06
188 -1.5052950402646298e-06
189 -1.4136566139670952e-06
190 -1.4804516394118413e-06
191 -1.4474420485776974e-06
192 -1.5390302601895785e-06
193 -1.5123352761974361e-06
194 -1.4603216206049898e-06
195 -1.4558141507420201e-06
196 -1.4734017309381492e-06
197 -1.4615149646755958e-06
198 -1.5009443211067827e-06
199 -1.499664985286384e-06
200 -1.4465613763488278e-06
201 -1.4142752346027684e-06
202 -1.5286090035028824e-06
203 -1.453895233315139e-06
204 -1.524413558160929e-06
205 -1.3889124860223e-06
206 -1.4426526465083684e-06
207 -1.4717948348581157e-06
208 -1.5753514190735166e-06
209 -1.5063301850263834e-06
210 -1.3059219477323146e-06
211 -1.4579651002898889e-06
212 -1.4053919513426742e-06
213 -1.425028061683795e-06
214 -1.3680179613403367e-06
215 -1.497148292534856e-06
216 -1.4650080953039264e-06
217 -1.5040508370490373e-06
218 -1.4970432428997211e-06
219 -1.472183141790705e-06
220 -1.523379427141393e-06
221 -1.4315326292894444e-06
222 -1.4442559132518328e-06
223 -1.4946907380430895e-06
224 -1.5434372038018332e-06
225 -1.3956900825880868e-06
226 -1.4846510433359292e-06
227 -1.4884326135126428e-06
228 -1.3778231468660872e-06
229 -1.5308669794329526e-06
230 -1.44950599019336e-06
231 -1.4810429575528058e-06
232 -1.4752853579589199e-06
233 -1.4962342289277465e-06
234 -1.424156056531106e-06
235 -1.5320828153561671e-06
236 -1.5277047716489054e-06
237 -1.5310724510170969e-06
238 -1.477752859811746e-06
239 -1.439904537942584e-06
240 -1.421611577318488e-06
241 -1.4588700533200485e-06
242 -1.499163102513798e-06
243 -1.3768630295838646e-06
244 -1.4149927072261768e-06
245 -1.4330956034992896e-06
246 -1.458558475965697e-06
247 -1.4614574871377358e-06
248 -1.4453646147434926e-06
249 -1.4785110232980516e-06
250 -1.4550983663317058e-06
251 -1.5106778615512413e-06
252 -1.4955811278793534e-06
253 -1.4564254358373575e-06
254 -1.427079108458166e-06
255 -1.5151225108952577e-06
256 -1.4864025897837046e-06
257 -1.4925731279135584e-06
258 -1.4389570636206754e-06
259 -1.506388145926175e-06
260 -1.4865204659903061e-06
261 -1.388065437807357e-06
262 -1.4784866693202893e-06
263 -1.4784305054829823e-06
264 -1.506610695992595e-06
265 -1.3903472931185596e-06
266 -1.494492911494711e-06
267 -1.5458123190272507e-06
268 -1.3768394519939927e-06
269 -1.4026947490621634e-06
270 -1.5272739821272595e-06
271 -1.5496517809802557e-06
272 -1.3981985259740695e-06
273 -1.5220624534730644e-06
274 -1.5221197820168585e-06
275 -1.4770065410915555e-06
276 -1.4887426529916481e-06
277 -1.6306238634350789e-06
278 -1.4026122647345327e-06
279 -1.4329799654931203e-06
280 -1.3459461676367106e-06
281 -1.5158267181548189e-06
282 -1.4116612358308172e-06
283 -1.4141963170592517e-06
284 -1.4861184509502976e-06
285 -1.4839538715973102e-06
286 -1.5262287689221553e-06
287 -1.453477756260328e-06
288 -1.4684557625365651e-06
289 -1.5189713952475817e-06
290 -1.4490880065421283e-06
291 -1.4510656477672219e-06
292 -1.5179318456276759e-06
293 -1.4557415911590142e-06
294 -1.4880138862350217e-06
295 -1.4554537783486681e-06
296 -1.3908781543296238e-06
297 -1.5600227302646887e-06
298 -1.4888397164884362e-06
299 -1.5495190646726406e-06
