0 -8.21873512391057e-06
1 -8.27938399258537e-06
2 -8.153337897373887e-06
3 -8.460207148510893e-06
4 -8.27634602365381e-06
5 -8.329859274372174e-06
6 -8.39581575944268e-06
7 -8.30223745504016e-06
8 -8.04666570026778e-06
9 -8.465386054536078e-06
10 -8.406962892690143e-06
11 -8.329143325303287e-06
12 -8.43992162103916e-06
13 -8.01254364754774e-06
14 -8.647492216589892e-06
15 -8.431791591386222e-06
16 -8.505248474602292e-06
17 -8.599646837195153e-06
18 -8.319952690614985e-06
19 -8.350032243942618e-06
20 -8.418101610655172e-06
21 -8.462360551069447e-06
22 -8.181081119154964e-06
23 -8.212426080282591e-06
24 -8.303925004583025e-06
25 -8.364087829428939e-06
26 -8.305677228665385e-06
27 -8.396306848099434e-06
28 -8.215687751561957e-06
29 -7.997875223879312e-06
30 -8.69122273226746e-06
31 -8.686457203264481e-06
32 -8.1421479989428e-06
33 -8.180945640864123e-06
34 -8.365552881367206e-06
35 -8.239616593351433e-06
36 -8.239341579271827e-06
37 -8.217143475066073e-06
38 -8.40085121793516e-06
39 -8.334551170796148e-06
40 -8.109504983502171e-06
41 -8.481134776734365e-06
42 -8.337576237163671e-06
43 -8.354430034245479e-06
44 -8.378623635128087e-06
45 -8.499832078502709e-06
46 -8.515704711250347e-06
47 -8.350991971040431e-06
48 -8.26720200132266e-06
49 -8.277905959358211e-06
50 -8.357115168287201e-06
51 -8.085175147703359e-06
52 -8.6259266885746e-06
53 -8.39279908620228e-06
54 -8.551321491839183e-06
55 -8.283754715713975e-06
56 -8.62939239065504e-06
57 -8.564446459666918e-06
58 -8.458210529431783e-06
59 -8.601308971653378e-06
60 -8.101860174734044e-06
61 -8.302874887479448e-06
62 -8.446402451905941e-06
63 -8.384462755576335e-06
64 -8.325254448280695e-06
65 -8.229028171421886e-06
66 -8.362147036173282e-06
67 -8.084984583800692e-06
68 -8.475208580664286e-06
69 -8.312275557142851e-06
70 -8.497557678873841e-06
71 -8.501317035149888e-06
72 -8.282544517392526e-06
73 -8.23689275052702e-06
74 -8.26132208164825e-06
75 -8.221746754805248e-06
76 -8.50877349736914e-06
77 -8.14711474334567e-06
78 -8.443586729949038e-06
79 -8.336832148084468e-06
80 -8.351482754447183e-06
81 -8.4639158445718e-06
82 -8.431396835592859e-06
83 -8.277474981322612e-06
84 -8.157259443650083e-06
85 -8.316217340747819e-06
86 -8.590863848023926e-06
87 -8.362562272787528e-06
88 -8.318459446963699e-06
89 -8.3804311192412e-06
90 -8.412181693442831e-06
91 -8.140327795835336e-06
92 -8.457704823177252e-06
93 -8.27244163307249e-06
94 -8.139227834746533e-06
95 -8.075081083595878e-06
96 -8.210122579355531e-06
97 -8.482743730142389e-06
98 -8.298798097351345e-06
99 -8.487721884204638e-06
100 -8.303035385200414e-06
101 -8.14855188891561e-06
102 -8.246296522959328e-06
103 -8.62697355054215e-06
104 -8.507615825967755e-06
105 -8.439038673629303e-06
106 -8.267517871488826e-06
107 -8.443544909255854e-06
108 -8.599977599247666e-06
109 -8.747113734625555e-06
110 -8.661888363566293e-06
111 -8.328021693869195e-06
112 -8.500092886821939e-06
113 -8.493298484421937e-06
114 -8.248568273544024e-06
115 -8.134011558864658e-06
116 -8.296726718025166e-06
117 -7.965258519410403e-06
118 -8.573180562782366e-06
119 -8.458906142995354e-06
120 -8.376602434304395e-06
121 -8.429880045001464e-06
122 -8.270693415784978e-06
123 -8.519239667544087e-06
124 -8.062878289494078e-06
125 -8.358061700607878e-06
126 -8.356267905610483e-06
127 -8.494467504705084e-06
128 -8.395932367680673e-06
129 -8.300334068376913e-06
130 -8.348465245664651e-06
131 -8.168665684374625e-06
132 -8.364102440283481e-06
133 -8.277084621656076e-06
134 -8.307998985352081e-06
135 -8.657247086133526e-06
136 -8.358147080365142e-06
137 -8.393504011017908e-06
138 -8.238580968057536e-06
139 -8.46042749780915e-06
140 -8.351333882802741e-06
141 -8.329375798611011e-06
142 -8.357397125782239e-06
143 -8.151932945937322e-06
144 -8.365212951550113e-06
145 -8.397545452353887e-06
146 -8.075924861380119e-06
147 -8.25767062864395e-06
148 -8.26123503599587e-06
149 -8.36392355343063e-06
150 -8.112442128055002e-06
151 -8.180096105129749e-06
152 -8.367849678351554e-06
153 -8.548366929093761e-06
154 -8.227948432131708e-06
155 -8.414747261504995e-06
156 -8.270908432327486e-06
157 -8.35911745545912e-06
158 -8.428722984213348e-06
159 -8.254418048509083e-06
160 -8.229330568954314e-06
161 -8.37500637001446e-06
162 -8.164589182489602e-06
163 -8.286671663005995e-06
164 -8.219150179519749e-06
165 -8.165275857967068e-06
166 -8.14552420125064e-06
167 -8.228803857967033e-06
168 -8.321702994940562e-06
169 -8.330394200444856e-06
170 -8.173371815436988e-06
171 -8.494211938922065e-06
172 -8.462024599879804e-06
173 -8.580597143004553e-06
174 -8.314986388726553e-06
175 -8.146762170441798e-06
176 -8.14005009965165e-06
177 -8.319378085347418e-06
178 -8.301822313526195e-06
179 -8.211332645968128e-06
180 -8.294262482432229e-06
181 -8.511256669670358e-06
182 -8.278078097733343e-06
183 -8.326798902917409e-06
184 -8.365135790731616e-06
185 -8.229531813143862e-06
186 -8.287349163332267e-06
187 -8.59383604771957e-06
188 -8.246628750514187e-06
189 -8.24572182845862e-06
190 -8.469933955128792e-06
191 -8.48702460800646e-06
192 -7.768232635779927e-06
193 -8.364315990219478e-06
194 -8.256017111016699e-06
195 -8.411923011205227e-06
196 -8.206272296912575e-06
197 -8.309138996093723e-06
198 -8.285844816365806e-06
199 -8.528987887782452e-06
200 -8.3859538636084e-06
201 -8.245834516760623e-06
202 -8.424395542744431e-06
203 -8.159817987302953e-06
204 -8.341797565876939e-06
205 -8.238676522970622e-06
206 -8.209079721507504e-06
207 -8.253534764716049e-06
208 -8.222120064408428e-06
209 -8.300114893276943e-06
210 -8.240744649910587e-06
211 -8.42878024721322e-06
212 -8.445591566227134e-06
213 -8.56559397888128e-06
214 -8.478149753523432e-06
215 -8.348077408061522e-06
216 -8.21254743142977e-06
217 -7.927553813937081e-06
218 -8.41692471656166e-06
219 -8.254302032868599e-06
220 -8.255105473613919e-06
221 -8.661095418858698e-06
222 -8.414876005106032e-06
223 -8.138843668694177e-06
224 -8.224985104348105e-06
225 -8.55460168113856e-06
226 -8.513110649699394e-06
227 -8.35667410482839e-06
228 -8.492116710819158e-06
229 -8.516044243483708e-06
230 -8.520653034927396e-06
231 -8.544651959808991e-06
232 -8.573943242169925e-06
233 -8.560839074747547e-06
234 -8.651161887747147e-06
235 -8.178038279627867e-06
236 -8.404898092800287e-06
237 -8.34163474198221e-06
238 -8.162343514104488e-06
239 -8.42534385176514e-06
240 -8.510640466519119e-06
241 -8.362803582928043e-06
242 -8.2682685874773e-06
243 -8.822166560999852e-06
244 -8.46349474605942e-06
245 -8.464184822600528e-06
246 -8.442772179748907e-06
247 -8.320228525865417e-06
248 -8.330368283335246e-06
249 -8.489444306472408e-06
250 -8.481231655515853e-06
251 -8.26855313208351e-06
252 -8.423722930386043e-06
253 -8.26199751186814e-06
254 -8.557322925379208e-06
255 -8.44062985092546e-06
256 -8.529559426650407e-06
257 -8.378931185127038e-06
258 -8.274890750499557e-06
259 -7.954179412584287e-06
260 -8.188106519593087e-06
261 -8.195737683793396e-06
262 -8.470129339316702e-06
263 -8.40170368865256e-06
264 -8.433750165136885e-06
265 -8.391375825636867e-06
266 -8.479869606065152e-06
267 -8.58663091638686e-06
268 -8.6705295480425e-06
269 -8.262160050202241e-06
270 -8.234037576777833e-06
271 -8.14496719133867e-06
272 -8.66877105078549e-06
273 -8.446159565331746e-06
274 -8.205056021278703e-06
275 -8.252078274419537e-06
276 -8.449439029955158e-06
277 -8.124762612970947e-06
278 -8.356643947408674e-06
279 -8.435333305753609e-06
280 -8.914729847004879e-06
281 -8.20817143383354e-06
282 -8.24110045643827e-06
283 -8.820987944327768e-06
284 -8.345289553971036e-06
285 -8.456899114141851e-06
286 -8.354380024491678e-06
287 -8.564660214261394e-06
288 -8.381232826747873e-06
289 -8.238194667679816e-06
290 -8.320151768907781e-06
291 -8.674833955952174e-06
292 -8.228731327603758e-06
293 -8.363025222569728e-06
294 -8.205553278383758e-06
295 -8.327104259343143e-06
296 -8.193169033144845e-06
297 -8.33238556061335e-06
298 -8.27924505307113e-06
299 -8.322173410263274e-06
