0 -5.436293117509296e-07
1 -5.48206519491186e-07
2 -5.52033466785185e-07
3 -5.695052798511909e-07
4 -5.431695877528704e-07
5 -5.400345547269643e-07
6 -5.650083428042301e-07
7 -5.4583964269085e-07
8 -5.606309670419331e-07
9 -5.710556164534856e-07
10 -5.336332059996573e-07
11 -5.582204627510676e-07
12 -5.528442784142234e-07
13 -5.540019910344755e-07
14 -5.564040031606104e-07
15 -5.537091288918699e-07
16 -5.611624726998247e-07
17 -5.494489207174951e-07
18 -5.625374243282003e-07
19 -5.538620869673581e-07
20 -5.593388594154606e-07
21 -5.487174587120985e-07
22 -5.402501525767651e-07
23 -5.583656099440102e-07
24 -5.546646631077283e-07
25 -5.497308629748469e-07
26 -5.432939235542811e-07
27 -5.720119766793447e-07
28 -5.478236489959446e-07
29 -5.520721566013086e-07
30 -5.524770818565379e-07
31 -5.499610804227579e-07
32 -5.309854579098166e-07
33 -5.628955813304474e-07
34 -5.691468694355773e-07
35 -5.463934676016985e-07
36 -5.646504137093325e-07
37 -5.553311664247871e-07
38 -5.390808688906386e-07
39 -5.559576612509426e-07
40 -5.441504983821219e-07
41 -5.44301510077546e-07
42 -5.584151165463511e-07
43 -5.49553011330825e-07
44 -5.483861846243527e-07
45 -5.452341093726471e-07
46 -5.519140019419817e-07
47 -5.618940656107324e-07
48 -5.534974204824789e-07
49 -5.726290193811642e-07
50 -5.630191184735473e-07
51 -5.639199001112368e-07
52 -5.545381906236671e-07
53 -5.557965679140191e-07
54 -5.527391299592693e-07
55 -5.596037700510593e-07
56 -5.517047986439079e-07
57 -5.75336633345052e-07
58 -5.473599749189029e-07
59 -5.590383734220522e-07
60 -5.503680085129276e-07
61 -5.468875883188578e-07
62 -5.63659585833357e-07
63 -5.545678131567152e-07
64 -5.663472480660539e-07
65 -5.664184231141729e-07
66 -5.581796807472258e-07
67 -5.694733546627865e-07
68 -5.637022262627527e-07
69 -5.483638962123166e-07
70 -5.473314864557321e-07
71 -5.726717356153729e-07
72 -5.447266925563139e-07
73 -5.576311418519068e-07
74 -5.634415997763747e-07
75 -5.494230582123952e-07
76 -5.379843264802252e-07
77 -5.56353101480463e-07
78 -5.535215147609384e-07
79 -5.457952605201596e-07
80 -5.574146974597597e-07
81 -5.532200296139418e-07
82 -5.620423000910841e-07
83 -5.598618695917266e-07
84 -5.582809711887686e-07
85 -5.52187356065654e-07
86 -5.702170567897698e-07
87 -5.560519818442388e-07
88 -5.615500694119819e-07
89 -5.66107640886244e-07
90 -5.59317600612495e-07
91 -5.633457917467432e-07
92 -5.360812306727218e-07
93 -5.57990444680688e-07
94 -5.468298647503343e-07
95 -5.421814326834561e-07
96 -5.669615495261861e-07
97 -5.416229253088281e-07
98 -5.519852165502898e-07
99 -5.330456539247775e-07
100 -5.566309509422016e-07
101 -5.465785647401883e-07
102 -5.514093375120405e-07
103 -5.595402411838047e-07
104 -5.593180324465698e-07
105 -5.588794913702767e-07
106 -5.413058707322621e-07
107 -5.672769476293169e-07
108 -5.509761580359141e-07
109 -5.667242455388162e-07
110 -5.567464036461207e-07
111 -5.558233038264949e-07
112 -5.581455430443885e-07
113 -5.507579395745114e-07
114 -5.683998316561892e-07
115 -5.531293708585691e-07
116 -5.746157006544114e-07
117 -5.466541545782025e-07
118 -5.473148899645132e-07
119 -5.45972883688421e-07
120 -5.474248681266574e-07
121 -5.384109455815899e-07
122 -5.622552950021842e-07
123 -5.572336612617505e-07
124 -5.419197016204935e-07
125 -5.596736005464386e-07
126 -5.696996935815484e-07
127 -5.588630547793938e-07
128 -5.668408742946496e-07
129 -5.72380983912882e-07
130 -5.463058239604518e-07
131 -5.664859888033272e-07
132 -5.538905871645238e-07
133 -5.412043304109873e-07
134 -5.652517005783048e-07
135 -5.682341292650439e-07
136 -5.496588981257433e-07
137 -5.519114490966787e-07
138 -5.376938573706557e-07
139 -5.53179155987487e-07
140 -5.455197249475856e-07
141 -5.746252232618341e-07
142 -5.507115982362778e-07
143 -5.592171253078003e-07
144 -5.50895872285611e-07
145 -5.559991254429893e-07
146 -5.532526582760005e-07
147 -5.563408865844214e-07
148 -5.506406424815383e-07
149 -5.462046303343942e-07
150 -5.603658092608852e-07
151 -5.619214740491807e-07
152 -5.623821654469163e-07
153 -5.401762241166848e-07
154 -5.532441460848193e-07
155 -5.46347009290433e-07
156 -5.433185406386367e-07
157 -5.496343775312356e-07
158 -5.515062681990686e-07
159 -5.402250794813828e-07
160 -5.499972323406405e-07
161 -5.449873010977865e-07
162 -5.556214888373474e-07
163 -5.622968302186335e-07
164 -5.562765091521168e-07
165 -5.749324271390034e-07
166 -5.611728451919731e-07
167 -5.713968440997406e-07
168 -5.565984842724242e-07
169 -5.600204986495657e-07
170 -5.589246645585862e-07
171 -5.540254182681955e-07
172 -5.55058804246055e-07
173 -5.553390506266537e-07
174 -5.835576986095527e-07
175 -5.474538904914467e-07
176 -5.673277541163041e-07
177 -5.667196688038572e-07
178 -5.599589289685649e-07
179 -5.409527230540992e-07
180 -5.514403186219349e-07
181 -5.517523903055963e-07
182 -5.64211345021446e-07
183 -5.580483314448859e-07
184 -5.5190188975914e-07
185 -5.571016312168522e-07
186 -5.556812157425201e-07
187 -5.388134410817847e-07
188 -5.417838887030254e-07
189 -5.652028093009674e-07
190 -5.641096452728617e-07
191 -5.614687589699656e-07
192 -5.519600502261247e-07
193 -5.533787411590618e-07
194 -5.635849827631017e-07
195 -5.469507984506537e-07
196 -5.49110795340653e-07
197 -5.507298627018282e-07
198 -5.408106177692147e-07
199 -5.542505290902139e-07
200 -5.431225391817095e-07
201 -5.535032876066116e-07
202 -5.684445836262164e-07
203 -5.729293257558788e-07
204 -5.574841166084787e-07
205 -5.742264508854966e-07
206 -5.535597105591906e-07
207 -5.540075848265459e-07
208 -5.576873902071232e-07
209 -5.503829272061704e-07
210 -5.585048735919226e-07
211 -5.45818993722754e-07
212 -5.413656053921663e-07
213 -5.488938149442439e-07
214 -5.564342732391816e-07
215 -5.593217775003039e-07
216 -5.514872047441145e-07
217 -5.479879751834808e-07
218 -5.612959335857494e-07
219 -5.830113578711221e-07
220 -5.637959383484737e-07
221 -5.341416879318732e-07
222 -5.597461422712735e-07
223 -5.580582994131195e-07
224 -5.5043262522289e-07
225 -5.731005202614309e-07
226 -5.454174431091963e-07
227 -5.661751237761318e-07
228 -5.475842813213995e-07
229 -5.660914683647915e-07
230 -5.562744900752143e-07
231 -5.447267609454939e-07
232 -5.812681030675221e-07
233 -5.469932699708817e-07
234 -5.677270554102585e-07
235 -5.557513246853704e-07
236 -5.521944724702236e-07
237 -5.671265262021458e-07
238 -5.50583315983251e-07
239 -5.599386438240993e-07
240 -5.349540911150652e-07
241 -5.586577683956372e-07
242 -5.569917574380497e-07
243 -5.612041283430724e-07
244 -5.499299038090245e-07
245 -5.626368683972462e-07
246 -5.377177234145113e-07
247 -5.310708024976382e-07
248 -5.703735846238257e-07
249 -5.5392422800926e-07
250 -5.71940853607323e-07
251 -5.623240137140749e-07
252 -5.540330727186135e-07
253 -5.516695717033962e-07
254 -5.550818802092809e-07
255 -5.509397159473863e-07
256 -5.568195790276794e-07
257 -5.629054856471994e-07
258 -5.49457831519497e-07
259 -5.47019700614695e-07
260 -5.564311635756677e-07
261 -5.453159714248335e-07
262 -5.428389861853496e-07
263 -5.565514080466303e-07
264 -5.60224030736861e-07
265 -5.682254350871522e-07
266 -5.650192175765031e-07
267 -5.539829598029479e-07
268 -5.612829263847563e-07
269 -5.590619292104951e-07
270 -5.671358318244451e-07
271 -5.407086549008831e-07
272 -5.529894547213398e-07
273 -5.647342423508695e-07
274 -5.562044815394273e-07
275 -5.399252770721256e-07
276 -5.411971083052311e-07
277 -5.580463141073076e-07
278 -5.589173463747426e-07
279 -5.432957992416289e-07
280 -5.544749375789439e-07
281 -5.610522955871705e-07
282 -5.424902978199834e-07
283 -5.696148170263339e-07
284 -5.471346756290856e-07
285 -5.514054240649295e-07
286 -5.577967538695721e-07
287 -5.580898617375935e-07
288 -5.610785640444977e-07
289 -5.665237616641079e-07
290 -5.404402478597399e-07
291 -5.5528343734183e-07
292 -5.818279733636146e-07
293 -5.624804924437573e-07
294 -5.591322851758299e-07
295 -5.512837794044191e-07
296 -5.622027169931403e-07
297 -5.652319177232975e-07
298 -5.621387724697939e-07
299 -5.50173560171542e-07
