0 -8.811200004143017e-08
1 -9.017817047198379e-08
2 -8.242186140372873e-08
3 -9.27824535057786e-08
4 -8.415866108461172e-08
5 -8.589890769471844e-08
6 -9.351412567998573e-08
7 -8.922547951358769e-08
8 -1.0002503577572333e-07
9 -8.807519495291415e-08
10 -8.957039901671305e-08
11 -1.0288048386075731e-07
12 -9.154485477163316e-08
13 -8.158385127387679e-08
14 -8.914350170198731e-08
15 -9.522203149236691e-08
16 -1.0045965461458412e-07
17 -8.355381692544959e-08
18 -9.236192445783161e-08
19 -9.753124908717236e-08
20 -9.903022239487746e-08
21 -7.936525244892423e-08
22 -7.471093009910881e-08
23 -9.944550174331966e-08
24 -9.264352165842981e-08
25 -8.563938397605397e-08
26 -8.506780048260735e-08
27 -9.319870337798628e-08
28 -8.728702900637558e-08
29 -9.293567814598303e-08
30 -8.961004152782449e-08
31 -9.360113082433632e-08
32 -8.166240781801054e-08
33 -8.989819514944912e-08
34 -9.912366251664257e-08
35 -8.817241663049889e-08
36 -9.44008289953821e-08
37 -9.306056435210924e-08
38 -7.799685393014847e-08
39 -9.307328861656624e-08
40 -8.347948567202815e-08
41 -9.098651952103459e-08
42 -9.506955278207858e-08
43 -8.950862116539152e-08
44 -1.0005516535663673e-07
45 -9.201429252718288e-08
46 -8.757628962105556e-08
47 -1.003585394445699e-07
48 -9.001410307603831e-08
49 -9.894507779441106e-08
50 -8.412544218240237e-08
51 -1.0540737973099184e-07
52 -9.483351754300709e-08
53 -8.668325240287826e-08
54 -8.684510874733674e-08
55 -9.646727002182194e-08
56 -9.016851789493185e-08
57 -9.002114413173753e-08
58 -7.647222189326965e-08
59 -9.046115971573463e-08
60 -8.813494270959937e-08
61 -8.611215496984727e-08
62 -9.727812947931785e-08
63 -9.182355660995208e-08
64 -9.216973565277689e-08
65 -1.035589249625952e-07
66 -9.422921056902839e-08
67 -8.100023554074151e-08
68 -8.40941430245586e-08
69 -7.638797173231212e-08
70 -9.712941520444333e-08
71 -9.303968453412501e-08
72 -8.162715756390954e-08
73 -9.431808749634935e-08
74 -1.0352785588506407e-07
75 -7.829524210999271e-08
76 -8.65342272244174e-08
77 -9.529044817805346e-08
78 -8.160577830738394e-08
79 -7.911299513359295e-08
80 -8.279106467846929e-08
81 -9.290836686487038e-08
82 -9.356583119089952e-08
83 -8.886041441956316e-08
84 -7.809633115153558e-08
85 -8.952635561498579e-08
86 -9.374071854342476e-08
87 -9.963455500761492e-08
88 -9.884757780378956e-08
89 -9.420951739280883e-08
90 -8.250531382461047e-08
91 -1.069050806580758e-07
92 -7.666731108908608e-08
93 -9.681286827035991e-08
94 -8.233602873827917e-08
95 -9.013568512945145e-08
96 -8.253517084034655e-08
97 -8.525261908148664e-08
98 -1.0349796956009311e-07
99 -8.571982740881017e-08
100 -8.42534016930999e-08
101 -9.182803005797797e-08
102 -7.234220262428957e-08
103 -9.177097972193073e-08
104 -8.889836651991106e-08
105 -9.550831214984473e-08
106 -1.0199072514981442e-07
107 -9.812523142668073e-08
108 -9.886959674572823e-08
109 -8.927239175926965e-08
110 -8.837435736195623e-08
111 -8.716220016968968e-08
112 -9.926591992229891e-08
113 -8.031013334203375e-08
114 -1.001648007863534e-07
115 -9.196030266567691e-08
116 -1.0430747870060865e-07
117 -8.594624701622049e-08
118 -9.566300035406728e-08
119 -9.58040501753475e-08
120 -7.750644028200718e-08
121 -8.253918875510448e-08
122 -9.605211792767687e-08
123 -9.073190218718793e-08
124 -8.914125356331009e-08
125 -8.918839287665968e-08
126 -9.784770089602229e-08
127 -8.030451993483676e-08
128 -1.0485570794800991e-07
129 -9.190149843363618e-08
130 -9.036200382816094e-08
131 -9.658653673012714e-08
132 -9.043746242476704e-08
133 -9.098515500137968e-08
134 -9.65488334966663e-08
135 -1.0564501410134981e-07
136 -9.4161372634963e-08
137 -9.326404565254808e-08
138 -8.063507091931585e-08
139 -8.138329194248713e-08
140 -8.470603559057212e-08
141 -9.539575207058027e-08
142 -8.86659495861883e-08
143 -1.0002478400063187e-07
144 -8.435236711167875e-08
145 -1.0286396414771074e-07
146 -7.764410803651887e-08
147 -1.0178936240085873e-07
148 -8.674316946987876e-08
149 -9.346667402430309e-08
150 -9.465666248496992e-08
151 -8.452710650859307e-08
152 -1.0158780598754013e-07
153 -9.641330790866736e-08
154 -9.269294078922347e-08
155 -7.703046320202539e-08
156 -8.364610291425378e-08
157 -8.376325210334437e-08
158 -9.753538263877606e-08
159 -8.28742404928698e-08
160 -8.739020717021095e-08
161 -9.2752861486784e-08
162 -9.984363237930043e-08
163 -9.307747270930842e-08
164 -8.880594451399492e-08
165 -9.087249375496058e-08
166 -1.0363090570058534e-07
167 -1.030626871235128e-07
168 -8.685938411871953e-08
169 -8.297565207406465e-08
170 -9.758902449776677e-08
171 -8.232534904363028e-08
172 -9.218748577601094e-08
173 -9.403559015357428e-08
174 -9.825677513941557e-08
175 -8.527859198427811e-08
176 -9.409782821496273e-08
177 -8.464377319346223e-08
178 -1.0319373696369412e-07
179 -6.78916936180489e-08
180 -8.637827381132984e-08
181 -9.077299400395553e-08
182 -8.223290839656522e-08
183 -9.657448441717104e-08
184 -8.98104010162781e-08
185 -9.26183037584685e-08
186 -7.245741971351693e-08
187 -7.77164451561723e-08
188 -9.316294775491418e-08
189 -1.0131027680539312e-07
190 -8.792992737659426e-08
191 -9.568141444671057e-08
192 -8.605327427376629e-08
193 -9.138051541278322e-08
194 -9.330042422599719e-08
195 -9.177544722721018e-08
196 -7.584953985292814e-08
197 -7.834732753639836e-08
198 -7.893336267154972e-08
199 -9.682824361292043e-08
200 -8.45321533297548e-08
201 -8.592219010255522e-08
202 -9.660735687532952e-08
203 -8.831405804550554e-08
204 -9.338075583981278e-08
205 -8.913314065856424e-08
206 -8.852187472942605e-08
207 -6.948624037922426e-08
208 -9.637461386314238e-08
209 -7.674566552871339e-08
210 -8.507339625091635e-08
211 -9.232101222341313e-08
212 -8.744645909758371e-08
213 -9.083730474604985e-08
214 -8.829959716668778e-08
215 -1.0497288619939389e-07
216 -9.856905353712163e-08
217 -9.540270973699207e-08
218 -9.447750727611885e-08
219 -1.0473049733491836e-07
220 -9.650032829346866e-08
221 -8.32425531533171e-08
222 -9.116972288104295e-08
223 -9.312273302529385e-08
224 -8.314493716322177e-08
225 -9.587475561526762e-08
226 -9.219689344196698e-08
227 -9.4066260010409e-08
228 -8.31192046445525e-08
229 -9.994879605436343e-08
230 -9.624809996355643e-08
231 -9.908395693058249e-08
232 -1.0665442851432309e-07
233 -1.0458925951539395e-07
234 -9.996521864292661e-08
235 -9.705968225316471e-08
236 -9.643045597141966e-08
237 -9.476403205177511e-08
238 -9.259464993625049e-08
239 -7.705016677606074e-08
240 -9.277640978904367e-08
241 -9.260985503490437e-08
242 -9.537222582424804e-08
243 -8.795725684264434e-08
244 -8.349814498890303e-08
245 -8.787063870278701e-08
246 -7.826145660829405e-08
247 -7.665322376872403e-08
248 -8.67875221705243e-08
249 -8.017829002643874e-08
250 -9.992155045745688e-08
251 -9.869709763179662e-08
252 -9.739246175529995e-08
253 -9.373911744407383e-08
254 -8.436571143091216e-08
255 -9.432800369000917e-08
256 -9.212461836651496e-08
257 -8.345989727172546e-08
258 -8.987785984147155e-08
259 -8.939582351035323e-08
260 -8.393410926376139e-08
261 -8.823518411695303e-08
262 -8.200672902340484e-08
263 -8.694859629673296e-08
264 -8.883647675981842e-08
265 -9.232794934862356e-08
266 -1.0086377595427177e-07
267 -8.897511911189412e-08
268 -9.391570483064844e-08
269 -8.849993175967478e-08
270 -8.991786662787186e-08
271 -8.036765144611305e-08
272 -8.898142075896526e-08
273 -8.97382692901076e-08
274 -8.094719124062379e-08
275 -7.807935608159877e-08
276 -8.576708583936656e-08
277 -8.549721093554793e-08
278 -8.49404645471881e-08
279 -7.042333528931005e-08
280 -1.0148966462830981e-07
281 -1.0357540372660161e-07
282 -9.336078700439714e-08
283 -7.616424430631606e-08
284 -9.019183628616039e-08
285 -9.13575617135446e-08
286 -9.152623713676911e-08
287 -8.370201038012423e-08
288 -8.764020884337547e-08
289 -8.712969860448407e-08
290 -9.506912195222759e-08
291 -9.782810774509977e-08
292 -9.537257518072653e-08
293 -1.0340804887019513e-07
294 -8.69559673302169e-08
295 -7.732743862671759e-08
296 -9.259607202605251e-08
297 -9.634001567404694e-08
298 -1.0756942603703362e-07
299 -9.150564997314898e-08
