0 -3.857040775209683e-06
1 -4.071282398291135e-06
2 -3.893181139455906e-06
3 -4.117175444135135e-06
4 -3.8213241990798485e-06
5 -3.92406744653285e-06
6 -4.105165146559401e-06
7 -3.97142122577115e-06
8 -3.885836117537665e-06
9 -4.156234945032676e-06
10 -3.701161833056141e-06
11 -3.917927930067816e-06
12 -3.818376656983762e-06
13 -4.022232632188147e-06
14 -3.830207026983599e-06
15 -3.920473543022102e-06
16 -3.9247344343923135e-06
17 -4.012251030124478e-06
18 -3.762075223139084e-06
19 -3.932585894420448e-06
20 -4.0502366359085485e-06
21 -3.9196496207210695e-06
22 -3.7800910465169323e-06
23 -4.0445160963940515e-06
24 -3.93482135715136e-06
25 -3.8064440309796236e-06
26 -4.003731873009796e-06
27 -4.035808639823835e-06
28 -3.858487579722028e-06
29 -3.814547234933124e-06
30 -3.841893648053162e-06
31 -3.8713838986417856e-06
32 -3.7849682229816548e-06
33 -4.062827841133452e-06
34 -3.9437084240682015e-06
35 -3.805124015698772e-06
36 -3.877316517860433e-06
37 -3.857078404440899e-06
38 -3.884044676126819e-06
39 -3.7860874903054216e-06
40 -3.992712596585197e-06
41 -3.688456903598026e-06
42 -3.949779987392035e-06
43 -3.909354671151049e-06
44 -3.854270781797841e-06
45 -3.869412271676367e-06
46 -3.957567465757197e-06
47 -4.1213126219760096e-06
48 -3.7729939785285974e-06
49 -4.079872349653158e-06
50 -3.79414695352068e-06
51 -3.822915246591799e-06
52 -3.7661389771314943e-06
53 -3.90398188634408e-06
54 -4.038105459670535e-06
55 -3.881722591768912e-06
56 -3.758858447159957e-06
57 -4.026066859736332e-06
58 -3.917569486107842e-06
59 -3.944624613464954e-06
60 -3.7495292520593923e-06
61 -3.832733509581456e-06
62 -4.013127530033699e-06
63 -3.7814182118532773e-06
64 -4.094890029727949e-06
65 -3.7730351740495324e-06
66 -3.976372211653341e-06
67 -3.926508349686601e-06
68 -4.100519250129514e-06
69 -3.884279567145184e-06
70 -3.817209536904962e-06
71 -4.003923388836656e-06
72 -3.844736799171901e-06
73 -4.04999040311916e-06
74 -3.956942347142175e-06
75 -3.825103095117983e-06
76 -3.7866301746111587e-06
77 -3.94694734382769e-06
78 -3.97387448925679e-06
79 -3.7981045970233757e-06
80 -3.998103144231125e-06
81 -3.970563289232111e-06
82 -3.987936968135638e-06
83 -3.995223467169043e-06
84 -3.942859064745765e-06
85 -3.957155898848782e-06
86 -3.979179078909027e-06
87 -4.060325110966704e-06
88 -3.863348551191159e-06
89 -3.976765043455656e-06
90 -4.126825053665035e-06
91 -4.069125687202447e-06
92 -3.859025396661273e-06
93 -3.962188514474331e-06
94 -3.8011728972090676e-06
95 -3.823853645275533e-06
96 -4.0125099452393e-06
97 -3.78917795780151e-06
98 -3.883975289196646e-06
99 -3.835399614796032e-06
100 -4.162705464021139e-06
101 -3.866974304153452e-06
102 -3.979557271729612e-06
103 -3.977024487880613e-06
104 -3.911793149958077e-06
105 -3.949498464975598e-06
106 -3.7960814827901525e-06
107 -3.954473837320035e-06
108 -3.895729061499738e-06
109 -4.065569853968757e-06
110 -3.907041360229957e-06
111 -3.916909167788901e-06
112 -3.8014990616982574e-06
113 -4.000151878981105e-06
114 -3.86470561105831e-06
115 -3.772582822085667e-06
116 -3.87481505971134e-06
117 -3.899239995867926e-06
118 -3.822451426591288e-06
119 -3.855776161133964e-06
120 -3.916366945317293e-06
121 -3.87326203563323e-06
122 -4.0320572211024245e-06
123 -3.922199152747769e-06
124 -3.954754884005021e-06
125 -3.848549349518672e-06
126 -3.8073215841238547e-06
127 -3.941618944994104e-06
128 -4.186509745967868e-06
129 -3.98893241250101e-06
130 -3.948777186974094e-06
131 -3.980369022854963e-06
132 -3.792912867700775e-06
133 -3.854116969803336e-06
134 -4.074501393136913e-06
135 -3.9328810188022304e-06
136 -3.824946466535326e-06
137 -3.8992664833474975e-06
138 -3.923630179061918e-06
139 -3.89017326193712e-06
140 -3.919249456594128e-06
141 -3.920180589981625e-06
142 -3.816352679900222e-06
143 -3.990824481603213e-06
144 -3.893760704996597e-06
145 -3.901279568395974e-06
146 -4.0191039257732826e-06
147 -3.968058346349262e-06
148 -3.974350969439552e-06
149 -3.7319182248963623e-06
150 -3.870680361869625e-06
151 -4.0190069092415886e-06
152 -3.927377042329356e-06
153 -3.862213149571518e-06
154 -3.7669780946606536e-06
155 -3.800931852770365e-06
156 -4.029098815175541e-06
157 -3.851164232510138e-06
158 -3.925317687283866e-06
159 -3.882271307134742e-06
160 -3.876680804029729e-06
161 -3.876620794030735e-06
162 -3.896712877417623e-06
163 -3.910996387713399e-06
164 -3.943289037850431e-06
165 -4.148568153403993e-06
166 -4.049317177368725e-06
167 -3.908928590767942e-06
168 -3.933860718014695e-06
169 -3.902773465387398e-06
170 -3.906993825565046e-06
171 -3.9924410297995734e-06
172 -4.032513965138603e-06
173 -3.843736337006735e-06
174 -4.089660653814501e-06
175 -3.8142472192817216e-06
176 -4.293726942259003e-06
177 -4.021983295900731e-06
178 -3.8098713363793318e-06
179 -3.8170484452724205e-06
180 -3.785650763718929e-06
181 -4.0848725938765195e-06
182 -3.936129089538774e-06
183 -3.999421571946707e-06
184 -3.894393903717622e-06
185 -3.990576813770431e-06
186 -3.937658595091338e-06
187 -3.929031927248395e-06
188 -3.664681552343356e-06
189 -3.9380740756068565e-06
190 -3.842245367382855e-06
191 -3.994554862562438e-06
192 -4.090057214996399e-06
193 -3.7043525006704928e-06
194 -3.948493463827432e-06
195 -3.804054484860446e-06
196 -3.903971313690835e-06
197 -3.949048494937392e-06
198 -3.974564684350894e-06
199 -4.028480070522788e-06
200 -3.850819415819213e-06
201 -4.090059007865251e-06
202 -4.00373188736027e-06
203 -4.030875492665889e-06
204 -3.933584620095197e-06
205 -4.099151702664406e-06
206 -3.9806065032308775e-06
207 -4.0472318237391e-06
208 -4.11490441896813e-06
209 -3.998853177767703e-06
210 -3.900608529732965e-06
211 -3.991785429901498e-06
212 -3.7854549073734556e-06
213 -3.908144263644898e-06
214 -3.977610920955279e-06
215 -3.7901450786352148e-06
216 -3.7640424458460982e-06
217 -3.942400136085756e-06
218 -3.985428125407606e-06
219 -4.013625572901933e-06
220 -3.998286792557784e-06
221 -3.864780821178981e-06
222 -4.094455392353354e-06
223 -4.085036043839673e-06
224 -3.974265300161973e-06
225 -4.017564474534528e-06
226 -3.997406336343063e-06
227 -3.8709771537220095e-06
228 -4.079657124267235e-06
229 -4.005113298770909e-06
230 -3.6607159391323606e-06
231 -3.9467068711481e-06
232 -4.110249025611786e-06
233 -4.009526126595818e-06
234 -3.7728860188126555e-06
235 -3.88804842823158e-06
236 -3.919234825871525e-06
237 -3.7992425835520287e-06
238 -3.89213959214049e-06
239 -4.036972373430428e-06
240 -3.7298151875571884e-06
241 -3.8331454611401715e-06
242 -4.051021395078266e-06
243 -3.941312257367845e-06
244 -3.953255359619672e-06
245 -3.936323859364961e-06
246 -3.7634215391358325e-06
247 -3.861762136347233e-06
248 -4.101257268572501e-06
249 -3.906138107790806e-06
250 -3.997698724171287e-06
251 -3.883144068694049e-06
252 -3.83763146041122e-06
253 -3.9533728801353466e-06
254 -3.924785763357807e-06
255 -3.870937679588956e-06
256 -3.8948647361640895e-06
257 -4.2213907864055765e-06
258 -3.8059052127213474e-06
259 -3.990012139796529e-06
260 -3.9217026746250445e-06
261 -3.887403413825475e-06
262 -3.7911831185551714e-06
263 -3.819423765253606e-06
264 -3.9117744952552905e-06
265 -3.9795294863126375e-06
266 -3.983655097212626e-06
267 -3.936369152554937e-06
268 -4.06008037154611e-06
269 -3.998628102487851e-06
270 -3.958965601492685e-06
271 -3.852052980380907e-06
272 -4.012895792960999e-06
273 -3.971914772555167e-06
274 -3.919305890902943e-06
275 -3.937154433189788e-06
276 -3.936840958915169e-06
277 -3.872653682463485e-06
278 -3.998354866003731e-06
279 -3.928159459713819e-06
280 -3.720083163267222e-06
281 -4.128620987537548e-06
282 -3.85851553861438e-06
283 -4.183387151979896e-06
284 -4.032520322769665e-06
285 -3.994218233555264e-06
286 -4.016583026674812e-06
287 -4.089328565297525e-06
288 -3.7637260098335087e-06
289 -4.164478242000435e-06
290 -3.875615300371787e-06
291 -3.9382210727252915e-06
292 -4.13894998404609e-06
293 -3.7995080776151845e-06
294 -4.023267344539479e-06
295 -3.976718395883571e-06
296 -4.0560823010518055e-06
297 -3.962794362747436e-06
298 -4.202380896987276e-06
299 -3.814528714620874e-06
