0 -6.147234557340547e-06
1 -6.1039381577594535e-06
2 -6.206834059694911e-06
3 -6.428367822307788e-06
4 -6.227919869588984e-06
5 -6.214490894566423e-06
6 -6.325132880878601e-06
7 -6.213489818745633e-06
8 -6.154993639822268e-06
9 -6.356353851831442e-06
10 -6.069989191432982e-06
11 -6.171125404118483e-06
12 -6.038286512909429e-06
13 -6.246896697709661e-06
14 -6.225527294967144e-06
15 -6.3132065108417145e-06
16 -6.208139645244051e-06
17 -6.1237108727252906e-06
18 -6.336109427226756e-06
19 -6.097058166429137e-06
20 -6.2499114851320644e-06
21 -6.315574201289707e-06
22 -6.113099250440747e-06
23 -6.07622100251828e-06
24 -6.2257527707805436e-06
25 -6.164166522003088e-06
26 -6.205979614463339e-06
27 -6.320226998846954e-06
28 -6.077897704990805e-06
29 -6.086169077618177e-06
30 -6.184043498140508e-06
31 -6.280315188402094e-06
32 -6.067782099929238e-06
33 -6.286544494301851e-06
34 -6.307671197818379e-06
35 -6.070692790483753e-06
36 -6.182335299609832e-06
37 -6.419103236695671e-06
38 -5.8539552603698045e-06
39 -6.233054972273121e-06
40 -5.998834727965179e-06
41 -6.051518117332217e-06
42 -6.28494477695925e-06
43 -6.1369317863334595e-06
44 -6.167183622744553e-06
45 -6.135669230631812e-06
46 -6.14796241325724e-06
47 -6.1737366652665835e-06
48 -6.2195822204472775e-06
49 -6.297538537308401e-06
50 -6.469473017376635e-06
51 -6.186973722915504e-06
52 -6.261292484707668e-06
53 -6.190633631798453e-06
54 -6.148968672322301e-06
55 -6.224651649345375e-06
56 -6.095279723393572e-06
57 -6.2418473683565e-06
58 -6.2036961935427775e-06
59 -6.179837366589644e-06
60 -6.213123168711834e-06
61 -6.142581462528496e-06
62 -6.163869257171481e-06
63 -6.22322510344434e-06
64 -6.406226804580156e-06
65 -6.119233514677003e-06
66 -6.226160470406238e-06
67 -6.243678405828314e-06
68 -6.378404443675925e-06
69 -6.2990662937815615e-06
70 -6.142522779756625e-06
71 -6.3040697712871375e-06
72 -6.216731030374855e-06
73 -6.212157711468659e-06
74 -6.1782502427440705e-06
75 -6.14922741911577e-06
76 -6.117745871689076e-06
77 -6.32834970564303e-06
78 -6.214163261942252e-06
79 -6.086621245185615e-06
80 -6.331087893074854e-06
81 -6.2506346533996184e-06
82 -6.096433948167011e-06
83 -6.407555253788222e-06
84 -6.193006372686674e-06
85 -6.152318629557635e-06
86 -6.354803316141534e-06
87 -6.0703632413676524e-06
88 -6.241226211997782e-06
89 -6.2695889337860335e-06
90 -6.298704064245851e-06
91 -6.284020085070172e-06
92 -6.12114122131364e-06
93 -6.162507820120197e-06
94 -6.3210862110049225e-06
95 -6.040779632540614e-06
96 -6.347640532145431e-06
97 -6.0965738150858195e-06
98 -6.140064901548119e-06
99 -5.998687455547889e-06
100 -6.32079713318663e-06
101 -6.064773633913032e-06
102 -6.1878560485459656e-06
103 -6.219927377271198e-06
104 -6.171204458355196e-06
105 -6.252040421098337e-06
106 -6.305268407023812e-06
107 -6.2146686665290615e-06
108 -6.055579562722773e-06
109 -6.33002173841599e-06
110 -6.142243039878679e-06
111 -6.220030254557754e-06
112 -6.1618167644847284e-06
113 -6.1450910235146996e-06
114 -6.2867046184984805e-06
115 -6.124304047733301e-06
116 -6.166244026976293e-06
117 -6.086503899272339e-06
118 -6.195489949218755e-06
119 -5.828581713318152e-06
120 -6.157822873241256e-06
121 -5.9235350622828095e-06
122 -6.260515801697481e-06
123 -6.171552982426874e-06
124 -6.0966098491623015e-06
125 -6.443862973073025e-06
126 -6.397313540307025e-06
127 -6.223923222698789e-06
128 -6.14210730926053e-06
129 -6.45897072600127e-06
130 -6.020597705751639e-06
131 -6.397009958036882e-06
132 -6.243385032386644e-06
133 -6.227183393727651e-06
134 -6.277495791932163e-06
135 -6.234682829313926e-06
136 -6.19803249988334e-06
137 -6.09646319626881e-06
138 -6.0284820139849865e-06
139 -6.186445395719714e-06
140 -5.94732297912305e-06
141 -6.3861566071007094e-06
142 -6.3291850098450336e-06
143 -6.261918873701177e-06
144 -6.245185456959547e-06
145 -6.286066786510739e-06
146 -6.281713104052388e-06
147 -6.169534220862061e-06
148 -6.178753575967561e-06
149 -6.217280904217725e-06
150 -6.2893600613674346e-06
151 -6.222934762199337e-06
152 -6.2010601857526105e-06
153 -6.148594298888882e-06
154 -6.325832763158581e-06
155 -6.1960132049189195e-06
156 -6.067262582399892e-06
157 -6.274606714947551e-06
158 -6.162783039422519e-06
159 -6.0784062155254276e-06
160 -6.267659298435605e-06
161 -5.965932929234011e-06
162 -6.286017595121422e-06
163 -6.275877314784888e-06
164 -6.223587222262547e-06
165 -6.367738947882936e-06
166 -6.2200767308920375e-06
167 -6.383251001207849e-06
168 -6.204905596412305e-06
169 -6.203998208122312e-06
170 -6.369473116306085e-06
171 -6.372088516231045e-06
172 -6.187978551310541e-06
173 -6.356825524694043e-06
174 -6.396883076209067e-06
175 -6.128385496217711e-06
176 -6.230330952094219e-06
177 -6.383103331812929e-06
178 -6.189696868804e-06
179 -6.186144649890408e-06
180 -6.229898244405383e-06
181 -6.142724151663763e-06
182 -6.200870294137129e-06
183 -6.06787630887591e-06
184 -6.298512876938647e-06
185 -6.182375572900797e-06
186 -6.085201469000497e-06
187 -6.188203774007182e-06
188 -6.195326854068311e-06
189 -6.200587924468646e-06
190 -6.29121528785536e-06
191 -6.307272674434046e-06
192 -6.316195264299598e-06
193 -6.188969421146754e-06
194 -6.1942963109567835e-06
195 -6.073731708106542e-06
196 -6.164347105448705e-06
197 -6.1509647193035864e-06
198 -6.090403061045976e-06
199 -6.156223312579576e-06
200 -6.226978330241046e-06
201 -5.996833730187521e-06
202 -6.297913779622605e-06
203 -6.291384329773882e-06
204 -6.3064215664080395e-06
205 -6.203044264269333e-06
206 -6.157489410001767e-06
207 -6.309679253457818e-06
208 -5.866132659719886e-06
209 -6.188027118723882e-06
210 -6.340532392863576e-06
211 -6.200699230349107e-06
212 -5.9904719203554034e-06
213 -6.116729961102358e-06
214 -6.080742560237501e-06
215 -6.296444552769829e-06
216 -6.286475971370716e-06
217 -5.871259307113954e-06
218 -6.366103389671492e-06
219 -6.475011258457938e-06
220 -6.176018058315637e-06
221 -6.073883776593625e-06
222 -6.031762065377289e-06
223 -6.3235781683042715e-06
224 -6.230344221533272e-06
225 -6.23699947814305e-06
226 -6.048167952623663e-06
227 -6.2699797031346866e-06
228 -5.996884435955798e-06
229 -6.280366136890864e-06
230 -6.208485835413572e-06
231 -6.191742424687557e-06
232 -6.352728380336072e-06
233 -6.099112583906323e-06
234 -6.252047017493382e-06
235 -6.125439469844752e-06
236 -6.0889173275304486e-06
237 -6.442261588714131e-06
238 -6.018416959123044e-06
239 -6.203492942226191e-06
240 -6.1506877142442245e-06
241 -6.191453082500135e-06
242 -6.237766776571215e-06
243 -6.170756751128796e-06
244 -6.104384191741994e-06
245 -6.2476495773381574e-06
246 -6.047453603387408e-06
247 -5.836873625555579e-06
248 -6.430020154441694e-06
249 -6.1214059539561124e-06
250 -6.282199879760269e-06
251 -6.320209627967464e-06
252 -6.115483878918184e-06
253 -6.2806260889479716e-06
254 -6.25321477038743e-06
255 -6.307317878520163e-06
256 -6.3757004622159205e-06
257 -6.2574895485911015e-06
258 -6.193781197281597e-06
259 -6.226799984270319e-06
260 -6.251631989455996e-06
261 -6.329589118059833e-06
262 -6.192867515099041e-06
263 -6.239458114726269e-06
264 -6.245712148791492e-06
265 -6.284638640267239e-06
266 -6.2750038171949665e-06
267 -6.2205222363592485e-06
268 -6.217849136057559e-06
269 -6.0661687826742985e-06
270 -6.316801438830544e-06
271 -6.357670392149137e-06
272 -6.2364124842255785e-06
273 -6.249121358942749e-06
274 -6.303232984915335e-06
275 -6.056837509860122e-06
276 -6.083161605316927e-06
277 -6.255219616758264e-06
278 -6.078536689255542e-06
279 -6.179113754403518e-06
280 -6.0962075935977055e-06
281 -6.269715276973993e-06
282 -6.143454605302626e-06
283 -6.31054401615024e-06
284 -6.113977985193297e-06
285 -6.250691381532943e-06
286 -6.173139521282232e-06
287 -6.271600961802671e-06
288 -6.322613467238724e-06
289 -6.193876531850537e-06
290 -6.106093427501019e-06
291 -5.9946251208575775e-06
292 -6.577800151320322e-06
293 -6.455170755220024e-06
294 -6.2223567067419045e-06
295 -6.293845388036919e-06
296 -6.24097013857524e-06
297 -6.309989661927382e-06
298 -6.15313293697631e-06
299 -6.012049942747602e-06
