0 -5.834601624945936e-06
1 -5.9380790896994135e-06
2 -5.892593815891955e-06
3 -6.1502740705130745e-06
4 -5.859788713331252e-06
5 -5.910996698214755e-06
6 -6.088750742183059e-06
7 -5.9360331924756434e-06
8 -5.8644728225040255e-06
9 -6.134983085670399e-06
10 -5.696239383290538e-06
11 -5.891560496972572e-06
12 -5.757586346179334e-06
13 -5.988875804791664e-06
14 -5.869031398436745e-06
15 -5.973573855386106e-06
16 -5.916768342715534e-06
17 -5.9122239024094985e-06
18 -5.895614217068913e-06
19 -5.856350769398812e-06
20 -6.014371893291058e-06
21 -5.966377756764032e-06
22 -5.76562503627737e-06
23 -5.909107972442183e-06
24 -5.929416012112474e-06
25 -5.817668445661933e-06
26 -5.9495694343471264e-06
27 -6.046613823309556e-06
28 -5.795934378538238e-06
29 -5.780856623674549e-06
30 -5.847182562993108e-06
31 -5.923199704678995e-06
32 -5.742755705414407e-06
33 -6.0376259890899606e-06
34 -5.9873828061790096e-06
35 -5.762601635017832e-06
36 -5.87546227154056e-06
37 -5.994305406923181e-06
38 -5.68266880707977e-06
39 -5.846724144802312e-06
40 -5.825382583135079e-06
41 -5.687885297311878e-06
42 -5.971547622202357e-06
43 -5.86282434497708e-06
44 -5.8511989758473245e-06
45 -5.84171198703933e-06
46 -5.893246448245347e-06
47 -6.009652149179202e-06
48 -5.831482542957676e-06
49 -6.058671404530154e-06
50 -5.987181755435105e-06
51 -5.845197299554079e-06
52 -5.850560540687992e-06
53 -5.888257714722299e-06
54 -5.943886417972716e-06
55 -5.900036589853035e-06
56 -5.7541262699683806e-06
57 -5.998973040111912e-06
58 -5.904564152573202e-06
59 -5.905480340161527e-06
60 -5.813849186184929e-06
61 -5.821567508316478e-06
62 -5.939112514421731e-06
63 -5.838757136535047e-06
64 -6.128433705641382e-06
65 -5.7857452646226685e-06
66 -5.955631623869187e-06
67 -5.938493510723434e-06
68 -6.108989859650122e-06
69 -5.930968511652257e-06
70 -5.810428727065111e-06
71 -6.019482056421286e-06
72 -5.8650209353508775e-06
73 -5.990397307715915e-06
74 -5.916862565611241e-06
75 -5.816227650776453e-06
76 -5.7787361201161214e-06
77 -5.993629472194146e-06
78 -5.942954330049209e-06
79 -5.7659968430079715e-06
80 -6.0246577374400146e-06
81 -5.965364669719479e-06
82 -5.886064510039191e-06
83 -6.067659347661702e-06
84 -5.911679667476251e-06
85 -5.898166965604801e-06
86 -6.0339180623976655e-06
87 -5.917226658057466e-06
88 -5.896984476970655e-06
89 -5.980658543679818e-06
90 -6.082170682630703e-06
91 -6.038063746660724e-06
92 -5.815748706866845e-06
93 -5.910886854697744e-06
94 -5.903012683735273e-06
95 -5.756733392035356e-06
96 -6.04379659071244e-06
97 -5.767528347716793e-06
98 -5.848833840361633e-06
99 -5.738074163624799e-06
100 -6.112215555437501e-06
101 -5.795100422259549e-06
102 -5.933373424816954e-06
103 -5.94938510663145e-06
104 -5.882985325494842e-06
105 -5.949631181254219e-06
106 -5.892775367816833e-06
107 -5.944700590991679e-06
108 -5.809041426440484e-06
109 -6.071114860004653e-06
110 -5.86984968026181e-06
111 -5.913819917004302e-06
112 -5.820008838376915e-06
113 -5.922164803128042e-06
114 -5.9291155781016195e-06
115 -5.7750050419581905e-06
116 -5.869164651124528e-06
117 -5.826455596015179e-06
118 -5.847848061570356e-06
119 -5.6550814697032685e-06
120 -5.875706892409103e-06
121 -5.718520078143966e-06
122 -6.0073161712527745e-06
123 -5.893010401184816e-06
124 -5.860631703894733e-06
125 -6.000127960264508e-06
126 -5.957359862146898e-06
127 -5.93385496799475e-06
128 -6.031421033989983e-06
129 -6.094550216611011e-06
130 -5.81342481902595e-06
131 -6.056759197581902e-06
132 -5.85564232941544e-06
133 -5.880829230055024e-06
134 -6.046865213144295e-06
135 -5.938186421704357e-06
136 -5.85149459617547e-06
137 -5.8338449824026564e-06
138 -5.799188425534856e-06
139 -5.8766753273327086e-06
140 -5.7599139865077465e-06
141 -6.019913688782784e-06
142 -5.914548937603522e-06
143 -5.982962335510584e-06
144 -5.913540463562156e-06
145 -5.94551714993493e-06
146 -6.003310114044015e-06
147 -5.914614470432879e-06
148 -5.92053663300136e-06
149 -5.807619055784408e-06
150 -5.930510714106856e-06
151 -5.97662701931874e-06
152 -5.912463660330345e-06
153 -5.841150536400602e-06
154 -5.893491565148821e-06
155 -5.828199912114624e-06
156 -5.888254421436532e-06
157 -5.905973545667898e-06
158 -5.891528443844667e-06
159 -5.805634029649565e-06
160 -5.914201084157442e-06
161 -5.744591085965611e-06
162 -5.93941315494407e-06
163 -5.941829269573212e-06
164 -5.929086642938704e-06
165 -6.14161569766556e-06
166 -5.994602704659696e-06
167 -6.010638539403115e-06
168 -5.918835218972562e-06
169 -5.902274917812552e-06
170 -6.001039693129681e-06
171 -6.040762898080158e-06
172 -5.961668571546215e-06
173 -5.9520379964798816e-06
174 -6.130123486192402e-06
175 -5.800305209254914e-06
176 -6.143646881100415e-06
177 -6.0692052299734e-06
178 -5.840221983674721e-06
179 -5.828422494130767e-06
180 -5.84477062916571e-06
181 -5.966495171881158e-06
182 -5.915359037674714e-06
183 -5.874838301883306e-06
184 -5.9414660153518506e-06
185 -5.937864358847513e-06
186 -5.846914235343903e-06
187 -5.896276067886755e-06
188 -5.752161238050808e-06
189 -5.9245646815055e-06
190 -5.913663069761146e-06
191 -6.011516456592873e-06
192 -6.068215425987967e-06
193 -5.777027608908592e-06
194 -5.919777634671102e-06
195 -5.762332289948736e-06
196 -5.871029950107776e-06
197 -5.89340996191059e-06
198 -5.86720846373408e-06
199 -5.940975235545992e-06
200 -5.878574546804872e-06
201 -5.889790508969925e-06
202 -6.0134768172956935e-06
203 -6.0269888213415365e-06
204 -5.977417010282977e-06
205 -6.017255226087935e-06
206 -5.917969733981889e-06
207 -6.039832914354278e-06
208 -5.830711215495755e-06
209 -5.936741943638182e-06
210 -5.970027778900618e-06
211 -5.9463260131441146e-06
212 -5.707498017113953e-06
213 -5.845666136576724e-06
214 -5.871921190733399e-06
215 -5.888503982661992e-06
216 -5.864249529578425e-06
217 -5.733399456671034e-06
218 -6.037922109364669e-06
219 -6.129996195314777e-06
220 -5.941570409434666e-06
221 -5.7935195383696156e-06
222 -5.9152620221015165e-06
223 -6.0670109461644855e-06
224 -5.952963615298523e-06
225 -5.99138357668904e-06
226 -5.864794900948956e-06
227 -5.91644543231927e-06
228 -5.876387588631261e-06
229 -6.004037158536165e-06
230 -5.764464564799762e-06
231 -5.914945765573898e-06
232 -6.1146117334955515e-06
233 -5.901792706483361e-06
234 -5.8545546955616924e-06
235 -5.846867888472171e-06
236 -5.843728767266509e-06
237 -5.976684636410728e-06
238 -5.784804547276486e-06
239 -5.974893255680881e-06
240 -5.7620722692908715e-06
241 -5.8549458117378e-06
242 -6.002500815793005e-06
243 -5.9057756240101635e-06
244 -5.866630999316968e-06
245 -5.945106116406428e-06
246 -5.722531436137782e-06
247 -5.652585048133694e-06
248 -6.141440836285126e-06
249 -5.847709873854939e-06
250 -6.001314549602955e-06
251 -5.955033118213633e-06
252 -5.81134133603702e-06
253 -5.970798756594287e-06
254 -5.9354907158765695e-06
255 -5.935096312167089e-06
256 -5.992068851916433e-06
257 -6.113241751196631e-06
258 -5.833682612003242e-06
259 -5.9570267352248745e-06
260 -5.937429818001792e-06
261 -5.95336622836846e-06
262 -5.820285127828082e-06
263 -5.8715948295056435e-06
264 -5.9301404916017015e-06
265 -5.989996389349672e-06
266 -5.991030831052339e-06
267 -5.9265536720035895e-06
268 -5.9977268584104095e-06
269 -5.872479540270046e-06
270 -5.998115730322332e-06
271 -5.952891911547615e-06
272 -5.983706729726991e-06
273 -5.965025734474948e-06
274 -5.961193426235655e-06
275 -5.822143332612443e-06
276 -5.843241462235949e-06
277 -5.90979646320363e-06
278 -5.8837385777514814e-06
279 -5.890033839552347e-06
280 -5.734325455785003e-06
281 -6.069448969758542e-06
282 -5.834812505274856e-06
283 -6.118651589653213e-06
284 -5.925584281797701e-06
285 -5.97347335682897e-06
286 -5.948610535077981e-06
287 -6.042077364158414e-06
288 -5.887458961244751e-06
289 -6.046900233166576e-06
290 -5.822978201265851e-06
291 -5.800194841350179e-06
292 -6.257852797840895e-06
293 -5.985296004897621e-06
294 -5.981036149016679e-06
295 -5.9878818055313106e-06
296 -6.007319471123685e-06
297 -5.994334301818139e-06
298 -6.048338651421277e-06
299 -5.7408893185879645e-06
