0 -1.7240383922859467e-07
1 -1.5550087016070085e-07
2 -1.5252073060594534e-07
3 -4.2102859335522305e-08
4 -1.9672244037865082e-07
5 -1.6602833289996938e-07
6 -9.890288580819433e-08
7 -1.5189553050323494e-07
8 -1.3937716954781866e-07
9 -3.9988195236172797e-08
10 -2.372647839743746e-07
11 -1.2626924901147264e-07
12 -2.031524929750854e-07
13 -1.3874994423128632e-07
14 -1.2684029510642757e-07
15 -1.0489505402857573e-07
16 -1.341426993904231e-07
17 -1.8892079737230394e-07
18 -1.1670944650252305e-07
19 -1.6534345988313254e-07
20 -1.212421113758869e-07
21 -1.1381008270565946e-07
22 -2.3180103655556065e-07
23 -1.9610239004532429e-07
24 -1.3945398798363827e-07
25 -1.4411533645676478e-07
26 -1.5100094183632e-07
27 -6.453322399506851e-08
28 -1.78252581115192e-07
29 -1.8485867429791036e-07
30 -1.6267984201408108e-07
31 -1.1814188682467648e-07
32 -2.3730304870618532e-07
33 -1.1714292848201418e-07
34 -8.547754472851993e-08
35 -2.1023792248756933e-07
36 -1.4449718207568438e-07
37 -6.521662825203505e-08
38 -3.0771461647824535e-07
39 -1.6011567714286187e-07
40 -2.2985122306004127e-07
41 -2.414465214177002e-07
42 -1.3275639521796525e-07
43 -1.7637878397901455e-07
44 -1.8576574617694264e-07
45 -1.8765257172938825e-07
46 -1.9454497169213368e-07
47 -9.536788893879968e-08
48 -1.375006276632519e-07
49 -8.016277523905098e-08
50 -6.283957184491371e-08
51 -1.202509552734224e-07
52 -1.285000648958347e-07
53 -1.6463640689818483e-07
54 -1.859541155443841e-07
55 -1.0203382601593854e-07
56 -1.893078040079454e-07
57 -9.22101625418001e-08
58 -1.547281466417903e-07
59 -1.4420059454409536e-07
60 -1.3555492182457292e-07
61 -1.8414589574774512e-07
62 -1.4314784771745706e-07
63 -1.0874957501405102e-07
64 -5.253411877969426e-08
65 -1.2926852357803612e-07
66 -1.2528268936955236e-07
67 -8.884086862507922e-08
68 -9.343474229480528e-08
69 -1.312214465903975e-07
70 -1.6650481665638707e-07
71 -6.919198251188455e-08
72 -1.6975887734176277e-07
73 -1.401983131826676e-07
74 -1.5541326238046374e-07
75 -1.821988881158549e-07
76 -1.9317532069065937e-07
77 -1.136022725745309e-07
78 -1.6067691304167043e-07
79 -1.8271471922131138e-07
80 -1.307023485922983e-07
81 -1.082758667736737e-07
82 -1.6140457933426926e-07
83 -5.862435092596593e-08
84 -1.4471376057881166e-07
85 -1.788024315902525e-07
86 -7.409420276159852e-08
87 -1.9016728207101291e-07
88 -1.4089079940073198e-07
89 -1.0451173478515653e-07
90 -1.0888695319353751e-07
91 -1.2696873568724994e-07
92 -2.2068218564482345e-07
93 -1.5805440927177928e-07
94 -1.2600384410631162e-07
95 -2.166357965470034e-07
96 -6.427438187670721e-08
97 -2.0593627112595854e-07
98 -1.7318187056195252e-07
99 -2.220864005482587e-07
100 -1.1025347901268565e-07
101 -2.2800058574581866e-07
102 -1.683416822572787e-07
103 -9.660443082412361e-08
104 -1.638655720509749e-07
105 -1.067770720081847e-07
106 -1.3928826599693743e-07
107 -7.999511220571166e-08
108 -2.0784536986999795e-07
109 -6.556911537151448e-08
110 -1.4737855155813748e-07
111 -1.1637938905660981e-07
112 -1.517359313087812e-07
113 -1.4057837841524305e-07
114 -9.69300530748953e-08
115 -1.9773357988213799e-07
116 -1.0454712255028183e-07
117 -2.1427925743338943e-07
118 -1.4786585967730012e-07
119 -3.136776399104433e-07
120 -1.2715944452641383e-07
121 -2.9431934917311784e-07
122 -1.2381529216667994e-07
123 -1.502561977305095e-07
124 -2.1198901924057533e-07
125 -5.5010859281143947e-08
126 -8.139547626030935e-08
127 -1.511038110554476e-07
128 -1.482266926390937e-07
129 -1.3944700069380391e-08
130 -2.3809726130347746e-07
131 -5.229998725951741e-08
132 -1.7349918791932014e-07
133 -1.4722837815516325e-07
134 -1.1983207774879907e-07
135 -9.943975234348021e-08
136 -1.11369000169704e-07
137 -1.961581470067545e-07
138 -2.4333328046851143e-07
139 -1.5216782677851393e-07
140 -2.3513285613624064e-07
141 -4.0070244512626814e-08
142 -1.2013700074056462e-07
143 -1.5128378609608438e-07
144 -1.6985535330951496e-07
145 -1.0752481272962593e-07
146 -1.459212067038319e-07
147 -1.5514149431137918e-07
148 -1.8632762941732678e-07
149 -1.3618306555374498e-07
150 -1.0638816883459227e-07
151 -1.1701308596124087e-07
152 -1.6254388407445984e-07
153 -1.997679735043544e-07
154 -9.592043406812911e-08
155 -2.008321307102551e-07
156 -2.3706701379554818e-07
157 -1.4478778941873655e-07
158 -1.3297817118751856e-07
159 -2.2382608084934985e-07
160 -1.5787776812224566e-07
161 -2.3202026511301078e-07
162 -1.4302581904154705e-07
163 -1.334663258643381e-07
164 -1.3958364255898167e-07
165 -3.303759705008056e-08
166 -1.6668799056834307e-07
167 -1.6247263602160928e-08
168 -1.286882547899066e-07
169 -8.336586518691242e-08
170 -7.069253116846611e-08
171 -1.1112154553441147e-07
172 -1.4498417914828377e-07
173 -7.015649807749793e-08
174 -6.660502995969663e-09
175 -1.947241100202263e-07
176 -1.0510864172075023e-07
177 -8.61802946052378e-08
178 -1.7438106191899048e-07
179 -1.7259370432843398e-07
180 -1.5857951570419974e-07
181 -1.9681117441811235e-07
182 -1.1410486806527667e-07
183 -1.7078758955413348e-07
184 -1.2335766310652573e-07
185 -1.4525042018034096e-07
186 -1.903087310119095e-07
187 -1.558868108145329e-07
188 -2.0670520493012688e-07
189 -1.198076970447023e-07
190 -1.1708348572598761e-07
191 -7.594353365927816e-08
192 -1.3223203150417108e-07
193 -1.5052905857284522e-07
194 -1.4136296740891268e-07
195 -1.8091369085908614e-07
196 -1.407287354955582e-07
197 -1.6881006043184336e-07
198 -1.9738989789502416e-07
199 -2.0077302926758548e-07
200 -1.548652075381896e-07
201 -2.0674724262192338e-07
202 -9.92550486239638e-08
203 -4.667396904906711e-08
204 -1.1733829536173859e-07
205 -1.2683939647014502e-07
206 -1.585985572300607e-07
207 -1.1296951132020402e-07
208 -2.5164442431359214e-07
209 -1.628459812216281e-07
210 -1.3992852887727604e-07
211 -1.8671974676172378e-07
212 -2.0251620535203792e-07
213 -1.7381986530205999e-07
214 -1.4877808139870414e-07
215 -9.248798962232495e-08
216 -1.34581135930824e-07
217 -2.671288580198762e-07
218 -9.38551529159307e-08
219 6.4730475841787875e-09
220 -1.5685582740569945e-07
221 -2.3555328683495889e-07
222 -1.6049962909827185e-07
223 -8.980564145305483e-08
224 -1.4626172554724522e-07
225 -8.404462120051255e-08
226 -2.3938102707809076e-07
227 -1.3276474424888553e-07
228 -2.2734256003080444e-07
229 -1.1781315772822366e-07
230 -1.1000426737590699e-07
231 -1.5620966085221354e-07
232 -3.390203931907232e-08
233 -2.2364242451522872e-07
234 -1.1375984437984945e-07
235 -1.9224169290336956e-07
236 -1.8668902993443276e-07
237 -7.779789993675573e-08
238 -2.3215180179782644e-07
239 -1.47318614777135e-07
240 -2.372583255589786e-07
241 -1.5215257033497787e-07
242 -1.2682379966311916e-07
243 -1.3690918606563813e-07
244 -2.1896161151115642e-07
245 -9.201941821838988e-08
246 -2.458961565087304e-07
247 -3.143937466093189e-07
248 -2.0151973175451647e-08
249 -1.7323449473755025e-07
250 -1.091016063461103e-07
251 -1.0514681037862491e-07
252 -1.94202077185364e-07
253 -1.2359240850266224e-07
254 -1.2107559157168873e-07
255 -1.1782546752172583e-07
256 -9.537086600096264e-08
257 -1.30605077855315e-07
258 -1.7251182232097622e-07
259 -1.7292984674610045e-07
260 -1.0721483545301266e-07
261 -1.435819927928176e-07
262 -1.9703294282382662e-07
263 -1.354834910055381e-07
264 -1.2405050804593507e-07
265 -1.1971074969388939e-07
266 -8.788346372799665e-08
267 -1.6216739612825154e-07
268 -1.391728423262981e-07
269 -1.901515635671516e-07
270 -7.830243784753174e-08
271 -1.274309966703628e-07
272 -1.422881785342868e-07
273 -1.0179209730198976e-07
274 -1.0935912134054462e-07
275 -2.400439035265093e-07
276 -2.280445466204038e-07
277 -1.1970601709480033e-07
278 -1.773371979592308e-07
279 -2.0621958505674933e-07
280 -1.8826339394690448e-07
281 -1.0768743508976473e-07
282 -2.2319006653531419e-07
283 -1.053668875909279e-07
284 -1.6430835483109965e-07
285 -1.6512357529998504e-07
286 -1.4651832570373806e-07
287 -1.3245645784968193e-07
288 -5.508033122074055e-08
289 -1.207911543257661e-07
290 -2.2765290922934129e-07
291 -2.2932181607367033e-07
292 3.513557553796951e-08
293 -2.7252756157825023e-08
294 -1.2979357496411336e-07
295 -1.3790500909517828e-07
296 -1.1919438592423899e-07
297 -8.83256780115338e-08
298 -1.5262440023049611e-07
299 -1.9137207429390175e-07
