0 -1.4399896668278387e-06
1 -1.6640096240906309e-06
2 -1.4447106845666768e-06
3 -1.5621359594399796e-06
4 -1.379142589342077e-06
5 -1.4835810878021726e-06
6 -1.5937006680828046e-06
7 -1.532098451304514e-06
8 -1.443539370883289e-06
9 -1.6228787010952473e-06
10 -1.332865031945619e-06
11 -1.4688894127144085e-06
12 -1.4363569865458032e-06
13 -1.5604761269875694e-06
14 -1.3648909351355366e-06
15 -1.4143641401517422e-06
16 -1.4638922464814818e-06
17 -1.6082761812772072e-06
18 -1.2455252414181376e-06
19 -1.5222572801670106e-06
20 -1.5700424654197876e-06
21 -1.4286025703201062e-06
22 -1.3976032051820401e-06
23 -1.6519477498611444e-06
24 -1.4740805890855503e-06
25 -1.371403042756204e-06
26 -1.5696416342740795e-06
27 -1.5159733348504558e-06
28 -1.4700499044997838e-06
29 -1.4129834171261706e-06
30 -1.4093957796359295e-06
31 -1.3858946224698357e-06
32 -1.4195933254658037e-06
33 -1.57743437462819e-06
34 -1.429368440891076e-06
35 -1.4211457299936622e-06
36 -1.4254997633366395e-06
37 -1.306743873891095e-06
38 -1.6092642514036229e-06
39 -1.3258659368896427e-06
40 -1.6521408341459657e-06
41 -1.31161573872913e-06
42 -1.4654960847114441e-06
43 -1.4920577328698716e-06
44 -1.422136467824269e-06
45 -1.4499595465210454e-06
46 -1.547796699182688e-06
47 -1.6706069396647053e-06
48 -1.3126868091318496e-06
49 -1.5734004754159397e-06
50 -1.2221882176066393e-06
51 -1.366424137166557e-06
52 -1.2886123363779538e-06
53 -1.4675503192671991e-06
54 -1.6206360598115732e-06
55 -1.409053511778918e-06
56 -1.3537684382265334e-06
57 -1.5371021302049114e-06
58 -1.472265149118664e-06
59 -1.5087014863368669e-06
60 -1.2912506315957913e-06
61 -1.4139376723798545e-06
62 -1.5777382205590717e-06
63 -1.3134710402008283e-06
64 -1.543307267694748e-06
65 -1.329389602148223e-06
66 -1.5105247781620356e-06
67 -1.4417132072753753e-06
68 -1.5798629746512695e-06
69 -1.4122079593908667e-06
70 -1.3976758653714421e-06
71 -1.4895661937579748e-06
72 -1.404826104464749e-06
73 -1.5920788732299386e-06
74 -1.5140054673160876e-06
75 -1.4123486565207301e-06
76 -1.381048383798111e-06
77 -1.444728333226907e-06
78 -1.5263079073671762e-06
79 -1.4055596942763782e-06
80 -1.4985582567628274e-06
81 -1.4921077843316424e-06
82 -1.5822744801032423e-06
83 -1.449968048894881e-06
84 -1.5026358942255534e-06
85 -1.5368648902991978e-06
86 -1.4468454031606518e-06
87 -1.664210759642042e-06
88 -1.3954025328183531e-06
89 -1.4891160086622768e-06
90 -1.6337313601920084e-06
91 -1.5890759661813735e-06
92 -1.471788294193346e-06
93 -1.526772493817879e-06
94 -1.306303705273807e-06
95 -1.4534937527392448e-06
96 -1.4907421282697136e-06
97 -1.3958198774388595e-06
98 -1.4656316082172194e-06
99 -1.4848919809712235e-06
100 -1.66904036616951e-06
101 -1.4915347116475546e-06
102 -1.5407803511220823e-06
103 -1.511727875351801e-06
104 -1.479563887125378e-06
105 -1.477244404813324e-06
106 -1.3051869839021036e-06
107 -1.4671786442609185e-06
108 -1.515038305472781e-06
109 -1.5395971428937988e-06
110 -1.4714820666833754e-06
111 -1.4572163917544356e-06
112 -1.3580455500814319e-06
113 -1.5696665327283195e-06
114 -1.3611743887285456e-06
115 -1.3648181572395182e-06
116 -1.4127354617640305e-06
117 -1.512699399741702e-06
118 -1.3716393400376126e-06
119 -1.5849132592808274e-06
120 -1.4865953779601825e-06
121 -1.5642138504310566e-06
122 -1.5523118166430473e-06
123 -1.4814652946463071e-06
124 -1.5701649101774498e-06
125 -1.2925354441561649e-06
126 -1.2594356229537616e-06
127 -1.4821757419347728e-06
128 -1.7558409796451559e-06
129 -1.4125526498407216e-06
130 -1.6003905246940204e-06
131 -1.430520160102354e-06
132 -1.3325915262246417e-06
133 -1.3978942236735177e-06
134 -1.5792615545089884e-06
135 -1.451973325771771e-06
136 -1.364396205950984e-06
137 -1.5012826824894347e-06
138 -1.579222795874165e-06
139 -1.4539415411640324e-06
140 -1.5877425897965374e-06
141 -1.3645949259990236e-06
142 -1.3196931315251801e-06
143 -1.5173502974145806e-06
144 -1.4373048090258724e-06
145 -1.4081989780294787e-06
146 -1.5520173586811422e-06
147 -1.5359382984364504e-06
148 -1.550051748853513e-06
149 -1.2699406322531298e-06
150 -1.3737752346176842e-06
151 -1.5554501742184945e-06
152 -1.4783744516804579e-06
153 -1.446196067273993e-06
154 -1.2483462151793667e-06
155 -1.374779343236141e-06
156 -1.659048669788496e-06
157 -1.3771990194426711e-06
158 -1.4803004544697943e-06
159 -1.5113970893167094e-06
160 -1.412801872015519e-06
161 -1.5383662792021426e-06
162 -1.4169759489778205e-06
163 -1.4333312618720963e-06
164 -1.4908443269387485e-06
165 -1.6017461747418548e-06
166 -1.5930251783375033e-06
167 -1.3505080304449984e-06
168 -1.4749023958917086e-06
169 -1.4312215341650032e-06
170 -1.366114966900986e-06
171 -1.4801627021170164e-06
172 -1.5939356737812448e-06
173 -1.3155360304484724e-06
174 -1.5139121511259188e-06
175 -1.4064475271341352e-06
176 -1.8225681095112506e-06
177 -1.4919915101216617e-06
178 -1.3615232169231407e-06
179 -1.3946229398160875e-06
180 -1.3258608044699997e-06
181 -1.674435119359131e-06
182 -1.4811749046770507e-06
183 -1.6097489955004963e-06
184 -1.4131678614595963e-06
185 -1.5466642275136817e-06
186 -1.5482568211661964e-06
187 -1.5011736634809421e-06
188 -1.231060046138068e-06
189 -1.468326282628347e-06
190 -1.3492349164402138e-06
191 -1.488529779524364e-06
192 -1.600229309232503e-06
193 -1.2522925753939645e-06
194 -1.4998278750728038e-06
195 -1.4162979150103593e-06
196 -1.4766159947192531e-06
197 -1.5259590426359747e-06
198 -1.591881795377051e-06
199 -1.6135277417455612e-06
200 -1.398283882549846e-06
201 -1.7308056021770305e-06
202 -1.5031706429390634e-06
203 -1.519028516362264e-06
204 -1.4320967523989492e-06
205 -1.6371159280117862e-06
206 -1.5484797900940234e-06
207 -1.555382078941798e-06
208 -1.8131924879584142e-06
209 -1.5729341053329781e-06
210 -1.4042695613893839e-06
211 -1.5540168150129996e-06
212 -1.4265883647539717e-06
213 -1.5070511550305992e-06
214 -1.5730494560366215e-06
215 -1.2853812648576139e-06
216 -1.278242471014541e-06
217 -1.6405083996002875e-06
218 -1.463908823591669e-06
219 -1.4055893924137629e-06
220 -1.5540582692519347e-06
221 -1.495882584821884e-06
222 -1.707081090491074e-06
223 -1.589233118887895e-06
224 -1.5179149302941608e-06
225 -1.5281331026393655e-06
226 -1.6251732676347168e-06
227 -1.3927563781387355e-06
228 -1.7374027119701721e-06
229 -1.51480578791058e-06
230 -1.189693902835381e-06
231 -1.5056286821224307e-06
232 -1.5609895587708781e-06
233 -1.6126756142406254e-06
234 -1.2868397863847635e-06
235 -1.472428449697586e-06
236 -1.5173157218349128e-06
237 -1.2365905382434984e-06
238 -1.5328609864505691e-06
239 -1.5900907979591032e-06
240 -1.326003370785616e-06
241 -1.378913813261502e-06
242 -1.5869226162181293e-06
243 -1.493497432563128e-06
244 -1.562930022778599e-06
245 -1.4527704937887714e-06
246 -1.4010923394497286e-06
247 -1.6067767749919493e-06
248 -1.5423785359705818e-06
249 -1.5023049631777966e-06
250 -1.5039704233370464e-06
251 -1.3761581256357853e-06
252 -1.4264200158168621e-06
253 -1.4701065106123098e-06
254 -1.45598835406656e-06
255 -1.3803475334514454e-06
256 -1.3663282590229866e-06
257 -1.751857401539685e-06
258 -1.3667715861735836e-06
259 -1.5452810014094577e-06
260 -1.4421043273393403e-06
261 -1.4014067817675628e-06
262 -1.3660040842305157e-06
263 -1.3485810179820474e-06
264 -1.434602304690873e-06
265 -1.4916928428414355e-06
266 -1.4845024008269432e-06
267 -1.483114059543265e-06
268 -1.6040170314782004e-06
269 -1.6149577269065452e-06
270 -1.445100793204042e-06
271 -1.343780072326424e-06
272 -1.5444070549691433e-06
273 -1.4931355841038982e-06
274 -1.429016756616994e-06
275 -1.5845075679020188e-06
276 -1.5595048596874968e-06
277 -1.3964822578501591e-06
278 -1.59947197671741e-06
279 -1.5143947611315904e-06
280 -1.3099023804126009e-06
281 -1.6420954706444045e-06
282 -1.4513320945440274e-06
283 -1.6926716465120926e-06
284 -1.6147983355638215e-06
285 -1.5382096145327745e-06
286 -1.5754109955511315e-06
287 -1.6170693540614693e-06
288 -1.2426777877499106e-06
289 -1.710787490502487e-06
290 -1.4843146139204644e-06
291 -1.5829939563929185e-06
292 -1.493060445069001e-06
293 -1.2203640939751152e-06
294 -1.558786615235316e-06
295 -1.4984628703788858e-06
296 -1.5884930046506883e-06
297 -1.4593827405287987e-06
298 -1.7661632351249525e-06
299 -1.438146142001454e-06
