0 2.494121438006113e-06
1 2.7175479346123433e-06
2 2.5091402554590167e-06
3 2.531532063816352e-06
4 2.458680478012039e-06
5 2.518074833415172e-06
6 2.6517804936239004e-06
7 2.5394536062955557e-06
8 2.554298485370505e-06
9 2.6184587806115057e-06
10 2.424430076740838e-06
11 2.5595317222999436e-06
12 2.604046983191209e-06
13 2.593159972440361e-06
14 2.445848733822578e-06
15 2.478630123339973e-06
16 2.5630070344983414e-06
17 2.674878308745309e-06
18 2.3546632331213625e-06
19 2.6282425991687228e-06
20 2.6487880870130465e-06
21 2.426320757418015e-06
22 2.4786357402801535e-06
23 2.7749947538309694e-06
24 2.5480740237685965e-06
25 2.4376677987798135e-06
26 2.562571978509133e-06
27 2.56535494156289e-06
28 2.5378325858507264e-06
29 2.5452859350256244e-06
30 2.4760361147922405e-06
31 2.4394686397400306e-06
32 2.487262194450251e-06
33 2.618114265288274e-06
34 2.5117026052052255e-06
35 2.535243370825205e-06
36 2.5553584915124583e-06
37 2.320692922409559e-06
38 2.7843942244999855e-06
39 2.42819875830723e-06
40 2.7150935785984028e-06
41 2.504836510444999e-06
42 2.529069159255178e-06
43 2.5847166635524565e-06
44 2.5624568427427445e-06
45 2.5827689291346337e-06
46 2.624455569599972e-06
47 2.701892165446277e-06
48 2.39390918970324e-06
49 2.621916346268381e-06
50 2.259871836685225e-06
51 2.4684314073454637e-06
52 2.3562833360894445e-06
53 2.5428719582243138e-06
54 2.702545507539935e-06
55 2.483487040981253e-06
56 2.5033004733588203e-06
57 2.6424537826032577e-06
58 2.5356961928354573e-06
59 2.561030477772685e-06
60 2.3680809969733975e-06
61 2.5217374653975856e-06
62 2.6442092068262533e-06
63 2.3739255221921895e-06
64 2.550826519552468e-06
65 2.5246342050898806e-06
66 2.590051342517454e-06
67 2.5171776809763386e-06
68 2.5614360299573445e-06
69 2.3814709359955637e-06
70 2.473822981577173e-06
71 2.5520106016545304e-06
72 2.4449211509040496e-06
73 2.6641706392763222e-06
74 2.613796833236686e-06
75 2.486608387809154e-06
76 2.4739397938425843e-06
77 2.4798290838818766e-06
78 2.5872916976537617e-06
79 2.4885153026799915e-06
80 2.5398499010185363e-06
81 2.5383786166385477e-06
82 2.6674529376228696e-06
83 2.4408316103524154e-06
84 2.55871573419813e-06
85 2.6175219823790606e-06
86 2.5133384407403926e-06
87 2.795120070004125e-06
88 2.4876494046698576e-06
89 2.556210966628072e-06
90 2.6495257391047882e-06
91 2.6138004057003387e-06
92 2.5186498001694288e-06
93 2.624385081163933e-06
94 2.351004272465486e-06
95 2.5778313405300955e-06
96 2.4967713616148868e-06
97 2.4971287617357034e-06
98 2.5483835144587833e-06
99 2.5913186631664955e-06
100 2.6539669757020832e-06
101 2.6205845981517085e-06
102 2.626609213728451e-06
103 2.530747884621507e-06
104 2.5618497448500092e-06
105 2.4913190598626666e-06
106 2.362283530381923e-06
107 2.579377966980641e-06
108 2.6465616188526235e-06
109 2.599186364393901e-06
110 2.5922219482484207e-06
111 2.499849754027134e-06
112 2.499491893807397e-06
113 2.638894629687448e-06
114 2.4703601333162535e-06
115 2.490238704217941e-06
116 2.549430543378141e-06
117 2.6280525449130135e-06
118 2.463643057663047e-06
119 2.794062951304193e-06
120 2.507548897680683e-06
121 2.741560942976453e-06
122 2.6098384280853323e-06
123 2.5888691309730087e-06
124 2.6268627275987293e-06
125 2.2744362571932805e-06
126 2.3400132413807893e-06
127 2.587278478327036e-06
128 2.8431017556588227e-06
129 2.3883627616461974e-06
130 2.696249595259028e-06
131 2.4541784100816997e-06
132 2.437412668357617e-06
133 2.447412109380881e-06
134 2.682346209942841e-06
135 2.5427041362515455e-06
136 2.4378952210069083e-06
137 2.6142644391008143e-06
138 2.6327876093126605e-06
139 2.5036345828281063e-06
140 2.7305417897310235e-06
141 2.440810372047737e-06
142 2.3440127448992546e-06
143 2.588014273996421e-06
144 2.5122900582445187e-06
145 2.463882323864549e-06
146 2.5581828036745405e-06
147 2.5983365773837015e-06
148 2.609887679677911e-06
149 2.362454969715472e-06
150 2.4443130427800353e-06
151 2.6030646192800314e-06
152 2.590430115120618e-06
153 2.5461286687500497e-06
154 2.3355880382642367e-06
155 2.459800422697561e-06
156 2.74004369778472e-06
157 2.4377487206516187e-06
158 2.5715136065592305e-06
159 2.5717237368631922e-06
160 2.459969169837037e-06
161 2.663146484682179e-06
162 2.477705721620096e-06
163 2.4864335835582256e-06
164 2.5274459934858806e-06
165 2.6401037259454694e-06
166 2.687866466818155e-06
167 2.3879585525896923e-06
168 2.5497059808392187e-06
169 2.4997659378770994e-06
170 2.4302780447483496e-06
171 2.466536105351799e-06
172 2.6385352615325518e-06
173 2.338867744516257e-06
174 2.5883176070221786e-06
175 2.499656652073278e-06
176 2.860561932872313e-06
177 2.5129470911721615e-06
178 2.5151185242991065e-06
179 2.4109794898151637e-06
180 2.42360744148218e-06
181 2.7517301859071507e-06
182 2.5421091048807167e-06
183 2.6886265635282206e-06
184 2.4226415474801634e-06
185 2.6218831066602505e-06
186 2.6360724812961634e-06
187 2.5043123234440844e-06
188 2.351484834340772e-06
189 2.5954116773448128e-06
190 2.428103683103882e-06
191 2.509872447406934e-06
192 2.614739570948662e-06
193 2.3797922527385216e-06
194 2.5861358387748334e-06
195 2.499620650113772e-06
196 2.5070685428620256e-06
197 2.6043860910643377e-06
198 2.6267146750935177e-06
199 2.6963304230847154e-06
200 2.4692209949515404e-06
201 2.8478305092343254e-06
202 2.5726410646676945e-06
203 2.5554519654881494e-06
204 2.5059555342471232e-06
205 2.746004307577042e-06
206 2.6407424451595426e-06
207 2.5676313541945285e-06
208 2.984353121428519e-06
209 2.580358604022143e-06
210 2.4400289376374293e-06
211 2.630370547835592e-06
212 2.550806226376383e-06
213 2.556221725420615e-06
214 2.649700202576661e-06
215 2.3540267854126252e-06
216 2.3572346599052094e-06
217 2.837472577180498e-06
218 2.488065349837878e-06
219 2.4735865624304627e-06
220 2.670162413092161e-06
221 2.5618774309994985e-06
222 2.8205280333312228e-06
223 2.560037113861642e-06
224 2.575681976501301e-06
225 2.6265594161309133e-06
226 2.768311387761094e-06
227 2.469715884081503e-06
228 2.80157152967853e-06
229 2.5931590150842845e-06
230 2.3045477008764618e-06
231 2.5552482452443073e-06
232 2.6299962305082934e-06
233 2.7436691877308524e-06
234 2.404962271173714e-06
235 2.613084301899744e-06
236 2.6378819711403963e-06
237 2.299989267182213e-06
238 2.681086802467156e-06
239 2.6570811264710595e-06
240 2.4457409759863883e-06
241 2.5114844190773328e-06
242 2.6239091878835663e-06
243 2.599392646563321e-06
244 2.6618095171092585e-06
245 2.5109075852073417e-06
246 2.5266717963458593e-06
247 2.7085401287878375e-06
248 2.499037974469198e-06
249 2.565164685351428e-06
250 2.583543962239315e-06
251 2.450825380254442e-06
252 2.566789208696935e-06
253 2.5152269505211512e-06
254 2.4778260503402875e-06
255 2.405925186678078e-06
256 2.403409357006237e-06
257 2.788357761295881e-06
258 2.452100214326481e-06
259 2.5899793473177165e-06
260 2.4948666804599722e-06
261 2.407175928125769e-06
262 2.440729625493656e-06
263 2.444067523674717e-06
264 2.520679556716285e-06
265 2.570054197762702e-06
266 2.5601760499692813e-06
267 2.5654841035001275e-06
268 2.672542189951733e-06
269 2.703284178593622e-06
270 2.490513503537082e-06
271 2.365579437602633e-06
272 2.6301524064132193e-06
273 2.544814800043737e-06
274 2.4535752256605827e-06
275 2.6305920194690176e-06
276 2.6411292872540494e-06
277 2.4597669194700433e-06
278 2.711040813157115e-06
279 2.557462552670935e-06
280 2.4816135589185843e-06
281 2.6860117937943984e-06
282 2.5629433898632475e-06
283 2.6922129910651945e-06
284 2.718178397403939e-06
285 2.5804995373527067e-06
286 2.660925011648375e-06
287 2.639322100944756e-06
288 2.2905927016931353e-06
289 2.7701406553907754e-06
290 2.5908096020425373e-06
291 2.7414178888217213e-06
292 2.4855292454365234e-06
293 2.2485393079727023e-06
294 2.6343887421678054e-06
295 2.52113969465219e-06
296 2.6210275826250526e-06
297 2.502323815536501e-06
298 2.8665101362039824e-06
299 2.59383553486844e-06
