0 -1.8129815002221724e-06
1 -1.8229023435358397e-06
2 -1.82515150715541e-06
3 -1.8723732730916612e-06
4 -1.7221271375713964e-06
5 -1.8382274550531375e-06
6 -1.7378241863626438e-06
7 -1.7867469824780943e-06
8 -1.8584623795933384e-06
9 -1.8787000967197375e-06
10 -1.813908562838886e-06
11 -1.9030035851981475e-06
12 -1.84300885119008e-06
13 -1.8598060306380676e-06
14 -1.805114967306336e-06
15 -1.7943471545902427e-06
16 -1.8140944792923194e-06
17 -1.8345730107060402e-06
18 -1.865120584712184e-06
19 -1.744184763601508e-06
20 -1.8562385627994539e-06
21 -1.807365542891008e-06
22 -1.883767048079157e-06
23 -1.8540867988488358e-06
24 -1.7775638268322368e-06
25 -1.9283704928358023e-06
26 -1.8799926159664316e-06
27 -1.736450829510221e-06
28 -1.921138438752629e-06
29 -1.8560771171657533e-06
30 -1.8978300810579574e-06
31 -1.9628634496837603e-06
32 -1.8873872364437563e-06
33 -1.854586858856212e-06
34 -1.8246167139782013e-06
35 -1.940656302755344e-06
36 -1.8799946430689448e-06
37 -1.8736584331170894e-06
38 -1.8128011062692915e-06
39 -1.8105604753716363e-06
40 -1.8027346873976676e-06
41 -1.8919028436886067e-06
42 -1.9085009033327798e-06
43 -1.8871977055728646e-06
44 -1.7952950316665218e-06
45 -1.8128534273936556e-06
46 -1.924680521497399e-06
47 -1.851433369135098e-06
48 -1.860404194305144e-06
49 -1.8769667947485866e-06
50 -1.8911572015475455e-06
51 -1.7824199151685121e-06
52 -1.8107003236397999e-06
53 -1.8845180933015395e-06
54 -1.7558238966762563e-06
55 -1.8196426679346958e-06
56 -1.8243472984501172e-06
57 -1.8711436484066981e-06
58 -1.8446360233116099e-06
59 -1.936348841353379e-06
60 -1.848310776128845e-06
61 -1.8604919115461677e-06
62 -1.9026655122819835e-06
63 -1.77106224563468e-06
64 -1.848416512462087e-06
65 -1.9179040631417437e-06
66 -1.890059677470481e-06
67 -1.7852993100026198e-06
68 -1.949811931345329e-06
69 -1.7639722510407944e-06
70 -1.894393454142128e-06
71 -1.8234666025539614e-06
72 -1.8755453852355631e-06
73 -1.8297140764313967e-06
74 -1.855178608899458e-06
75 -1.7221689390127399e-06
76 -1.8975862520380449e-06
77 -1.7494251347887044e-06
78 -1.7943710004613142e-06
79 -1.880484475387363e-06
80 -1.8289699662546034e-06
81 -1.8730237192629953e-06
82 -1.8128491733710623e-06
83 -1.7609134591715146e-06
84 -1.8705195619983366e-06
85 -1.783224880162419e-06
86 -1.8317580517273323e-06
87 -1.7961812874341593e-06
88 -1.8198975715968488e-06
89 -1.820015241063125e-06
90 -1.9031413560863388e-06
91 -1.8171337499701245e-06
92 -1.8499757843316247e-06
93 -1.870265289430755e-06
94 -1.8452496048793113e-06
95 -1.7923213001818935e-06
96 -1.846625474447799e-06
97 -1.8650579875601834e-06
98 -1.8278005635591484e-06
99 -1.8250830425103797e-06
100 -1.8321366141063878e-06
101 -1.863379544566948e-06
102 -1.948087993527496e-06
103 -1.8391400819912809e-06
104 -1.8981673702796063e-06
105 -1.8012861818382903e-06
106 -1.8183333438789874e-06
107 -1.8430641251242495e-06
108 -1.854506875528368e-06
109 -1.8506490103087749e-06
110 -1.7853961756222462e-06
111 -1.8631035017396242e-06
112 -1.7149459772494617e-06
113 -1.8052926741094693e-06
114 -1.8292751962163746e-06
115 -1.849783414257572e-06
116 -1.8072172888677292e-06
117 -1.8513358252832762e-06
118 -1.8892989286456663e-06
119 -1.8519735813180064e-06
120 -1.7988131855123204e-06
121 -1.869788920907525e-06
122 -1.8493141677922014e-06
123 -1.8467973615722945e-06
124 -1.861646537221716e-06
125 -1.777657509413751e-06
126 -1.9130275816569174e-06
127 -1.912753894092124e-06
128 -1.8633750532670302e-06
129 -1.8701262231468044e-06
130 -1.8594016820871435e-06
131 -1.7827254475762924e-06
132 -1.8899498334552234e-06
133 -1.7490901047936229e-06
134 -1.8709577260481351e-06
135 -1.7719504818155745e-06
136 -1.906167066165237e-06
137 -1.978410626898337e-06
138 -1.8657825887419989e-06
139 -1.8426977945388277e-06
140 -1.8175961759518916e-06
141 -1.918330012100848e-06
142 -1.7855113519642893e-06
143 -1.8050378627548438e-06
144 -1.84809426798921e-06
145 -1.8765877051002168e-06
146 -1.8312728827423357e-06
147 -1.816082448749127e-06
148 -1.8283729643223739e-06
149 -1.8963770854138874e-06
150 -1.8044909329193837e-06
151 -1.8146294864683937e-06
152 -1.817511509000452e-06
153 -1.8145555867378006e-06
154 -1.7599503284702199e-06
155 -1.7948056902712429e-06
156 -1.878260718265416e-06
157 -1.914622713092276e-06
158 -1.834845379970495e-06
159 -1.823014423538261e-06
160 -1.8070245099220406e-06
161 -1.8577693505327355e-06
162 -1.783932821207504e-06
163 -1.816182758838547e-06
164 -1.7994227501704548e-06
165 -1.8361107901281132e-06
166 -1.80937800774473e-06
167 -1.8433169279158356e-06
168 -1.7535995310865131e-06
169 -1.7891196089948477e-06
170 -1.8011983942735837e-06
171 -1.7927365794983027e-06
172 -1.8562582966834667e-06
173 -1.8778826198869271e-06
174 -1.7895623148343925e-06
175 -1.8595038526645733e-06
176 -1.842018062298438e-06
177 -1.8280735415371027e-06
178 -1.8533417511163381e-06
179 -1.8367780892402238e-06
180 -1.892055164239502e-06
181 -1.8886003793181735e-06
182 -1.8150845728737015e-06
183 -1.8293826452054456e-06
184 -1.7040853133607065e-06
185 -1.8675698017508724e-06
186 -1.907584355312472e-06
187 -1.8298789977913062e-06
188 -1.7630626476380092e-06
189 -1.9068053322875198e-06
190 -1.8858897455497777e-06
191 -1.8004631057254245e-06
192 -1.8111089647901198e-06
193 -1.923127565720797e-06
194 -1.8354842249619675e-06
195 -1.7844074157023526e-06
196 -1.837413043348853e-06
197 -1.7673113603387426e-06
198 -1.8623515458485913e-06
199 -1.8652031000557796e-06
200 -1.8409183608665494e-06
201 -1.8268509276908094e-06
202 -1.7975003233471983e-06
203 -1.8211110904662012e-06
204 -1.8902660982653212e-06
205 -1.8044262128142543e-06
206 -1.8953929346025846e-06
207 -1.766187725516881e-06
208 -1.8323606075532857e-06
209 -1.8269221380467167e-06
210 -1.7610645985033265e-06
211 -1.8900099945536654e-06
212 -1.811714181511115e-06
213 -1.7948735659024993e-06
214 -1.9095323250147553e-06
215 -1.8791644225967714e-06
216 -1.899539149162385e-06
217 -1.862611940878941e-06
218 -1.8430002751865065e-06
219 -1.8524579859580838e-06
220 -1.8321947389529216e-06
221 -1.8672590489761138e-06
222 -1.8923998538793912e-06
223 -1.7321951236404064e-06
224 -1.9005304363443417e-06
225 -1.8167188716714683e-06
226 -1.8151030251363294e-06
227 -1.7925085579498829e-06
228 -1.791277008770801e-06
229 -1.8551063197978644e-06
230 -1.7633422354932e-06
231 -1.8140921198153914e-06
232 -1.7422547128239048e-06
233 -1.884558580172055e-06
234 -1.824340368955762e-06
235 -1.9186634610182792e-06
236 -1.8493919061006947e-06
237 -1.863290986649259e-06
238 -1.8111818826318991e-06
239 -1.8028602213163346e-06
240 -1.847756467854869e-06
241 -1.720323909874497e-06
242 -1.8712283708039486e-06
243 -1.92266804888509e-06
244 -1.7646759607960467e-06
245 -1.8392136943697962e-06
246 -1.7523639000485274e-06
247 -1.834183708206819e-06
248 -1.8468333126388735e-06
249 -1.9129588618162428e-06
250 -1.751761436541794e-06
251 -1.8158511413516376e-06
252 -1.8453398936971275e-06
253 -1.8331097934996617e-06
254 -1.8016925482551463e-06
255 -1.9202618545627805e-06
256 -1.8347921324692861e-06
257 -1.92683517791508e-06
258 -1.8708493154053273e-06
259 -1.8195204912879997e-06
260 -1.8895270223687334e-06
261 -1.8973224534544728e-06
262 -1.8368326258306854e-06
263 -1.8168492712515902e-06
264 -1.8205606589815443e-06
265 -1.815999798555365e-06
266 -1.7566974719992595e-06
267 -1.7884821352011464e-06
268 -1.7607106688703868e-06
269 -1.868180627504194e-06
270 -1.8219206822961724e-06
271 -1.8062520567925686e-06
272 -1.8719690557561123e-06
273 -1.804779573221935e-06
274 -1.740051423595963e-06
275 -1.783197703535802e-06
276 -1.810000263562572e-06
277 -1.80793344807622e-06
278 -1.8128330671261952e-06
279 -1.7989639539047284e-06
280 -1.8480313941226265e-06
281 -1.9125214119943427e-06
282 -1.859138734984332e-06
283 -1.9178300242467337e-06
284 -1.823574516331582e-06
285 -1.7811129046563635e-06
286 -1.8211779640289134e-06
287 -1.8036480181065547e-06
288 -1.7907130432973884e-06
289 -1.834608856362958e-06
290 -1.8668980955590954e-06
291 -1.8190324587601598e-06
292 -1.8332345499717085e-06
293 -1.818726983661914e-06
294 -1.8896392841278294e-06
295 -1.9304344745463867e-06
296 -1.7843217076370402e-06
297 -1.8942216804341515e-06
298 -1.7891106227532723e-06
299 -1.7474779046022348e-06
