0 -3.246336145288159e-06
1 -3.307365729457504e-06
2 -3.2527600941721483e-06
3 -3.2207251813490654e-06
4 -3.2486109347762246e-06
5 -3.2622352921524253e-06
6 -3.311012827333237e-06
7 -3.286385092802042e-06
8 -3.2736103929153867e-06
9 -3.3290987959863495e-06
10 -3.2037971692282922e-06
11 -3.291019471387804e-06
12 -3.2588654952079145e-06
13 -3.2969992842191887e-06
14 -3.31605712585869e-06
15 -3.271718583537357e-06
16 -3.1833923742758278e-06
17 -3.238499040258066e-06
18 -3.2589063896514124e-06
19 -3.2440075188129036e-06
20 -3.2844583338719908e-06
21 -3.3176685432963615e-06
22 -3.3017980341227102e-06
23 -3.2340173244168283e-06
24 -3.2502178471044776e-06
25 -3.3455112763787104e-06
26 -3.3370774951862456e-06
27 -3.2063093954476933e-06
28 -3.311084892438616e-06
29 -3.3140972527175288e-06
30 -3.3431304999221563e-06
31 -3.267913740202136e-06
32 -3.2388316509403773e-06
33 -3.362915855857178e-06
34 -3.22176297955703e-06
35 -3.368217109684672e-06
36 -3.3145394536104864e-06
37 -3.3264658227973406e-06
38 -3.2995527051701698e-06
39 -3.3207585811729138e-06
40 -3.238746981114009e-06
41 -3.2341731515331437e-06
42 -3.3728171664575676e-06
43 -3.2074743495797765e-06
44 -3.304983523471678e-06
45 -3.2431188236326414e-06
46 -3.3651326702251116e-06
47 -3.3113609046314184e-06
48 -3.29377418286299e-06
49 -3.299324790284047e-06
50 -3.298209748144763e-06
51 -3.3236829215495578e-06
52 -3.16427997280538e-06
53 -3.3017403034457145e-06
54 -3.218375595593606e-06
55 -3.278708045200399e-06
56 -3.1574686773309773e-06
57 -3.267041405325024e-06
58 -3.286062018031779e-06
59 -3.2884781433262605e-06
60 -3.3107448770406605e-06
61 -3.2155284420059064e-06
62 -3.36194264544741e-06
63 -3.2997125835959833e-06
64 -3.238520090791566e-06
65 -3.3136613927554766e-06
66 -3.3905693570724746e-06
67 -3.2356021914054196e-06
68 -3.3608227124432395e-06
69 -3.1951122343034693e-06
70 -3.2357934666386944e-06
71 -3.3057057990854537e-06
72 -3.304385355575284e-06
73 -3.2330485925928522e-06
74 -3.3595024157403375e-06
75 -3.2140107132422627e-06
76 -3.324345689613377e-06
77 -3.255291072631059e-06
78 -3.1908956040740467e-06
79 -3.258412282263103e-06
80 -3.2848191028929336e-06
81 -3.2647016676128593e-06
82 -3.240724335105034e-06
83 -3.268482816520733e-06
84 -3.255586969192759e-06
85 -3.253999487522978e-06
86 -3.2113523674670666e-06
87 -3.2814879087241e-06
88 -3.21904508609423e-06
89 -3.2381621483463836e-06
90 -3.3016326017588935e-06
91 -3.3307897256448003e-06
92 -3.3061470190424867e-06
93 -3.2820437942632328e-06
94 -3.241675393062111e-06
95 -3.334365516490447e-06
96 -3.2863944048797704e-06
97 -3.40394399460673e-06
98 -3.2836715473886045e-06
99 -3.3608763569674803e-06
100 -3.208008982243927e-06
101 -3.3053081673023417e-06
102 -3.363595714023912e-06
103 -3.292820859437541e-06
104 -3.330349572422465e-06
105 -3.3094255865441025e-06
106 -3.2448798479055493e-06
107 -3.2887700370563665e-06
108 -3.3327054049210916e-06
109 -3.2199027212505853e-06
110 -3.2972090793505094e-06
111 -3.2055145228109595e-06
112 -3.2431428715125715e-06
113 -3.319772775369792e-06
114 -3.3152403265291326e-06
115 -3.2945838245082993e-06
116 -3.3722015903470922e-06
117 -3.2525221262991206e-06
118 -3.249362402801329e-06
119 -3.1869358953387948e-06
120 -3.246441385466145e-06
121 -3.23596918684829e-06
122 -3.2301921171112515e-06
123 -3.312115101981192e-06
124 -3.4770559155782673e-06
125 -3.294472935041008e-06
126 -3.38928718668868e-06
127 -3.319834071705449e-06
128 -3.3371486934948164e-06
129 -3.3695858778512455e-06
130 -3.2980696111180135e-06
131 -3.1675977738802864e-06
132 -3.2922086647994527e-06
133 -3.2723723412769316e-06
134 -3.3131904844341955e-06
135 -3.3650710462278633e-06
136 -3.2539803127805936e-06
137 -3.371538127377846e-06
138 -3.2522177777806548e-06
139 -3.275690033335342e-06
140 -3.320557056750071e-06
141 -3.2295929226839405e-06
142 -3.1788317367357263e-06
143 -3.3877544645899656e-06
144 -3.290221038259827e-06
145 -3.332715062205203e-06
146 -3.2610948355189775e-06
147 -3.3485121268986646e-06
148 -3.3098445826183864e-06
149 -3.2140148751389243e-06
150 -3.2929826295903443e-06
151 -3.27415867077251e-06
152 -3.334032760487872e-06
153 -3.2385402334292947e-06
154 -3.2331370892478115e-06
155 -3.29311474630895e-06
156 -3.3107677510281276e-06
157 -3.3961836275989177e-06
158 -3.187050707392099e-06
159 -3.209958610276596e-06
160 -3.32204207750292e-06
161 -3.3498191235343767e-06
162 -3.2337983393549736e-06
163 -3.289818710175375e-06
164 -3.280244146929853e-06
165 -3.3989277103179424e-06
166 -3.2910625489433916e-06
167 -3.1585692156470548e-06
168 -3.271440193979677e-06
169 -3.3379532823234287e-06
170 -3.2506975635102224e-06
171 -3.278889972319425e-06
172 -3.3249565131787896e-06
173 -3.2394285077835474e-06
174 -3.2403900400312295e-06
175 -3.23544521141643e-06
176 -3.2918095139431878e-06
177 -3.2287536733719757e-06
178 -3.2852616983222625e-06
179 -3.3226123773529036e-06
180 -3.338311939591634e-06
181 -3.3414581970572132e-06
182 -3.150125523293004e-06
183 -3.3135974287686073e-06
184 -3.144031319827459e-06
185 -3.3122738210751253e-06
186 -3.3783349634850515e-06
187 -3.2590933677581496e-06
188 -3.215618327075101e-06
189 -3.2328299528229882e-06
190 -3.124437341464335e-06
191 -3.3247963120088664e-06
192 -3.2723708403957765e-06
193 -3.2947290752634244e-06
194 -3.280406185778831e-06
195 -3.2723241165855948e-06
196 -3.3016353483335846e-06
197 -3.212317989876972e-06
198 -3.272789695111813e-06
199 -3.2696178064326102e-06
200 -3.3674609798836756e-06
201 -3.259220210149272e-06
202 -3.2561682268190643e-06
203 -3.257123531194298e-06
204 -3.2695303629252632e-06
205 -3.1782993695260933e-06
206 -3.3899378697555656e-06
207 -3.2569991865408273e-06
208 -3.2411982174800875e-06
209 -3.337264887381515e-06
210 -3.2254381014048387e-06
211 -3.3185570436046536e-06
212 -3.2732317543989284e-06
213 -3.2679434345919836e-06
214 -3.3357142487057586e-06
215 -3.222402596159121e-06
216 -3.2608326611173733e-06
217 -3.2743177389535007e-06
218 -3.3449396059901065e-06
219 -3.282529548858195e-06
220 -3.2137685240390175e-06
221 -3.289907094743473e-06
222 -3.386741565975143e-06
223 -3.2693539623177454e-06
224 -3.2490470924291563e-06
225 -3.242115734581147e-06
226 -3.2036091841320986e-06
227 -3.2861299633854675e-06
228 -3.278042224109169e-06
229 -3.3268051411914866e-06
230 -3.2589851679908703e-06
231 -3.255904786697789e-06
232 -3.2624857175903738e-06
233 -3.280163357226239e-06
234 -3.265457022919172e-06
235 -3.2120963979907864e-06
236 -3.2699672479374926e-06
237 -3.3244434966238263e-06
238 -3.2243184938346208e-06
239 -3.2957815026661934e-06
240 -3.27448149201989e-06
241 -3.2741887602807417e-06
242 -3.3438725344893788e-06
243 -3.368972113672654e-06
244 -3.228016461812875e-06
245 -3.298828612921615e-06
246 -3.256074597227676e-06
247 -3.2624966959789703e-06
248 -3.175302752553959e-06
249 -3.206182418807362e-06
250 -3.1283794529298545e-06
251 -3.2985966965565323e-06
252 -3.2602505840754035e-06
253 -3.226832265649222e-06
254 -3.2708997390575376e-06
255 -3.31751609157635e-06
256 -3.308924365926997e-06
257 -3.281867869462796e-06
258 -3.2225563716304565e-06
259 -3.203344816136879e-06
260 -3.2219229552378934e-06
261 -3.3758702566437893e-06
262 -3.2324658893567383e-06
263 -3.296404767091383e-06
264 -3.2395218824207493e-06
265 -3.2374274578997037e-06
266 -3.1864797254801575e-06
267 -3.3593636839469096e-06
268 -3.2287709752101906e-06
269 -3.2707105806940513e-06
270 -3.2761182960546973e-06
271 -3.2385548566609105e-06
272 -3.3120755459648075e-06
273 -3.204857911327684e-06
274 -3.261035034572198e-06
275 -3.210389076173058e-06
276 -3.229477168043655e-06
277 -3.266963751202044e-06
278 -3.301517305262994e-06
279 -3.236884183051702e-06
280 -3.294334669109304e-06
281 -3.214665746292945e-06
282 -3.2187707370192997e-06
283 -3.2844516354126516e-06
284 -3.2125137648190437e-06
285 -3.2890401291606885e-06
286 -3.2327684445996744e-06
287 -3.2618974293374905e-06
288 -3.2238853001756427e-06
289 -3.3160875201638716e-06
290 -3.282918835883268e-06
291 -3.285775334875254e-06
292 -3.2628936723269742e-06
293 -3.265355422911851e-06
294 -3.304147143298077e-06
295 -3.264838315798138e-06
296 -3.2619218698744104e-06
297 -3.2848986087059983e-06
298 -3.2649677993354067e-06
299 -3.317701414394645e-06
