0 1.4391147120155125e-06
1 1.522471634166693e-06
2 1.523573160248315e-06
3 1.4971531511642344e-06
4 1.4723097507422275e-06
5 1.6441650083062968e-06
6 1.412555014480102e-06
7 1.5563062054721738e-06
8 1.559311218261849e-06
9 1.6398772617150436e-06
10 1.6521291863241727e-06
11 1.5195020226954102e-06
12 1.6048352759669263e-06
13 1.669568675057299e-06
14 1.6308011402052929e-06
15 1.5410017905832536e-06
16 1.604317234835438e-06
17 1.5321145060347328e-06
18 1.6919911681433976e-06
19 1.4311647333843597e-06
20 1.5969337966859287e-06
21 1.501408876711725e-06
22 1.5471454962437844e-06
23 1.6212664920993462e-06
24 1.5142150806314348e-06
25 1.537953516848211e-06
26 1.5209399018669043e-06
27 1.4724296899331284e-06
28 1.6987734832786397e-06
29 1.5339317568967362e-06
30 1.562628194691883e-06
31 1.5911213562512283e-06
32 1.6103293809109354e-06
33 1.4915492766255305e-06
34 1.6797650664621525e-06
35 1.5744269838668815e-06
36 1.4854213226251114e-06
37 1.5987175893045403e-06
38 1.3437377505865992e-06
39 1.53037282156434e-06
40 1.6761204333766949e-06
41 1.7126656897691532e-06
42 1.5992754628706974e-06
43 1.5386164042558668e-06
44 1.6284121530833877e-06
45 1.5845662060381305e-06
46 1.6132553514861647e-06
47 1.628949422522494e-06
48 1.5769944853989135e-06
49 1.456380935814851e-06
50 1.6119262612065507e-06
51 1.516929970668478e-06
52 1.5414212971556e-06
53 1.5220379055489476e-06
54 1.5423836516849008e-06
55 1.4628324962049334e-06
56 1.7313895543535302e-06
57 1.6457386063549435e-06
58 1.5590687445041404e-06
59 1.5883499685081146e-06
60 1.6145509802089919e-06
61 1.727339541722812e-06
62 1.4682765483529275e-06
63 1.5181269802298254e-06
64 1.5520680368955044e-06
65 1.6559157356624311e-06
66 1.421536703738883e-06
67 1.6108219746749072e-06
68 1.5773701787996486e-06
69 1.5241573778540648e-06
70 1.638467056115102e-06
71 1.4127133500366263e-06
72 1.4613043223913137e-06
73 1.531512401867037e-06
74 1.5297623291717402e-06
75 1.5450633669118455e-06
76 1.5240788239064213e-06
77 1.566275545651008e-06
78 1.5526653224462904e-06
79 1.6269690214327066e-06
80 1.5992173757673052e-06
81 1.438628469080237e-06
82 1.5916322392514397e-06
83 1.569021904368791e-06
84 1.4756943983182135e-06
85 1.5386745640486166e-06
86 1.5916958173423943e-06
87 1.5321007445764646e-06
88 1.4931317427711393e-06
89 1.567241717575174e-06
90 1.6378508421820346e-06
91 1.4699806973313759e-06
92 1.410678398580256e-06
93 1.5491367811676404e-06
94 1.6181435960149651e-06
95 1.533658395693134e-06
96 1.5413488948575485e-06
97 1.5201562275726656e-06
98 1.539300434492795e-06
99 1.5049562463882857e-06
100 1.7431679187848099e-06
101 1.4561631460671511e-06
102 1.5628416145504031e-06
103 1.4288451770699425e-06
104 1.4855890938323697e-06
105 1.506929814234004e-06
106 1.5785095886497527e-06
107 1.5099890750076904e-06
108 1.4601255367680066e-06
109 1.4931282855467324e-06
110 1.4912654885101251e-06
111 1.541194966106668e-06
112 1.4874264389671822e-06
113 1.5764040723021708e-06
114 1.468355101662226e-06
115 1.5359135912729731e-06
116 1.3777222294838373e-06
117 1.600181487501851e-06
118 1.5644120384981763e-06
119 1.6867240412337849e-06
120 1.6166544330016472e-06
121 1.481602347414186e-06
122 1.5328885139170007e-06
123 1.6426753173479943e-06
124 1.4670285448016592e-06
125 1.4542074366216564e-06
126 1.4793188799994465e-06
127 1.5062183403617444e-06
128 1.5148941209719724e-06
129 1.5536575998843688e-06
130 1.656942682935198e-06
131 1.7415466677247203e-06
132 1.6015542332327148e-06
133 1.4663254493165592e-06
134 1.5028247602836545e-06
135 1.2876832355146774e-06
136 1.5907514130058686e-06
137 1.5650974813573515e-06
138 1.6186058349742546e-06
139 1.5324395013115683e-06
140 1.5817665349066194e-06
141 1.6174730175201098e-06
142 1.5171748977248232e-06
143 1.409162019557205e-06
144 1.5844618724588513e-06
145 1.4690287501695111e-06
146 1.5169345300270398e-06
147 1.4356452541345422e-06
148 1.4751509885263937e-06
149 1.6404344608677085e-06
150 1.3643873556327334e-06
151 1.5671799525732805e-06
152 1.490443539277292e-06
153 1.5301387661234438e-06
154 1.519448519764859e-06
155 1.493786366804734e-06
156 1.5089533785956272e-06
157 1.4917449317675737e-06
158 1.6182932817747246e-06
159 1.6573941317812318e-06
160 1.5056644370129955e-06
161 1.510185222982801e-06
162 1.5741534719185022e-06
163 1.56341715464888e-06
164 1.4747979720588674e-06
165 1.4182094654906353e-06
166 1.5824260149457642e-06
167 1.557074616198206e-06
168 1.5005078053035498e-06
169 1.498869652477632e-06
170 1.6112583054808405e-06
171 1.5484824285945526e-06
172 1.398977992322747e-06
173 1.566519519548321e-06
174 1.5668498302729378e-06
175 1.6653368469674668e-06
176 1.5074582145700663e-06
177 1.6540543458706208e-06
178 1.5399734589733338e-06
179 1.5524143851800218e-06
180 1.5326146132833422e-06
181 1.4933118197510037e-06
182 1.680910269471094e-06
183 1.5757607324012256e-06
184 1.5706790677395005e-06
185 1.5024743478895284e-06
186 1.5492337277028258e-06
187 1.644716718511447e-06
188 1.6615266241012299e-06
189 1.6663595628923652e-06
190 1.6513048295320835e-06
191 1.4550627095420134e-06
192 1.4760594530779837e-06
193 1.542623036961011e-06
194 1.548828571269042e-06
195 1.3816793388593508e-06
196 1.453919609762664e-06
197 1.5263690797339094e-06
198 1.612794996776623e-06
199 1.6206207824463624e-06
200 1.3899086148895004e-06
201 1.5351194057151693e-06
202 1.4382914143856215e-06
203 1.544609022712413e-06
204 1.4987564433870697e-06
205 1.5967345161393655e-06
206 1.4796929036968042e-06
207 1.5321117476222976e-06
208 1.5729073150822356e-06
209 1.4702466608832779e-06
210 1.663345156548734e-06
211 1.6031458958120906e-06
212 1.4720742897514958e-06
213 1.5711361663240066e-06
214 1.6077423862646143e-06
215 1.7389758603780095e-06
216 1.6594384567131555e-06
217 1.6212586337837253e-06
218 1.4305980525700492e-06
219 1.5874220239770794e-06
220 1.557288419127053e-06
221 1.5932934102120533e-06
222 1.517529481004297e-06
223 1.4476208479492601e-06
224 1.676095892417461e-06
225 1.630883184987197e-06
226 1.5621635702587426e-06
227 1.5233049370881707e-06
228 1.4241621525928926e-06
229 1.488935234747286e-06
230 1.3588627916892365e-06
231 1.5974323557749705e-06
232 1.5052897718268965e-06
233 1.558300302693034e-06
234 1.5176779304608978e-06
235 1.68774749418297e-06
236 1.4785804328029308e-06
237 1.3456271088325455e-06
238 1.7030300717747003e-06
239 1.5125496099909834e-06
240 1.5748278917528583e-06
241 1.484247921855773e-06
242 1.406478854585512e-06
243 1.5049696086821384e-06
244 1.5630275780542984e-06
245 1.483746012396153e-06
246 1.5678680707708174e-06
247 1.5795641369178394e-06
248 1.7209752072741916e-06
249 1.6357294654585603e-06
250 1.5626662057743205e-06
251 1.511414967346074e-06
252 1.6400045820940012e-06
253 1.6644135274675638e-06
254 1.4342987982901637e-06
255 1.5786596353429808e-06
256 1.5265745939685667e-06
257 1.5210780848062545e-06
258 1.647090190865981e-06
259 1.5129426641373027e-06
260 1.4898542702925752e-06
261 1.4320417512333772e-06
262 1.6183747080801937e-06
263 1.5858816154992845e-06
264 1.5856417881119234e-06
265 1.5191053374984113e-06
266 1.5804259631151073e-06
267 1.5820365001722978e-06
268 1.5925915754161835e-06
269 1.3940545672047602e-06
270 1.4922685058607353e-06
271 1.5687325581982994e-06
272 1.5954775226263334e-06
273 1.5318228226668463e-06
274 1.571765309205417e-06
275 1.4930062356068131e-06
276 1.55597425323854e-06
277 1.656086807111858e-06
278 1.5157587149858387e-06
279 1.4660407352398627e-06
280 1.465468296058923e-06
281 1.5962918249095697e-06
282 1.6237399611974612e-06
283 1.6303129497546207e-06
284 1.6306388093970628e-06
285 1.4734112690775463e-06
286 1.5441894937661045e-06
287 1.4417406479139704e-06
288 1.4796919458383016e-06
289 1.6148831934713964e-06
290 1.5827447453877786e-06
291 1.465921699190696e-06
292 1.5880854828063304e-06
293 1.4948740843823577e-06
294 1.5135154126636569e-06
295 1.6505371642705811e-06
296 1.5805186394338322e-06
297 1.4575362509040033e-06
298 1.5406849234653054e-06
299 1.4099695996217764e-06
