0 -2.5897458010862627e-06
1 -2.6217363336205133e-06
2 -2.59944842745628e-06
3 -2.6138854958523363e-06
4 -2.5358517785469897e-06
5 -2.6081320094062095e-06
6 -2.5769077471008936e-06
7 -2.590996382213317e-06
8 -2.6284048226509093e-06
9 -2.6634701067882215e-06
10 -2.564708376342881e-06
11 -2.664344686286825e-06
12 -2.6098953681248636e-06
13 -2.637341511792369e-06
14 -2.6131179254984875e-06
15 -2.587647196770459e-06
16 -2.5579965367030497e-06
17 -2.5964596861589336e-06
18 -2.6214223781262563e-06
19 -2.548740129108541e-06
20 -2.6308276327214647e-06
21 -2.6171985278499514e-06
22 -2.6572579718653154e-06
23 -2.606029250834318e-06
24 -2.5688649127109676e-06
25 -2.7049008260304927e-06
26 -2.672505438561656e-06
27 -2.5256934478603956e-06
28 -2.6816846548128854e-06
29 -2.6461683036458246e-06
30 -2.6843912640303934e-06
31 -2.686393930945127e-06
32 -2.6281686311479105e-06
33 -2.670206663911391e-06
34 -2.5808262506308893e-06
35 -2.720506650113154e-06
36 -2.6632583549162723e-06
37 -2.6619878758329407e-06
38 -2.6160881411500132e-06
39 -2.621334001002832e-06
40 -2.576535831349769e-06
41 -2.624438592784599e-06
42 -2.7043997743720267e-06
43 -2.6184702496967477e-06
44 -2.601696517714466e-06
45 -2.584161232732615e-06
46 -2.7080782145568843e-06
47 -2.6385787887739808e-06
48 -2.6400148545970697e-06
49 -2.6539310204416963e-06
50 -2.657345335769419e-06
51 -2.6056910544967275e-06
52 -2.5481336677654718e-06
53 -2.658619272075247e-06
54 -2.5402937434753196e-06
55 -2.6092755453204e-06
56 -2.548784703326573e-06
57 -2.6315184409177688e-06
58 -2.6253521878219737e-06
59 -2.684082876385096e-06
60 -2.6371762485084846e-06
61 -2.597333323750175e-06
62 -2.6978757040362776e-06
63 -2.589189323374406e-06
64 -2.606083454219011e-06
65 -2.681591585739406e-06
66 -2.705083766215805e-06
67 -2.5665152018870437e-06
68 -2.7227490833886226e-06
69 -2.5340813466604078e-06
70 -2.627665018806591e-06
71 -2.6247535923794492e-06
72 -2.6547847544918813e-06
73 -2.593122489151009e-06
74 -2.6669057766930047e-06
75 -2.5173885073580355e-06
76 -2.675742871868901e-06
77 -2.552850698004909e-06
78 -2.5511015217410746e-06
79 -2.63186619852112e-06
80 -2.613887953260562e-06
81 -2.636680065076988e-06
82 -2.5835945336505155e-06
83 -2.5641109584530333e-06
84 -2.629156786104704e-06
85 -2.5748379026012985e-06
86 -2.5803145704806457e-06
87 -2.5946128870792018e-06
88 -2.5802837594468405e-06
89 -2.586259526756926e-06
90 -2.6661867130851323e-06
91 -2.6297407922826034e-06
92 -2.642011753384969e-06
93 -2.6392698475842455e-06
94 -2.602554153798527e-06
95 -2.6162110596469884e-06
96 -2.6288261759859306e-06
97 -2.6913647769860013e-06
98 -2.613791895058235e-06
99 -2.648716922894435e-06
100 -2.5765944783003152e-06
101 -2.6484447659089913e-06
102 -2.7232143141183806e-06
103 -2.6280440668973688e-06
104 -2.6791750127621836e-06
105 -2.6110661122568646e-06
106 -2.5893106831289606e-06
107 -2.627360439632272e-06
108 -2.6553055412670546e-06
109 -2.600879592628029e-06
110 -2.596974763796824e-06
111 -2.5997524555998836e-06
112 -2.5285661823538156e-06
113 -2.61624375169416e-06
114 -2.630237471454857e-06
115 -2.6307396675659316e-06
116 -2.646573338236363e-06
117 -2.612478850204328e-06
118 -2.6352662315096182e-06
119 -2.582860303675901e-06
120 -2.57836923256121e-06
121 -2.6226257653645827e-06
122 -2.6034876734602047e-06
123 -2.6348490172009048e-06
124 -2.7266878170660277e-06
125 -2.592036656289427e-06
126 -2.714013867008362e-06
127 -2.6829797490307186e-06
128 -2.6614756174077687e-06
129 -2.679200662274083e-06
130 -2.6360935317501074e-06
131 -2.5286203398924136e-06
132 -2.653918135047895e-06
133 -2.564535384932826e-06
134 -2.655849717445494e-06
135 -2.6221686752258893e-06
136 -2.6485068184797346e-06
137 -2.7459316088313367e-06
138 -2.6203559811141515e-06
139 -2.6189652874078927e-06
140 -2.6227576403667837e-06
141 -2.644743395094172e-06
142 -2.54270446127564e-06
143 -2.652131763647025e-06
144 -2.6299551921498964e-06
145 -2.669215905768082e-06
146 -2.6078121345866826e-06
147 -2.6385056331344777e-06
148 -2.6290058886381855e-06
149 -2.6221290230893224e-06
150 -2.6092591558512473e-06
151 -2.602113942866486e-06
152 -2.6312480817245924e-06
153 -2.587521024259107e-06
154 -2.551290267957078e-06
155 -2.5995926003212266e-06
156 -2.658410123183294e-06
157 -2.719955224648468e-06
158 -2.5731137631072518e-06
159 -2.5748311841859186e-06
160 -2.6205046091510724e-06
161 -2.664138465444292e-06
162 -2.5631237880155295e-06
163 -2.6112821401641837e-06
164 -2.597265689760143e-06
165 -2.675276086179609e-06
166 -2.6034101387692584e-06
167 -2.565983625626162e-06
168 -2.5651358330455506e-06
169 -2.617265026555811e-06
170 -2.581155135705184e-06
171 -2.5910768419335483e-06
172 -2.653497975804092e-06
173 -2.623468413591336e-06
174 -2.572742020337281e-06
175 -2.6061907042859108e-06
176 -2.627880759130501e-06
177 -2.586446937913508e-06
178 -2.631695046307507e-06
179 -2.6374204764134343e-06
180 -2.6802668490750343e-06
181 -2.6797080863670035e-06
182 -2.541648772130096e-06
183 -2.6273756805947483e-06
184 -2.475907576875862e-06
185 -2.6515445517404778e-06
186 -2.7055915626860633e-06
187 -2.5995120490482464e-06
188 -2.539704112437345e-06
189 -2.6365883037141215e-06
190 -2.574946294302701e-06
191 -2.6181168939806293e-06
192 -2.5978810315699533e-06
193 -2.67821515439932e-06
194 -2.6183309685998087e-06
195 -2.5867682560495646e-06
196 -2.631975039990874e-06
197 -2.545083939660746e-06
198 -2.6290342595119624e-06
199 -2.6291538951373984e-06
200 -2.665104145254992e-06
201 -2.6030088645259764e-06
202 -2.5860970914665807e-06
203 -2.5973606394012437e-06
204 -2.645770178976848e-06
205 -2.5501703424843037e-06
206 -2.704804956229619e-06
207 -2.563514181611347e-06
208 -2.5970585184462646e-06
209 -2.6399367551042523e-06
210 -2.543847879130776e-06
211 -2.6658431302648083e-06
212 -2.6020436438280453e-06
213 -2.585819721921256e-06
214 -2.68567082139308e-06
215 -2.6130712996315353e-06
216 -2.6450884024618082e-06
217 -2.6301750601708482e-06
218 -2.6538450569742788e-06
219 -2.629555892157428e-06
220 -2.5854294782046765e-06
221 -2.639683039964235e-06
222 -2.702998096189584e-06
223 -2.551498686543334e-06
224 -2.638783754576035e-06
225 -2.5850266301028197e-06
226 -2.5684307058601918e-06
227 -2.5942829239580094e-06
228 -2.5908168513230013e-06
229 -2.651238930657486e-06
230 -2.5673796492753674e-06
231 -2.5906313013233546e-06
232 -2.5543205603393467e-06
233 -2.647268546369177e-06
234 -2.6045837640433024e-06
235 -2.634131272235235e-06
236 -2.6222988019606934e-06
237 -2.660980459455347e-06
238 -2.571792053008675e-06
239 -2.6040917054918687e-06
240 -2.6207586783895308e-06
241 -2.545600441481414e-06
242 -2.6721273941052085e-06
243 -2.7131431011192032e-06
244 -2.5496148954695473e-06
245 -2.6306516406002948e-06
246 -2.5563311118271716e-06
247 -2.6064197349419633e-06
248 -2.5699619750185803e-06
249 -2.629948149699894e-06
250 -2.496827652528181e-06
251 -2.6154912304220066e-06
252 -2.611372334080098e-06
253 -2.5871424906515864e-06
254 -2.595753407553805e-06
255 -2.68735910540455e-06
256 -2.6317557223502096e-06
257 -2.67384196939732e-06
258 -2.60989792974029e-06
259 -2.573584992227226e-06
260 -2.6238636683569027e-06
261 -2.7037329870088692e-06
262 -2.594257718200611e-06
263 -2.6130474668301688e-06
264 -2.5887866771042926e-06
265 -2.5862552235756377e-06
266 -2.5255824380306245e-06
267 -2.6231924588358666e-06
268 -2.5470060577650323e-06
269 -2.637633913201969e-06
270 -2.6088753234542384e-06
271 -2.5790044134478738e-06
272 -2.6521879880084596e-06
273 -2.563005847253759e-06
274 -2.5501167186919664e-06
275 -2.5549399535445857e-06
276 -2.5775461275493047e-06
277 -2.591008778562151e-06
278 -2.615935870033682e-06
279 -2.57565835472874e-06
280 -2.6337678493553128e-06
281 -2.632996288387742e-06
282 -2.6007030981693384e-06
283 -2.6678212728008783e-06
284 -2.5765678155892472e-06
285 -2.588829673167919e-06
286 -2.5869333920983098e-06
287 -2.5928744112771257e-06
288 -2.5645726259778365e-06
289 -2.631609794450175e-06
290 -2.6373042173059374e-06
291 -2.6129553843401495e-06
292 -2.606152558100201e-06
293 -2.600883963682946e-06
294 -2.662034695315573e-06
295 -2.665066674465981e-06
296 -2.574560905917297e-06
297 -2.6575816233778137e-06
298 -2.5814919287350837e-06
299 -2.5849125561886277e-06
