0 1.838410768037946e-06
1 1.9017764231973416e-06
2 1.8831785538123813e-06
3 1.8631042034390192e-06
4 2.046468235569769e-06
5 1.9333357296947513e-06
6 2.0465634777390633e-06
7 1.9371009703075784e-06
8 1.8954029650510786e-06
9 1.8572089081197833e-06
10 1.8948891996197987e-06
11 1.831609478157643e-06
12 1.899742399388622e-06
13 1.8395426515608596e-06
14 1.9198179598046994e-06
15 1.8515245130838578e-06
16 1.9243072818632214e-06
17 1.8474616870808424e-06
18 1.865844138187176e-06
19 1.975720342481839e-06
20 1.8169471127389108e-06
21 1.9196733296990247e-06
22 1.853568910372415e-06
23 1.8780168596907125e-06
24 1.9373727608129383e-06
25 1.799425244092135e-06
26 1.8757449171922416e-06
27 1.9627007278967094e-06
28 1.8521171843194946e-06
29 1.933163630591572e-06
30 1.8689701973538813e-06
31 1.7452472879648776e-06
32 1.847457852630251e-06
33 1.918514113709518e-06
34 1.902652226428459e-06
35 1.80159255590214e-06
36 1.8898199979575656e-06
37 1.955020337246517e-06
38 1.8716031626326689e-06
39 1.91761680444506e-06
40 2.0355168082915905e-06
41 1.853962601618476e-06
42 1.8468827644203043e-06
43 1.8718775804907082e-06
44 1.96180111075544e-06
45 1.932272901788171e-06
46 1.806701335427193e-06
47 1.9984790787518334e-06
48 1.946140441920688e-06
49 1.919886955928808e-06
50 1.893337069803168e-06
51 1.979827927657501e-06
52 1.880384295391913e-06
53 1.8599126488076678e-06
54 1.9710549545233964e-06
55 1.964243794430969e-06
56 1.8562460396022537e-06
57 1.9130467690761363e-06
58 1.926372163073643e-06
59 1.870019912186232e-06
60 1.8579505729805413e-06
61 1.866103669797442e-06
62 1.8921216652946158e-06
63 1.9350334500974534e-06
64 1.8791170841936509e-06
65 1.8394652973392354e-06
66 1.8940415194341033e-06
67 1.974282579634578e-06
68 1.8692758930551524e-06
69 1.9843304281533317e-06
70 1.8127077849607671e-06
71 1.915147166564831e-06
72 1.9016412942862393e-06
73 1.878447943353384e-06
74 1.8521763378825612e-06
75 1.9064075743442353e-06
76 1.883579183712835e-06
77 1.9963755799547146e-06
78 1.9021717825619944e-06
79 1.8351506949019542e-06
80 1.922326554036729e-06
81 1.8587631043777588e-06
82 1.888017563070947e-06
83 1.958645202885976e-06
84 1.8258246513023182e-06
85 1.912017472968406e-06
86 1.7867666840832924e-06
87 1.87221622464837e-06
88 1.9009611498731242e-06
89 1.8650572764906116e-06
90 1.8507414131035113e-06
91 1.8833556516435451e-06
92 1.8529046798567804e-06
93 1.895278479517064e-06
94 1.8360387045475823e-06
95 1.9707014280216177e-06
96 1.9235964202877056e-06
97 1.8556116460139957e-06
98 1.9187047648363123e-06
99 1.869680319862022e-06
100 1.9211715954650244e-06
101 1.9146302360111413e-06
102 1.8371866957044581e-06
103 1.8926215821522097e-06
104 1.8017326784752183e-06
105 1.920455580006602e-06
106 1.9117687888204267e-06
107 1.901962198725149e-06
108 1.8595834030387193e-06
109 1.9101982805772416e-06
110 1.9816669746766013e-06
111 1.8006079930105704e-06
112 2.034197766330216e-06
113 1.920822566436101e-06
114 1.8602811573394624e-06
115 1.9336644601396156e-06
116 1.921372963826978e-06
117 1.8761650694075378e-06
118 1.7569362582576739e-06
119 1.8923907890411601e-06
120 1.9649583120709236e-06
121 1.918096269520945e-06
122 1.8503608876877562e-06
123 1.905632184097573e-06
124 1.9206913315919935e-06
125 1.911910903027995e-06
126 1.8391627220707344e-06
127 1.8093843409209592e-06
128 1.8870025442695117e-06
129 1.8533098997758052e-06
130 1.8955429677425855e-06
131 1.923031395968249e-06
132 1.7727113303097168e-06
133 1.9459979143524186e-06
134 1.8933495680144802e-06
135 1.9384089661913507e-06
136 1.842444731845237e-06
137 1.7688723989112172e-06
138 1.908087831291727e-06
139 1.936725053482281e-06
140 1.820254901720531e-06
141 1.8449996301412405e-06
142 1.9502058653439644e-06
143 1.9757184811500362e-06
144 1.8675507823307065e-06
145 1.8362933560147614e-06
146 1.9695424805464573e-06
147 1.914068133017134e-06
148 1.904865235558436e-06
149 1.8042529578410482e-06
150 1.9539592900458645e-06
151 1.938417633276676e-06
152 1.9137220057339838e-06
153 1.914913668898812e-06
154 1.9479841300377608e-06
155 1.8640226045540907e-06
156 1.8175548773231893e-06
157 1.7887497501890478e-06
158 1.934773250588046e-06
159 1.9350543453896104e-06
160 1.9553718248399533e-06
161 1.8976785976391215e-06
162 1.9266513643643583e-06
163 1.996954807924095e-06
164 1.9423820488401554e-06
165 1.8932417519296588e-06
166 1.8699518670765206e-06
167 1.8644380059004555e-06
168 1.9994730180560433e-06
169 1.958789909937956e-06
170 1.931074528000155e-06
171 1.9513243235639796e-06
172 1.9059375381618166e-06
173 1.891385558356476e-06
174 1.933910395646925e-06
175 1.8857473063262846e-06
176 1.8941877799767593e-06
177 1.8553664744041954e-06
178 1.942258086031736e-06
179 1.8496108133409415e-06
180 1.8716155249064358e-06
181 1.8761676038727023e-06
182 1.8802569691501316e-06
183 1.8978708925162149e-06
184 1.99225454750737e-06
185 1.9064500456464588e-06
186 1.8256641393951713e-06
187 1.8263984572518214e-06
188 1.8911331456354054e-06
189 1.8076616626742894e-06
190 1.8520932576974406e-06
191 1.9256207793454217e-06
192 1.8514784826731714e-06
193 1.7956216382422124e-06
194 1.8836171596326575e-06
195 1.8364181041140656e-06
196 1.8965594398382364e-06
197 1.907857466686464e-06
198 1.8609353832055878e-06
199 1.8927611909910446e-06
200 1.9197032881418218e-06
201 1.928572765381802e-06
202 1.906570944479946e-06
203 1.8797919769928483e-06
204 1.8137225274198213e-06
205 1.866312533976839e-06
206 1.8500115547100976e-06
207 1.9155404683801e-06
208 1.9130812563291834e-06
209 1.9375979706914477e-06
210 1.9908614491269907e-06
211 1.9630701275950792e-06
212 1.913401406620475e-06
213 1.83439120112422e-06
214 1.8120370205215612e-06
215 1.8069986165947847e-06
216 1.881639766199025e-06
217 1.85331571981752e-06
218 1.8634048268263204e-06
219 1.93923302766806e-06
220 1.85839982659975e-06
221 1.8468828604025428e-06
222 1.8404171007090976e-06
223 1.966740010074213e-06
224 1.7975536302381824e-06
225 1.8776252517691259e-06
226 1.8167912364848532e-06
227 1.9047245340141766e-06
228 1.8759104454645074e-06
229 1.942456356078765e-06
230 1.968522712745621e-06
231 1.9693906492774185e-06
232 1.9654481790210765e-06
233 1.9008867513960883e-06
234 1.8816441946077367e-06
235 1.8192903463444373e-06
236 1.8273496966643183e-06
237 1.9471154779134883e-06
238 1.9701241918485315e-06
239 1.830377678158009e-06
240 1.8414277182029248e-06
241 1.908306106484514e-06
242 1.9353697931522416e-06
243 1.8742719415308484e-06
244 1.8786647548763532e-06
245 1.9872793308006174e-06
246 1.994411976088869e-06
247 1.916723748191654e-06
248 1.8700570873960624e-06
249 1.7755707419422082e-06
250 1.9522276723253933e-06
251 1.978422391036776e-06
252 1.8942687616488864e-06
253 1.835387915113551e-06
254 1.8956495285999202e-06
255 1.8818621894924365e-06
256 1.8678133599834197e-06
257 1.801727535767859e-06
258 1.8604352442842953e-06
259 1.863290900866481e-06
260 1.8878702722105323e-06
261 1.8848896338219999e-06
262 1.8399173616307273e-06
263 1.9596407641598477e-06
264 1.9412206675719e-06
265 1.935842582245996e-06
266 1.9061504884765662e-06
267 1.8894120399498575e-06
268 1.9169677314582736e-06
269 1.8356701028527452e-06
270 1.9783702822300795e-06
271 1.9055846814701999e-06
272 1.8560511490708397e-06
273 1.8893266716803112e-06
274 2.0326085905912615e-06
275 1.849444847302837e-06
276 1.8847620415038857e-06
277 1.9342161629319844e-06
278 1.945579216439285e-06
279 1.868825759620002e-06
280 1.931027017257434e-06
281 1.8321088787293045e-06
282 1.9065369092082954e-06
283 1.8997131019976883e-06
284 2.021693444729768e-06
285 1.925496646080414e-06
286 1.878555841645971e-06
287 1.8950888996273083e-06
288 1.8816632398271553e-06
289 1.936517544778954e-06
290 1.8766284278999448e-06
291 1.9192787572652826e-06
292 1.9395173986723705e-06
293 1.9268347747853758e-06
294 1.8638975395988795e-06
295 1.829257761814829e-06
296 1.920731551384759e-06
297 1.8972967868315348e-06
298 1.9699033691310087e-06
299 1.9314502507053855e-06
