0 2.3314572435893054e-06
1 2.3075549901033682e-06
2 2.3044288523124446e-06
3 2.255085751575259e-06
4 2.2813433875155098e-06
5 2.1846368963216466e-06
6 2.370687807043693e-06
7 2.291575350682206e-06
8 2.2673692016786924e-06
9 2.259911367206863e-06
10 2.1409014129392085e-06
11 2.305042695789658e-06
12 2.2259383066660766e-06
13 2.2528930234743476e-06
14 2.266252798584979e-06
15 2.303828259515292e-06
16 2.1497458962931627e-06
17 2.279595420981539e-06
18 2.174866049672921e-06
19 2.3173378147035e-06
20 2.296751240598239e-06
21 2.3245266547912332e-06
22 2.3108352017918806e-06
23 2.2101305071674017e-06
24 2.2612226192341644e-06
25 2.375695570817952e-06
26 2.3439127822879723e-06
27 2.2510899112867735e-06
28 2.238126687787428e-06
29 2.305662080254879e-06
30 2.346843232584628e-06
31 2.2510490937624866e-06
32 2.222294954637537e-06
33 2.393787976158912e-06
34 2.167216601101961e-06
35 2.368776770979436e-06
36 2.361147271101882e-06
37 2.2588375710618795e-06
38 2.401593271287579e-06
39 2.3221772288665058e-06
40 2.1416359377445697e-06
41 2.135536143070129e-06
42 2.343395043249932e-06
43 2.257672263463006e-06
44 2.2282322994736922e-06
45 2.2062422067904865e-06
46 2.327125486644268e-06
47 2.2192222625087538e-06
48 2.276384192274226e-06
49 2.320536005373581e-06
50 2.2369252149110105e-06
51 2.3161720401997708e-06
52 2.1953306991497555e-06
53 2.318939063953858e-06
54 2.198215569416422e-06
55 2.305771454300569e-06
56 2.0708139540923903e-06
57 2.218639938837808e-06
58 2.256855798043748e-06
59 2.2885920111890907e-06
60 2.2796334645888035e-06
61 2.1055629481839134e-06
62 2.3870479978000905e-06
63 2.3227110755907854e-06
64 2.2354067588001234e-06
65 2.2669534332934597e-06
66 2.4456606078068655e-06
67 2.207526861127707e-06
68 2.3059226033325898e-06
69 2.187286725800341e-06
70 2.172691726854761e-06
71 2.370193128609839e-06
72 2.3469819824453333e-06
73 2.2545184623551262e-06
74 2.3849672547623034e-06
75 2.228496001693125e-06
76 2.3352452913730725e-06
77 2.2249349270444343e-06
78 2.195928346109413e-06
79 2.2200331809040823e-06
80 2.25265690011232e-06
81 2.3558500618976425e-06
82 2.1999314074129565e-06
83 2.2095337742339358e-06
84 2.3187902918375968e-06
85 2.304464730257721e-06
86 2.2314263347591304e-06
87 2.3249414798100233e-06
88 2.2431182646683843e-06
89 2.2240320697330604e-06
90 2.2332903116439707e-06
91 2.3612543196414103e-06
92 2.4026908050902025e-06
93 2.2764066031563935e-06
94 2.222670646740425e-06
95 2.3096985538519807e-06
96 2.2832073310752026e-06
97 2.4129508180001543e-06
98 2.2759492035813183e-06
99 2.3922164482416023e-06
100 2.1004759054597362e-06
101 2.3122927939176614e-06
102 2.3287655967849863e-06
103 2.3573123331871503e-06
104 2.3834105302686367e-06
105 2.32663919432786e-06
106 2.224015022288525e-06
107 2.308269923197539e-06
108 2.3671178677263814e-06
109 2.259976310743058e-06
110 2.2985028355887924e-06
111 2.258123534742811e-06
112 2.2580185203118823e-06
113 2.294760584079594e-06
114 2.370382631029241e-06
115 2.252442920037929e-06
116 2.452828821499269e-06
117 2.2348416607292044e-06
118 2.3046997167532287e-06
119 2.1579241553383153e-06
120 2.204925848048091e-06
121 2.2955817201445575e-06
122 2.2526138910895724e-06
123 2.2365783386917293e-06
124 2.4858344153463844e-06
125 2.3763232790642892e-06
126 2.3851686640436212e-06
127 2.3314613533016457e-06
128 2.348520538801592e-06
129 2.362971274796242e-06
130 2.2162727041871976e-06
131 2.074628799612817e-06
132 2.3042125397633446e-06
133 2.334459519974405e-06
134 2.334660563844544e-06
135 2.4873020416560613e-06
136 2.2580251529857803e-06
137 2.3664496709743804e-06
138 2.19635506913476e-06
139 2.2571973321431674e-06
140 2.3134992889543316e-06
141 2.227323787675419e-06
142 2.2109860167771173e-06
143 2.4248510320954e-06
144 2.2931574997828876e-06
145 2.418277507168437e-06
146 2.2419178223647596e-06
147 2.3883021576903058e-06
148 2.357129863961867e-06
149 2.203398280516568e-06
150 2.3655930372244755e-06
151 2.2647275313027157e-06
152 2.3546443526662124e-06
153 2.278639637464391e-06
154 2.2677489548958778e-06
155 2.333832315667365e-06
156 2.334422576296702e-06
157 2.4383154717193918e-06
158 2.135262712125545e-06
159 2.1378576159546256e-06
160 2.3215936336324473e-06
161 2.3701993959555207e-06
162 2.2240382303225927e-06
163 2.251243680581264e-06
164 2.322150246699421e-06
165 2.455101030205286e-06
166 2.249011497805273e-06
167 2.1816403911655044e-06
168 2.274112364522542e-06
169 2.3580460169734774e-06
170 2.2077608165176354e-06
171 2.278655911835393e-06
172 2.3941564355179504e-06
173 2.2255535314845533e-06
174 2.250453016144873e-06
175 2.1369446840758168e-06
176 2.3173498943041375e-06
177 2.195326354513766e-06
178 2.2845457622937973e-06
179 2.332011171528516e-06
180 2.3560694218834788e-06
181 2.356090969484598e-06
182 2.089154389597784e-06
183 2.286746776369729e-06
184 2.156091091940126e-06
185 2.3046358192871395e-06
186 2.37333758635991e-06
187 2.2006482261801325e-06
188 2.1635291254619343e-06
189 2.2027110456540393e-06
190 2.1180435491886416e-06
191 2.3616794080924566e-06
192 2.2984048636802766e-06
193 2.3315346242399317e-06
194 2.3021552817585676e-06
195 2.4004289469846e-06
196 2.3632452429051954e-06
197 2.2497077948234557e-06
198 2.2392951103492386e-06
199 2.223984713055114e-06
200 2.435638797170307e-06
201 2.2699423271812604e-06
202 2.3146708691256545e-06
203 2.2649147305289026e-06
204 2.316613274154458e-06
205 2.1808647640581342e-06
206 2.397439985418365e-06
207 2.282582042045568e-06
208 2.2251869286977306e-06
209 2.3469171890937737e-06
210 2.135949283507129e-06
211 2.2543537979344078e-06
212 2.3237920542861378e-06
213 2.290250119127277e-06
214 2.299632427531693e-06
215 2.144445189220727e-06
216 2.211934062363063e-06
217 2.2559760507953244e-06
218 2.401067606498518e-06
219 2.2573876625556186e-06
220 2.250819742591266e-06
221 2.2728979351974062e-06
222 2.4086198229617964e-06
223 2.323842064045698e-06
224 2.185277181634196e-06
225 2.1915952082188707e-06
226 2.231356622277098e-06
227 2.3162874169428123e-06
228 2.3455331904666145e-06
229 2.32154383047863e-06
230 2.3514155973460593e-06
231 2.1836915183607144e-06
232 2.2848879326681377e-06
233 2.2681454254335117e-06
234 2.2924773382541893e-06
235 2.1578612723005894e-06
236 2.3183252074061345e-06
237 2.4211564526340747e-06
238 2.104278968404573e-06
239 2.3676051084340878e-06
240 2.2751120222360433e-06
241 2.330611933626543e-06
242 2.3964493185963815e-06
243 2.3874183821470426e-06
244 2.2529018782289986e-06
245 2.285306871781475e-06
246 2.242193523903191e-06
247 2.2342708200697154e-06
248 2.0937776717480014e-06
249 2.218544567238864e-06
250 2.1599993783186844e-06
251 2.3058701447545106e-06
252 2.2030877355191463e-06
253 2.1765276650942325e-06
254 2.3583921153056553e-06
255 2.309959432562771e-06
256 2.340112765982074e-06
257 2.305898168371612e-06
258 2.1898748080534013e-06
259 2.2627070904736236e-06
260 2.2422702560777998e-06
261 2.4317625937344677e-06
262 2.236765637378128e-06
263 2.261267926442959e-06
264 2.214589608601232e-06
265 2.2408525588646212e-06
266 2.224891924892686e-06
267 2.3348451402106684e-06
268 2.2164650889808767e-06
269 2.385520781710352e-06
270 2.2804250650395357e-06
271 2.219866488733431e-06
272 2.290305717869075e-06
273 2.2109322219041613e-06
274 2.2149615624959934e-06
275 2.2802738906670117e-06
276 2.2266949125622236e-06
277 2.1922333873678423e-06
278 2.33964280607288e-06
279 2.3023708155960756e-06
280 2.3105288968594716e-06
281 2.2065632031366224e-06
282 2.181026966171926e-06
283 2.2151363856124073e-06
284 2.1253171001976386e-06
285 2.3245633212447086e-06
286 2.2542302728244177e-06
287 2.3404992086631285e-06
288 2.2596879192811405e-06
289 2.2617334927255314e-06
290 2.2586281300644643e-06
291 2.351918399512673e-06
292 2.2237051758393887e-06
293 2.285628188770849e-06
294 2.3266555094371918e-06
295 2.2134529330204604e-06
296 2.2027565569978055e-06
297 2.3318783296581066e-06
298 2.2427965121347418e-06
299 2.4106926530157167e-06
