0 -7.321760452636158e-07
1 -7.209614279952266e-07
2 -7.476051599914198e-07
3 -8.270293993279628e-07
4 -6.106718262740534e-07
5 -7.73293239358357e-07
6 -5.907114688572983e-07
7 -6.818636757786542e-07
8 -7.851856183513244e-07
9 -7.91588681415416e-07
10 -7.760202788104473e-07
11 -8.324334085167983e-07
12 -7.789709070657687e-07
13 -7.824454406048495e-07
14 -6.987687012976812e-07
15 -7.01884026486486e-07
16 -7.798264896965139e-07
17 -7.734110982767351e-07
18 -8.150208804472077e-07
19 -6.373607814618034e-07
20 -7.790941547030765e-07
21 -6.94081353682406e-07
22 -8.020327931456906e-07
23 -8.048286686306692e-07
24 -6.881379669792308e-07
25 -8.366493375484039e-07
26 -7.752685096083248e-07
27 -6.50771054826323e-07
28 -8.561580814443079e-07
29 -7.588504663983603e-07
30 -8.000313649090143e-07
31 -9.345789824000931e-07
32 -8.471239146102774e-07
33 -7.235865972647736e-07
34 -7.772712441860296e-07
35 -8.475484517930264e-07
36 -7.828909652460759e-07
37 -7.794141504112756e-07
38 -6.979848432232861e-07
39 -6.951163330862483e-07
40 -7.374113737597126e-07
41 -8.690191933535862e-07
42 -8.002756782453934e-07
43 -8.493311989650147e-07
44 -6.934234012795403e-07
45 -7.477097464465629e-07
46 -8.324664011188921e-07
47 -7.655731072269591e-07
48 -7.744880315167557e-07
49 -7.887860850945799e-07
50 -8.228525460888809e-07
51 -6.559107661565369e-07
52 -7.806254725555261e-07
53 -8.00656834745312e-07
54 -6.790613126354417e-07
55 -7.240466858633808e-07
56 -8.181065249662143e-07
57 -8.109791109050737e-07
58 -7.618885727694531e-07
59 -8.771015260090024e-07
60 -7.581988348341408e-07
61 -8.360462334334264e-07
62 -7.910336250480278e-07
63 -6.493499245340989e-07
64 -7.906858876159353e-07
65 -8.479567074303592e-07
66 -7.535069517683716e-07
67 -7.085564923952057e-07
68 -8.652044813947641e-07
69 -7.026188393541861e-07
70 -8.678236072932393e-07
71 -7.115662163499053e-07
72 -7.850056022678575e-07
73 -7.655819133268005e-07
74 -7.315751294689997e-07
75 -6.365390087636981e-07
76 -8.090178779120848e-07
77 -6.523953830950139e-07
78 -7.44089058389282e-07
79 -8.309493228357623e-07
80 -7.450274117701267e-07
81 -7.969848983366688e-07
82 -7.479699264335325e-07
83 -6.661953407593712e-07
84 -8.042848879070202e-07
85 -6.906199464416448e-07
86 -7.89758543169017e-07
87 -6.953691861534734e-07
88 -7.604435263471526e-07
89 -7.59100447006374e-07
90 -8.3744544165128e-07
91 -6.978450420828089e-07
92 -7.436339128520391e-07
93 -7.966248344645367e-07
94 -7.928482212571155e-07
95 -6.650436710016857e-07
96 -7.583889245525326e-07
97 -7.265092781354098e-07
98 -7.402639820416097e-07
99 -6.91928243544137e-07
100 -8.023134085473124e-07
101 -7.681580182909176e-07
102 -8.601270083266936e-07
103 -7.402803249965084e-07
104 -8.043202446312333e-07
105 -6.866146588062187e-07
106 -7.510660492002976e-07
107 -7.522922076482131e-07
108 -7.416845237994262e-07
109 -7.970828282888711e-07
110 -6.696194951203761e-07
111 -8.260370268855079e-07
112 -6.05581721945126e-07
113 -6.930951480804658e-07
114 -7.207040528913579e-07
115 -7.680975439010746e-07
116 -6.514444031480716e-07
117 -7.918699588741082e-07
118 -8.390567911366042e-07
119 -8.278927589252393e-07
120 -7.247745827654947e-07
121 -8.065790695255163e-07
122 -7.937427198351108e-07
123 -7.616621589559982e-07
124 -6.736603076128635e-07
125 -6.557223565157162e-07
126 -7.977598705016343e-07
127 -8.313784888182702e-07
128 -7.551210393788705e-07
129 -7.506624066215206e-07
130 -7.8623954958641e-07
131 -7.563909101363415e-07
132 -8.221865157225484e-07
133 -6.302066576628735e-07
134 -7.75827930061338e-07
135 -6.058382771150205e-07
136 -8.585818972368251e-07
137 -8.940421897769119e-07
138 -8.141544215524729e-07
139 -7.655314756751491e-07
140 -7.118567839365378e-07
141 -8.877971237187966e-07
142 -7.315898133404237e-07
143 -6.423318055410293e-07
144 -7.618229199169127e-07
145 -7.681136085525915e-07
146 -7.518344735066497e-07
147 -6.836121433800448e-07
148 -7.184793556841063e-07
149 -8.725414269990805e-07
150 -6.882674424210457e-07
151 -7.262813617427199e-07
152 -6.971889659409742e-07
153 -7.391620297194734e-07
154 -6.705299657788604e-07
155 -6.861780619736982e-07
156 -7.884917296731853e-07
157 -7.904429744968906e-07
158 -8.040345806734705e-07
159 -7.810568577697668e-07
160 -6.877604026424075e-07
161 -7.401160268051682e-07
162 -7.112242995761705e-07
163 -7.185297791000956e-07
164 -6.970961428212937e-07
165 -6.795079550824133e-07
166 -7.195149151177031e-07
167 -8.258732836739077e-07
168 -6.425539980309173e-07
169 -6.539757210008886e-07
170 -7.2695520616015e-07
171 -6.938352668940974e-07
172 -7.449445163104617e-07
173 -8.317544017981556e-07
174 -7.068597621616568e-07
175 -8.228233922865788e-07
176 -7.499810027384954e-07
177 -7.766321920613848e-07
178 -7.692802135146962e-07
179 -7.306268737936638e-07
180 -7.904194782819414e-07
181 -7.840157580640098e-07
182 -8.04116758001001e-07
183 -7.301638144376928e-07
184 -6.455561744602843e-07
185 -7.767859971970889e-07
186 -7.96697575266455e-07
187 -7.686535252914258e-07
188 -7.006514153739759e-07
189 -8.782155226309825e-07
190 -9.04822092874365e-07
191 -6.755602925833316e-07
192 -7.245539995764883e-07
193 -8.564946227914379e-07
194 -7.483395733810053e-07
195 -6.728635404248838e-07
196 -7.311895964790741e-07
197 -6.940892719116371e-07
198 -7.953181517652028e-07
199 -8.013695249836688e-07
200 -6.988187895266251e-07
201 -7.489459864585897e-07
202 -7.041481492470507e-07
203 -7.453426312677768e-07
204 -8.278236898139726e-07
205 -7.675672080589529e-07
206 -7.706829135538188e-07
207 -6.729418070559735e-07
208 -7.692964298231217e-07
209 -7.052125390624908e-07
210 -6.918680759200792e-07
211 -8.107537172799312e-07
212 -7.156447328698572e-07
213 -7.061662026422769e-07
214 -8.270994736449856e-07
215 -8.536113747811021e-07
216 -8.539701130705577e-07
217 -7.934854243822817e-07
218 -7.194477042839739e-07
219 -7.712564304704041e-07
220 -7.794006270222863e-07
221 -7.922968527640685e-07
222 -7.64576161297948e-07
223 -6.125682779191243e-07
224 -8.661459406007958e-07
225 -7.56613318475959e-07
226 -7.672509008931587e-07
227 -6.890715234895166e-07
228 -6.874905078974807e-07
229 -7.509499526434542e-07
230 -6.537224716358314e-07
231 -7.442087284522541e-07
232 -6.311402389279295e-07
233 -8.166784181685603e-07
234 -7.413792821022e-07
235 -9.061551050248862e-07
236 -7.706535922243424e-07
237 -7.453036506701027e-07
238 -7.650743589577631e-07
239 -6.983037426913455e-07
240 -7.740873967061116e-07
241 -5.966795744753146e-07
242 -7.533896925317376e-07
243 -8.144672764187562e-07
244 -6.856295344850857e-07
245 -7.401817115734718e-07
246 -6.522496558873877e-07
247 -7.64366183811576e-07
248 -8.400209928483121e-07
249 -8.947138908736293e-07
250 -7.186047445038188e-07
251 -7.108372752930587e-07
252 -7.837723263661945e-07
253 -7.885369978482861e-07
254 -6.998971172794214e-07
255 -8.412031686105002e-07
256 -7.301338697886767e-07
257 -8.70433939059981e-07
258 -8.36136379119766e-07
259 -7.655920492566226e-07
260 -8.518778771485463e-07
261 -7.689610299320534e-07
262 -7.831920365428663e-07
263 -7.199347061716599e-07
264 -7.555051902216707e-07
265 -7.465363501999705e-07
266 -6.967433758092034e-07
267 -6.524110043224159e-07
268 -6.82607100007056e-07
269 -7.838529456532094e-07
270 -7.307426601843411e-07
271 -7.381790556778653e-07
272 -7.88450343755389e-07
273 -7.523264178145684e-07
274 -6.368638236332581e-07
275 -7.126640797742554e-07
276 -7.468927307081258e-07
277 -7.327570842481474e-07
278 -7.022861640510647e-07
279 -7.219745722036141e-07
280 -7.538843592253581e-07
281 -8.915809043969455e-07
282 -8.232768385717115e-07
283 -8.64641760842635e-07
284 -7.799504667816825e-07
285 -6.713670714968829e-07
286 -7.562526968062847e-07
287 -7.075471051022858e-07
288 -7.193293206650471e-07
289 -7.367838022909823e-07
290 -7.934489609419162e-07
291 -7.163932572238326e-07
292 -7.632323399029337e-07
293 -7.346377588193972e-07
294 -8.078721261171118e-07
295 -8.947900477091105e-07
296 -7.02849296674476e-07
297 -8.190223514322361e-07
298 -6.997687647076937e-07
299 -6.015589828223001e-07
