0 2.0054291768741085e-07
1 1.854039881807557e-07
2 1.873774379358023e-07
3 2.0481254595247776e-07
4 1.9134248577946987e-07
5 1.6272363085799292e-07
6 1.9565894510731858e-07
7 1.687552297475778e-07
8 1.8221847199776292e-07
9 1.5167750026590336e-07
10 1.7634052811034797e-07
11 1.8795078937776117e-07
12 1.793077753169241e-07
13 1.4439006005067847e-07
14 1.4395317002897742e-07
15 1.7253853510517774e-07
16 1.872170247955694e-07
17 1.984256329777148e-07
18 1.5677704123621998e-07
19 1.9281430190867627e-07
20 1.7101311807316486e-07
21 1.8881508575009307e-07
22 1.7699479809916923e-07
23 1.777644314643088e-07
24 1.769823902177281e-07
25 1.8669769546801207e-07
26 1.7914499796221034e-07
27 1.8146227357462831e-07
28 1.463358925855051e-07
29 1.8324903659389096e-07
30 1.85684380037837e-07
31 1.963497570353325e-07
32 1.876947388882218e-07
33 1.7782035984346857e-07
34 1.657185548330734e-07
35 1.9087506690271922e-07
36 1.8948545149143568e-07
37 1.7161238550852402e-07
38 2.1514912816862018e-07
39 1.7491853775979453e-07
40 1.6544812010894972e-07
41 1.7920935705217103e-07
42 1.6024669791864366e-07
43 1.945159235895921e-07
44 1.5802488001179457e-07
45 1.8528538265385805e-07
46 1.7349780593723255e-07
47 1.8570296435190405e-07
48 1.7040334519504183e-07
49 2.0541235268741548e-07
50 1.7943908275544397e-07
51 1.7473052058718096e-07
52 2.0085258628166451e-07
53 1.8605400320878099e-07
54 1.8018364582950387e-07
55 2.036779158612396e-07
56 1.5948682719444934e-07
57 1.7543121011765084e-07
58 1.8556366166876173e-07
59 1.86563324638003e-07
60 1.6230909336121304e-07
61 1.571170744893497e-07
62 2.092293697085102e-07
63 1.6028019840139714e-07
64 1.9014461717306948e-07
65 1.579786829728168e-07
66 2.001983874582388e-07
67 1.601526039692957e-07
68 1.950582414256316e-07
69 1.9532678737507435e-07
70 1.889828472890969e-07
71 2.008380473180451e-07
72 2.1095410434303305e-07
73 1.8711125362517364e-07
74 1.6556083545893044e-07
75 1.5402225631917073e-07
76 2.001946167308778e-07
77 1.6617104899357195e-07
78 1.7624762510364636e-07
79 1.7775351663416982e-07
80 1.762301707293972e-07
81 2.0649023306636505e-07
82 1.6566911450833027e-07
83 1.7097979066032398e-07
84 2.0038809822763623e-07
85 1.755216375496137e-07
86 1.7635161296800835e-07
87 1.7176658863480929e-07
88 1.9580089709945249e-07
89 1.8192771883244502e-07
90 1.6041312079125618e-07
91 1.8469415827384564e-07
92 2.009148241998934e-07
93 1.9050633248961534e-07
94 1.8038282581361684e-07
95 1.6830727302755246e-07
96 1.7919784111065654e-07
97 1.805780442470563e-07
98 1.8374787118399463e-07
99 1.7574975673605203e-07
100 1.553530302354903e-07
101 1.9914363920384447e-07
102 1.8998811335477102e-07
103 2.046926183093422e-07
104 1.9502685153687032e-07
105 1.6767081724702246e-07
106 1.820399587246864e-07
107 1.8293204968987277e-07
108 1.7944649854510722e-07
109 2.1356419456183066e-07
110 1.7371499381364166e-07
111 1.9189233038520289e-07
112 1.7418746426123024e-07
113 1.6530886681371486e-07
114 1.8982010696476865e-07
115 1.935773140273693e-07
116 1.9627456088870953e-07
117 1.7957395801767236e-07
118 1.889234948232434e-07
119 1.6814434781199346e-07
120 1.7675399326137454e-07
121 2.018747475250238e-07
122 1.8378789637764395e-07
123 1.6506776639422632e-07
124 1.643991135502036e-07
125 1.856682794789506e-07
126 2.007164651054114e-07
127 1.8723477300227512e-07
128 1.8528885975807755e-07
129 1.6373554791562618e-07
130 1.741585505756989e-07
131 1.5315004649162451e-07
132 1.7713721409430663e-07
133 1.8136349547588829e-07
134 1.9656646387949625e-07
135 2.1901956718397683e-07
136 1.8771835458598597e-07
137 1.8631618855368106e-07
138 1.759129170829251e-07
139 2.0969316428389562e-07
140 1.5544028179271948e-07
141 1.830055727120221e-07
142 1.8816717799400354e-07
143 1.8230505813683366e-07
144 1.643366812425733e-07
145 1.9016530210328608e-07
146 1.903688619961106e-07
147 1.9737337294840837e-07
148 1.9364403577472223e-07
149 1.8110738429118856e-07
150 2.0926240340751212e-07
151 1.7371247263027876e-07
152 1.799134053396468e-07
153 1.8452035453106997e-07
154 1.7231076443868485e-07
155 1.676651833120509e-07
156 1.7589566759659933e-07
157 1.7592294276960184e-07
158 1.7488639506513935e-07
159 1.7635814768898457e-07
160 1.7746752705236108e-07
161 1.8790350284588684e-07
162 1.789951517715325e-07
163 1.7112289797091314e-07
164 2.0188872215712677e-07
165 1.8424344743646626e-07
166 1.6163248544873253e-07
167 2.0013915893838403e-07
168 1.7672956837474785e-07
169 1.7535021667607047e-07
170 1.5966357926359544e-07
171 1.6824547539636693e-07
172 2.1614185204946256e-07
173 1.9859326289257805e-07
174 1.5953239467842006e-07
175 1.7321069355028308e-07
176 1.9536788586345947e-07
177 1.5703955581106852e-07
178 1.9478502594976226e-07
179 1.6168847913437934e-07
180 1.7727818237251244e-07
181 1.8515720747128405e-07
182 1.6892135130782457e-07
183 1.745163984145558e-07
184 1.6194714635862836e-07
185 1.9712011622770343e-07
186 1.6972790857133024e-07
187 1.5844534694047905e-07
188 1.4485751348882294e-07
189 1.6901602517320905e-07
190 1.929244263420858e-07
191 1.9090348741578663e-07
192 2.0068911433612549e-07
193 1.8192050768719231e-07
194 1.8255188210167125e-07
195 1.893125685395722e-07
196 1.8559004510023308e-07
197 1.8153740584234227e-07
198 1.6612357169577316e-07
199 1.712234457508662e-07
200 2.0154545243024485e-07
201 1.9321425803585624e-07
202 1.939957391333006e-07
203 1.78775750565636e-07
204 2.0307161028311287e-07
205 1.7464178629195354e-07
206 1.8521565561563742e-07
207 1.8724098091948032e-07
208 1.7781075503084054e-07
209 1.9417273478330207e-07
210 1.566667000814929e-07
211 1.966976976807295e-07
212 1.905491568345935e-07
213 1.677345272553763e-07
214 1.732594576403266e-07
215 1.4716075558275858e-07
216 1.7491736228551214e-07
217 1.618282199003475e-07
218 1.9576077616070614e-07
219 1.690335458783947e-07
220 1.7887935398521913e-07
221 1.6629077142027102e-07
222 1.6888653982093077e-07
223 1.8759598177512662e-07
224 1.6282661478885638e-07
225 1.6903875203172375e-07
226 1.8088924216662192e-07
227 1.828814335457346e-07
228 1.9552282237636063e-07
229 1.997071951887972e-07
230 2.180541500694256e-07
231 1.860727013541206e-07
232 1.6364905208569063e-07
233 1.982778462882904e-07
234 1.841951087491213e-07
235 1.6521375638844817e-07
236 1.928104402823765e-07
237 2.261800741994036e-07
238 1.682110692522141e-07
239 1.828263702861375e-07
240 1.7771221579355723e-07
241 1.6603402367483832e-07
242 2.1306345599590123e-07
243 1.98610399132959e-07
244 1.6871691061853817e-07
245 1.898642495304878e-07
246 1.6542489497381933e-07
247 1.8173709827955723e-07
248 1.8185353504313538e-07
249 1.7452646359580387e-07
250 1.850318258072639e-07
251 1.9054526145608247e-07
252 1.7128386904250193e-07
253 1.5743831176430067e-07
254 1.8898512227358276e-07
255 1.7790448714297106e-07
256 1.709705961888692e-07
257 1.9698276051496137e-07
258 1.7930168604980294e-07
259 1.9300475044546018e-07
260 2.2112914879179216e-07
261 1.961998238899306e-07
262 1.759172414105054e-07
263 1.7254754404941472e-07
264 1.7939151232642397e-07
265 1.9209474199676618e-07
266 1.7586265005243022e-07
267 1.505979871965499e-07
268 1.645816239266457e-07
269 2.0859953230276277e-07
270 1.9616429093113472e-07
271 1.6944802807779933e-07
272 1.75101605428857e-07
273 1.853114992676201e-07
274 1.738536419572232e-07
275 1.821873055182269e-07
276 1.8865240493108336e-07
277 1.6511140312686204e-07
278 1.8646037886424237e-07
279 1.994514831499473e-07
280 1.9317625575235328e-07
281 1.9991573644065896e-07
282 1.9765208371875747e-07
283 1.8411111995591928e-07
284 1.9756349807920778e-07
285 1.893349254156447e-07
286 1.8180080089472992e-07
287 1.8724830581802504e-07
288 1.956044150743411e-07
289 1.587979505591532e-07
290 1.7743837236093022e-07
291 1.8944366982542604e-07
292 1.9396217288752693e-07
293 2.048363921183925e-07
294 1.989546968599923e-07
295 1.8122623971289028e-07
296 1.773087099448569e-07
297 2.168043435333606e-07
298 1.8837191159865825e-07
299 1.874679995085999e-07
