0 1.1557030460964208e-06
1 1.0969553109195791e-06
2 1.1112438182750201e-06
3 1.167068697206274e-06
4 1.139641816692879e-06
5 1.0469887962863339e-06
6 1.1613357976371574e-06
7 1.0780777726190012e-06
8 1.1155359372284016e-06
9 1.0326189468843826e-06
10 1.0666437798162632e-06
11 1.1282155279603058e-06
12 1.0784886596193748e-06
13 9.93186585345929e-07
14 1.0106816132568429e-06
15 1.0738790379037557e-06
16 1.092871206899365e-06
17 1.1457362258157775e-06
18 1.0235505837821149e-06
19 1.1503679942055357e-06
20 1.05124516753921e-06
21 1.1223042744794002e-06
22 1.0984939179514499e-06
23 1.0764911031885555e-06
24 1.1033637310245016e-06
25 1.1138077051884891e-06
26 1.0986861963455385e-06
27 1.1158442852278724e-06
28 9.99548951362741e-07
29 1.116159999512376e-06
30 1.108608020728825e-06
31 1.1212911419043863e-06
32 1.1070495489993455e-06
33 1.1056518126880018e-06
34 1.017270212092206e-06
35 1.1227186236653172e-06
36 1.1408764958859852e-06
37 1.087965788398975e-06
38 1.2138725918629378e-06
39 1.083157720932383e-06
40 1.039376672294309e-06
41 1.057953747155357e-06
42 1.064950575484915e-06
43 1.133703476449016e-06
44 1.0252408214352344e-06
45 1.0989436185609321e-06
46 1.0678694770056233e-06
47 1.0885135896553995e-06
48 1.0926157241845469e-06
49 1.1618761044226398e-06
50 1.0965087136626554e-06
51 1.0960915219854327e-06
52 1.1482115444429235e-06
53 1.1263667583372168e-06
54 1.0864170328151702e-06
55 1.1755311927466969e-06
56 1.0120299283782306e-06
57 1.063512950568086e-06
58 1.1083253174955084e-06
59 1.0957669618004513e-06
60 1.0488527503751767e-06
61 1.005118848654202e-06
62 1.1814860727414714e-06
63 1.0694458198191757e-06
64 1.1059417408807013e-06
65 1.0454950796832846e-06
66 1.168576274306997e-06
67 1.0394804499552415e-06
68 1.1217520104101293e-06
69 1.1327118689716584e-06
70 1.1082097171811342e-06
71 1.1761085101786666e-06
72 1.1861368644921571e-06
73 1.0985285350697068e-06
74 1.0740845080362906e-06
75 1.0465754108488162e-06
76 1.1628341022432744e-06
77 1.0726705213487597e-06
78 1.089696168872928e-06
79 1.0795618906415523e-06
80 1.072980328506414e-06
81 1.1867451910212221e-06
82 1.0685314329625127e-06
83 1.0841264119386045e-06
84 1.1471521946545799e-06
85 1.0794541084808388e-06
86 1.0856847254342679e-06
87 1.0785157406642522e-06
88 1.1518399017761117e-06
89 1.0937515186491812e-06
90 1.0548824243005608e-06
91 1.1337133264185564e-06
92 1.1641323953044009e-06
93 1.1143302750247125e-06
94 1.0752385514609006e-06
95 1.0824979298542912e-06
96 1.106098414250538e-06
97 1.1083872051402196e-06
98 1.1058595571927781e-06
99 1.0959581110342698e-06
100 1.0097781287820053e-06
101 1.1600688579074649e-06
102 1.1182985840991485e-06
103 1.1834100533508092e-06
104 1.1372189011205075e-06
105 1.0880355122181509e-06
106 1.0748897630422736e-06
107 1.123303540132444e-06
108 1.1239672998110027e-06
109 1.1871734839204562e-06
110 1.0998820911177172e-06
111 1.1295766666233057e-06
112 1.0953640128809444e-06
113 1.0511059200050427e-06
114 1.1452198277830746e-06
115 1.127016799259706e-06
116 1.1658692987283917e-06
117 1.0912605587952772e-06
118 1.098742379483594e-06
119 1.0367642030196652e-06
120 1.0722547799321312e-06
121 1.1562305406898417e-06
122 1.1318887676033942e-06
123 1.055564168864903e-06
124 1.1002699287102232e-06
125 1.11400069021796e-06
126 1.156426051820914e-06
127 1.1207701424955757e-06
128 1.102854084624128e-06
129 1.0649713546100545e-06
130 1.0502397886480643e-06
131 1.0048470427004713e-06
132 1.0618410251372683e-06
133 1.0987620921959027e-06
134 1.151931447762615e-06
135 1.2379073754324118e-06
136 1.0945605334788743e-06
137 1.117438045180401e-06
138 1.0973935380960412e-06
139 1.1589244352434994e-06
140 1.0422092233569099e-06
141 1.0872748036404356e-06
142 1.1156015442456218e-06
143 1.1445933764351614e-06
144 1.061133192156533e-06
145 1.1423937690757417e-06
146 1.127817445012212e-06
147 1.1433525328880095e-06
148 1.1340586215308461e-06
149 1.0770903005141551e-06
150 1.201154510875856e-06
151 1.0757043985621874e-06
152 1.122862473256896e-06
153 1.0986061586560739e-06
154 1.0835671570811427e-06
155 1.0966323441843095e-06
156 1.1028149634343407e-06
157 1.111287583431954e-06
158 1.077551298259943e-06
159 1.0620501366199442e-06
160 1.0935541703491544e-06
161 1.1264635249956563e-06
162 1.1010547822198468e-06
163 1.0896410648762698e-06
164 1.1403454807270255e-06
165 1.1479279237643456e-06
166 1.055511699804745e-06
167 1.114714984912243e-06
168 1.0902108179679648e-06
169 1.0997165042747e-06
170 1.0478529118428513e-06
171 1.0631837664320872e-06
172 1.2131816854473118e-06
173 1.1435856682763844e-06
174 1.0523560125239064e-06
175 1.0550952391985475e-06
176 1.1357077262210386e-06
177 1.0310716728927042e-06
178 1.1211874578884555e-06
179 1.0593257715326238e-06
180 1.0960483147375795e-06
181 1.127828593727515e-06
182 1.0405194326337244e-06
183 1.0860663185302842e-06
184 1.0506441432224943e-06
185 1.1522778427221683e-06
186 1.0848998502311787e-06
187 1.0408953396478644e-06
188 1.0093333853493864e-06
189 1.0420528369301355e-06
190 1.0925948898597403e-06
191 1.13494408546175e-06
192 1.1542188413883792e-06
193 1.0988617519043729e-06
194 1.0972913858374266e-06
195 1.1598262046115619e-06
196 1.134089031602794e-06
197 1.0889268558758411e-06
198 1.0716766725155804e-06
199 1.0642863166357413e-06
200 1.185252310175683e-06
201 1.1124430069002108e-06
202 1.1557081484926031e-06
203 1.0888198242372577e-06
204 1.1643333600568858e-06
205 1.0745740309493089e-06
206 1.1428651273033601e-06
207 1.1167195142041738e-06
208 1.1106376517754956e-06
209 1.1589826322458864e-06
210 1.0261618746361452e-06
211 1.1226272057732676e-06
212 1.148320735990717e-06
213 1.055626956340737e-06
214 1.071024934389369e-06
215 9.881407512244326e-07
216 1.0745925631531917e-06
217 1.0517446974982179e-06
218 1.150895725803543e-06
219 1.0855553037462337e-06
220 1.0988319795476424e-06
221 1.0639980478114693e-06
222 1.0870088480956428e-06
223 1.1161493516272512e-06
224 1.0464161281541885e-06
225 1.0434663668337439e-06
226 1.0930428661205764e-06
227 1.1008270520995626e-06
228 1.148702617700321e-06
229 1.155999336757622e-06
230 1.229304448069627e-06
231 1.1003399409302617e-06
232 1.0665913599978133e-06
233 1.1352446676206031e-06
234 1.1121320545364532e-06
235 1.0345718510393553e-06
236 1.149967457134609e-06
237 1.2526942247409456e-06
238 1.0371784401155276e-06
239 1.0918180170568256e-06
240 1.0828291661564747e-06
241 1.0772093508852715e-06
242 1.2104827164545669e-06
243 1.1359352876409926e-06
244 1.0503100492338627e-06
245 1.1492017040199355e-06
246 1.0545476973034616e-06
247 1.0942515109295322e-06
248 1.0854036508381994e-06
249 1.066029539734308e-06
250 1.0931103273493202e-06
251 1.135059071874377e-06
252 1.0500360323213793e-06
253 1.0256593246515227e-06
254 1.1405306962121024e-06
255 1.0913147710228713e-06
256 1.0794869326206912e-06
257 1.1497111707416325e-06
258 1.0733500636625377e-06
259 1.115791339294335e-06
260 1.2113646573201162e-06
261 1.169796584185196e-06
262 1.0645824485451333e-06
263 1.0726761810505903e-06
264 1.083300179987333e-06
265 1.1436860571706918e-06
266 1.0687789234420971e-06
267 1.042839655422156e-06
268 1.0470153110564027e-06
269 1.1903929547261731e-06
270 1.1548906146498805e-06
271 1.0691349448392902e-06
272 1.0750660983351848e-06
273 1.131502241637434e-06
274 1.0735856232788507e-06
275 1.0911210218113357e-06
276 1.109107388316784e-06
277 1.044400717007572e-06
278 1.1151123252220483e-06
279 1.1548913634161596e-06
280 1.1708497843499218e-06
281 1.1251331079857892e-06
282 1.0844877660472308e-06
283 1.085271033593958e-06
284 1.10347186344436e-06
285 1.1259639925107439e-06
286 1.1050167621735795e-06
287 1.1538394735738655e-06
288 1.1331527272687468e-06
289 1.0542076427838506e-06
290 1.0924013766528244e-06
291 1.1484440061544048e-06
292 1.115076505113238e-06
293 1.1581845125405577e-06
294 1.1445748016215627e-06
295 1.0826539948904281e-06
296 1.08104606950908e-06
297 1.213156511807745e-06
298 1.1218667093051399e-06
299 1.1414215561773236e-06
