0 1.6862586370274848e-06
1 1.6964800472614623e-06
2 1.6614213578774386e-06
3 1.569409058280814e-06
4 1.7586473086847515e-06
5 1.5736530469808152e-06
6 1.8495542533548355e-06
7 1.7130927995833361e-06
8 1.6189224879020977e-06
9 1.6177502272635532e-06
10 1.5213185728557408e-06
11 1.6111614477890037e-06
12 1.5891379808431068e-06
13 1.6092440307793925e-06
14 1.6882937162275392e-06
15 1.6928533313877458e-06
16 1.5268158274103736e-06
17 1.6158488768132983e-06
18 1.5283752035186662e-06
19 1.7596566854778625e-06
20 1.633581798748236e-06
21 1.7295662312864095e-06
22 1.6391748296192647e-06
23 1.5554745872386734e-06
24 1.6835359458737798e-06
25 1.659712044779403e-06
26 1.692553846332522e-06
27 1.699409594909031e-06
28 1.5547575524135932e-06
29 1.6753378268844263e-06
30 1.6702843632855863e-06
31 1.4842492194839752e-06
32 1.529926090656001e-06
33 1.7705816723941251e-06
34 1.5439376797147606e-06
35 1.6466847741506896e-06
36 1.6931676603578614e-06
37 1.6381357300656205e-06
38 1.7744168658932663e-06
39 1.7310859614976537e-06
40 1.574973160169495e-06
41 1.4522408101278546e-06
42 1.6765295076214729e-06
43 1.555052249517146e-06
44 1.6692068274466872e-06
45 1.5974979933358869e-06
46 1.631432286315539e-06
47 1.6137646768692342e-06
48 1.643980151853527e-06
49 1.6639517618002715e-06
50 1.5762059160143264e-06
51 1.7606805782982655e-06
52 1.545872047511904e-06
53 1.6474529252157447e-06
54 1.6457287160829738e-06
55 1.6965858097332176e-06
56 1.4334298197189827e-06
57 1.5665854139015663e-06
58 1.6344729018986677e-06
59 1.571301197774547e-06
60 1.6474853131819629e-06
61 1.4587599814589151e-06
62 1.7121091784604866e-06
63 1.7639078596545443e-06
64 1.586278742142073e-06
65 1.5782202930316022e-06
66 1.7869263337792323e-06
67 1.6347690117783e-06
68 1.6032587432003145e-06
69 1.6146918831148493e-06
70 1.4759275705007892e-06
71 1.749618859102198e-06
72 1.6778906529746309e-06
73 1.616070446001015e-06
74 1.749175613746209e-06
75 1.687313583368702e-06
76 1.653022374665753e-06
77 1.6898816909773983e-06
78 1.585686109944052e-06
79 1.5432776281837423e-06
80 1.6389284012112901e-06
81 1.6655664213390989e-06
82 1.5944815726826986e-06
83 1.6686685139511117e-06
84 1.629660497165226e-06
85 1.7048359870542755e-06
86 1.5613445754119197e-06
87 1.7171816921721052e-06
88 1.610478621289479e-06
89 1.5950120422181646e-06
90 1.5634686900101988e-06
91 1.7513727463835138e-06
92 1.7427228752618968e-06
93 1.6179840399527738e-06
94 1.5657220110169856e-06
95 1.7525345296223125e-06
96 1.6580588882246533e-06
97 1.774018014765516e-06
98 1.659199183789914e-06
99 1.7805706441720446e-06
100 1.4789676246556673e-06
101 1.6767238498611324e-06
102 1.6197748336934227e-06
103 1.7147917851089668e-06
104 1.6826226947558945e-06
105 1.7391743247186363e-06
106 1.6079552033116367e-06
107 1.6750010468022916e-06
108 1.7300566421595971e-06
109 1.5958470345658716e-06
110 1.7398140889508806e-06
111 1.5578121564707542e-06
112 1.7479175004445383e-06
113 1.712685116939051e-06
114 1.7342389685408817e-06
115 1.627119868068057e-06
116 1.861547404058929e-06
117 1.5828887315367838e-06
118 1.5820221130375857e-06
119 1.4948122228793546e-06
120 1.6185391999124483e-06
121 1.6232378373545643e-06
122 1.5918895228510918e-06
123 1.6182315395895692e-06
124 1.891689399956885e-06
125 1.7885783362108725e-06
126 1.7052660597689636e-06
127 1.6330178373124231e-06
128 1.7067398972633092e-06
129 1.7224013243577543e-06
130 1.584211749181484e-06
131 1.4871153037053746e-06
132 1.6034891474618887e-06
133 1.7796387390480995e-06
134 1.6789164934575949e-06
135 1.9127366526374057e-06
136 1.551870595900579e-06
137 1.6155133349755307e-06
138 1.5463400864864354e-06
139 1.6266080743710632e-06
140 1.7005705305658761e-06
141 1.5069739855136275e-06
142 1.6089362662711215e-06
143 1.8603129356274702e-06
144 1.654207449671967e-06
145 1.7359415659220247e-06
146 1.636073400368829e-06
147 1.7870381464574339e-06
148 1.7343741735088818e-06
149 1.4909966844961598e-06
150 1.7685840431786104e-06
151 1.6629838985272336e-06
152 1.75038390725324e-06
153 1.653951397388027e-06
154 1.6976567160567446e-06
155 1.7353496779700675e-06
156 1.6653364723736789e-06
157 1.7440613690100324e-06
158 1.5071051655827916e-06
159 1.5251347668557815e-06
160 1.7415269412474903e-06
161 1.733270596341931e-06
162 1.6329773426805019e-06
163 1.6729091099995027e-06
164 1.7216777948400257e-06
165 1.8452190526819208e-06
166 1.6523192265278533e-06
167 1.5057153831611921e-06
168 1.7365831085181239e-06
169 1.7908025890591054e-06
170 1.6184980434431493e-06
171 1.697274619561903e-06
172 1.7427261455507325e-06
173 1.548857172292307e-06
174 1.6639747846231823e-06
175 1.4935708666399397e-06
176 1.6795685262515073e-06
177 1.5614572257644173e-06
178 1.6486006397193062e-06
179 1.7055677277019806e-06
180 1.6875795050384843e-06
181 1.6945336096195753e-06
182 1.4587877257180884e-06
183 1.6760033388733432e-06
184 1.6290826177777994e-06
185 1.6585697329752007e-06
186 1.6947941520953713e-06
187 1.572344429777352e-06
188 1.5936304924353677e-06
189 1.4916207385520921e-06
190 1.3979488842757353e-06
191 1.771670733259239e-06
192 1.673966276523643e-06
193 1.6067097031901948e-06
194 1.6673554374533478e-06
195 1.782914898485908e-06
196 1.7309159372959594e-06
197 1.658690801513905e-06
198 1.5902453582340842e-06
199 1.5779385399912571e-06
200 1.8167330296442818e-06
201 1.645021837145122e-06
202 1.7088593705091933e-06
203 1.6395248352324717e-06
204 1.6094470407356366e-06
205 1.54945888717358e-06
206 1.7360788739209485e-06
207 1.69918697287203e-06
208 1.597398669800277e-06
209 1.7464676515740418e-06
210 1.5956504481285763e-06
211 1.6018715840791685e-06
212 1.7078773906883474e-06
213 1.6786327969182124e-06
214 1.6132987756756165e-06
215 1.4687139615406276e-06
216 1.5259969421189236e-06
217 1.6016036470422026e-06
218 1.7664059485895984e-06
219 1.6314146639150252e-06
220 1.595269282309611e-06
221 1.615385878714494e-06
222 1.7489579092239333e-06
223 1.7831581069572116e-06
224 1.4912371502873035e-06
225 1.5772206236397043e-06
226 1.582418613264393e-06
227 1.7188269363180874e-06
228 1.7381683120288016e-06
229 1.6939278369307903e-06
230 1.771200086431644e-06
231 1.5935208625215755e-06
232 1.7470029277114061e-06
233 1.5980893738587316e-06
234 1.663279728004256e-06
235 1.4418003457344947e-06
236 1.6565636047611976e-06
237 1.7697569048748784e-06
238 1.5172035648481234e-06
239 1.7361052298713938e-06
240 1.6236827377726096e-06
241 1.793695740943781e-06
242 1.7478314405169357e-06
243 1.6962713983180723e-06
244 1.6656347547981476e-06
245 1.6835539216749551e-06
246 1.703041671750148e-06
247 1.6076529027397657e-06
248 1.431772356875842e-06
249 1.484104247520454e-06
250 1.5677639729435532e-06
251 1.709776660964394e-06
252 1.5716358994407964e-06
253 1.5368230097762364e-06
254 1.7400750704811033e-06
255 1.6177360266058547e-06
256 1.71230627551747e-06
257 1.5770902950197487e-06
258 1.5136095280871676e-06
259 1.6111439300599348e-06
260 1.5426971330264873e-06
261 1.7657006875539711e-06
262 1.5804655669684638e-06
263 1.6711832313553085e-06
264 1.6012530828677608e-06
265 1.6255793864676106e-06
266 1.6293477515278217e-06
267 1.7704534603614476e-06
268 1.6486119606074708e-06
269 1.6961002612857251e-06
270 1.6759560871369356e-06
271 1.614271955466242e-06
272 1.631481621410491e-06
273 1.589120349702894e-06
274 1.6993036096151598e-06
275 1.6622001115800306e-06
276 1.6069512479687383e-06
277 1.6041718217000304e-06
278 1.7348567491498302e-06
279 1.6726557647844261e-06
280 1.6817931568095118e-06
281 1.4832841125200507e-06
282 1.518233212580313e-06
283 1.5316986997047737e-06
284 1.5251138315589258e-06
285 1.7403883899502427e-06
286 1.61999664193839e-06
287 1.7222740996335965e-06
288 1.6487634415332803e-06
289 1.660676717924978e-06
290 1.6088929924151558e-06
291 1.7284560762580496e-06
292 1.6029203927284718e-06
293 1.6652779232794438e-06
294 1.6439345000848916e-06
295 1.4941271192383661e-06
296 1.6316083798746274e-06
297 1.640356281767818e-06
298 1.6661722896341424e-06
299 1.8559860782980703e-06
