0 3.036609641559442e-07
1 3.108173521278898e-07
2 3.153516619625146e-07
3 3.0855744063558614e-07
4 2.8972687390979446e-07
5 3.501505733583401e-07
6 2.852435926516274e-07
7 3.365628005826779e-07
8 3.362465412325693e-07
9 3.736886723275022e-07
10 3.55569139844748e-07
11 3.28656200414911e-07
12 3.288864598514476e-07
13 3.8076194637186615e-07
14 3.640790891527905e-07
15 3.3710316772410594e-07
16 3.2381747796016167e-07
17 3.3005037497571176e-07
18 3.7767996276618434e-07
19 2.932674360789203e-07
20 3.485410737058912e-07
21 3.125488599351195e-07
22 3.407094124982482e-07
23 3.507741094724445e-07
24 3.2985332594267816e-07
25 3.41858697571073e-07
26 3.299242503884207e-07
27 3.111266887307864e-07
28 3.8361454162777253e-07
29 3.1929253723695857e-07
30 3.2929439224450067e-07
31 3.4290619367376426e-07
32 3.431371106235862e-07
33 3.1846865334902427e-07
34 3.4983563945827487e-07
35 3.426182049047169e-07
36 3.135031585804421e-07
37 3.4050536045696477e-07
38 2.811827323321389e-07
39 3.3660945749919806e-07
40 3.324574491461749e-07
41 3.557265312029e-07
42 3.662738814047729e-07
43 3.2219066146925775e-07
44 3.4190300991680207e-07
45 3.1340475837835584e-07
46 3.539029520531582e-07
47 3.1023008613399975e-07
48 3.378223949691257e-07
49 2.8463387253863804e-07
50 3.438653353868451e-07
51 3.1779662018163014e-07
52 3.2017523470163336e-07
53 3.307096399731486e-07
54 3.172900939672798e-07
55 2.990218823080604e-07
56 3.7694354475413967e-07
57 3.409991292635583e-07
58 3.227877152830373e-07
59 3.264785578743711e-07
60 3.647075928180904e-07
61 3.772718631936338e-07
62 2.9799888625487304e-07
63 3.41025154232903e-07
64 3.231410618653551e-07
65 3.827307185322741e-07
66 2.990572573741976e-07
67 3.352270631590424e-07
68 3.2385008688278083e-07
69 3.0090740883786867e-07
70 3.5545056566485687e-07
71 3.0059315989858204e-07
72 2.97359028908498e-07
73 3.20592574044496e-07
74 3.5265492894996016e-07
75 3.4630352906350536e-07
76 3.192331219509022e-07
77 3.2866565152275347e-07
78 3.284418818104781e-07
79 3.5968733348206654e-07
80 3.378357555323506e-07
81 3.097328056582303e-07
82 3.529375208489623e-07
83 3.3979642498111436e-07
84 3.065374948672434e-07
85 3.2583168315404397e-07
86 3.647448521733429e-07
87 3.364840070072174e-07
88 3.168083094415466e-07
89 3.365727037241278e-07
90 3.7718666678520693e-07
91 3.173996948377151e-07
92 3.014845618305383e-07
93 3.1472731698957045e-07
94 3.5213247557409177e-07
95 3.274249097860642e-07
96 3.289992578234179e-07
97 3.296381372412606e-07
98 3.1979503768351995e-07
99 3.334724565693037e-07
100 3.706976311280342e-07
101 3.0807488490256624e-07
102 3.3304884017807487e-07
103 2.9918848156629183e-07
104 3.2121303404326734e-07
105 3.3116331925627334e-07
106 3.172917229693339e-07
107 3.260595136301172e-07
108 3.340349507399596e-07
109 3.0093824979676424e-07
110 3.1262879406946626e-07
111 3.3849926582790943e-07
112 3.0086039522076173e-07
113 3.418661157937475e-07
114 3.2581373031602175e-07
115 3.116158122722062e-07
116 3.0126829866427613e-07
117 3.4966389561616683e-07
118 3.4465108448961847e-07
119 3.5403641534488067e-07
120 3.2826885528328666e-07
121 2.96969270631557e-07
122 3.5002507109427877e-07
123 3.528023620877268e-07
124 3.39903521666995e-07
125 3.119854226338473e-07
126 3.172360976947406e-07
127 3.296821244547368e-07
128 3.11541504150105e-07
129 3.522092550358947e-07
130 3.4034931231540393e-07
131 3.7857827078693656e-07
132 3.502845366356863e-07
133 3.072667953487263e-07
134 3.1547751042783664e-07
135 2.629688417101943e-07
136 3.306226560150712e-07
137 3.558648141132396e-07
138 3.502952016597486e-07
139 2.9036716437124857e-07
140 3.7198748139901086e-07
141 3.36317681095762e-07
142 3.075414373088027e-07
143 2.942626290402894e-07
144 3.5820237605216183e-07
145 3.242437113988522e-07
146 3.0338667292026283e-07
147 2.906384350919179e-07
148 3.074797638806699e-07
149 3.5305447332330313e-07
150 2.742823868874699e-07
151 3.240609816280206e-07
152 3.2428076345784116e-07
153 3.175355216060385e-07
154 3.1818874223129945e-07
155 3.4487818811300245e-07
156 3.4541382308281994e-07
157 3.506071489647734e-07
158 3.3641193044549443e-07
159 3.4338928782933474e-07
160 3.0966686912665204e-07
161 3.1799897875644083e-07
162 3.4154112531284704e-07
163 3.2551532331777695e-07
164 2.913500308637258e-07
165 3.1506159216791996e-07
166 3.6618195652517913e-07
167 3.079259117237349e-07
168 3.042257714792918e-07
169 3.178199672360748e-07
170 3.484158676631188e-07
171 3.2322265378762893e-07
172 2.8712863205149015e-07
173 3.246403266501944e-07
174 3.3779571535652394e-07
175 3.517487813833981e-07
176 3.123485017608893e-07
177 3.720099088752711e-07
178 3.091542447755796e-07
179 3.4992368232358333e-07
180 3.322133581186318e-07
181 3.2520681059535167e-07
182 3.5818517672248377e-07
183 3.406678661257569e-07
184 3.308790867625821e-07
185 3.148297155388771e-07
186 3.5432145805904816e-07
187 3.7628938754982633e-07
188 3.811704644559702e-07
189 3.6017551425734345e-07
190 3.39583395231727e-07
191 3.0235795589248104e-07
192 3.1367910716263893e-07
193 3.3761394166367696e-07
194 3.364028261097867e-07
195 3.166066589434302e-07
196 3.1671056580935377e-07
197 3.159514609289062e-07
198 3.669528938836262e-07
199 3.4613584163898773e-07
200 2.9145557488649825e-07
201 3.1026564000568804e-07
202 3.1287476215601636e-07
203 3.326120807481916e-07
204 3.237809204813405e-07
205 3.488132228780096e-07
206 3.309741504054154e-07
207 3.230509564620056e-07
208 3.4281697542804856e-07
209 3.182144275146067e-07
210 3.484145302374552e-07
211 3.0545789799576805e-07
212 3.1255149680703547e-07
213 3.523712247087645e-07
214 3.536446805801026e-07
215 3.994910137165081e-07
216 3.505476219704778e-07
217 3.665169677811869e-07
218 3.0512011269033895e-07
219 3.55439889958626e-07
220 3.418266158826884e-07
221 3.5528380589549046e-07
222 3.4884828203224074e-07
223 2.900425990912817e-07
224 3.8663211471553554e-07
225 3.4371034593808643e-07
226 3.4910280029784083e-07
227 3.241584453687938e-07
228 3.0104416303605016e-07
229 2.9721587774988217e-07
230 2.781795844025494e-07
231 3.244579669495966e-07
232 3.2527453815868246e-07
233 3.1722603765340403e-07
234 3.2196569013903733e-07
235 3.6494634665963276e-07
236 3.298929366379941e-07
237 2.6742134795112833e-07
238 3.4741413487020795e-07
239 3.30170189119882e-07
240 3.4357175039511026e-07
241 3.322458864828031e-07
242 2.878123512424325e-07
243 3.060116563856586e-07
244 3.332818026046461e-07
245 3.100063444230543e-07
246 3.3049471801591867e-07
247 3.2646961755480973e-07
248 3.6804513994500937e-07
249 3.639873514497749e-07
250 3.112916919546588e-07
251 3.0667886770644714e-07
252 3.411068053709692e-07
253 3.711694068415411e-07
254 3.1477223504294474e-07
255 3.330205695547149e-07
256 3.3723655430207007e-07
257 3.321599434573332e-07
258 3.509001844106671e-07
259 3.149248441051574e-07
260 2.9655512701504464e-07
261 3.10161383327279e-07
262 3.5117062000379107e-07
263 3.349938323702256e-07
264 3.2415564892245816e-07
265 3.2273949315995424e-07
266 3.3060129159530924e-07
267 3.6844062625113095e-07
268 3.3737014480226477e-07
269 3.0110343129816483e-07
270 2.978561896645992e-07
271 3.371441786739942e-07
272 3.4166452936440985e-07
273 3.3618642626353546e-07
274 3.142633271706745e-07
275 3.2356486956227836e-07
276 3.2252629429635816e-07
277 3.558513689757932e-07
278 3.1126995602043716e-07
279 3.131788708875018e-07
280 3.1560289881501386e-07
281 3.2735529892625666e-07
282 3.015985003469942e-07
283 3.337266714929107e-07
284 2.988040784016893e-07
285 3.03314320900103e-07
286 3.332422904297344e-07
287 3.194297088550978e-07
288 3.112721798500401e-07
289 3.487695338696711e-07
290 3.4562897922718303e-07
291 3.1229850517203275e-07
292 3.1912523252750966e-07
293 2.993831180314732e-07
294 3.171094638278138e-07
295 3.4910781105003305e-07
296 3.328603785218556e-07
297 2.98967796598673e-07
298 3.136290303160472e-07
299 2.9988699266753366e-07
