0 2.1850845695830846e-06
1 2.1338981507167558e-06
2 2.1709068620589488e-06
3 2.179446610257402e-06
4 1.9919907040381685e-06
5 2.0665892206594945e-06
6 2.0317076034792014e-06
7 2.088832421617358e-06
8 2.152829571215588e-06
9 2.157976425742902e-06
10 2.0658506692528276e-06
11 2.2253442511714405e-06
12 2.1251913040996257e-06
13 2.165398269459668e-06
14 2.0845700537193673e-06
15 2.147777796833969e-06
16 2.058429486748708e-06
17 2.191401312586004e-06
18 2.1200697991630615e-06
19 2.054258054172913e-06
20 2.2113713624280585e-06
21 2.122642386521369e-06
22 2.2068697234750796e-06
23 2.1388488846851675e-06
24 2.0594764016307975e-06
25 2.3048954228097972e-06
26 2.194968069456963e-06
27 2.0133860023456677e-06
28 2.194796437355372e-06
29 2.1448008735634496e-06
30 2.239050088897172e-06
31 2.3016276453455834e-06
32 2.192127179953614e-06
33 2.184582785687845e-06
34 2.0860128064784797e-06
35 2.318541954158549e-06
36 2.217286078811206e-06
37 2.107561664088799e-06
38 2.1851497166327175e-06
39 2.1174169014659368e-06
40 1.9809193659834093e-06
41 2.1473538209818727e-06
42 2.230577161825265e-06
43 2.2010542378854856e-06
44 2.033374738675752e-06
45 2.076121432621417e-06
46 2.2669319208054724e-06
47 2.073286582261913e-06
48 2.1303763461425107e-06
49 2.167612312852282e-06
50 2.1546198222673124e-06
51 2.0633460247140372e-06
52 2.116915934072439e-06
53 2.2066219909593628e-06
54 1.9922030069910204e-06
55 2.107098779915368e-06
56 2.0591305893857047e-06
57 2.1379771129942635e-06
58 2.1128827082046776e-06
59 2.242414536979441e-06
60 2.1611416568387518e-06
61 2.082756036281378e-06
62 2.241553685185912e-06
63 2.0764856805751693e-06
64 2.1352307965011964e-06
65 2.2164391061571045e-06
66 2.247863411002226e-06
67 2.0274757661883683e-06
68 2.2392899902928987e-06
69 2.0050235990949376e-06
70 2.1796033261055495e-06
71 2.158857513717663e-06
72 2.2085833077305583e-06
73 2.1323476043810964e-06
74 2.2134822499726957e-06
75 2.0129934268877415e-06
76 2.23072543061788e-06
77 1.990871795051066e-06
78 2.0653390572096102e-06
79 2.177788666745102e-06
80 2.111759294267392e-06
81 2.2382335243811264e-06
82 2.070987468542472e-06
83 1.996105640938593e-06
84 2.22781189992982e-06
85 2.1229191850112906e-06
86 2.187486888389129e-06
87 2.1501472575948583e-06
88 2.109746928977723e-06
89 2.116878501881045e-06
90 2.168932514711815e-06
91 2.1616494922300687e-06
92 2.2321605190514255e-06
93 2.1672234006551956e-06
94 2.161676401574939e-06
95 2.063526552828734e-06
96 2.125657809644466e-06
97 2.240328373768195e-06
98 2.1186443998060935e-06
99 2.191041792491706e-06
100 2.0501051224722105e-06
101 2.1391034241207527e-06
102 2.263285749258769e-06
103 2.182928837763487e-06
104 2.2875082256061713e-06
105 2.110030086528998e-06
106 2.094158062413497e-06
107 2.150951563179114e-06
108 2.186820629787354e-06
109 2.1546420885041433e-06
110 2.0448974096896995e-06
111 2.2212362066941827e-06
112 1.9635924672177294e-06
113 2.0991430188287954e-06
114 2.2004706422455607e-06
115 2.1089387941704935e-06
116 2.172550310729228e-06
117 2.149856265358013e-06
118 2.2871927470442168e-06
119 2.1239840435064174e-06
120 2.049489990517075e-06
121 2.172911877174904e-06
122 2.1597945976823344e-06
123 2.1179610478677837e-06
124 2.204120419003484e-06
125 2.138926056843843e-06
126 2.2568166716770755e-06
127 2.247827975377438e-06
128 2.1894436524945e-06
129 2.208387568024614e-06
130 2.124205197048657e-06
131 1.9999647909950137e-06
132 2.2660689948355465e-06
133 2.072520107489641e-06
134 2.1938696428225605e-06
135 2.1656075226149654e-06
136 2.2217324219527312e-06
137 2.344598299734819e-06
138 2.117489375863842e-06
139 2.1226726414419655e-06
140 2.165005274904443e-06
141 2.219683168409833e-06
142 2.0499615914411068e-06
143 2.117882376552947e-06
144 2.166221347834468e-06
145 2.2801097310868063e-06
146 2.065792118009139e-06
147 2.1572787563960863e-06
148 2.1672468155024234e-06
149 2.2135931869679434e-06
150 2.1129681015681572e-06
151 2.0951243421749335e-06
152 2.148207144427949e-06
153 2.127388376571754e-06
154 2.0547461549924557e-06
155 2.1364238925858222e-06
156 2.216949964950966e-06
157 2.3131774928643563e-06
158 2.047578494411581e-06
159 2.0456622362441636e-06
160 2.0919735336277256e-06
161 2.198456519228559e-06
162 2.0684066892219785e-06
163 2.045375452535796e-06
164 2.1182835348359172e-06
165 2.205098135184042e-06
166 2.096678500689275e-06
167 2.136346511938688e-06
168 2.009352274734106e-06
169 2.1027272894373955e-06
170 2.05497427312758e-06
171 2.076021319069621e-06
172 2.208542393783944e-06
173 2.1607253883000005e-06
174 2.0667287867310424e-06
175 2.08707231575949e-06
176 2.167697690738537e-06
177 2.1175844834353305e-06
178 2.1383383680777976e-06
179 2.1767930144900745e-06
180 2.224294365914059e-06
181 2.209150625625822e-06
182 2.0485944617761607e-06
183 2.1310070033473438e-06
184 1.9392200081790142e-06
185 2.1616706443857598e-06
186 2.2593627635326754e-06
187 2.121310126136288e-06
188 2.0273881701945697e-06
189 2.2120001121735686e-06
190 2.1608480291299753e-06
191 2.129701884427441e-06
192 2.149159887304914e-06
193 2.2854379626093776e-06
194 2.162860277887918e-06
195 2.186220627471187e-06
196 2.173559426842487e-06
197 2.0775613863290364e-06
198 2.1498841229871213e-06
199 2.131985424499824e-06
200 2.1920758765347348e-06
201 2.121736839184505e-06
202 2.114189300298404e-06
203 2.12852453021919e-06
204 2.254642458058979e-06
205 2.096266120263059e-06
206 2.2403697681625543e-06
207 2.097376246273818e-06
208 2.103833608809487e-06
209 2.129954205351592e-06
210 1.958194276984194e-06
211 2.1480101699716903e-06
212 2.1374983084554556e-06
213 2.148357104749328e-06
214 2.2368001199277556e-06
215 2.149950015909358e-06
216 2.178090749249416e-06
217 2.1683176817108624e-06
218 2.2071502098901413e-06
219 2.1139648667116883e-06
220 2.1585122936600875e-06
221 2.1790878717568716e-06
222 2.249921085706119e-06
223 2.04733289538128e-06
224 2.1870430618615585e-06
225 2.0887696029888693e-06
226 2.15209437606205e-06
227 2.128455809208298e-06
228 2.1426940606503755e-06
229 2.1447449930162207e-06
230 2.091824450162157e-06
231 2.0349954103506793e-06
232 2.0229524008259046e-06
233 2.1762645957950347e-06
234 2.1456747747675874e-06
235 2.186654257916534e-06
236 2.1994624949435244e-06
237 2.2040527508156196e-06
238 2.0006589786817766e-06
239 2.2128825969775353e-06
240 2.1770490173031682e-06
241 2.065315685073032e-06
242 2.1988174237880195e-06
243 2.2652573939300554e-06
244 2.088653041637232e-06
245 2.077210128556167e-06
246 2.004739329632789e-06
247 2.111683663444048e-06
248 2.103500236713833e-06
249 2.2464935859924273e-06
250 2.021979259642019e-06
251 2.099641886844867e-06
252 2.110535437066898e-06
253 2.1187393464668684e-06
254 2.157216021873168e-06
255 2.2255196714669667e-06
256 2.1746679123942817e-06
257 2.2713453326824416e-06
258 2.1585652564792327e-06
259 2.154623349055898e-06
260 2.1836877763684315e-06
261 2.248313476528764e-06
262 2.1688604007753897e-06
263 2.08007936843558e-06
264 2.0795370589289712e-06
265 2.088059114497341e-06
266 2.082194966499029e-06
267 2.11575990579761e-06
268 2.0418963982572563e-06
269 2.2506720957919165e-06
270 2.0876548704231077e-06
271 2.0768464611633736e-06
272 2.194717386629911e-06
273 2.088715030888569e-06
274 1.9593759889203915e-06
275 2.1280905793364316e-06
276 2.103873152874451e-06
277 2.055479582915806e-06
278 2.138594856279101e-06
279 2.151612113676963e-06
280 2.1326911217776633e-06
281 2.2139461823346307e-06
282 2.129107254497835e-06
283 2.164233124188463e-06
284 2.005116656555798e-06
285 2.1059958728272553e-06
286 2.131990694326484e-06
287 2.1468286710505177e-06
288 2.101125993279388e-06
289 2.0999477953962503e-06
290 2.154229551849877e-06
291 2.16070507394819e-06
292 2.099168145882321e-06
293 2.124062725398483e-06
294 2.225839979415846e-06
295 2.22234430340549e-06
296 2.0346811079000364e-06
297 2.2220927902245804e-06
298 2.0493833508584893e-06
299 2.1170343750306284e-06
