0 9.695448655545239e-07
1 9.615902792849893e-07
2 8.994910869855927e-07
3 9.923553598576983e-07
4 8.81516252416581e-07
5 9.109397608309687e-07
6 9.733449933850253e-07
7 1.0224412454947659e-06
8 9.431694800185834e-07
9 8.974775147982528e-07
10 8.945628633844176e-07
11 9.794114403850344e-07
12 8.696083177642706e-07
13 9.376685500605102e-07
14 9.566828559421048e-07
15 9.589516433589375e-07
16 9.666471640457169e-07
17 9.440892559272253e-07
18 8.747463072330865e-07
19 9.177967145894425e-07
20 9.107401578963104e-07
21 9.858994340478426e-07
22 9.697537085432632e-07
23 9.226981215860021e-07
24 8.946799227667314e-07
25 9.800340721051687e-07
26 8.883113877273043e-07
27 9.301339599823334e-07
28 9.903772872147872e-07
29 1.010268556420855e-06
30 1.0063270508894128e-06
31 1.0147177149126787e-06
32 9.468387623906235e-07
33 9.4827111884226e-07
34 9.997728341411272e-07
35 9.665512793931677e-07
36 9.369716531809351e-07
37 8.996653002987095e-07
38 9.872532971094732e-07
39 1.0758918562841432e-06
40 9.738495689228101e-07
41 9.582349959800095e-07
42 8.990509487529793e-07
43 9.275999858040721e-07
44 8.911766792759854e-07
45 9.914536591751153e-07
46 8.753121205415322e-07
47 9.907871767007501e-07
48 1.0039396529548739e-06
49 1.0493445172460703e-06
50 9.191906895659622e-07
51 9.75848410540803e-07
52 1.0418611635722101e-06
53 9.102785864580524e-07
54 9.82885045334779e-07
55 9.179542806770802e-07
56 9.210200372821411e-07
57 9.401845637312429e-07
58 9.093150276605049e-07
59 9.693596662050646e-07
60 9.658959545285141e-07
61 9.487997923997703e-07
62 9.559638720532924e-07
63 9.58139092133914e-07
64 8.835986135779059e-07
65 7.938094356672431e-07
66 9.061422592618999e-07
67 9.28114280642545e-07
68 9.454496316736882e-07
69 1.0075039734929766e-06
70 9.869862830231218e-07
71 9.831850853213713e-07
72 9.032122482595174e-07
73 8.928822184789943e-07
74 9.620606133247722e-07
75 9.440203498762034e-07
76 9.366289255925678e-07
77 9.345839299285134e-07
78 9.699654625786377e-07
79 8.644194309209452e-07
80 8.646627977813793e-07
81 9.36411335009218e-07
82 8.848156900477172e-07
83 9.044555279524518e-07
84 1.0410860319929756e-06
85 1.012953853477374e-06
86 1.005438854508918e-06
87 9.280099101537342e-07
88 8.95665572183893e-07
89 8.995874980934824e-07
90 9.710121462944093e-07
91 9.645583203949774e-07
92 9.650572672185554e-07
93 9.125236738546326e-07
94 9.054816346279527e-07
95 9.511895827766301e-07
96 9.301141239418502e-07
97 8.201596221583678e-07
98 8.539213971095179e-07
99 8.472213773516227e-07
100 1.007964029318165e-06
101 9.90584138973337e-07
102 9.283059994260247e-07
103 1.0089158879666106e-06
104 8.784713994029046e-07
105 9.86151588313643e-07
106 9.180209053372878e-07
107 9.730409479278361e-07
108 9.810063105370003e-07
109 9.10018083387595e-07
110 9.392638359671169e-07
111 9.283403719971567e-07
112 8.796988672714946e-07
113 9.153596137435026e-07
114 9.80803142002324e-07
115 9.419214919866316e-07
116 9.332509361413926e-07
117 8.727248969496606e-07
118 9.953813376780583e-07
119 1.0596438782923618e-06
120 9.016875143582364e-07
121 9.495803420965997e-07
122 9.223656979401771e-07
123 9.053475883170991e-07
124 9.702189238901712e-07
125 9.651026112896278e-07
126 9.110051720410867e-07
127 1.0160136065161413e-06
128 9.84873009194208e-07
129 9.878275210602015e-07
130 9.6559167486106e-07
131 9.469702781616601e-07
132 9.61254835035159e-07
133 8.616838940249762e-07
134 9.255095107590351e-07
135 9.211510806530773e-07
136 9.666829714177202e-07
137 9.332535165020323e-07
138 8.854811517446371e-07
139 8.982906462241703e-07
140 9.532095892979814e-07
141 9.867613761759756e-07
142 1.039714089990279e-06
143 9.559287605946306e-07
144 1.0372040846639838e-06
145 9.502118065092529e-07
146 8.940809453608825e-07
147 9.533848192403393e-07
148 9.759871614116256e-07
149 9.895929677148435e-07
150 9.98230449701169e-07
151 9.793826762031909e-07
152 9.319828406313749e-07
153 9.045541671526188e-07
154 1.0095328544152911e-06
155 9.790325725372587e-07
156 9.738730298724647e-07
157 9.628570916245036e-07
158 1.0038532314090698e-06
159 9.705959965827794e-07
160 9.205523363906985e-07
161 8.678759268875464e-07
162 9.090140848196617e-07
163 9.798310170664462e-07
164 8.788558951724407e-07
165 9.278892622709535e-07
166 9.153433448592488e-07
167 9.533907268328353e-07
168 9.439095777663504e-07
169 9.657406720915154e-07
170 8.82587790919743e-07
171 9.733504191278023e-07
172 8.031788883705511e-07
173 9.97024600100729e-07
174 9.207372788503839e-07
175 8.364062741093037e-07
176 8.27473698781524e-07
177 9.481373580584363e-07
178 9.764391678766496e-07
179 9.201014529769834e-07
180 8.968603300795953e-07
181 9.075660153441267e-07
182 9.875736737183172e-07
183 1.0441858291561074e-06
184 1.0237119647884062e-06
185 9.072600767394518e-07
186 9.662881783988607e-07
187 9.733303276077132e-07
188 8.440551360568846e-07
189 8.566446946431705e-07
190 9.923802818721548e-07
191 9.566252757855093e-07
192 1.03966635431694e-06
193 9.284878013449435e-07
194 1.0633797558252231e-06
195 1.024468814135244e-06
196 9.152724043970188e-07
197 1.0686020829559677e-06
198 9.196211103799892e-07
199 9.036458759506002e-07
200 8.528336711532531e-07
201 1.0524984336377402e-06
202 1.053030055165381e-06
203 9.018627648630211e-07
204 9.564244835709797e-07
205 9.875884281656132e-07
206 8.95169062671806e-07
207 9.378015195336074e-07
208 8.827767806428569e-07
209 1.0161718283454787e-06
210 9.026926145948843e-07
211 9.162528530874361e-07
212 8.70203446592319e-07
213 9.500441359005533e-07
214 1.0657076543781969e-06
215 9.084511038145385e-07
216 9.806350899262001e-07
217 8.873797272066027e-07
218 9.923934890376307e-07
219 9.350417460824673e-07
220 9.64125903050514e-07
221 9.194597111490063e-07
222 8.918398159876267e-07
223 1.0128321499424952e-06
224 1.0058525003537542e-06
225 9.211753261767448e-07
226 9.734134660682306e-07
227 9.150657610535781e-07
228 9.248104757818044e-07
229 1.0500500712257438e-06
230 9.076080799220534e-07
231 9.527331170642575e-07
232 8.854830525535833e-07
233 9.737664435044602e-07
234 8.810044951033696e-07
235 1.0127283166187257e-06
236 1.0357002378532476e-06
237 8.799973962230385e-07
238 9.16835016395766e-07
239 8.916895626707784e-07
240 8.826294953794226e-07
241 9.342594551342805e-07
242 9.497423847187587e-07
243 9.283258870665977e-07
244 9.915242636215375e-07
245 9.519894196663986e-07
246 8.92245167322826e-07
247 9.349103788712439e-07
248 9.529270676498925e-07
249 1.0138169410251311e-06
250 9.306043511780178e-07
251 8.470443813830502e-07
252 8.861792905169366e-07
253 9.737162875991235e-07
254 9.031242044329857e-07
255 1.0312910597773188e-06
256 1.0393946814284331e-06
257 9.69033476596953e-07
258 9.496311230275425e-07
259 9.851708280859162e-07
260 9.874513557877882e-07
261 9.331059401272565e-07
262 8.775669490126452e-07
263 9.566629523570013e-07
264 9.530381025837114e-07
265 8.818532512644429e-07
266 8.848332475233111e-07
267 9.861083423113076e-07
268 8.794118781396142e-07
269 9.080115063386035e-07
270 9.317813535266296e-07
271 9.028112067298905e-07
272 1.0158691003477433e-06
273 9.903213035420583e-07
274 1.1095996190544574e-06
275 9.267696633481712e-07
276 9.912641491476207e-07
277 9.508382440706291e-07
278 8.964578554211275e-07
279 9.274396714625777e-07
280 9.608348868171455e-07
281 9.162148474692434e-07
282 9.197883513975767e-07
283 9.967735973325523e-07
284 9.785862039452276e-07
285 1.002768051790196e-06
286 9.928035942878948e-07
287 9.468649713859149e-07
288 8.419092969216515e-07
289 9.86620907320703e-07
290 1.057771632463972e-06
291 9.97119329902136e-07
292 1.0093973541119635e-06
293 8.939368969024978e-07
294 1.009334457503983e-06
295 9.403470640329431e-07
296 9.287211099682616e-07
297 8.54332289838427e-07
298 9.879995166489582e-07
299 8.072019865982057e-07
