0 -1.566393599218563e-07
1 -1.3002623732316974e-07
2 -8.75497422260658e-08
3 -9.585852074760476e-08
4 -1.5146812869394067e-07
5 -2.770762882391236e-07
6 -1.8509439872648583e-07
7 -1.7927434268469913e-07
8 -1.7576352058175852e-07
9 -1.560004893848965e-07
10 -9.571828563835635e-08
11 -1.3861720426395948e-07
12 -2.909640709706678e-07
13 -1.9585243047644568e-07
14 -1.5527159989921578e-07
15 -1.5901328636015777e-07
16 -1.8541147508761618e-07
17 -8.5376408866459e-08
18 -1.9527509394240417e-07
19 -2.4554654116723636e-07
20 -2.1563738622244735e-07
21 -1.050242429729297e-07
22 -1.716973302678167e-07
23 -1.8311205078453356e-07
24 -2.434730002558947e-07
25 -7.461946394392744e-08
26 -1.7394018773476378e-07
27 -2.96703130877024e-07
28 -1.2364008518621197e-07
29 -1.4366590807479472e-07
30 -4.5919338141387856e-08
31 -1.644618509304446e-07
32 -2.612768407821751e-07
33 -2.5140521086507405e-07
34 -6.751605638210606e-08
35 -2.0528106701160102e-07
36 -2.416003517405757e-07
37 -8.197018349254613e-08
38 -1.677141815178416e-07
39 -1.2335564716526092e-07
40 -1.778460430043332e-07
41 -2.7671696681820826e-08
42 -1.8269949092131603e-07
43 -1.329542215986138e-07
44 -2.4094643890873707e-07
45 -2.6599122725831505e-07
46 -1.51325815156809e-07
47 -2.8820765131881014e-07
48 -3.7171890015505826e-08
49 -1.310141626796e-07
50 -2.8771532057914936e-07
51 -1.6209524677736413e-07
52 -2.534469148660044e-07
53 -2.030933852309899e-07
54 -2.1683043194734115e-07
55 -1.7941899517627016e-07
56 -1.8034571120054884e-07
57 -1.8370422070036717e-07
58 -9.789048097648779e-08
59 -1.507485090652491e-07
60 -1.9339541636638947e-07
61 -1.6782479082364045e-07
62 -1.0172332407786377e-07
63 -1.6489773190810905e-07
64 -1.9601176845528775e-07
65 -2.8951053283339627e-07
66 -1.8719580083222477e-07
67 -2.0320256527256295e-07
68 -1.8253917802325407e-07
69 -1.0163260126294063e-07
70 -1.470760017536278e-07
71 -1.6313741319212592e-07
72 -2.008264727891359e-07
73 -2.1532358773023802e-07
74 -2.9309433003045144e-07
75 -1.2177934210277222e-07
76 -1.928289139247875e-07
77 -8.686897620619207e-08
78 -2.358774731700595e-07
79 -1.478963755601959e-07
80 -2.6891249025185447e-07
81 -1.5950434965553245e-07
82 -1.472007903098017e-07
83 -1.4567739329670626e-07
84 -1.4615720236416056e-07
85 -1.79808104824707e-07
86 -1.1471328828295698e-07
87 -1.6084201579199797e-07
88 -2.3571161233370632e-07
89 -1.6221876057900688e-07
90 -1.3184808412397374e-07
91 -1.4424604537022207e-07
92 -1.5469158391066536e-07
93 -3.4513989950202725e-08
94 -1.5414822125966077e-07
95 -1.631232519904172e-07
96 -1.3418220757193267e-07
97 -1.6804556454834817e-07
98 -2.2383962255502244e-07
99 -1.5909896337747514e-07
100 -1.371794058963809e-07
101 -2.625871553064968e-07
102 -2.2631790521246633e-07
103 -8.939470055061383e-08
104 -1.4051132747780681e-07
105 -1.38368640402185e-07
106 -2.8809477419332705e-07
107 -1.6915146720116567e-07
108 -5.820843153816567e-08
109 -1.651612178626397e-07
110 -1.5697887738388809e-07
111 -1.769956131173229e-07
112 -3.826683057862329e-07
113 -1.2579154000026617e-07
114 -4.767859331797513e-08
115 -4.8256869624935854e-08
116 -1.6856962228027654e-07
117 -1.0684328134212962e-07
118 -1.4350549341112155e-07
119 -8.55738613726859e-08
120 -2.1577161721862497e-07
121 -2.03482636451925e-07
122 -1.0199279001934427e-07
123 -2.5115825080054633e-07
124 -1.4113911639699442e-07
125 -1.8286429941999376e-07
126 -1.0949944673027933e-07
127 -5.013939170043119e-08
128 -9.240493768385672e-08
129 -1.3885145966838375e-07
130 -2.5795642655924463e-07
131 -1.8062579037902308e-07
132 -1.5365907972943156e-07
133 -1.34476035881682e-07
134 -1.6315074791944448e-07
135 -1.2912633831309495e-07
136 -2.8178661434505913e-07
137 -2.5809980868775397e-07
138 -2.608360757500542e-07
139 -2.3687412115383465e-07
140 -6.353441442324877e-08
141 -2.1553800995380578e-07
142 -2.17062732554438e-07
143 -2.597945035287912e-07
144 -1.4726151677258249e-07
145 -6.427215330742598e-08
146 -1.1447204067734015e-07
147 -1.4740389051271088e-07
148 -4.372321092102259e-08
149 -8.766837151037826e-08
150 -1.8914300803582075e-07
151 -2.1787136467974127e-07
152 -1.2035912180241023e-07
153 -1.3641796053698473e-07
154 -6.964974404786986e-08
155 -1.9988981473741641e-07
156 -2.218620303815706e-07
157 -2.090549983319232e-07
158 -9.625391706836754e-08
159 -5.866464737884348e-08
160 -1.6953174795704505e-07
161 -2.0583754190946374e-07
162 -1.7085445745648249e-07
163 -1.8854834747508658e-07
164 -2.0326778591620187e-07
165 -1.7658649030635897e-07
166 -3.461997214477628e-08
167 -2.192985494690135e-07
168 -1.4972693199041124e-07
169 -1.9604086992333423e-07
170 -2.1234530842914447e-07
171 -1.5856234788731016e-07
172 -2.863695871742769e-07
173 -1.924961274129462e-07
174 -1.4436335968242351e-07
175 -2.1262534329879597e-07
176 -1.7438130166794267e-07
177 -1.7820870638351912e-07
178 -3.0343185475837873e-07
179 -1.846217009354209e-07
180 -2.5180867651444476e-07
181 -1.4601823801270305e-07
182 -1.8209009299905723e-07
183 -1.130159623640609e-07
184 -8.037504779790763e-08
185 -1.6915511234743178e-07
186 -2.1638527686015945e-07
187 -1.0478675492468032e-07
188 -2.085806842330056e-07
189 -2.592139327703497e-07
190 -2.3153098161649784e-07
191 -1.4946653783482264e-07
192 -1.2871489406701268e-07
193 -1.7109189402780951e-07
194 -1.5109896137020426e-07
195 -5.894763071498017e-08
196 -2.869827798419888e-07
197 -1.101517218917879e-07
198 -1.7085575051933035e-07
199 -1.2685996670576256e-07
200 -1.8440193283862363e-07
201 -1.946399148762487e-07
202 -2.2748697504707665e-07
203 -1.9302729349729818e-07
204 -1.5036211301564988e-07
205 -5.3500489398426395e-08
206 -1.9343193116306983e-07
207 -1.7288961168482137e-07
208 -1.7256875369296834e-07
209 -1.3113948570674924e-07
210 -9.463008399331585e-08
211 -6.064622541857105e-08
212 -1.7519841115154276e-07
213 -1.199823403038123e-07
214 -5.580543554639442e-08
215 -2.8272101135068603e-07
216 -1.0290794899329536e-07
217 -1.9385004813298136e-07
218 -1.7376179770026842e-07
219 -8.41640393542321e-08
220 -2.1356258608939151e-07
221 -2.78156676499331e-07
222 -2.3514994196478629e-07
223 -2.036725842127864e-07
224 -4.076802295846974e-08
225 -3.460694818790644e-08
226 -1.6063870944214187e-07
227 -2.0922848864272457e-07
228 -1.6561744941662147e-07
229 -1.2611067214110596e-07
230 -1.329069298299967e-07
231 -1.8221797270358617e-07
232 -1.752066402357462e-07
233 -1.436705286321399e-07
234 -7.977927536518016e-08
235 -1.920385293132649e-07
236 -1.4836745386950597e-07
237 -2.829114034927276e-07
238 -2.765635390576557e-07
239 -9.171352926857906e-08
240 -9.0912285819731e-08
241 -2.476847002431118e-08
242 -2.0308022055081456e-07
243 -1.6808052376156264e-07
244 -6.811617999272996e-08
245 -1.871912118802128e-07
246 -6.938062906264564e-08
247 -2.7709472889995107e-07
248 -1.1173910706743741e-07
249 -1.0532993949418596e-07
250 -1.2408448595542249e-07
251 -2.2118115932232134e-07
252 -3.5051273927415393e-07
253 -1.2849803760988915e-07
254 -2.0777416820372087e-07
255 -1.2648857520103854e-07
256 -8.583323218937886e-08
257 -1.038893062565535e-07
258 -1.6791234980672347e-07
259 -1.9132882991012226e-07
260 -1.3284324484447777e-07
261 -1.7559958793300732e-07
262 -2.2969093705108064e-07
263 -5.745750939715333e-08
264 -2.2703918069436308e-07
265 -1.4193701770320608e-07
266 -1.2397518309726474e-07
267 -2.32933734269952e-07
268 -1.65466345135916e-07
269 -1.9711510442165486e-07
270 -1.165942514935182e-07
271 -2.524692686876372e-07
272 -1.2566807410099347e-07
273 -1.6332722192823903e-07
274 -7.230868134808197e-08
275 -1.41767430661123e-07
276 -1.7500797552458404e-07
277 -1.4544802825789632e-07
278 -1.1642306812738714e-07
279 -1.6999904651589375e-07
280 -1.4001707105527062e-07
281 -1.4564166483975577e-07
282 -1.5080980479814013e-07
283 -2.2153787839064756e-07
284 -2.2555358931642586e-07
285 -8.16320389821141e-08
286 -1.4014899210048152e-07
287 -2.196566511342043e-07
288 -1.7757121018795192e-07
289 -1.762475912755225e-07
290 -1.144447304055963e-07
291 -1.3737116720495915e-07
292 -1.970045471116741e-07
293 -1.9950273011485778e-07
294 -9.919728518832106e-08
295 -2.485420421983359e-07
296 -2.43317081568117e-07
297 -2.492422840179966e-07
298 -1.8365758864484603e-07
299 -1.2711853207729815e-07
