0 6.236995099861902e-07
1 5.884928144502197e-07
2 5.426394205178256e-07
3 5.778951285393293e-07
4 5.865775090541758e-07
5 6.926520577975705e-07
6 6.642496566408093e-07
7 6.654022534531362e-07
8 6.41667990958689e-07
9 5.821444613944283e-07
10 5.305626016006949e-07
11 6.322759001463962e-07
12 7.146834929342728e-07
13 6.68921582642344e-07
14 6.291916414011146e-07
15 6.5932395057132e-07
16 6.72133204369884e-07
17 5.47532038817651e-07
18 6.206166274574569e-07
19 6.75488115647748e-07
20 6.467168705729239e-07
21 5.859766537037253e-07
22 6.058505393122401e-07
23 6.257169424895904e-07
24 6.660750292229554e-07
25 5.767470503287917e-07
26 5.813427003705537e-07
27 7.351438502098177e-07
28 6.131619490527839e-07
29 6.234108006884824e-07
30 5.48715539922458e-07
31 6.712795357747414e-07
32 6.914982559548356e-07
33 6.822932186471829e-07
34 5.588410024901383e-07
35 6.535286579317465e-07
36 6.780625157077327e-07
37 5.363357031987537e-07
38 6.446384445508226e-07
39 6.421013635031386e-07
40 6.2869531156625e-07
41 5.050616492082743e-07
42 6.3981882087323e-07
43 5.865402772369216e-07
44 6.726728970037102e-07
45 7.287702490461973e-07
46 6.096668663718683e-07
47 7.524938047987165e-07
48 5.276893776385438e-07
49 6.410233377568856e-07
50 7.100962241256271e-07
51 6.600466858677106e-07
52 7.081257586301018e-07
53 6.349610190767263e-07
54 6.96059704373892e-07
55 6.253785553198949e-07
56 6.2992943098706e-07
57 6.465392286013862e-07
58 5.397573852171933e-07
59 6.167225023506955e-07
60 6.644220502751388e-07
61 6.200506487146079e-07
62 5.673971699326845e-07
63 6.391137178409951e-07
64 6.16294224577126e-07
65 6.690508931525258e-07
66 6.373551759606298e-07
67 6.405120366474065e-07
68 6.476032036828242e-07
69 5.848500538087968e-07
70 6.441415042985097e-07
71 6.581772988121979e-07
72 6.494752093376216e-07
73 6.275935110544908e-07
74 7.348948146897537e-07
75 5.755928716953979e-07
76 6.543089859574472e-07
77 5.351079626800075e-07
78 6.821494214710732e-07
79 5.550806331311303e-07
80 6.648555687677879e-07
81 6.566230039969337e-07
82 5.853985081321121e-07
83 5.998223057809285e-07
84 6.445172264105696e-07
85 6.759241913467353e-07
86 5.973109624122466e-07
87 6.124126655572799e-07
88 6.614274101022508e-07
89 5.927091098674154e-07
90 6.040512075339474e-07
91 6.149386492363313e-07
92 6.132172344518325e-07
93 5.0719209115455e-07
94 5.821514349627358e-07
95 6.044145240165895e-07
96 5.881896980572119e-07
97 5.766462027433541e-07
98 6.316537556183997e-07
99 5.856618110669248e-07
100 6.209454931502856e-07
101 7.529570321727954e-07
102 6.635688847370251e-07
103 6.034315119613277e-07
104 5.622016468295456e-07
105 5.955225297394023e-07
106 7.045303039437588e-07
107 6.466597780408027e-07
108 5.191667352358003e-07
109 5.969338522402658e-07
110 6.084832739426725e-07
111 6.396811641617286e-07
112 7.958252381550273e-07
113 5.74945484015649e-07
114 5.523993517126118e-07
115 5.446699194038095e-07
116 6.304290691092976e-07
117 5.267121247426643e-07
118 6.246217223559988e-07
119 5.906127119187228e-07
120 6.477266050016037e-07
121 6.678335069801039e-07
122 5.652444276960002e-07
123 6.858020502171593e-07
124 6.045770240288516e-07
125 6.544625407216451e-07
126 5.670227091611031e-07
127 5.569343722239155e-07
128 5.709077124398863e-07
129 6.004797588657174e-07
130 7.045407051366502e-07
131 6.458703060192839e-07
132 6.328407591227853e-07
133 5.599621698682075e-07
134 5.956986277702191e-07
135 5.832451089290536e-07
136 7.517190771652111e-07
137 6.87080083523395e-07
138 6.848115417753577e-07
139 6.504429447548275e-07
140 5.319129540273114e-07
141 6.848494561290326e-07
142 7.247719909700494e-07
143 7.00631061910176e-07
144 6.480823108088732e-07
145 5.275822707053493e-07
146 5.624017018718986e-07
147 6.038074347271018e-07
148 5.303762449239704e-07
149 5.697046899041903e-07
150 6.500144681669155e-07
151 6.618564753910938e-07
152 5.738228433093806e-07
153 5.916561052584168e-07
154 5.850462243055918e-07
155 6.545450154261019e-07
156 6.964180480559465e-07
157 6.704553355363952e-07
158 5.880914596017238e-07
159 5.441415968779864e-07
160 6.106521939691279e-07
161 6.137984334250839e-07
162 6.057348241787942e-07
163 6.667075351806266e-07
164 6.228556016996829e-07
165 6.42099364177119e-07
166 5.194538344266548e-07
167 6.903660289376889e-07
168 6.133665740624204e-07
169 6.431786606696236e-07
170 6.342734815982254e-07
171 6.145778210074376e-07
172 6.535045615087395e-07
173 6.681228586339714e-07
174 5.991677606070131e-07
175 6.301294437769145e-07
176 6.069005786172624e-07
177 6.429744937073181e-07
178 7.616333540205584e-07
179 6.364503615853322e-07
180 6.860065963606353e-07
181 6.063389465236127e-07
182 6.479364078311213e-07
183 6.078756999356498e-07
184 5.926718015041627e-07
185 6.104387802449796e-07
186 6.780067615624964e-07
187 5.905473190074083e-07
188 6.270708821649352e-07
189 6.668540129289696e-07
190 6.979422328029393e-07
191 6.112247183450018e-07
192 6.073280061064739e-07
193 6.305436766771468e-07
194 6.44347580000353e-07
195 5.682059338846359e-07
196 7.086346577231088e-07
197 6.141787520047948e-07
198 6.091843769604875e-07
199 5.723738075224169e-07
200 6.022798781407755e-07
201 6.889731041710517e-07
202 7.218444906406375e-07
203 6.399549770609693e-07
204 6.103784389114308e-07
205 5.426922101100139e-07
206 6.398859665820912e-07
207 6.226005874177415e-07
208 6.090068132172716e-07
209 6.187061910675367e-07
210 5.517609809615325e-07
211 5.06509606741221e-07
212 5.909870150082211e-07
213 5.868535537510533e-07
214 5.974232296032326e-07
215 7.062107950607985e-07
216 5.675819492193425e-07
217 6.266340356949226e-07
218 6.600749606650942e-07
219 5.338367012495006e-07
220 6.914909658395228e-07
221 7.205315404838059e-07
222 6.57753496543243e-07
223 6.804987113561699e-07
224 5.435171900830449e-07
225 5.189960504037276e-07
226 6.358579617201023e-07
227 6.34486929666012e-07
228 6.246296063440624e-07
229 6.328123721114401e-07
230 5.589934292062585e-07
231 6.363186866372287e-07
232 5.916351419952151e-07
233 6.045104486227262e-07
234 5.108379019869821e-07
235 6.768155182336002e-07
236 6.435838144391481e-07
237 7.073241629951889e-07
238 7.092714127384011e-07
239 5.423612464440368e-07
240 5.399819394359637e-07
241 5.394554015865482e-07
242 6.614970076219246e-07
243 6.357389918854104e-07
244 5.694315629234503e-07
245 6.530876487716893e-07
246 5.283217371893557e-07
247 7.150590108034201e-07
248 5.738055182808202e-07
249 5.95784581165192e-07
250 5.722477663886676e-07
251 6.342774413932886e-07
252 7.593511988462373e-07
253 6.100624829685195e-07
254 6.271177802410021e-07
255 6.101362574832194e-07
256 5.963973885377386e-07
257 5.613785788688351e-07
258 6.361099050836153e-07
259 6.77616740304328e-07
260 6.155033407250974e-07
261 6.35431250831437e-07
262 6.511775211317775e-07
263 5.354334384333056e-07
264 6.47586933123071e-07
265 5.564980340734308e-07
266 5.404676437502756e-07
267 6.987862354350654e-07
268 5.98886546755104e-07
269 6.502106162856726e-07
270 5.695967059671994e-07
271 6.867161700229668e-07
272 5.969184233439975e-07
273 6.52232633389838e-07
274 6.027626518033408e-07
275 5.874878568673903e-07
276 6.456540719432996e-07
277 5.993151321551826e-07
278 5.462818971249576e-07
279 6.076340477503465e-07
280 6.076983544628711e-07
281 5.980166746679026e-07
282 5.954143633683939e-07
283 6.757916016995198e-07
284 6.967078207330536e-07
285 5.909589188161782e-07
286 6.052363099662042e-07
287 6.67949626252955e-07
288 5.882260077924731e-07
289 6.448776248899938e-07
290 6.336636831636253e-07
291 6.344058260808629e-07
292 6.656622974085659e-07
293 6.387496144853737e-07
294 5.84025022218844e-07
295 7.002793223554303e-07
296 6.763437754775381e-07
297 6.528213282833117e-07
298 6.54361209358293e-07
299 5.407937755939209e-07
