0 -1.623467503645112e-06
1 -1.5745788376554431e-06
2 -1.5491764117262626e-06
3 -1.6240974100677118e-06
4 -1.5211640926257129e-06
5 -1.5864207612908065e-06
6 -1.5997832821991252e-06
7 -1.6630799915835116e-06
8 -1.6155643952783047e-06
9 -1.5625443969549888e-06
10 -1.5656352732219625e-06
11 -1.595713678553356e-06
12 -1.568496633449394e-06
13 -1.582708560066232e-06
14 -1.59419696250519e-06
15 -1.6014822232496575e-06
16 -1.6370885838668209e-06
17 -1.5567613273804585e-06
18 -1.528151037018499e-06
19 -1.5851076618008868e-06
20 -1.5615830873576427e-06
21 -1.6107396038925056e-06
22 -1.6259289065943484e-06
23 -1.582405347916979e-06
24 -1.583961750655047e-06
25 -1.6110922296660114e-06
26 -1.5717940141136702e-06
27 -1.6160626583204981e-06
28 -1.6070635145858226e-06
29 -1.6279300479846046e-06
30 -1.6114348929808848e-06
31 -1.6172768293975018e-06
32 -1.6022211697535045e-06
33 -1.6041179202468523e-06
34 -1.6092889831644603e-06
35 -1.613029839300014e-06
36 -1.590712622633173e-06
37 -1.5438076273058521e-06
38 -1.607220300882748e-06
39 -1.6758978081389844e-06
40 -1.6393719626720769e-06
41 -1.5776299240579191e-06
42 -1.5628521152833187e-06
43 -1.58102011793587e-06
44 -1.5580193639289412e-06
45 -1.6409830232753674e-06
46 -1.5298151878613672e-06
47 -1.6637945485957614e-06
48 -1.609572542501543e-06
49 -1.6468828010582516e-06
50 -1.6114701397515039e-06
51 -1.605587937788054e-06
52 -1.650134798290239e-06
53 -1.5898407075394304e-06
54 -1.6480674622340323e-06
55 -1.563031256340275e-06
56 -1.5781754409219058e-06
57 -1.582451196623095e-06
58 -1.5774132195416531e-06
59 -1.6065001126394696e-06
60 -1.628798795544717e-06
61 -1.5773133315928554e-06
62 -1.5822016542638028e-06
63 -1.6154188805779258e-06
64 -1.5626080448726623e-06
65 -1.5025076772577356e-06
66 -1.5781916426560157e-06
67 -1.5792885934458456e-06
68 -1.6170725360186096e-06
69 -1.6182090566359598e-06
70 -1.6351037162641258e-06
71 -1.6050623490890318e-06
72 -1.577979203238061e-06
73 -1.5718732106658926e-06
74 -1.6172206213606748e-06
75 -1.5688959494312968e-06
76 -1.5897192488024895e-06
77 -1.5634040653585378e-06
78 -1.6131423328882713e-06
79 -1.5339773388568155e-06
80 -1.5637298177193478e-06
81 -1.6165318807076165e-06
82 -1.5359920153802106e-06
83 -1.5603657604421101e-06
84 -1.6571380410964976e-06
85 -1.6142305813328645e-06
86 -1.6240927766699093e-06
87 -1.587714825286346e-06
88 -1.5841983062124503e-06
89 -1.5456519962537188e-06
90 -1.6222480200524161e-06
91 -1.613502847612635e-06
92 -1.5948059850007259e-06
93 -1.5439133864480984e-06
94 -1.5481138754339444e-06
95 -1.5850287931322142e-06
96 -1.5751075093434543e-06
97 -1.4874596033035417e-06
98 -1.5133047884530872e-06
99 -1.5303356114423908e-06
100 -1.6148155501857074e-06
101 -1.6478543666101369e-06
102 -1.6019038205110812e-06
103 -1.61202412707821e-06
104 -1.5503934653512988e-06
105 -1.6198929622804192e-06
106 -1.592878778363993e-06
107 -1.6169298401431242e-06
108 -1.5928138932066544e-06
109 -1.5425457900711738e-06
110 -1.5816277557349815e-06
111 -1.5944276941239582e-06
112 -1.5902744556618716e-06
113 -1.5717215628112098e-06
114 -1.5954228048087893e-06
115 -1.5763535897744657e-06
116 -1.5898838307477626e-06
117 -1.5225303898015725e-06
118 -1.640950908224785e-06
119 -1.6496082368189717e-06
120 -1.5762869052031199e-06
121 -1.5992389231718945e-06
122 -1.5661324515565915e-06
123 -1.5835782519491753e-06
124 -1.6194741768747835e-06
125 -1.6131463246920202e-06
126 -1.5636395478711892e-06
127 -1.6203457314655828e-06
128 -1.5918859038095856e-06
129 -1.6374691117896199e-06
130 -1.6060153739542916e-06
131 -1.6125762876813828e-06
132 -1.5724909753344547e-06
133 -1.5329811798101135e-06
134 -1.5906069619392344e-06
135 -1.5781934469873303e-06
136 -1.6386555523697676e-06
137 -1.5986295564258171e-06
138 -1.5572846057750968e-06
139 -1.5540145223798998e-06
140 -1.5737521870169548e-06
141 -1.6440319423088846e-06
142 -1.6838520379545223e-06
143 -1.6198256245020916e-06
144 -1.6475644771933754e-06
145 -1.5803259793811706e-06
146 -1.5575651980625592e-06
147 -1.5858607165994377e-06
148 -1.6119878239806727e-06
149 -1.6149918805105711e-06
150 -1.6420167221488328e-06
151 -1.6109094573049886e-06
152 -1.6067562665331219e-06
153 -1.5527089788213885e-06
154 -1.6257896950624595e-06
155 -1.6154814817778431e-06
156 -1.6183310956626793e-06
157 -1.5882870347937644e-06
158 -1.6211874333654097e-06
159 -1.60892744813611e-06
160 -1.6067917721819334e-06
161 -1.5669558083509056e-06
162 -1.5617974158054069e-06
163 -1.5999779470243008e-06
164 -1.5434003086145433e-06
165 -1.5888887127421587e-06
166 -1.5415760534790812e-06
167 -1.595702528852684e-06
168 -1.598893397323583e-06
169 -1.6173318300498543e-06
170 -1.5728433496774991e-06
171 -1.6234016527831064e-06
172 -1.5284476852807484e-06
173 -1.6156880974384602e-06
174 -1.5915232140719117e-06
175 -1.5500296523862735e-06
176 -1.5414468064311602e-06
177 -1.6031913799244496e-06
178 -1.6429448629111303e-06
179 -1.5880666089001363e-06
180 -1.5684227350875935e-06
181 -1.547280650682918e-06
182 -1.622899411898654e-06
183 -1.6373986994663215e-06
184 -1.654188222230601e-06
185 -1.579336625635337e-06
186 -1.622623365718147e-06
187 -1.5920272145014352e-06
188 -1.5521004757529014e-06
189 -1.5498833823280527e-06
190 -1.6128576332853125e-06
191 -1.6112688887906764e-06
192 -1.6509993770054374e-06
193 -1.5756230601897631e-06
194 -1.6804859721222097e-06
195 -1.6180881136547645e-06
196 -1.6055812300466514e-06
197 -1.654774075013949e-06
198 -1.5736818674728433e-06
199 -1.5748946438472541e-06
200 -1.5283092720972074e-06
201 -1.6602640653897334e-06
202 -1.6815532766189016e-06
203 -1.5658860191949534e-06
204 -1.6155508134996324e-06
205 -1.6120219881099378e-06
206 -1.5698631755194564e-06
207 -1.5906260299744285e-06
208 -1.5492967875316064e-06
209 -1.6280898746680801e-06
210 -1.5489990783380891e-06
211 -1.5526734890914108e-06
212 -1.5743182295236576e-06
213 -1.588520399565812e-06
214 -1.6527768965971287e-06
215 -1.5959064081623987e-06
216 -1.609407736106835e-06
217 -1.5633983366397085e-06
218 -1.615227554923283e-06
219 -1.5720698207386677e-06
220 -1.6147446730923083e-06
221 -1.580132175189943e-06
222 -1.5724553863676762e-06
223 -1.6544768860056101e-06
224 -1.6320985338432428e-06
225 -1.5440996734033935e-06
226 -1.6092058540845869e-06
227 -1.5838998947532743e-06
228 -1.575578579578186e-06
229 -1.673581841534733e-06
230 -1.5741234315303037e-06
231 -1.6088131598786446e-06
232 -1.5566148681790054e-06
233 -1.6187072817253377e-06
234 -1.5585029439931065e-06
235 -1.6591463867343888e-06
236 -1.6449353768451336e-06
237 -1.5530150016115956e-06
238 -1.591192105765351e-06
239 -1.5511728084325201e-06
240 -1.530329691841493e-06
241 -1.5617685463852681e-06
242 -1.607057040279163e-06
243 -1.6015643158890507e-06
244 -1.6287409356969306e-06
245 -1.584581441969652e-06
246 -1.5191471236907058e-06
247 -1.5971374968451906e-06
248 -1.6007164661760852e-06
249 -1.6376973213833067e-06
250 -1.60029345865325e-06
251 -1.5398858029820219e-06
252 -1.6021332923101885e-06
253 -1.626130160291317e-06
254 -1.5534065127439301e-06
255 -1.6599350133540221e-06
256 -1.6280482113128378e-06
257 -1.6243494631830496e-06
258 -1.6037582581290194e-06
259 -1.632862771982548e-06
260 -1.6221883320398537e-06
261 -1.5852636926687472e-06
262 -1.5807178169084212e-06
263 -1.5754255419510795e-06
264 -1.583203305289668e-06
265 -1.5784215268388942e-06
266 -1.5506370402895204e-06
267 -1.6288617778944667e-06
268 -1.535904843598867e-06
269 -1.5574493021194173e-06
270 -1.5782774713313852e-06
271 -1.5630070010227208e-06
272 -1.6066209202034637e-06
273 -1.6039784241436296e-06
274 -1.67005685892173e-06
275 -1.5715984164795963e-06
276 -1.6392715999523114e-06
277 -1.5899144084893872e-06
278 -1.5493933198144162e-06
279 -1.5867695175292652e-06
280 -1.5936001740386017e-06
281 -1.5571791284918674e-06
282 -1.5864822804052217e-06
283 -1.6174594329164735e-06
284 -1.6427871199228747e-06
285 -1.6028288538377356e-06
286 -1.622644219071261e-06
287 -1.5995137735649966e-06
288 -1.5227950610265177e-06
289 -1.613104714529583e-06
290 -1.6771698689667549e-06
291 -1.6297899743787422e-06
292 -1.6443114654329853e-06
293 -1.5819483984333089e-06
294 -1.6233859676857085e-06
295 -1.607528597800963e-06
296 -1.5744685621888646e-06
297 -1.563429160553754e-06
298 -1.621977711042787e-06
299 -1.5019276267965913e-06
