0 5.951262589206155e-07
1 5.890087845191825e-07
2 6.222676149702695e-07
3 6.019317077599537e-07
4 6.000637157476384e-07
5 5.810291131324599e-07
6 5.636930046598005e-07
7 5.683957469422955e-07
8 5.938283662700557e-07
9 6.154530000177474e-07
10 6.328338268855405e-07
11 5.70395685145413e-07
12 5.773389832028863e-07
13 5.744750551971227e-07
14 5.818981333692358e-07
15 5.735181586661948e-07
16 5.802331546976646e-07
17 6.051325584870722e-07
18 5.997707634405786e-07
19 5.777023757484124e-07
20 5.832554174692131e-07
21 5.955698993834859e-07
22 5.943500431290726e-07
23 5.853766290631094e-07
24 5.908155976632088e-07
25 6.026129082351173e-07
26 6.193593227536132e-07
27 5.679270872764493e-07
28 5.845116826127798e-07
29 5.756614705852254e-07
30 6.007533582460074e-07
31 5.531581803196773e-07
32 5.669706185363864e-07
33 5.682099768147401e-07
34 5.941328702500274e-07
35 5.770506772787864e-07
36 5.684168655118414e-07
37 6.150246827870021e-07
38 5.710712666547434e-07
39 5.69004867924426e-07
40 5.940035342304625e-07
41 6.124133157226711e-07
42 5.88127580108289e-07
43 6.044469402615225e-07
44 5.780689598883108e-07
45 5.466738460410161e-07
46 5.95770317280789e-07
47 5.550031558815424e-07
48 6.039339162060548e-07
49 5.577032717234115e-07
50 5.815464898335553e-07
51 5.627209399073284e-07
52 5.38458607495395e-07
53 5.926556256413159e-07
54 5.702570525384501e-07
55 5.787936662418596e-07
56 5.906815713299962e-07
57 5.794556812715218e-07
58 6.294292412429731e-07
59 5.842146888334823e-07
60 5.858732431769618e-07
61 5.794867211701325e-07
62 6.016344728048389e-07
63 5.895563109891705e-07
64 6.026942821890357e-07
65 6.001305076037757e-07
66 5.903515634319096e-07
67 5.845858283046897e-07
68 5.911211386637688e-07
69 5.86377791999662e-07
70 5.827044958729122e-07
71 5.689861594454622e-07
72 5.912234191764751e-07
73 5.915334889195696e-07
74 5.560585652357742e-07
75 5.96285023416514e-07
76 5.805183987361268e-07
77 6.145977421378644e-07
78 5.674254457375972e-07
79 6.229634878844246e-07
80 5.937011788256016e-07
81 5.866696348723533e-07
82 6.073582825194059e-07
83 6.048315957387114e-07
84 5.638126128906212e-07
85 5.561422183695434e-07
86 5.869172725490137e-07
87 6.034057347776096e-07
88 5.899778912892819e-07
89 6.039992653328227e-07
90 6.008884814339341e-07
91 5.94932335177337e-07
92 5.866385912686515e-07
93 6.21589850507678e-07
94 6.003643183428343e-07
95 5.875708866478435e-07
96 5.989576008420629e-07
97 6.121399561199145e-07
98 5.911371903764364e-07
99 6.140866591082361e-07
100 5.693238092305799e-07
101 5.490591434969061e-07
102 5.862381991710781e-07
103 5.778838849610232e-07
104 6.225597557097621e-07
105 5.943238437297568e-07
106 5.749653981551056e-07
107 5.797269486794907e-07
108 6.101411180228977e-07
109 5.913505994342744e-07
110 5.909291102011771e-07
111 5.906974739200467e-07
112 5.591144661790114e-07
113 6.1413097614693e-07
114 6.030082230400109e-07
115 6.126336766840901e-07
116 5.935078078899871e-07
117 6.308692290073572e-07
118 5.887921684352354e-07
119 5.761781676910964e-07
120 5.913712439075747e-07
121 5.821092618264464e-07
122 6.052032835964457e-07
123 5.803955560953916e-07
124 5.948544966564107e-07
125 5.806803757847377e-07
126 6.112815744254751e-07
127 5.914107737353718e-07
128 5.883813338690258e-07
129 5.930126793669049e-07
130 5.568594370041067e-07
131 5.909808521673053e-07
132 5.724408654204375e-07
133 6.209290755303038e-07
134 6.12391470359566e-07
135 6.037247002422403e-07
136 5.541804515032199e-07
137 5.785942347915807e-07
138 5.767718842576208e-07
139 5.833549930755685e-07
140 6.098230882695604e-07
141 5.732988505825677e-07
142 5.515062438443642e-07
143 5.727321164013559e-07
144 5.643313858793888e-07
145 6.186455723817441e-07
146 6.163446759711318e-07
147 5.90089002072495e-07
148 6.231573838037283e-07
149 5.999490541722426e-07
150 5.793712280249588e-07
151 5.694059418763299e-07
152 6.136888758774136e-07
153 5.990471324581825e-07
154 5.876885389391049e-07
155 5.743058996177973e-07
156 5.609577003624188e-07
157 5.639913749736778e-07
158 5.938079632518715e-07
159 6.138418579611273e-07
160 6.120977108283803e-07
161 6.142220020476737e-07
162 6.02958669317387e-07
163 5.621200644525658e-07
164 5.934064012352611e-07
165 5.893096899751472e-07
166 6.160292839229747e-07
167 5.67595268471215e-07
168 5.921493071629239e-07
169 5.79582839509878e-07
170 6.047963286771982e-07
171 5.980624891587067e-07
172 6.129183018957928e-07
173 5.61996319494356e-07
174 6.081271122627605e-07
175 6.161563548596242e-07
176 6.243553421931754e-07
177 5.852902273662281e-07
178 5.490530173873404e-07
179 5.946160329625818e-07
180 5.754396696184523e-07
181 5.908028654359026e-07
182 5.753689850144628e-07
183 5.710877745255256e-07
184 5.946845744862988e-07
185 6.009188849588801e-07
186 5.674915069776508e-07
187 5.831774582176029e-07
188 6.166515348699871e-07
189 5.926569470774129e-07
190 5.510771975516698e-07
191 5.985413461847469e-07
192 5.803901722710563e-07
193 5.830117736508803e-07
194 5.666472238737017e-07
195 5.868853588192579e-07
196 5.775511657433793e-07
197 5.642732250082378e-07
198 5.949950204346688e-07
199 6.128984542447148e-07
200 6.079415157358333e-07
201 5.520777984558858e-07
202 5.413721527601757e-07
203 5.905772277639374e-07
204 6.007435180589139e-07
205 6.102675719362245e-07
206 5.977822050250506e-07
207 5.922642883886401e-07
208 6.029576231553399e-07
209 5.729151451288608e-07
210 6.132962146481678e-07
211 6.235713067051463e-07
212 6.252534396345443e-07
213 5.944885434522893e-07
214 5.720718377246416e-07
215 5.768270733314182e-07
216 5.984469297103294e-07
217 5.996031906977375e-07
218 5.706682583085891e-07
219 6.160619112847972e-07
220 5.657117278582686e-07
221 5.579514849269422e-07
222 5.971029049000634e-07
223 5.670990092959265e-07
224 6.052144111999599e-07
225 6.221995463111276e-07
226 5.793298926952734e-07
227 5.976225439181287e-07
228 5.946367974841922e-07
229 5.768699488818909e-07
230 6.267300711186576e-07
231 5.91762154238196e-07
232 6.121757562175004e-07
233 5.926586462261886e-07
234 6.448086840891005e-07
235 5.668126344288692e-07
236 5.65703651632993e-07
237 5.720678054854769e-07
238 5.689402739736389e-07
239 6.293687422364783e-07
240 6.194982867262246e-07
241 6.083956453839531e-07
242 5.765726000611035e-07
243 6.004655345014567e-07
244 6.024969098640009e-07
245 5.704669179844305e-07
246 6.133818159923911e-07
247 5.608165359500971e-07
248 6.135409257232243e-07
249 5.877533185496915e-07
250 6.228996571517269e-07
251 6.010682654072444e-07
252 5.70263425890145e-07
253 6.007420524682926e-07
254 5.893369506719008e-07
255 5.86932361087216e-07
256 5.713319005677288e-07
257 6.171887420621416e-07
258 5.835117578754285e-07
259 5.690334283249913e-07
260 5.873876857802732e-07
261 5.847591655395002e-07
262 6.053945648507678e-07
263 6.094263653434593e-07
264 5.671976165596083e-07
265 6.381086205049319e-07
266 6.300295918656737e-07
267 5.576067520836762e-07
268 5.975230490529522e-07
269 5.756663251090594e-07
270 6.126793172213506e-07
271 5.759277824065025e-07
272 5.734233862114803e-07
273 5.632453702769709e-07
274 5.561310107959037e-07
275 6.008559757128157e-07
276 5.810080484731545e-07
277 5.948836463102143e-07
278 6.177578268999507e-07
279 5.974667727129994e-07
280 5.881178422497118e-07
281 5.957474275328107e-07
282 6.030347868193036e-07
283 5.56405463704648e-07
284 5.680354439912107e-07
285 5.807919505291121e-07
286 5.902242332410919e-07
287 5.73408076674709e-07
288 6.120469659057334e-07
289 5.700808411451374e-07
290 5.731617939702528e-07
291 5.754315834657317e-07
292 5.716941304676293e-07
293 6.057557468744177e-07
294 5.830670014203555e-07
295 5.702877878020113e-07
296 5.695853733069047e-07
297 6.070286984571173e-07
298 5.741349873786287e-07
299 6.390726417306662e-07
