0 8.411369689107102e-07
1 8.465629703402754e-07
2 8.251593511998787e-07
3 8.976345684055613e-07
4 7.653809214533139e-07
5 7.180631433316728e-07
6 8.162127878316648e-07
7 8.685352356878638e-07
8 8.068091091470664e-07
9 7.848007012599142e-07
10 8.22990598556529e-07
11 8.481218957500279e-07
12 6.698698294917318e-07
13 7.809353282317742e-07
14 8.250507583080009e-07
15 8.197774977849053e-07
16 8.164588511986284e-07
17 8.607688091889141e-07
18 7.342917873289407e-07
19 7.403975809099722e-07
20 7.52050636959303e-07
21 8.852160029695645e-07
22 8.378465987848992e-07
23 7.83609729297801e-07
24 7.254473432501449e-07
25 8.955872762741605e-07
26 7.711931101162125e-07
27 7.18426906636015e-07
28 8.719781542665392e-07
29 8.779094422693327e-07
30 9.359287983626229e-07
31 8.593846391822013e-07
32 7.552159616062883e-07
33 7.628461116870865e-07
34 9.175577132928349e-07
35 8.07475225399668e-07
36 7.581287555702372e-07
37 8.271379500846919e-07
38 8.407817593331453e-07
39 9.436283945268095e-07
40 8.350805770479563e-07
41 9.098994136037058e-07
42 7.598593475692713e-07
43 8.199987379562146e-07
44 7.182033126820993e-07
45 7.855115183901218e-07
46 7.56288055990895e-07
47 7.73626398713405e-07
48 9.42389436892815e-07
49 9.137017988944102e-07
50 7.197836375622018e-07
51 8.307049271221494e-07
52 8.362604229663417e-07
53 7.642286619658294e-07
54 8.109941156542141e-07
55 7.786137146043753e-07
56 7.829643663138622e-07
57 7.924826242630137e-07
58 8.336407829255607e-07
59 8.416376647994673e-07
60 8.125087338128722e-07
61 8.117826698645988e-07
62 8.617078312108904e-07
63 8.240077004197889e-07
64 7.47814819909017e-07
65 6.121748071726317e-07
66 7.657614347820743e-07
67 7.75819172307555e-07
68 8.031398875814617e-07
69 9.034762347032919e-07
70 8.564626166298696e-07
71 8.376214640241125e-07
72 7.550511421558268e-07
73 7.430893906596638e-07
74 7.451921259820622e-07
75 8.387765299569047e-07
76 7.857514597855693e-07
77 8.559302877564561e-07
78 7.883058475394778e-07
79 7.639301761514959e-07
80 6.873069007616909e-07
81 8.036765058848834e-07
82 7.739444791415457e-07
83 7.901989725892554e-07
84 9.018808633794125e-07
85 8.498917073195117e-07
86 8.937026599343529e-07
87 8.034224976053433e-07
88 7.308208364093344e-07
89 7.776076541111834e-07
90 8.574765775469953e-07
91 8.423536993117516e-07
92 8.359019160124479e-07
93 8.663668054982401e-07
94 7.886412209740573e-07
95 8.215099980430873e-07
96 8.196424907181311e-07
97 7.07589325526294e-07
98 6.995198208240819e-07
99 7.374991745853437e-07
100 8.782203651558262e-07
101 7.821678374725388e-07
102 7.633231687195078e-07
103 9.050746024680104e-07
104 7.79669559862907e-07
105 8.682734548910465e-07
106 7.163971865571169e-07
107 8.313463372828736e-07
108 9.147376369510566e-07
109 7.832902646138476e-07
110 8.129957301078194e-07
111 7.915762314224737e-07
112 6.220308974078935e-07
113 8.153461175865907e-07
114 9.11583147370928e-07
115 8.798182596201923e-07
116 8.009537604590962e-07
117 7.947012396182773e-07
118 8.699126224366885e-07
119 9.551458530910418e-07
120 7.466363986120513e-07
121 7.88989014649609e-07
122 8.323301174235167e-07
123 7.258293349561723e-07
124 8.516718306897466e-07
125 8.166438101344065e-07
126 8.202544957099472e-07
127 9.409992423412144e-07
128 8.893666750905321e-07
129 8.707712131935066e-07
130 7.687854041413264e-07
131 8.0533318658165e-07
132 8.247959252979468e-07
133 7.675721238223851e-07
134 8.050769307808716e-07
135 8.181587535989881e-07
136 7.536039411226097e-07
137 7.477075400477204e-07
138 7.019812002391686e-07
139 7.301040076750672e-07
140 8.842014311938291e-07
141 8.162025056560792e-07
142 8.541397126311723e-07
143 7.6467088726592e-07
144 8.967904493442376e-07
145 8.84025969866595e-07
146 8.044377887517942e-07
147 8.309275073619876e-07
148 9.175148357066939e-07
149 8.991484525194781e-07
150 8.451848236505151e-07
151 8.087159512899997e-07
152 8.375505979837937e-07
153 7.957391405278158e-07
154 9.210418015910607e-07
155 8.185678148888809e-07
156 7.960149654340051e-07
157 7.94489805419519e-07
158 9.032205459542882e-07
159 9.020917270922689e-07
160 7.968957432528346e-07
161 7.319894724794906e-07
162 7.81088870028172e-07
163 8.19620363096291e-07
164 7.355424525175238e-07
165 7.895216272346429e-07
166 8.660175733044064e-07
167 7.789699516037561e-07
168 8.219802406285027e-07
169 8.139076351575127e-07
170 7.36749343291248e-07
171 8.46293132823891e-07
172 6.287521282698436e-07
173 8.337261916562266e-07
174 8.084947762879354e-07
175 6.972535058245956e-07
176 7.11991130889151e-07
177 8.069030199990661e-07
178 7.497009666073398e-07
179 7.803882966877685e-07
180 7.159302359801092e-07
181 7.87851870894954e-07
182 8.377251981132368e-07
183 9.248248332502161e-07
184 9.309861727898202e-07
185 7.818358718938755e-07
186 7.970669480878076e-07
187 8.70270940992086e-07
188 7.07101925060087e-07
189 6.824710569578586e-07
190 8.042599436359273e-07
191 8.350132156549361e-07
192 9.164939112236784e-07
193 7.925260375436015e-07
194 9.208551181898275e-07
195 9.402837993821935e-07
196 7.155713982520841e-07
197 9.457281891168365e-07
198 7.905322228358178e-07
199 8.060664323872029e-07
200 7.263224876650447e-07
201 8.788980728819007e-07
202 8.587006556859922e-07
203 7.578075406186503e-07
204 8.350878240479711e-07
205 9.191188620544925e-07
206 7.534186125015394e-07
207 8.027787038079223e-07
208 7.560896734084901e-07
209 8.895854935099376e-07
210 8.20903932446701e-07
211 8.590502850625961e-07
212 7.54460928789298e-07
213 8.444877265267118e-07
214 9.72673248151164e-07
215 7.108559814357888e-07
216 8.843314952441553e-07
217 7.488598760482132e-07
218 8.406139742392804e-07
219 8.591292424828774e-07
220 7.929591533611495e-07
221 7.150684500611553e-07
222 7.287765698828594e-07
223 8.444493842256731e-07
224 9.419755350708009e-07
225 8.708992792583531e-07
226 8.36574816629802e-07
227 7.654194722405115e-07
228 7.931592572394013e-07
229 9.238517069402758e-07
230 8.11021235419221e-07
231 8.109742901703697e-07
232 7.625471930310137e-07
233 8.524558919143684e-07
234 8.228487305526494e-07
235 8.511415770392536e-07
236 8.950084759982659e-07
237 6.80895370976291e-07
238 7.187900031914791e-07
239 8.181337376206524e-07
240 8.07676772305297e-07
241 8.822770227036206e-07
242 7.925309789756766e-07
243 7.983968248972813e-07
244 9.120341605115651e-07
245 7.986633459838078e-07
246 8.251313520637144e-07
247 7.317271640512206e-07
248 8.575246191184802e-07
249 9.082002805538475e-07
250 8.338620968891578e-07
251 6.981696874145333e-07
252 6.519859376834384e-07
253 8.605925335943828e-07
254 7.527622997456854e-07
255 9.119044828317101e-07
256 9.351660826106005e-07
257 8.809625879550893e-07
258 8.133244620614786e-07
259 8.263644228207141e-07
260 8.671721344998386e-07
261 7.928773154050322e-07
262 7.232330169124397e-07
263 8.885957889629933e-07
264 7.824237753287393e-07
265 7.881601449079981e-07
266 7.971329556221705e-07
267 8.010078306922082e-07
268 7.568478022482013e-07
269 7.56139721685698e-07
270 8.34622455602819e-07
271 7.204891321432013e-07
272 8.945003281597522e-07
273 8.426706820428074e-07
274 1.0006536388130601e-06
275 8.134321413402166e-07
276 8.471307429944561e-07
277 8.318485656611818e-07
278 8.078561925089264e-07
279 7.999312123801878e-07
280 8.391655890352968e-07
281 7.988848786836916e-07
282 8.044834843796804e-07
283 8.191202331000337e-07
284 8.015828263373165e-07
285 9.042435052719227e-07
286 8.706861729794182e-07
287 7.799618434081554e-07
288 7.22537426908718e-07
289 8.379844632739263e-07
290 9.35878018540505e-07
291 8.693594615295027e-07
292 8.466232609816942e-07
293 7.516754019530048e-07
294 9.065755288915207e-07
295 7.554585778048046e-07
296 7.48781388125109e-07
297 6.921125970490109e-07
298 8.360064107780938e-07
299 7.276475886468603e-07
