0 2.7012323257881e-07
1 2.7360519208339415e-07
2 2.6529407821158934e-07
3 2.705360180044818e-07
4 2.668999203298876e-07
5 2.6317479359441444e-07
6 2.606540220235575e-07
7 2.6637916190047523e-07
8 2.5842028566172864e-07
9 2.694258627859988e-07
10 2.716905355574284e-07
11 2.6434788241798217e-07
12 2.533839546232703e-07
13 2.5472752767898085e-07
14 2.61209978863436e-07
15 2.47931815224545e-07
16 2.546576016607091e-07
17 2.704407541559914e-07
18 2.6466022293873925e-07
19 2.6187836286751463e-07
20 2.6513947678798237e-07
21 2.661958572029016e-07
22 2.7787322885597936e-07
23 2.647701895101406e-07
24 2.646418768380864e-07
25 2.649441887788112e-07
26 2.7258668001717196e-07
27 2.57747558419175e-07
28 2.671765947729095e-07
29 2.757407964901025e-07
30 2.7084825042541274e-07
31 2.6275983922243525e-07
32 2.6786590761363207e-07
33 2.667722674718176e-07
34 2.734299676101949e-07
35 2.677506202832231e-07
36 2.616912686235103e-07
37 2.6607450954050363e-07
38 2.7130474246840133e-07
39 2.7474413416009346e-07
40 2.73795579114697e-07
41 2.7319667364207145e-07
42 2.545640869288526e-07
43 2.6824058256017314e-07
44 2.564356798047338e-07
45 2.605550871812625e-07
46 2.553548888277539e-07
47 2.594833346985822e-07
48 2.7534562732617397e-07
49 2.6901476963842905e-07
50 2.625449018972038e-07
51 2.5533299862289603e-07
52 2.7641143064591934e-07
53 2.630926756857571e-07
54 2.5624034014399426e-07
55 2.611237866679113e-07
56 2.62671838921728e-07
57 2.637732213281342e-07
58 2.6979883685124265e-07
59 2.6638212287684147e-07
60 2.6214983646285823e-07
61 2.6912437055758484e-07
62 2.689984444461156e-07
63 2.5853169675913214e-07
64 2.614637493427504e-07
65 2.558832524306457e-07
66 2.5774212703108443e-07
67 2.666522489467171e-07
68 2.6126540811055413e-07
69 2.7486998933710766e-07
70 2.5777533072706547e-07
71 2.570306388782614e-07
72 2.5866291568141985e-07
73 2.6657063417115456e-07
74 2.6418370585854796e-07
75 2.705891338831519e-07
76 2.578841229419173e-07
77 2.7620297018352364e-07
78 2.724089415364479e-07
79 2.68893260162438e-07
80 2.629735605040743e-07
81 2.4974430476683143e-07
82 2.6303779470048195e-07
83 2.641320089373051e-07
84 2.662401367402449e-07
85 2.652256570019013e-07
86 2.723210774253217e-07
87 2.6480383224731416e-07
88 2.609961470242215e-07
89 2.738261989146442e-07
90 2.701257035235848e-07
91 2.6739059583590235e-07
92 2.6988928331549286e-07
93 2.634898794593812e-07
94 2.7364110983787875e-07
95 2.7162182440026446e-07
96 2.678729923011805e-07
97 2.5614863131451756e-07
98 2.616572413532788e-07
99 2.563250707652465e-07
100 2.687411530638948e-07
101 2.5158009367347886e-07
102 2.6507646853568644e-07
103 2.613619991257952e-07
104 2.686391593019048e-07
105 2.7549879028527075e-07
106 2.6565738158634145e-07
107 2.6255330817357543e-07
108 2.8022631639978996e-07
109 2.6584355220451973e-07
110 2.6813532014749007e-07
111 2.56100135501621e-07
112 2.4911934001709295e-07
113 2.6931403587849174e-07
114 2.6638602707394394e-07
115 2.602576915253233e-07
116 2.597934814381703e-07
117 2.718950062073305e-07
118 2.67376668581761e-07
119 2.7653423058183127e-07
120 2.6268370402043886e-07
121 2.63024227691883e-07
122 2.6508007272387143e-07
123 2.5765167102274607e-07
124 2.712513836142262e-07
125 2.635442689741701e-07
126 2.6161979855895455e-07
127 2.679583455125202e-07
128 2.688263076588723e-07
129 2.7256583735785956e-07
130 2.6649755493652963e-07
131 2.6137197076766227e-07
132 2.615799510062896e-07
133 2.5910398956559064e-07
134 2.718571969820473e-07
135 2.5973275544273994e-07
136 2.502879385724656e-07
137 2.6568842783026604e-07
138 2.589187974210992e-07
139 2.685098781545552e-07
140 2.71000771745582e-07
141 2.654912091027886e-07
142 2.5640842287491176e-07
143 2.6551730476669534e-07
144 2.6669173833456326e-07
145 2.73017134988785e-07
146 2.6352726314469557e-07
147 2.6798284132135803e-07
148 2.747449392954989e-07
149 2.723190368182636e-07
150 2.7235230968038846e-07
151 2.742005133634189e-07
152 2.635835549740316e-07
153 2.582609946821739e-07
154 2.641736617162967e-07
155 2.73449462097018e-07
156 2.5841387566529734e-07
157 2.6365190692871433e-07
158 2.716152075572983e-07
159 2.720552393914368e-07
160 2.689540207033389e-07
161 2.63983961230832e-07
162 2.689797022453633e-07
163 2.636347876897674e-07
164 2.615590214644912e-07
165 2.576373135887683e-07
166 2.569799513281114e-07
167 2.586888132646029e-07
168 2.6045270919379125e-07
169 2.6629035731130653e-07
170 2.6171236826242033e-07
171 2.708409939612344e-07
172 2.6011664647784494e-07
173 2.662850530941199e-07
174 2.660246981675344e-07
175 2.586209150155138e-07
176 2.514909566413525e-07
177 2.586451292463383e-07
178 2.588648527516899e-07
179 2.6238341186621283e-07
180 2.573708693392201e-07
181 2.5941214939791536e-07
182 2.6526094259472985e-07
183 2.7485542084410727e-07
184 2.632874006481274e-07
185 2.620622562260755e-07
186 2.6254165731802434e-07
187 2.642205849581904e-07
188 2.5692274000934313e-07
189 2.602893074126645e-07
190 2.636886541432216e-07
191 2.661467881223305e-07
192 2.7843442571135436e-07
193 2.5869367981583016e-07
194 2.758833205635321e-07
195 2.717549930674017e-07
196 2.6330185238644897e-07
197 2.773974842904898e-07
198 2.666283561716419e-07
199 2.641042622168036e-07
200 2.60368548541748e-07
201 2.708069238805532e-07
202 2.677268389587331e-07
203 2.5905669694514395e-07
204 2.695655141154321e-07
205 2.7074746766273884e-07
206 2.588169644896288e-07
207 2.7073005077361765e-07
208 2.6465543003265347e-07
209 2.721989960528477e-07
210 2.6486548482410476e-07
211 2.7362644875854625e-07
212 2.678596502451147e-07
213 2.672431519244694e-07
214 2.667846269212902e-07
215 2.588815857239324e-07
216 2.742011830785653e-07
217 2.615325956865137e-07
218 2.653248074790926e-07
219 2.7514397113007813e-07
220 2.568979931883194e-07
221 2.5789209903046257e-07
222 2.62830925943675e-07
223 2.6675607412165096e-07
224 2.7067573066871743e-07
225 2.621563591530296e-07
226 2.6340687544161523e-07
227 2.6886414394972466e-07
228 2.6244075050916043e-07
229 2.696943650018003e-07
230 2.7564321440154143e-07
231 2.6651754874752154e-07
232 2.6980463324428607e-07
233 2.7554899566811503e-07
234 2.6993090286518997e-07
235 2.6641516473336097e-07
236 2.697806427574872e-07
237 2.58149188637516e-07
238 2.5971428330803154e-07
239 2.633138474297427e-07
240 2.610997728197345e-07
241 2.537779996670154e-07
242 2.6060572171851274e-07
243 2.5696095234681643e-07
244 2.637387062984817e-07
245 2.6032829966642586e-07
246 2.646522747062915e-07
247 2.604238408442837e-07
248 2.688311305907703e-07
249 2.683143583382392e-07
250 2.713373043923579e-07
251 2.576484683478109e-07
252 2.5411622949859343e-07
253 2.6560261343940824e-07
254 2.690119388711507e-07
255 2.746293174539018e-07
256 2.680053214318677e-07
257 2.719736006179833e-07
258 2.5979325373241543e-07
259 2.5642604827897166e-07
260 2.6614117759071327e-07
261 2.6431897536362427e-07
262 2.5771698159803355e-07
263 2.687291136321995e-07
264 2.7386849135145396e-07
265 2.739456449556761e-07
266 2.7528930572482694e-07
267 2.625172802582876e-07
268 2.6226419712207174e-07
269 2.5663807019614937e-07
270 2.7234060929556527e-07
271 2.586911593902703e-07
272 2.7764863444955297e-07
273 2.6497077606665586e-07
274 2.759834454391313e-07
275 2.711454072653623e-07
276 2.673563958507819e-07
277 2.667401301197759e-07
278 2.703703499007311e-07
279 2.671686034664392e-07
280 2.70502278978311e-07
281 2.642144716749801e-07
282 2.654317799701251e-07
283 2.707586972657125e-07
284 2.5970835099574836e-07
285 2.662351594871861e-07
286 2.742539383964209e-07
287 2.611842229574458e-07
288 2.632237639793795e-07
289 2.665831007444958e-07
290 2.6522475929230116e-07
291 2.6079182836104664e-07
292 2.729166121583961e-07
293 2.6086437775909946e-07
294 2.734388905264291e-07
295 2.569634902977133e-07
296 2.6296804247093324e-07
297 2.6034937543098273e-07
298 2.641591060502403e-07
299 2.555291868932563e-07
