0 7.846203393735268e-08
1 5.660360761108239e-08
2 2.449580575361181e-08
3 5.301491151170259e-08
4 8.189460537283208e-09
5 2.7161941643316613e-08
6 5.4973629487558084e-08
7 3.631209704197097e-08
8 1.6399822848072257e-08
9 5.5208889023458924e-08
10 9.925213808118692e-10
11 3.953192035425828e-08
12 5.3257911479169146e-08
13 -1.487034997995304e-08
14 7.938744415318783e-08
15 2.260857612347517e-08
16 -1.6696343539982134e-09
17 5.126165573476477e-08
18 2.3062887381702662e-08
19 1.0815425591577893e-08
20 6.615962490678735e-09
21 1.6701284534073252e-08
22 2.030152459474787e-08
23 9.236903368763813e-10
24 -1.6462771978999704e-08
25 2.3976725477279837e-08
26 6.284613789331845e-08
27 -9.469632692363037e-10
28 4.3618525739380445e-08
29 2.023760782029594e-08
30 4.935940576406098e-08
31 1.0353287977724075e-08
32 7.020085610964129e-09
33 4.4074667433173284e-08
34 5.499055828721065e-08
35 -1.7065610908533737e-08
36 2.5756843703877408e-08
37 -4.085937366926709e-08
38 5.871547201124123e-08
39 7.789031903116262e-08
40 3.587123149130542e-08
41 3.452169368110161e-08
42 -4.286174740170319e-08
43 1.7939374084158626e-08
44 5.101300631307378e-08
45 -2.1388356910861512e-08
46 4.885040050354458e-08
47 4.4677566400950807e-08
48 4.170153221145674e-08
49 1.0284494215626488e-07
50 2.0993868710210127e-08
51 4.163737003649376e-08
52 2.7699160305670537e-08
53 8.215683257208429e-08
54 -2.3003962118888472e-08
55 7.60881538861116e-08
56 -1.8770753849552457e-08
57 -7.924690559734296e-09
58 -3.807637949266941e-09
59 5.3506563076527965e-08
60 6.952890688490085e-09
61 4.781320385954548e-08
62 -4.7543851738458885e-09
63 3.848660405349009e-08
64 -1.2388377059952558e-08
65 3.228421946250372e-08
66 3.6300691490248806e-08
67 2.037269447605858e-08
68 1.815448755779913e-08
69 6.998123909583102e-08
70 2.943000022748838e-08
71 8.285657717330101e-08
72 1.3903093367085142e-08
73 6.828655965770892e-08
74 2.416620886775724e-08
75 -1.8638558274965864e-08
76 1.1911235780463363e-08
77 -4.87360623188359e-08
78 -4.412816240975033e-09
79 3.989770205898098e-09
80 -2.946421444189369e-08
81 1.257655209375244e-08
82 4.837961060865153e-08
83 2.0709481371621374e-08
84 3.831872383486079e-08
85 4.346504480586188e-08
86 7.450447206285844e-08
87 3.1646894063309014e-08
88 6.409502368930188e-08
89 -1.0652824200651342e-08
90 5.159445858213972e-08
91 3.505874680713017e-08
92 8.305899655223789e-08
93 8.431251044895755e-08
94 6.868154091937273e-08
95 1.7046056289497055e-08
96 -2.4797742024636233e-08
97 -2.5342093570480832e-08
98 1.3631564205498628e-08
99 5.098693060634975e-08
100 2.2194424139990038e-08
101 8.08268460742517e-08
102 8.03675476101065e-08
103 2.2394390806360844e-08
104 -4.129560934531043e-09
105 2.9271142002016283e-08
106 -5.216321835321232e-08
107 8.185143127542007e-08
108 7.647471854101459e-09
109 8.745660042903152e-08
110 -1.3878137955763689e-08
111 5.4279539616637864e-08
112 4.758428043768129e-08
113 2.751394082560717e-08
114 3.677815110190362e-08
115 1.3351959441783402e-08
116 6.107788281000093e-08
117 8.445941626338209e-08
118 4.2309648196979864e-09
119 6.556109529327098e-08
120 -4.5733070171552414e-08
121 5.621953586409398e-08
122 1.533293564954006e-08
123 -2.117627757889153e-08
124 7.621533917767309e-08
125 -1.0195340876458737e-08
126 2.9149766626862414e-08
127 -2.4066832358791975e-08
128 7.445982805655064e-08
129 -6.457855348389185e-10
130 5.332585903409416e-08
131 1.7927834382830818e-08
132 5.1729864684336695e-08
133 6.022297597904545e-08
134 8.145024243417905e-08
135 2.1176831434588197e-08
136 -1.0139696054065895e-08
137 -9.07309325538893e-09
138 1.9831657275442917e-08
139 3.125697536119083e-08
140 9.563480464518219e-08
141 2.1772516685973183e-08
142 -1.896740350576203e-08
143 -4.551481300187329e-08
144 2.257715537025318e-08
145 4.293546298369056e-09
146 4.2763998139486975e-08
147 2.540032155900411e-08
148 2.5831627163181416e-08
149 1.4572987549524025e-08
150 4.444352125270038e-08
151 -1.776483188419822e-09
152 2.7571595388384843e-08
153 9.151456796035656e-08
154 2.999254399490876e-08
155 3.810874285717031e-08
156 9.655620485403479e-08
157 2.4473233751665172e-08
158 3.896718601822971e-08
159 6.600179610603854e-08
160 7.338478390621589e-08
161 -3.0944849962481267e-08
162 2.1745558491223e-08
163 5.805967288761998e-08
164 7.354216667162015e-09
165 8.046794468466523e-09
166 4.222978721705884e-08
167 7.729303958093205e-08
168 2.987203256093415e-08
169 1.6627520886032076e-08
170 3.703014780406292e-08
171 1.6329778941850242e-08
172 -1.207696180005755e-08
173 4.2593475934459015e-08
174 1.8378424306006647e-08
175 1.4126307746790802e-08
176 8.04142602402874e-09
177 6.252492708417342e-08
178 1.8841480393469678e-08
179 5.1028063839383746e-08
180 2.6002566656062787e-08
181 5.5329540112650285e-08
182 2.8909318979947236e-08
183 3.19873453425372e-08
184 -7.94999936003661e-09
185 5.391250035573152e-08
186 2.8542382711125728e-08
187 6.703703440288863e-09
188 8.882439348121056e-08
189 2.1859346266958466e-08
190 5.5119012508864376e-08
191 3.843037190500386e-08
192 7.496408828115034e-08
193 -5.478350762482796e-08
194 -4.5151588562898e-08
195 2.757835333852938e-08
196 -4.658292723788064e-08
197 4.4055961611980337e-08
198 3.427632874923693e-08
199 -2.08753870202216e-08
200 3.563433313493626e-08
201 8.332702529476184e-08
202 -5.821934491857362e-09
203 -9.275329462360497e-08
204 -1.823849768199999e-08
205 4.485026931613822e-08
206 8.959443746533185e-09
207 -2.274038089898548e-08
208 -8.208248160958921e-09
209 -1.5063449966615618e-08
210 6.294876900463262e-08
211 9.709468880732726e-08
212 -1.909309856354268e-08
213 -5.4211798284771025e-08
214 5.7462708333566084e-08
215 5.0874917936519795e-08
216 3.0632338194323315e-08
217 -2.2781990139863938e-08
218 1.0576217920148593e-07
219 4.3090214498803256e-08
220 2.333118962710331e-09
221 3.0178082096966545e-08
222 -2.6107883430666794e-09
223 7.1963441713532e-08
224 5.8435009017283634e-08
225 5.2672652806323676e-08
226 6.23141689246308e-08
227 4.406520706773843e-08
228 3.9474482362713234e-08
229 -2.110820268767281e-08
230 3.659911765292922e-08
231 5.031479018965272e-08
232 5.665807583705557e-08
233 1.4132259850764885e-08
234 -2.410706398106561e-09
235 -4.31276498838277e-09
236 -5.182941640731418e-09
237 -3.9539990711484963e-08
238 1.1291546445715689e-08
239 7.639856560070023e-08
240 4.22004254786862e-09
241 9.073844214576987e-10
242 4.83851971632629e-08
243 6.980812296766826e-08
244 3.4439558699521664e-08
245 -3.1050308505239485e-08
246 -2.4343901079534424e-09
247 6.527313967457011e-08
248 -1.4262440561613213e-09
249 -9.448621897923128e-09
250 -2.4168274316364082e-08
251 2.7090232416212117e-09
252 -1.5355440548867413e-08
253 -1.4650974699881965e-09
254 2.1854226520305037e-08
255 5.041425716681291e-08
256 2.796363123338651e-09
257 -3.508627751657289e-08
258 4.8430356276242754e-08
259 -1.9879541989965654e-08
260 4.302357629768743e-08
261 2.2039667681844285e-08
262 4.833855921144162e-08
263 1.0105509606172631e-07
264 3.362180009884466e-08
265 3.825822809041049e-09
266 1.708649783421925e-08
267 2.425759644783282e-08
268 2.4916092721359568e-08
269 3.646382029074201e-08
270 -2.9516678177558956e-09
271 -8.239499111358408e-09
272 3.5464468427717297e-08
273 3.95504791821294e-08
274 5.8725683248547784e-08
275 4.359249340682917e-08
276 3.5488900438605084e-08
277 5.217686828040303e-08
278 1.185929504426349e-08
279 4.072228296526603e-09
280 -3.9629033184470095e-08
281 4.355346478353397e-08
282 -3.218307764978528e-10
283 2.869107517103384e-08
284 4.328383328253904e-08
285 -9.557086699905076e-09
286 2.6655200369593678e-08
287 -3.0248728156762433e-08
288 5.5719831646872e-08
289 -2.06278099103243e-08
290 -9.934179920983302e-09
291 9.860427753445227e-09
292 3.6652870255366566e-08
293 1.947789449606567e-08
294 -7.288854863547149e-09
295 -2.537501710390784e-08
296 6.445053488291908e-08
297 7.85290198945451e-09
298 3.755989638031616e-08
299 -4.897260557018104e-08
