0 -5.419609051314993e-07
1 -6.165126376100001e-07
2 -5.199898878622688e-07
3 -5.975148515149585e-07
4 -5.238343823363002e-07
5 -6.416452237524243e-07
6 -5.471427199487134e-07
7 -5.340310341502355e-07
8 -5.615332422431577e-07
9 -6.593714556033003e-07
10 -4.810650037513644e-07
11 -6.321085076813843e-07
12 -5.91346189447561e-07
13 -4.4748541165694363e-07
14 -5.939442434256807e-07
15 -5.645721031439598e-07
16 -4.766295786573222e-07
17 -6.415981249602574e-07
18 -5.863138848308528e-07
19 -5.249095486979405e-07
20 -5.175860084908721e-07
21 -5.433733319862161e-07
22 -5.180234046426902e-07
23 -4.703765941080767e-07
24 -3.8445542095615e-07
25 -6.153327571351342e-07
26 -6.066316398074131e-07
27 -4.6621159058976934e-07
28 -5.570669477062442e-07
29 -4.6755262171368996e-07
30 -5.928518983831603e-07
31 -4.822615965531107e-07
32 -5.914032787583201e-07
33 -6.096529186677338e-07
34 -5.981019593248951e-07
35 -5.154070119676702e-07
36 -5.412179188760331e-07
37 -4.5230182817051176e-07
38 -4.896513930329999e-07
39 -6.592348531140038e-07
40 -6.074870570700429e-07
41 -5.661347958888052e-07
42 -4.4382844784909934e-07
43 -6.535513665746628e-07
44 -5.853983664452523e-07
45 -4.892256903230016e-07
46 -6.225618376406758e-07
47 -5.683475966257081e-07
48 -5.021812832895095e-07
49 -5.924370580276301e-07
50 -5.600618897811368e-07
51 -5.439428674088348e-07
52 -5.572656504293181e-07
53 -5.788611237568013e-07
54 -4.718948001236473e-07
55 -6.718619676427013e-07
56 -4.1998716040672e-07
57 -4.438733280755855e-07
58 -5.295086638273265e-07
59 -6.235440063300623e-07
60 -5.590724437781182e-07
61 -6.407736177008492e-07
62 -4.07274276349569e-07
63 -6.442449473484353e-07
64 -6.102320110701328e-07
65 -5.597819919246148e-07
66 -6.026420558823743e-07
67 -5.959657287733106e-07
68 -4.929489576224217e-07
69 -6.171431623584822e-07
70 -4.636779780300523e-07
71 -6.046544642002119e-07
72 -5.143485315796205e-07
73 -6.591629565551187e-07
74 -4.362286054569734e-07
75 -4.210964014700202e-07
76 -5.006548527382383e-07
77 -4.755608855196155e-07
78 -5.538520374360541e-07
79 -5.550206296997716e-07
80 -4.627228404835907e-07
81 -4.949691380578223e-07
82 -5.393654996345486e-07
83 -5.794877376211652e-07
84 -5.681439415073917e-07
85 -4.928275022541069e-07
86 -6.574137504134202e-07
87 -6.298079067054396e-07
88 -5.942925124623531e-07
89 -4.5573807512769253e-07
90 -6.442865004553937e-07
91 -5.776045921367206e-07
92 -5.185243018488174e-07
93 -6.645432860955049e-07
94 -6.989387324470399e-07
95 -6.609683971517824e-07
96 -5.239537950055673e-07
97 -3.919519921086897e-07
98 -5.673788055378297e-07
99 -5.338794636526253e-07
100 -5.599567862571003e-07
101 -5.694685348597541e-07
102 -5.951142721155762e-07
103 -5.683846838423978e-07
104 -4.883497394078816e-07
105 -5.43463523328429e-07
106 -3.282680123390238e-07
107 -6.020933294144527e-07
108 -5.384468712366551e-07
109 -6.394693873782069e-07
110 -5.836086707808182e-07
111 -5.989762660497685e-07
112 -5.851205011552402e-07
113 -5.530864536009923e-07
114 -4.576443263826831e-07
115 -5.287889276321869e-07
116 -6.675619466799397e-07
117 -6.397271845358548e-07
118 -5.373220739254127e-07
119 -6.489190157471939e-07
120 -4.4153368035593083e-07
121 -6.349462762865343e-07
122 -5.877039679862921e-07
123 -4.568249534746875e-07
124 -5.985388329775708e-07
125 -5.632525904931505e-07
126 -4.65319042886983e-07
127 -5.040650280689766e-07
128 -5.113545771595623e-07
129 -4.5578242740736576e-07
130 -5.351903267496628e-07
131 -5.200709221201836e-07
132 -6.514093156789363e-07
133 -5.973773729024747e-07
134 -6.623968919756562e-07
135 -5.334573377172167e-07
136 -4.328509947442768e-07
137 -4.003876044905579e-07
138 -4.787671377665959e-07
139 -5.928724054842122e-07
140 -6.353513908100457e-07
141 -5.852521421830755e-07
142 -4.6176925749993625e-07
143 -4.812128886713955e-07
144 -5.68062730571608e-07
145 -5.445285922456202e-07
146 -5.327185332783388e-07
147 -5.316033478726293e-07
148 -6.811470515931801e-07
149 -5.24181859384415e-07
150 -6.13970036568247e-07
151 -4.5154007553765457e-07
152 -4.920338587275445e-07
153 -5.645913350553347e-07
154 -6.134004998760062e-07
155 -6.332280678567807e-07
156 -6.194430745912632e-07
157 -6.049620976648362e-07
158 -5.324608720002622e-07
159 -6.357280345193824e-07
160 -6.594864150805421e-07
161 -4.775697924742154e-07
162 -5.951404275714343e-07
163 -5.563754849549038e-07
164 -5.630960990514209e-07
165 -4.741585327002397e-07
166 -6.077762377361583e-07
167 -5.881637685452878e-07
168 -5.301232243912047e-07
169 -4.958122410397115e-07
170 -5.74070953042004e-07
171 -5.421995689175916e-07
172 -5.58522771437781e-07
173 -6.185616453856654e-07
174 -5.710653153744405e-07
175 -5.109895594233798e-07
176 -5.172998266544127e-07
177 -5.434126391802474e-07
178 -5.392879417337867e-07
179 -6.637059991315964e-07
180 -6.590427800706598e-07
181 -6.031553218905347e-07
182 -5.16050250501766e-07
183 -6.362948987709519e-07
184 -5.655958676055201e-07
185 -6.612172262129507e-07
186 -5.722374509076219e-07
187 -4.3250968906524217e-07
188 -6.071625722476179e-07
189 -5.227948910962785e-07
190 -5.209867932430633e-07
191 -5.201116346090753e-07
192 -6.231330658268157e-07
193 -4.326415589322533e-07
194 -4.37360243648743e-07
195 -5.29598623994529e-07
196 -3.7217792134828467e-07
197 -5.981391705030227e-07
198 -5.465309969999866e-07
199 -4.966664028018216e-07
200 -5.452212665308767e-07
201 -6.823501570263272e-07
202 -4.6352969236790274e-07
203 -4.2417374224448715e-07
204 -5.233381147259156e-07
205 -6.499866613950361e-07
206 -5.385177500213388e-07
207 -5.236798165621661e-07
208 -5.365105461029919e-07
209 -5.075011534214851e-07
210 -5.228896189886296e-07
211 -6.577118770705635e-07
212 -5.133289199599447e-07
213 -3.7435345033022546e-07
214 -5.666314161544122e-07
215 -5.409503060799697e-07
216 -5.71049411447451e-07
217 -4.478008900385197e-07
218 -6.383145204901083e-07
219 -6.14808876077569e-07
220 -4.3580532941974774e-07
221 -5.226990993937651e-07
222 -5.221613289169175e-07
223 -5.979594316501132e-07
224 -6.270008361433018e-07
225 -6.890721099533682e-07
226 -5.092355578551396e-07
227 -6.344465707213219e-07
228 -4.991124669007145e-07
229 -4.270382334860336e-07
230 -6.460167189044235e-07
231 -6.468875243738085e-07
232 -6.097923418829157e-07
233 -5.095987077831218e-07
234 -4.5012287346872633e-07
235 -4.7101907130395773e-07
236 -5.112327255802532e-07
237 -4.6875758004085455e-07
238 -6.074537230024654e-07
239 -6.11422246472713e-07
240 -4.0011601647139195e-07
241 -4.901640200459276e-07
242 -6.930970316506146e-07
243 -4.672863235686557e-07
244 -5.393269472151636e-07
245 -3.8349766517674344e-07
246 -4.1062112184227145e-07
247 -6.404092877403094e-07
248 -4.799688860269415e-07
249 -5.218966313646406e-07
250 -5.172304147647488e-07
251 -5.669446622074941e-07
252 -4.1841343422851966e-07
253 -5.856721480126043e-07
254 -6.007738367241701e-07
255 -5.428797141802853e-07
256 -4.985549221657695e-07
257 -4.930223138356797e-07
258 -6.182311998921231e-07
259 -4.454606429876982e-07
260 -5.731250902526899e-07
261 -5.900566882625484e-07
262 -5.550496215430068e-07
263 -6.073014767518877e-07
264 -5.227870225089697e-07
265 -4.866827363556437e-07
266 -6.157532223084071e-07
267 -5.261941920821918e-07
268 -5.512878834130922e-07
269 -5.796823851911442e-07
270 -3.5865546437694117e-07
271 -4.560208764508486e-07
272 -5.870607591149487e-07
273 -5.600817653076803e-07
274 -5.813468086723766e-07
275 -5.928048218944825e-07
276 -5.094222859040674e-07
277 -5.463249914762289e-07
278 -5.778816118527976e-07
279 -5.047066337442243e-07
280 -4.480705397370077e-07
281 -5.06383841767416e-07
282 -4.280862832682748e-07
283 -4.990026774627485e-07
284 -6.143302215399347e-07
285 -5.48283987780756e-07
286 -5.831243101827661e-07
287 -5.288743890216064e-07
288 -5.007918727937094e-07
289 -5.357488145103665e-07
290 -5.275126183465749e-07
291 -5.965054742681501e-07
292 -5.422146174873308e-07
293 -6.025223937469389e-07
294 -4.880538753379315e-07
295 -4.145151827878631e-07
296 -6.533372499132545e-07
297 -4.802897601274139e-07
298 -5.892656374511205e-07
299 -4.401685052980108e-07
