0 -3.395383438311304e-07
1 -3.3075420994107096e-07
2 -3.292611772691655e-07
3 -3.3213497997860713e-07
4 -3.2141464904476854e-07
5 -3.180534831422461e-07
6 -3.3794920996456064e-07
7 -3.3041737943367974e-07
8 -3.251745486823031e-07
9 -3.2633046439581614e-07
10 -3.246022478671051e-07
11 -3.2513413113097565e-07
12 -3.285624325314058e-07
13 -3.2104212572175365e-07
14 -3.383713477868216e-07
15 -3.296629804772743e-07
16 -3.2154907897792474e-07
17 -3.290453219199209e-07
18 -3.2418851542633376e-07
19 -3.228127091675757e-07
20 -3.180470438749291e-07
21 -3.3088907036620647e-07
22 -3.2643766636921225e-07
23 -3.272431700532738e-07
24 -3.220056089803131e-07
25 -3.206693397771023e-07
26 -3.323926949240134e-07
27 -3.208359342467443e-07
28 -3.279583758627308e-07
29 -3.292357753855282e-07
30 -3.2940139235545303e-07
31 -3.2782468544352216e-07
32 -3.164569054209987e-07
33 -3.285925773426371e-07
34 -3.286178077388211e-07
35 -3.233627366358337e-07
36 -3.305009173736701e-07
37 -3.179874660991052e-07
38 -3.349196166454807e-07
39 -3.373572843676363e-07
40 -3.276325874375494e-07
41 -3.2444168913226827e-07
42 -3.2049183276015146e-07
43 -3.209052901282054e-07
44 -3.3135564259897066e-07
45 -3.0998984534886254e-07
46 -3.28256938031791e-07
47 -3.24110265138436e-07
48 -3.3140201238171064e-07
49 -3.3940529420591654e-07
50 -3.2716640630392037e-07
51 -3.3030569381418484e-07
52 -3.251333335290315e-07
53 -3.337122257304904e-07
54 -3.1977009195197035e-07
55 -3.3660790288203135e-07
56 -3.227415070476364e-07
57 -3.258076396511357e-07
58 -3.1809298039683104e-07
59 -3.236383393037059e-07
60 -3.198707892312323e-07
61 -3.290658145222845e-07
62 -3.2521481788495333e-07
63 -3.2608972893533353e-07
64 -3.164784824902094e-07
65 -3.295431103328547e-07
66 -3.2366612790411134e-07
67 -3.251260194749655e-07
68 -3.275342493838969e-07
69 -3.305454865648916e-07
70 -3.3159391482840275e-07
71 -3.3582088571634125e-07
72 -3.274987952423208e-07
73 -3.289176200724328e-07
74 -3.3335752634496903e-07
75 -3.240713109938446e-07
76 -3.231233612399023e-07
77 -3.126118708714941e-07
78 -3.1855007193665544e-07
79 -3.1982487936543424e-07
80 -3.128206637971285e-07
81 -3.265367697250914e-07
82 -3.339976020072102e-07
83 -3.2143859011817943e-07
84 -3.2631916772032266e-07
85 -3.338404479933426e-07
86 -3.2933967836880657e-07
87 -3.243054286625219e-07
88 -3.2918488366401413e-07
89 -3.1880926109071236e-07
90 -3.2305256213812386e-07
91 -3.263034147192286e-07
92 -3.4367828435487243e-07
93 -3.3703472686575146e-07
94 -3.273547627160924e-07
95 -3.1195541050925e-07
96 -3.2101843375781394e-07
97 -3.271560286428202e-07
98 -3.187990066868364e-07
99 -3.3294743220081365e-07
100 -3.275989247231557e-07
101 -3.338093689432926e-07
102 -3.314923083433754e-07
103 -3.2304907990065873e-07
104 -3.2674550678420607e-07
105 -3.289047747958809e-07
106 -3.19344241573455e-07
107 -3.375502954431953e-07
108 -3.2420226241054856e-07
109 -3.3707446640291344e-07
110 -3.1118936604677676e-07
111 -3.277636423955981e-07
112 -3.3130853382149765e-07
113 -3.308308032159491e-07
114 -3.315360412667118e-07
115 -3.252646955203135e-07
116 -3.3136485752129887e-07
117 -3.300779030400475e-07
118 -3.178839837280877e-07
119 -3.321468566067909e-07
120 -3.172584580526939e-07
121 -3.2755198055936306e-07
122 -3.177519337035186e-07
123 -3.166130032132582e-07
124 -3.3625782702212347e-07
125 -3.0876496986569514e-07
126 -3.311983734976535e-07
127 -3.1833764556142954e-07
128 -3.399620353498202e-07
129 -3.274631878858415e-07
130 -3.3188632549885677e-07
131 -3.255340859087332e-07
132 -3.304667800602758e-07
133 -3.322532940191133e-07
134 -3.292940102862423e-07
135 -3.270412557111918e-07
136 -3.19983220136912e-07
137 -3.293363240841838e-07
138 -3.3420845650994807e-07
139 -3.225531623250472e-07
140 -3.362647623551018e-07
141 -3.2573905804251515e-07
142 -3.23116290156043e-07
143 -3.1351253387406355e-07
144 -3.2494244936524123e-07
145 -3.1640072997834354e-07
146 -3.3233127748664397e-07
147 -3.2127796581540855e-07
148 -3.1446091014582857e-07
149 -3.230171673748691e-07
150 -3.230054261294987e-07
151 -3.2135995753573316e-07
152 -3.3204827177568237e-07
153 -3.426613081192762e-07
154 -3.2044844671744576e-07
155 -3.2278751516870014e-07
156 -3.3922284947405237e-07
157 -3.1753801664753326e-07
158 -3.2587718428409634e-07
159 -3.29213462820128e-07
160 -3.2822541629051786e-07
161 -3.1758509617731753e-07
162 -3.178974118588081e-07
163 -3.3703374198969427e-07
164 -3.223813645430204e-07
165 -3.230601669240987e-07
166 -3.298305215314906e-07
167 -3.335599230390165e-07
168 -3.311720435903458e-07
169 -3.2712066520670363e-07
170 -3.260657603474354e-07
171 -3.245170425407162e-07
172 -3.104276020889914e-07
173 -3.244284016483681e-07
174 -3.1900343433895273e-07
175 -3.2206826823458116e-07
176 -3.236956016024453e-07
177 -3.344283278030167e-07
178 -3.243877208631143e-07
179 -3.2854893601735334e-07
180 -3.214346752542719e-07
181 -3.2640995435998393e-07
182 -3.2333443163757097e-07
183 -3.1586031264790476e-07
184 -3.1885517553338523e-07
185 -3.2424437173695866e-07
186 -3.259960849925863e-07
187 -3.283813525547416e-07
188 -3.386069532218948e-07
189 -3.2171062673255764e-07
190 -3.397500814980638e-07
191 -3.31643523152489e-07
192 -3.359638451514295e-07
193 -3.23498287095833e-07
194 -3.153068162788323e-07
195 -3.2911660103694777e-07
196 -3.2072902665765713e-07
197 -3.338834144586015e-07
198 -3.232104875095095e-07
199 -3.1554004661561586e-07
200 -3.2900471163648913e-07
201 -3.3285920949325356e-07
202 -3.268936718210685e-07
203 -3.0607793510687224e-07
204 -3.148839039046282e-07
205 -3.230390923425395e-07
206 -3.199808524150939e-07
207 -3.133132517628468e-07
208 -3.178670120539368e-07
209 -3.220001178015831e-07
210 -3.4506102860958305e-07
211 -3.3602060125424316e-07
212 -3.1896086662279263e-07
213 -3.150595906763889e-07
214 -3.37264577132484e-07
215 -3.363249142026605e-07
216 -3.2284703622185757e-07
217 -3.181383088505425e-07
218 -3.391667000261303e-07
219 -3.223343476104728e-07
220 -3.2192292442609477e-07
221 -3.2203814149277293e-07
222 -3.2040046072647375e-07
223 -3.4257857677425096e-07
224 -3.296583674929937e-07
225 -3.233254500926006e-07
226 -3.3568265746822176e-07
227 -3.1977796271698283e-07
228 -3.3686703796072946e-07
229 -3.2300847743108367e-07
230 -3.237685375500399e-07
231 -3.2105480111052846e-07
232 -3.282428302910226e-07
233 -3.295401856389007e-07
234 -3.2557770129386453e-07
235 -3.215286851238394e-07
236 -3.187269094159844e-07
237 -3.175767335618739e-07
238 -3.244545766192059e-07
239 -3.313083176138264e-07
240 -3.3078688806421907e-07
241 -3.2179523170047597e-07
242 -3.178725918782002e-07
243 -3.4063133770597155e-07
244 -3.2517688600630133e-07
245 -3.1758031996672157e-07
246 -3.28275999461435e-07
247 -3.271130739736286e-07
248 -3.218572272245331e-07
249 -3.214678648587116e-07
250 -3.171936386728575e-07
251 -3.2165721330594966e-07
252 -3.205493855859612e-07
253 -3.1971097909489517e-07
254 -3.1729936828197256e-07
255 -3.3402390193371114e-07
256 -3.2097933458339354e-07
257 -3.1593444211374055e-07
258 -3.296345677647142e-07
259 -3.2028296455215226e-07
260 -3.3080171984941095e-07
261 -3.203271877989118e-07
262 -3.383183040518741e-07
263 -3.420572334578839e-07
264 -3.3039899298637303e-07
265 -3.209471466969774e-07
266 -3.238608353390906e-07
267 -3.251632780512867e-07
268 -3.273210067137579e-07
269 -3.2369129920746247e-07
270 -3.304407788117165e-07
271 -3.210506025917952e-07
272 -3.263912611688496e-07
273 -3.258665876918518e-07
274 -3.298641929232711e-07
275 -3.282382541493224e-07
276 -3.298507661830386e-07
277 -3.3581188905359835e-07
278 -3.182237610416099e-07
279 -3.2589373655829875e-07
280 -3.212540721389378e-07
281 -3.301753900140461e-07
282 -3.256128666542039e-07
283 -3.2795117570400704e-07
284 -3.2374877016433324e-07
285 -3.1416514838507085e-07
286 -3.2057526511133873e-07
287 -3.066958993775418e-07
288 -3.343947999432561e-07
289 -3.1625023870494037e-07
290 -3.133046405191657e-07
291 -3.195443155667905e-07
292 -3.307689820709018e-07
293 -3.1510909421344517e-07
294 -3.2263611689427497e-07
295 -3.1908697537807233e-07
296 -3.2765414766751e-07
297 -3.2297377489553905e-07
298 -3.220623327497952e-07
299 -3.161013416934004e-07
