0 1.375069027991037e-06
1 1.2979697278551216e-06
2 1.354138075013308e-06
3 1.3153345965553274e-06
4 1.3362363466054947e-06
5 1.2524614223860428e-06
6 1.3537847884252302e-06
7 1.362033935115749e-06
8 1.3459408149066293e-06
9 1.2300667990343506e-06
10 1.396398026082506e-06
11 1.2611265947894343e-06
12 1.3293297963676322e-06
13 1.4147010548709563e-06
14 1.3096403978825258e-06
15 1.3179234530751409e-06
16 1.3808039436829866e-06
17 1.2646978532963968e-06
18 1.2860073119482189e-06
19 1.3562142808783615e-06
20 1.3639606432552987e-06
21 1.3546372192121048e-06
22 1.354942886683396e-06
23 1.4028444850818704e-06
24 1.4710672485994594e-06
25 1.2635428518285494e-06
26 1.304674427041657e-06
27 1.399932653936712e-06
28 1.3280599876162362e-06
29 1.385702075023417e-06
30 1.2985677229782735e-06
31 1.380849011406659e-06
32 1.2721403869752503e-06
33 1.2803854928271263e-06
34 1.312306263692617e-06
35 1.3636830136888447e-06
36 1.356820781778979e-06
37 1.4101858646048013e-06
38 1.4026111881380006e-06
39 1.2394868533447566e-06
40 1.3013192602278749e-06
41 1.3203400958033235e-06
42 1.3929799780009364e-06
43 1.2264543982820738e-06
44 1.3118988462275898e-06
45 1.3790078949829592e-06
46 1.2562073658122591e-06
47 1.3289756928306857e-06
48 1.3951738821598776e-06
49 1.3195711293001112e-06
50 1.324835804221161e-06
51 1.3669041844336562e-06
52 1.3523918509252038e-06
53 1.3206112959516836e-06
54 1.3997516834779564e-06
55 1.2241268740319346e-06
56 1.4442416141256417e-06
57 1.4356202476408373e-06
58 1.3376498404246406e-06
59 1.2687570165376001e-06
60 1.329742174199104e-06
61 1.2521548417712108e-06
62 1.4452158717186954e-06
63 1.2378894416067921e-06
64 1.278809861734715e-06
65 1.3146829555062076e-06
66 1.306317880954546e-06
67 1.2856892513825935e-06
68 1.3829609196692388e-06
69 1.3013918737090725e-06
70 1.4325352472926862e-06
71 1.3150395452347892e-06
72 1.3640387459677447e-06
73 1.2183020286393447e-06
74 1.4407728346022084e-06
75 1.4529490205116588e-06
76 1.376052201170102e-06
77 1.36582896933073e-06
78 1.3087110119209502e-06
79 1.3223567707519293e-06
80 1.4026847248340085e-06
81 1.3912513255315994e-06
82 1.3690536284706237e-06
83 1.301556649252309e-06
84 1.3422004606094315e-06
85 1.3831526223999599e-06
86 1.2453013101791276e-06
87 1.266844709765829e-06
88 1.3068668661358122e-06
89 1.4100763396952297e-06
90 1.2484350938989134e-06
91 1.3244910445112141e-06
92 1.390240989059051e-06
93 1.2571717935166224e-06
94 1.2229891747040782e-06
95 1.2057681257977865e-06
96 1.3298740713131636e-06
97 1.4888315100288997e-06
98 1.28974961089989e-06
99 1.3654588061576813e-06
100 1.3188909732634888e-06
101 1.3628621314897736e-06
102 1.3027739278973567e-06
103 1.3280697350686188e-06
104 1.412171102135817e-06
105 1.3444452702545536e-06
106 1.5288987894544673e-06
107 1.3182693061519513e-06
108 1.3408375486897696e-06
109 1.2708232475024364e-06
110 1.2832930766360982e-06
111 1.3143552558812942e-06
112 1.3006866094253657e-06
113 1.3356060391817171e-06
114 1.4390137731572942e-06
115 1.354668786537004e-06
116 1.251268052815171e-06
117 1.2670994348070136e-06
118 1.3487206454244168e-06
119 1.2395998204814482e-06
120 1.394952890738545e-06
121 1.2458081170358497e-06
122 1.2747071476528166e-06
123 1.391567663072325e-06
124 1.3192481210666526e-06
125 1.3002514280095736e-06
126 1.4159879615874545e-06
127 1.3437774043757234e-06
128 1.4077596825527063e-06
129 1.4119809708811487e-06
130 1.3584437371666532e-06
131 1.3534806201626469e-06
132 1.2590430981256239e-06
133 1.311210702407365e-06
134 1.2350464346537361e-06
135 1.3563013907931684e-06
136 1.4418454461584509e-06
137 1.466041419646385e-06
138 1.409507215974799e-06
139 1.3032366920331158e-06
140 1.3052068449371048e-06
141 1.3078831711813047e-06
142 1.4242785047023525e-06
143 1.3900530939836185e-06
144 1.318245767691225e-06
145 1.3180370657420506e-06
146 1.368212663820909e-06
147 1.3319323507738456e-06
148 1.1787464855229535e-06
149 1.3383998281552997e-06
150 1.2681168005718802e-06
151 1.4173447042759345e-06
152 1.398749027423848e-06
153 1.3563410439722803e-06
154 1.2777461797211352e-06
155 1.2419863578760304e-06
156 1.2991100368326295e-06
157 1.2610476260134175e-06
158 1.3554128082295955e-06
159 1.277323980422543e-06
160 1.258184908508232e-06
161 1.3825660200237367e-06
162 1.2691433262361177e-06
163 1.3401705808594709e-06
164 1.3058860851845718e-06
165 1.3986542140044793e-06
166 1.2897625137227768e-06
167 1.3047124922883825e-06
168 1.3643705813626865e-06
169 1.3937173275005378e-06
170 1.325959752993267e-06
171 1.3327976081733398e-06
172 1.294209329198978e-06
173 1.2792191427869181e-06
174 1.3312125071950732e-06
175 1.3792916905995123e-06
176 1.352542291891904e-06
177 1.367737802282878e-06
178 1.3548260809228658e-06
179 1.2515471098097922e-06
180 1.2429760085806754e-06
181 1.2835828559767502e-06
182 1.3576570106836056e-06
183 1.2410541430086553e-06
184 1.3102212411266889e-06
185 1.24336964393884e-06
186 1.3355718200650208e-06
187 1.4312794816423537e-06
188 1.3249936366494757e-06
189 1.3737429790457733e-06
190 1.3802163625376726e-06
191 1.3601017878934456e-06
192 1.2808868590414493e-06
193 1.4308017443001016e-06
194 1.4245650962354863e-06
195 1.3668202629791258e-06
196 1.4798672547268892e-06
197 1.314391896010579e-06
198 1.3344239665840692e-06
199 1.362414724346547e-06
200 1.3488920525821813e-06
201 1.234964954007205e-06
202 1.4316466316057415e-06
203 1.4224632145333734e-06
204 1.3440060592003466e-06
205 1.2199924468472835e-06
206 1.334031112740588e-06
207 1.3449820449054246e-06
208 1.3365077135298589e-06
209 1.34979528577783e-06
210 1.3816872352559592e-06
211 1.2693378342968682e-06
212 1.3283180707980325e-06
213 1.4630174553913685e-06
214 1.3482526338036529e-06
215 1.3591515846805755e-06
216 1.3103474902387876e-06
217 1.4345942209037935e-06
218 1.281049030638961e-06
219 1.2720805635049163e-06
220 1.4242768894616666e-06
221 1.3628589562849555e-06
222 1.326223491867338e-06
223 1.2948235675120548e-06
224 1.2670911315555156e-06
225 1.2127999319119323e-06
226 1.3853878509245963e-06
227 1.2405068348925007e-06
228 1.3901478559319513e-06
229 1.4441289762726014e-06
230 1.250182099092083e-06
231 1.2419933367366797e-06
232 1.2992939592130406e-06
233 1.3669509008702425e-06
234 1.421787617787954e-06
235 1.3949986817106466e-06
236 1.3540156568016082e-06
237 1.3918912610600946e-06
238 1.2799123508876083e-06
239 1.2949896639044944e-06
240 1.489576609581977e-06
241 1.3808180308150163e-06
242 1.2011191860385143e-06
243 1.4483123203391134e-06
244 1.3643182622929165e-06
245 1.4715203049069446e-06
246 1.4323008760448822e-06
247 1.2541767628370858e-06
248 1.3825416116515045e-06
249 1.3363435971200812e-06
250 1.347538351651211e-06
251 1.3074773229442224e-06
252 1.4490122663739534e-06
253 1.2897479751894988e-06
254 1.2781288624214366e-06
255 1.3578894174426772e-06
256 1.36830525188048e-06
257 1.3757653542728637e-06
258 1.2787899635652726e-06
259 1.4194133259293928e-06
260 1.3218849394857716e-06
261 1.2790123479155892e-06
262 1.35214513706425e-06
263 1.309776472148771e-06
264 1.3745471094887408e-06
265 1.38836755505144e-06
266 1.2680007762479073e-06
267 1.3803388040396448e-06
268 1.3270190298265062e-06
269 1.316273222517327e-06
270 1.5248482597804109e-06
271 1.4199324820757563e-06
272 1.322926007804601e-06
273 1.3223859851702809e-06
274 1.3281097369256298e-06
275 1.3163136223435537e-06
276 1.3755664379360264e-06
277 1.3739433650720035e-06
278 1.317683495962675e-06
279 1.3633718603494626e-06
280 1.406670408391531e-06
281 1.3702184358850267e-06
282 1.4538226529013682e-06
283 1.384920452464789e-06
284 1.2754138972867471e-06
285 1.3089310208518479e-06
286 1.2936122308525136e-06
287 1.312381106051463e-06
288 1.3954539843468384e-06
289 1.340669058840735e-06
290 1.3517847161110538e-06
291 1.2824201724525522e-06
292 1.3372704574003168e-06
293 1.2748011275386096e-06
294 1.3835857144085028e-06
295 1.4502750067782745e-06
296 1.251808568955396e-06
297 1.3925604578053264e-06
298 1.2916187875019266e-06
299 1.4180600027357203e-06
