0 -2.1883203737383353e-06
1 -2.2385485253595447e-06
2 -2.1160540636824276e-06
3 -2.2206431884084557e-06
4 -2.106446682591754e-06
5 -2.233516083056292e-06
6 -2.1693565757367853e-06
7 -2.152507751877275e-06
8 -2.181415465824399e-06
9 -2.244299134113375e-06
10 -2.0882623548454304e-06
11 -2.224799606255614e-06
12 -2.2259180076769923e-06
13 -2.045455141589799e-06
14 -2.2120840720284055e-06
15 -2.1579995573454085e-06
16 -2.0654849501464132e-06
17 -2.247438976417542e-06
18 -2.165830386923894e-06
19 -2.1278104883703915e-06
20 -2.1223913515702284e-06
21 -2.1560228496481246e-06
22 -2.1160489820399865e-06
23 -2.0739415343365946e-06
24 -1.9908232121151355e-06
25 -2.1950088801208375e-06
26 -2.2261738490784495e-06
27 -2.0664955339227516e-06
28 -2.1628298911848933e-06
29 -2.0547584871114256e-06
30 -2.192887034582467e-06
31 -2.074636062808905e-06
32 -2.1580935224806405e-06
33 -2.205038987203111e-06
34 -2.2199096864806564e-06
35 -2.1111940716747054e-06
36 -2.157300547427922e-06
37 -2.042891417839219e-06
38 -2.1224938071084877e-06
39 -2.254843346367182e-06
40 -2.2202449724129815e-06
41 -2.1686743540666306e-06
42 -2.0072300058006205e-06
43 -2.222206557615948e-06
44 -2.194805648554824e-06
45 -2.0843759876363595e-06
46 -2.202620506228701e-06
47 -2.1865916017647457e-06
48 -2.1315548274261713e-06
49 -2.2258609827801396e-06
50 -2.157565746845514e-06
51 -2.1782478863544045e-06
52 -2.1860110365705382e-06
53 -2.2009121379742834e-06
54 -2.0710062505196693e-06
55 -2.2615623316804854e-06
56 -2.02468469174814e-06
57 -2.0594189230408345e-06
58 -2.1150593758334533e-06
59 -2.2222599114472836e-06
60 -2.1593937708171294e-06
61 -2.2306847712293346e-06
62 -2.010110951750362e-06
63 -2.2227448381402404e-06
64 -2.195172908721314e-06
65 -2.1481231704136454e-06
66 -2.2188585130883466e-06
67 -2.1817163617900625e-06
68 -2.098320458697835e-06
69 -2.244729507209204e-06
70 -2.0990427864651152e-06
71 -2.2402593541171448e-06
72 -2.114007692802566e-06
73 -2.235884623191787e-06
74 -2.0575676482122033e-06
75 -2.034479618615286e-06
76 -2.106652293000896e-06
77 -2.0372128809100445e-06
78 -2.1247722914278735e-06
79 -2.1456232396865697e-06
80 -2.0586603895262523e-06
81 -2.1096217740016632e-06
82 -2.1710602608652138e-06
83 -2.1716809140968196e-06
84 -2.1965039643222317e-06
85 -2.10349634973761e-06
86 -2.2624049298704154e-06
87 -2.2260626490991512e-06
88 -2.211841927633767e-06
89 -2.0557288410050415e-06
90 -2.237621345021801e-06
91 -2.192587735117222e-06
92 -2.161404185007725e-06
93 -2.2854405964210627e-06
94 -2.3094677800644055e-06
95 -2.2187407842119507e-06
96 -2.088965643248957e-06
97 -2.0187229615700473e-06
98 -2.135718793264777e-06
99 -2.1581153581467944e-06
100 -2.15154793280325e-06
101 -2.2264556162266733e-06
102 -2.2102320212287675e-06
103 -2.179407509759496e-06
104 -2.114778975784639e-06
105 -2.15114206320976e-06
106 -1.9445931536528752e-06
107 -2.2375347214744717e-06
108 -2.135610197737698e-06
109 -2.2571088171020654e-06
110 -2.1539124747386673e-06
111 -2.224478728626692e-06
112 -2.1821232509081253e-06
113 -2.158058220596002e-06
114 -2.0972375402746774e-06
115 -2.1327156090497574e-06
116 -2.2794751860057072e-06
117 -2.2577193256710086e-06
118 -2.141931594602008e-06
119 -2.2359901937126768e-06
120 -2.008982547035522e-06
121 -2.2161848538181674e-06
122 -2.1586214535335195e-06
123 -2.0373429973251467e-06
124 -2.2308392443769304e-06
125 -2.137582398105572e-06
126 -2.0849525450955865e-06
127 -2.0694409527188425e-06
128 -2.166419596707035e-06
129 -2.0590578503421815e-06
130 -2.1568792116099964e-06
131 -2.1185938411136294e-06
132 -2.2585248390170788e-06
133 -2.2180055832899697e-06
134 -2.2594566795001986e-06
135 -2.142630995335214e-06
136 -2.0504868943870244e-06
137 -2.012696971637618e-06
138 -2.098692952024393e-06
139 -2.197841269251846e-06
140 -2.2869380405372895e-06
141 -2.184818186708844e-06
142 -2.0782768413109846e-06
143 -2.0737975981138877e-06
144 -2.1663291808367477e-06
145 -2.1243149925199464e-06
146 -2.1584342444986124e-06
147 -2.118460794064342e-06
148 -2.2273349812145666e-06
149 -2.1084963600147872e-06
150 -2.2030338042147997e-06
151 -2.0584261121524396e-06
152 -2.1135678544470374e-06
153 -2.2099283351023446e-06
154 -2.208869268825103e-06
155 -2.2073887124756733e-06
156 -2.2509938656892513e-06
157 -2.1763543500544073e-06
158 -2.1481376958370476e-06
159 -2.253260532405078e-06
160 -2.278053084838271e-06
161 -2.0630228113359297e-06
162 -2.166110408745517e-06
163 -2.1710856809214393e-06
164 -2.142124834743595e-06
165 -2.0800427935675727e-06
166 -2.210976748389263e-06
167 -2.1978885047139996e-06
168 -2.1462300671305017e-06
169 -2.115544401551794e-06
170 -2.189392302880125e-06
171 -2.1331627737032374e-06
172 -2.1234581415701008e-06
173 -2.223348834661596e-06
174 -2.1880683124755015e-06
175 -2.1292933675938873e-06
176 -2.1084208765384367e-06
177 -2.17980080242867e-06
178 -2.1514608857458154e-06
179 -2.269964722935166e-06
180 -2.2495023053067966e-06
181 -2.200202444389381e-06
182 -2.1180800711330044e-06
183 -2.2146374851921438e-06
184 -2.1473131708204953e-06
185 -2.2624516377690023e-06
186 -2.1915330934985244e-06
187 -2.0380863687041746e-06
188 -2.255972421568151e-06
189 -2.145963289150374e-06
190 -2.1504966325331103e-06
191 -2.1269671314225327e-06
192 -2.233343411438951e-06
193 -2.0238055142730672e-06
194 -2.0320231177745884e-06
195 -2.145956671237404e-06
196 -1.9727344830236627e-06
197 -2.2159636786584663e-06
198 -2.151788184716583e-06
199 -2.0788845130274207e-06
200 -2.159953037698536e-06
201 -2.2962169531821105e-06
202 -2.090352232851621e-06
203 -1.9977564263749674e-06
204 -2.1078291677018223e-06
205 -2.21541077837684e-06
206 -2.130498346090861e-06
207 -2.1083988379269843e-06
208 -2.1256440023772204e-06
209 -2.083068129779041e-06
210 -2.15358442347092e-06
211 -2.288579583897403e-06
212 -2.071489249662621e-06
213 -1.9578830893157594e-06
214 -2.2002026463424175e-06
215 -2.1624251875496725e-06
216 -2.1662336168284136e-06
217 -2.0665182803029014e-06
218 -2.269904212387725e-06
219 -2.2080259927933104e-06
220 -2.039111255664258e-06
221 -2.137292975502191e-06
222 -2.0866718449144426e-06
223 -2.2006241490808493e-06
224 -2.2254034169132786e-06
225 -2.282793545597706e-06
226 -2.138351899583971e-06
227 -2.210636687877568e-06
228 -2.1172691784081325e-06
229 -2.038113496746531e-06
230 -2.2363192642594658e-06
231 -2.238404309684004e-06
232 -2.2276806040055335e-06
233 -2.1079104310779677e-06
234 -2.0602480287790153e-06
235 -2.0696983478522057e-06
236 -2.098099897540811e-06
237 -2.0546085441566006e-06
238 -2.193729096481711e-06
239 -2.2295901267959736e-06
240 -2.039119860916391e-06
241 -2.0895760860146293e-06
242 -2.2753670653489565e-06
243 -2.1285507603067207e-06
244 -2.1666928479103935e-06
245 -1.9883478283881685e-06
246 -1.998311183958456e-06
247 -2.238435568595083e-06
248 -2.0720980068518634e-06
249 -2.0963828149629825e-06
250 -2.0964596011877254e-06
251 -2.149030344077392e-06
252 -2.0294389844137963e-06
253 -2.1632638816137087e-06
254 -2.1845799589923996e-06
255 -2.167263671364466e-06
256 -2.0928683662591922e-06
257 -2.0823388289402275e-06
258 -2.2200851987200915e-06
259 -2.0441192028874818e-06
260 -2.181509053112814e-06
261 -2.1686356264836792e-06
262 -2.1789636709577126e-06
263 -2.2414598738781437e-06
264 -2.1462884369763042e-06
265 -2.0922883417735793e-06
266 -2.197301443576623e-06
267 -2.1580012328607936e-06
268 -2.144507777695937e-06
269 -2.1887478823840182e-06
270 -2.0017547697679745e-06
271 -2.0676850725882324e-06
272 -2.2090998971597658e-06
273 -2.160877292107349e-06
274 -2.2069093510687923e-06
275 -2.2124383981426217e-06
276 -2.1228654223430693e-06
277 -2.189292396237802e-06
278 -2.184170854344954e-06
279 -2.0962850537733894e-06
280 -2.0304776770919803e-06
281 -2.1148522309128207e-06
282 -2.0538405057836723e-06
283 -2.1145193286331483e-06
284 -2.2100009772196992e-06
285 -2.11969959503134e-06
286 -2.1703342106401583e-06
287 -2.084621897261452e-06
288 -2.132884507628374e-06
289 -2.1229535535484392e-06
290 -2.1253188147820156e-06
291 -2.1781656358252203e-06
292 -2.141075240139541e-06
293 -2.1865947938014325e-06
294 -2.0857303089251425e-06
295 -2.023134724302887e-06
296 -2.2596213998619726e-06
297 -2.087342517849556e-06
298 -2.1831794646514714e-06
299 -2.0299718372830236e-06
