0 -3.2046864016024845e-06
1 -3.150326565486435e-06
2 -3.043489259954179e-06
3 -3.14263292994231e-06
4 -3.0444192528306157e-06
5 -3.0786071758608844e-06
6 -3.1207939775893603e-06
7 -3.1075735659888706e-06
8 -3.108905769684119e-06
9 -3.0629127962148065e-06
10 -3.071448487797737e-06
11 -3.072033168852352e-06
12 -3.177183450883893e-06
13 -3.039364041581512e-06
14 -3.1302228213700393e-06
15 -3.0481059099584523e-06
16 -3.034099509727176e-06
17 -3.1076206598006153e-06
18 -3.0248444541931904e-06
19 -3.0735299399341585e-06
20 -3.074501688444517e-06
21 -3.085176429992193e-06
22 -3.0634306114696628e-06
23 -3.0524103844359075e-06
24 -3.0515142868651873e-06
25 -3.0347553589330608e-06
26 -3.124284659315509e-06
27 -3.055493256135404e-06
28 -3.0998665079832785e-06
29 -3.014342600938947e-06
30 -3.0738677400153235e-06
31 -3.02705114252008e-06
32 -2.9904297207886648e-06
33 -3.0731359538454174e-06
34 -3.137340808409997e-06
35 -3.0436836069854104e-06
36 -3.105227986554582e-06
37 -3.012967282245496e-06
38 -3.1677542763160226e-06
39 -3.08180948304875e-06
40 -3.1079598355600614e-06
41 -3.089749152563736e-06
42 -2.9287074744748507e-06
43 -3.0094274678090572e-06
44 -3.1035795756510612e-06
45 -3.050143576735224e-06
46 -3.035474848773252e-06
47 -3.1450393800375524e-06
48 -3.1298325837997408e-06
49 -3.1891458551940693e-06
50 -3.0542277951727287e-06
51 -3.1631446361259805e-06
52 -3.1565424247483794e-06
53 -3.1585807040630036e-06
54 -3.0433233457669524e-06
55 -3.0775889826380534e-06
56 -3.0494826184795808e-06
57 -3.0796175712046178e-06
58 -3.034364416242168e-06
59 -3.0934012539721987e-06
60 -3.0651826613951057e-06
61 -3.0616475584184677e-06
62 -3.0662435007002762e-06
63 -3.042970945211884e-06
64 -3.0367474157063567e-06
65 -3.040600997559968e-06
66 -3.1154214610876934e-06
67 -3.0382740959800175e-06
68 -3.074702868468187e-06
69 -3.1588110403564797e-06
70 -3.142530208548789e-06
71 -3.184247669595288e-06
72 -3.0505214911529597e-06
73 -3.05981544117761e-06
74 -3.105042822904419e-06
75 -3.0612831946269438e-06
76 -3.0886330808885415e-06
77 -2.9393085757001395e-06
78 -2.9805537616499523e-06
79 -3.0487329909358805e-06
80 -3.036642067373717e-06
81 -3.096309580066087e-06
82 -3.1467504148899923e-06
83 -3.071585731896194e-06
84 -3.158352116227299e-06
85 -3.1009292415552893e-06
86 -3.1293314924381944e-06
87 -3.085972439884683e-06
88 -3.1450306297304816e-06
89 -3.046507273210915e-06
90 -3.0835927965716517e-06
91 -3.1153324903672663e-06
92 -3.17509240310331e-06
93 -3.153523922467993e-06
94 -3.127503242598212e-06
95 -2.9972708855140086e-06
96 -2.9560303904141403e-06
97 -3.092700725719321e-06
98 -2.995867012637176e-06
99 -3.1302777665246136e-06
100 -3.04761511902904e-06
101 -3.228044019731059e-06
102 -3.137733922793772e-06
103 -3.1111250353394426e-06
104 -3.1062283709674906e-06
105 -3.0935339313045397e-06
106 -3.05579328707285e-06
107 -3.191432222735696e-06
108 -3.064700833402091e-06
109 -3.1547634547280156e-06
110 -3.00448158405058e-06
111 -3.148917613952617e-06
112 -3.0702868332844185e-06
113 -3.084742878145392e-06
114 -3.15197606724372e-06
115 -3.075179555418146e-06
116 -3.115099854429362e-06
117 -3.1735578290596267e-06
118 -3.0802073420488013e-06
119 -3.0628035208173688e-06
120 -2.9540332661347716e-06
121 -3.0468270873516253e-06
122 -3.0211593159546488e-06
123 -3.004412037725593e-06
124 -3.1699278753282574e-06
125 -3.0122145546511466e-06
126 -3.0980943388082897e-06
127 -2.9584077970130982e-06
128 -3.209354455264469e-06
129 -3.0637231828061653e-06
130 -3.145604306793676e-06
131 -3.0764478342648676e-06
132 -3.1099459373761578e-06
133 -3.139497400051326e-06
134 -3.102524522435143e-06
135 -3.0844972938163323e-06
136 -3.105919249386798e-06
137 -3.0608649209229517e-06
138 -3.0943567778324557e-06
139 -3.090424810520615e-06
140 -3.2374451691276538e-06
141 -3.062328758933327e-06
142 -3.078402559926861e-06
143 -3.02239806074668e-06
144 -3.0678681783684816e-06
145 -3.022519331829557e-06
146 -3.137267008168046e-06
147 -3.04293653755432e-06
148 -2.9789143786022483e-06
149 -3.029521146163251e-06
150 -3.07611510038833e-06
151 -3.0713842651847124e-06
152 -3.1053925246641335e-06
153 -3.1925956923778895e-06
154 -3.0834251848163706e-06
155 -3.033364938283162e-06
156 -3.17751206356395e-06
157 -3.021368187533285e-06
158 -3.1363273358485636e-06
159 -3.142514832073762e-06
160 -3.1555346260802413e-06
161 -3.0074787984406633e-06
162 -3.012871533416304e-06
163 -3.103717164008676e-06
164 -3.019225841330718e-06
165 -3.069849230574195e-06
166 -3.0926720667237627e-06
167 -3.1121151348900087e-06
168 -3.1087106372410824e-06
169 -3.1100555051199817e-06
170 -3.11844398111036e-06
171 -3.0343595448346746e-06
172 -3.0032835605510476e-06
173 -3.1157238975580336e-06
174 -3.1285857404918804e-06
175 -3.12470563061466e-06
176 -3.0387486944362284e-06
177 -3.1610517772145784e-06
178 -3.088532712444381e-06
179 -3.100360910233102e-06
180 -3.0552518592851157e-06
181 -3.0854487232956733e-06
182 -3.0859515092073638e-06
183 -3.0564505454745963e-06
184 -3.014696445337096e-06
185 -3.110738877254878e-06
186 -3.1179232780452157e-06
187 -3.0521566098296144e-06
188 -3.2248989936090606e-06
189 -3.1343434876677602e-06
190 -3.143481181667505e-06
191 -3.0825136791545885e-06
192 -3.115562582321736e-06
193 -2.994721691950942e-06
194 -3.0146686796731567e-06
195 -3.0908956692037607e-06
196 -3.0303248539705844e-06
197 -3.110802060165774e-06
198 -3.1072962518846403e-06
199 -3.0081152182857423e-06
200 -3.1089176868658104e-06
201 -3.149217839579529e-06
202 -3.0959061121852453e-06
203 -2.9527820974882506e-06
204 -3.0219635731615964e-06
205 -3.018902982237274e-06
206 -3.056526151421638e-06
207 -3.0209015093233756e-06
208 -3.0435444016922197e-06
209 -2.9877149349939885e-06
210 -3.1333126648068513e-06
211 -3.1815517335488103e-06
212 -2.946987387988065e-06
213 -2.9857693259721383e-06
214 -3.161902350102811e-06
215 -3.1126732812350087e-06
216 -3.0733725708776976e-06
217 -3.0922743531500714e-06
218 -3.193347319578544e-06
219 -3.0764785959175057e-06
220 -3.0609309923822825e-06
221 -3.123883941580126e-06
222 -2.9632440418697985e-06
223 -3.0836623355557786e-06
224 -3.093669956890707e-06
225 -3.1095820292735452e-06
226 -3.1475677460596483e-06
227 -3.0460975488411206e-06
228 -3.0922266364361503e-06
229 -3.0703452324554744e-06
230 -3.0587715141737324e-06
231 -3.097092157461102e-06
232 -3.1296543197205327e-06
233 -3.0420193103262777e-06
234 -3.0813518448039152e-06
235 -3.053842905058978e-06
236 -3.027466804956236e-06
237 -3.0074452429370376e-06
238 -3.0419445999085086e-06
239 -3.1363531840814483e-06
240 -3.125377105996807e-06
241 -3.054779124641763e-06
242 -3.073334039378957e-06
243 -3.214226115891588e-06
244 -3.1429794818413974e-06
245 -3.0424936298649013e-06
246 -3.009536622346014e-06
247 -3.1002185237731386e-06
248 -3.030287290411997e-06
249 -2.991822043360046e-06
250 -2.986580660347754e-06
251 -3.0178850470269543e-06
252 -3.069020137750559e-06
253 -3.0112513860905524e-06
254 -3.0398458604152893e-06
255 -3.136690755753447e-06
256 -3.049390402142682e-06
257 -3.0200169784554283e-06
258 -3.0979219798667284e-06
259 -3.032676425662683e-06
260 -3.0905048863190862e-06
261 -3.0471204222059834e-06
262 -3.1202915062266236e-06
263 -3.190475962951978e-06
264 -3.1303035686803463e-06
265 -3.075664385313215e-06
266 -3.028742409866762e-06
267 -3.147554376096497e-06
268 -3.0468969941594365e-06
269 -3.1038124754867745e-06
270 -3.1355170500031494e-06
271 -3.0780988362975494e-06
272 -3.1441059112009645e-06
273 -3.0779832533514667e-06
274 -3.1447652327497898e-06
275 -3.1274800362801643e-06
276 -3.0993319238835134e-06
277 -3.1788844721350426e-06
278 -3.1058287181319755e-06
279 -3.0382213508945876e-06
280 -2.9762326932167806e-06
281 -3.091141012968711e-06
282 -3.1062066955416473e-06
283 -3.1036242862171526e-06
284 -3.0867883298449625e-06
285 -3.011666550467417e-06
286 -3.052406566895847e-06
287 -2.9548501316551896e-06
288 -3.1497068502756137e-06
289 -3.016819086833445e-06
290 -3.0587873722177834e-06
291 -3.029567300066361e-06
292 -3.062611992511902e-06
293 -3.0530981962768255e-06
294 -3.046207063548769e-06
295 -3.071635445431444e-06
296 -3.131383424579987e-06
297 -3.0985026277017477e-06
298 -3.0841214828596e-06
299 -3.0138368979934237e-06
