0 -1.0265495892722933e-07
1 -5.541960880123858e-08
2 -6.941368863341752e-08
3 -5.973343314613573e-08
4 -1.2559342284401407e-07
5 -4.0811361909268064e-08
6 -6.376062139219183e-08
7 -8.043711488410942e-08
8 -8.127606085061432e-08
9 5.435164389984085e-09
10 -1.363744161322591e-07
11 -2.463851837134854e-08
12 -8.347547146195765e-08
13 -1.5101353860480434e-07
14 -2.6129641397297165e-08
15 -5.461403050968624e-08
16 -1.3298601107404403e-07
17 -2.1888364611537367e-08
18 -4.1003204572057093e-08
19 -1.0565327143852071e-07
20 -1.1181610566279595e-07
21 -8.181928914070927e-08
22 -9.685987726520596e-08
23 -1.2645567300967614e-07
24 -1.95588041592904e-07
25 -3.390786332908975e-08
26 -2.344077963133215e-08
27 -1.4191349507935262e-07
28 -7.686576388481543e-08
29 -9.158393013825799e-08
30 -2.748281210006435e-08
31 -9.6256811586446e-08
32 -3.634311150772911e-08
33 -3.004584771452975e-08
34 -4.884782233807623e-08
35 -1.2292340356858095e-07
36 -9.40693717587764e-08
37 -1.6225329846592414e-07
38 -1.3931570964934396e-07
39 2.9904630788100335e-08
40 -4.794679755320802e-08
41 -7.752176460409498e-08
42 -1.1690121889924152e-07
43 -6.7051607316704364e-09
44 -4.890208661212531e-08
45 -1.523613440870273e-07
46 -2.88139345754907e-09
47 -1.0094025587267974e-07
48 -1.0035520153286484e-07
49 -4.9992487672055497e-08
50 -5.3982092282906155e-08
51 -1.0958480602169096e-07
52 -1.1893086176091371e-07
53 -6.368533216787e-08
54 -1.4828742643989562e-07
55 2.486413831008775e-08
56 -1.7711717695568815e-07
57 -1.6480471246445039e-07
58 -1.0698173002853578e-07
59 -2.554800302796553e-08
60 -8.275643830669044e-08
61 -2.8334722780369064e-09
62 -1.9387681482823416e-07
63 -1.1103782245678501e-08
64 -6.644579421298217e-08
65 -4.953153409134535e-08
66 -4.6936572198606755e-08
67 -3.8072600515943026e-08
68 -1.1741940963133671e-07
69 -3.735688957041707e-08
70 -1.4855361770950329e-07
71 -4.522647748639397e-08
72 -8.834553209083965e-08
73 3.9115345141608335e-09
74 -1.558088878028832e-07
75 -1.700312167054323e-07
76 -1.3601459663565173e-07
77 -1.207167050372032e-07
78 -5.144431757555042e-08
79 -8.814944030073874e-08
80 -1.5822660125701458e-07
81 -1.3145108898024778e-07
82 -8.781311264575471e-08
83 -8.24148647544382e-08
84 -1.0298801793470326e-07
85 -1.14502743428763e-07
86 -1.711141833450066e-08
87 -4.7562439590524613e-08
88 -6.338910670034687e-08
89 -1.4897613669723037e-07
90 -1.5445780486081157e-08
91 -7.225070949412152e-08
92 -7.571250861039523e-08
93 1.9411197626777335e-09
94 2.2092517078398623e-08
95 -7.208133987257909e-09
96 -7.631069839640318e-08
97 -2.1051179430655485e-07
98 -4.7253302713188675e-08
99 -8.355873483055264e-08
100 -6.161595625628676e-08
101 -8.105042038066335e-08
102 -4.3101777708989906e-08
103 -9.701794591864368e-08
104 -1.3786001230921952e-07
105 -8.995348608475917e-08
106 -2.5208367388811087e-07
107 -6.666980349789184e-08
108 -1.0231570947236673e-07
109 -2.1355022914415165e-08
110 -7.706539805375206e-08
111 -5.464540743885727e-08
112 -3.5270728695844115e-08
113 -7.927792059944051e-08
114 -1.437719275623176e-07
115 -1.0164482025711888e-07
116 1.1472707259060389e-08
117 -4.824695038109129e-08
118 -1.0946428008599935e-07
119 1.6223769060130514e-08
120 -1.4362917164935653e-07
121 2.749744553405272e-09
122 -6.270887505293234e-08
123 -1.492333793491658e-07
124 -4.751500565639256e-08
125 -8.389282716438018e-08
126 -1.1927946148057716e-07
127 -9.076619962352116e-08
128 -1.0908187077085926e-07
129 -1.5613100825599177e-07
130 -1.1099851514520423e-07
131 -1.1833340798620248e-07
132 -1.4064125569758037e-08
133 -5.21369064741799e-08
134 8.715297425792702e-09
135 -9.109281089065896e-08
136 -2.052011034166009e-07
137 -1.7726434412138066e-07
138 -1.1434420103903172e-07
139 -5.3994028633873e-08
140 -4.9533359920082064e-08
141 -4.3006409506307574e-08
142 -1.562044009132223e-07
143 -1.524880340390563e-07
144 -6.737403107888422e-08
145 -8.09936016958075e-08
146 -1.0076355924940146e-07
147 -8.099917478920043e-08
148 9.75592512614519e-09
149 -8.606279855487759e-08
150 -4.703460682631607e-08
151 -1.58362476739647e-07
152 -1.090560459449354e-07
153 -5.371253732753199e-08
154 -5.90141168868054e-08
155 -1.8920607757974e-08
156 -2.351940009374329e-08
157 -3.946077326895168e-08
158 -1.2983544377213183e-07
159 -3.1162662448778236e-08
160 -2.1966188592128043e-08
161 -1.3247728992683305e-07
162 -3.6945243482329113e-08
163 -5.052994388167868e-08
164 -6.80226841462297e-08
165 -1.3372061575450928e-07
166 -4.064954322604905e-08
167 -2.7244150842583593e-08
168 -1.0373563192761641e-07
169 -1.2973940615434651e-07
170 -7.378463152308384e-08
171 -6.244316631833836e-08
172 -1.0208821426549594e-07
173 -6.033396454939756e-08
174 -1.0706439538732687e-07
175 -1.4916296774468938e-07
176 -9.585709780621642e-08
177 -7.779364026117682e-08
178 -8.601952649554366e-08
179 -6.882242142867196e-10
180 -2.8248544155628697e-09
181 -3.455195310033787e-08
182 -1.1438347547506953e-07
183 -4.131331330594074e-08
184 -6.962451887486936e-08
185 -2.254130506554481e-08
186 -7.97119304271428e-08
187 -1.3631045478791827e-07
188 -6.429038468750643e-08
189 -1.3137797180564282e-07
190 -9.640668654019583e-08
191 -8.212065931557712e-08
192 -1.2006355470112187e-08
193 -1.6284785391769985e-07
194 -1.6185910991507417e-07
195 -7.70306815085803e-08
196 -2.2166802178860344e-07
197 -3.739640936584257e-08
198 -1.0551230663139939e-07
199 -1.1617561976668008e-07
200 -8.693291601594325e-08
201 3.7013719377977697e-09
202 -1.3690138735089705e-07
203 -1.9276724396643003e-07
204 -1.1196936461484892e-07
205 -3.3798753922843867e-09
206 -1.01807181399163e-07
207 -1.1546815824679246e-07
208 -1.1127636186004742e-07
209 -9.49966246435204e-08
210 -7.074460620172511e-08
211 -3.4768735480121916e-09
212 -7.900237372425842e-08
213 -2.0779764890227505e-07
214 -7.709020646321362e-08
215 -6.029090429504412e-08
216 -7.52454187950607e-08
217 -1.8326430893514706e-07
218 -2.1538571776348783e-08
219 -3.5402244088457365e-08
220 -1.5706882828895436e-07
221 -1.2809002262728052e-07
222 -6.360037074155377e-08
223 -5.806754373543512e-09
224 -2.3809488438204963e-08
225 -1.9956726228059747e-08
226 -1.0135677000464028e-07
227 -2.3147707552553323e-08
228 -8.210101363360359e-08
229 -1.855892733232051e-07
230 -5.79284782335559e-09
231 -3.669824496451451e-08
232 -3.819585695273366e-08
233 -8.195251842127564e-08
234 -1.665612640190874e-07
235 -1.4318264569397206e-07
236 -1.0821591352003066e-07
237 -1.507590478848214e-07
238 -4.8552818304755215e-08
239 -2.4599643184001163e-08
240 -1.8619943394621476e-07
241 -1.2350216704229562e-07
242 -2.1252240160952604e-09
243 -1.3698037875493277e-07
244 -1.0673362640795999e-07
245 -1.9806208291547816e-07
246 -1.4938849203495355e-07
247 -1.733966339962696e-08
248 -1.1501534691671538e-07
249 -8.702041344721316e-08
250 -8.36480913865004e-08
251 -5.902627530515221e-08
252 -1.8241814205815948e-07
253 -5.5312505179310514e-08
254 -4.1651279503497526e-08
255 -8.8574716676865e-08
256 -1.1978436218540013e-07
257 -1.3647743054003648e-07
258 -3.823184714905501e-08
259 -1.5015548642937347e-07
260 -4.774203318440906e-08
261 -7.161715631052828e-08
262 -6.271721206188613e-08
263 -4.144079311332228e-08
264 -1.1332947211634363e-07
265 -1.3607861443747768e-07
266 -2.728137922423586e-08
267 -1.225553892648823e-07
268 -6.122473660327188e-08
269 -6.707572944162305e-08
270 -2.249659390641681e-07
271 -1.6074539242756918e-07
272 -8.848366838962399e-08
273 -6.015609091594347e-08
274 -5.765662287444368e-08
275 -5.7920564141566694e-08
276 -1.0334417055012916e-07
277 -9.791458649464467e-08
278 -1.0843818484024218e-07
279 -1.0789757708799724e-07
280 -1.269839592008954e-07
281 -9.336328884142985e-08
282 -1.7417264922952846e-07
283 -1.1512439391618088e-07
284 -4.741112252012408e-08
285 -1.0284497201548499e-07
286 -5.7815909166377845e-08
287 -9.60371982539407e-08
288 -1.0803512357327089e-07
289 -9.514537795947972e-08
290 -1.2069458880351213e-07
291 -4.9317550572014856e-08
292 -6.220382823588919e-08
293 -5.861497287356391e-08
294 -1.2867647965374656e-07
295 -2.0814891564315882e-07
296 -3.522045811976975e-08
297 -1.6995471554327125e-07
298 -6.782998737816461e-08
299 -1.802477331889862e-07
