0 -1.058142239551018e-06
1 -9.608102096998327e-07
2 -9.380891504477202e-07
3 -9.637856976617768e-07
4 -9.964980207446014e-07
5 -8.999485511872588e-07
6 -9.693803447758162e-07
7 -9.76973573497083e-07
8 -9.626283572172194e-07
9 -8.528489488343661e-07
10 -1.0194291386256134e-06
11 -8.864897389200228e-07
12 -1.0046239000059978e-06
13 -1.0230197613556854e-06
14 -9.355848823132313e-07
15 -9.144402647948051e-07
16 -1.0034902289242056e-06
17 -9.001352051572273e-07
18 -8.875988029676122e-07
19 -9.832323222457206e-07
20 -9.891834251998004e-07
21 -9.580267922461577e-07
22 -9.763267024510293e-07
23 -1.002719121251871e-06
24 -1.088227061364067e-06
25 -8.788083802871926e-07
26 -9.182313034295238e-07
27 -1.0221097008813706e-06
28 -9.72017215378072e-07
29 -9.60645236393363e-07
30 -9.007341467474478e-07
31 -9.626305771092653e-07
32 -8.612100603125985e-07
33 -8.991353319921162e-07
34 -9.504601694394764e-07
35 -9.790078604856211e-07
36 -9.850438914815272e-07
37 -1.0113397174498792e-06
38 -1.0873548589118552e-06
39 -8.425190712632224e-07
40 -9.266767142734228e-07
41 -9.62103454602789e-07
42 -9.297364377534263e-07
43 -8.289932790814732e-07
44 -9.388251788680932e-07
45 -1.0181684695446285e-06
46 -8.549240813089868e-07
47 -1.0146626640266922e-06
48 -1.0155920247895524e-06
49 -9.97032964033489e-07
50 -9.157864151002797e-07
51 -1.0313436643140762e-06
52 -1.0311272221505786e-06
53 -9.94349881625058e-07
54 -1.0124116857047655e-06
55 -8.444807447691475e-07
56 -1.0583927127139833e-06
57 -1.056012447306127e-06
58 -9.633729957633755e-07
59 -9.046622135074207e-07
60 -9.449915871291128e-07
61 -8.602573180031136e-07
62 -1.0959539231100326e-06
63 -8.590429650655572e-07
64 -8.981833920740722e-07
65 -9.124366644321347e-07
66 -9.293461661472815e-07
67 -8.861156353994356e-07
68 -1.0067082572512823e-06
69 -9.49056434780253e-07
70 -1.0756345832820979e-06
71 -9.766810673873227e-07
72 -9.573650956937507e-07
73 -8.62398019465859e-07
74 -1.0735074505491862e-06
75 -1.0532802370285392e-06
76 -1.0292004158187278e-06
77 -9.298265974710104e-07
78 -8.743270962923877e-07
79 -9.460000807619441e-07
80 -1.0197222632918553e-06
81 -1.0262217900888854e-06
82 -1.0045474027197428e-06
83 -9.532102829997875e-07
84 -1.0171366344165415e-06
85 -1.0265880874341386e-06
86 -9.136470206130751e-07
87 -9.142779356454461e-07
88 -9.769898293670575e-07
89 -1.0231925440935612e-06
90 -8.845774321717757e-07
91 -9.627334496614698e-07
92 -1.0223398411664864e-06
93 -9.019750320496366e-07
94 -8.553400317135557e-07
95 -8.250091231285394e-07
96 -8.887988346478314e-07
97 -1.1123214415694883e-06
98 -8.841583125509573e-07
99 -9.969371944465147e-07
100 -9.23648531128711e-07
101 -1.0372325517304344e-06
102 -9.589876913637403e-07
103 -9.85264323378101e-07
104 -1.0277500028025885e-06
105 -9.791580137190231e-07
106 -1.1452850475352432e-06
107 -1.0039836880351743e-06
108 -9.729187356018378e-07
109 -9.368643732817841e-07
110 -9.038025485147366e-07
111 -9.608251051553542e-07
112 -9.099536405441052e-07
113 -9.611709464698954e-07
114 -1.078394557633022e-06
115 -9.796150650914273e-07
116 -8.635536963932015e-07
117 -9.741957490230813e-07
118 -9.84161040276106e-07
119 -8.477095385342951e-07
120 -9.69727575310997e-07
121 -8.550235695268689e-07
122 -9.092980334931269e-07
123 -1.0043558367420372e-06
124 -9.71438704522402e-07
125 -9.199214906093396e-07
126 -1.0263011305419259e-06
127 -9.104775348136389e-07
128 -1.0695232682966085e-06
129 -1.0437753434096528e-06
130 -1.036206190575702e-06
131 -1.0050002153256367e-06
132 -8.905927715287432e-07
133 -9.58069554304059e-07
134 -8.76261902902393e-07
135 -9.733148632002582e-07
136 -1.1144835538395422e-06
137 -1.0704797466985737e-06
138 -1.0123177252695581e-06
139 -9.282755817589032e-07
140 -1.001447618566361e-06
141 -9.017067067093424e-07
142 -1.03669164259035e-06
143 -9.962046420355097e-07
144 -9.358436124070982e-07
145 -9.311693045512584e-07
146 -1.0152045281102686e-06
147 -9.513977146062243e-07
148 -8.009104196414928e-07
149 -9.481686458353468e-07
150 -9.208072766797787e-07
151 -1.0490894727542652e-06
152 -1.0116910374450616e-06
153 -9.997793458619048e-07
154 -9.283008617704093e-07
155 -8.663141808406523e-07
156 -9.540097161744265e-07
157 -8.836833756597919e-07
158 -1.0484966686136946e-06
159 -9.317679087805517e-07
160 -9.259793135909684e-07
161 -9.769206146117345e-07
162 -8.778138258164778e-07
163 -9.483990383617483e-07
164 -9.128486660951925e-07
165 -1.0209437730233615e-06
166 -9.177618218288703e-07
167 -9.305271086183758e-07
168 -1.0018751780280025e-06
169 -1.0312881402399847e-06
170 -9.676591299821495e-07
171 -9.186403871928941e-07
172 -9.396265237575713e-07
173 -9.480053031662459e-07
174 -1.0007717434502341e-06
175 -1.055821991603763e-06
176 -9.595484225756616e-07
177 -1.0044564813244694e-06
178 -9.660880362152198e-07
179 -8.675071747745909e-07
180 -8.425141157920365e-07
181 -9.162631952885707e-07
182 -1.0096574147459848e-06
183 -8.977329533220138e-07
184 -9.035862774028369e-07
185 -9.008142510501373e-07
186 -9.6852115884105e-07
187 -1.0239731831023257e-06
188 -1.0158497772101297e-06
189 -1.0401728067487405e-06
190 -1.0205549333141056e-06
191 -9.742651559262388e-07
192 -9.067540636785455e-07
193 -1.0010326465615783e-06
194 -1.0118513859662661e-06
195 -9.621600719254434e-07
196 -1.0972977511042192e-06
197 -9.208359429125565e-07
198 -1.0053817365013427e-06
199 -9.60886489122661e-07
200 -9.831210467909529e-07
201 -8.961769986219358e-07
202 -1.0262309365086914e-06
203 -1.0025607137534454e-06
204 -9.57372344198449e-07
205 -8.443010042322948e-07
206 -9.702769697669306e-07
207 -9.583623179715366e-07
208 -9.678515143908017e-07
209 -9.298796079816777e-07
210 -9.899265025160178e-07
211 -9.258683351741553e-07
212 -8.94835734654157e-07
213 -1.0615147969617814e-06
214 -9.979100651584377e-07
215 -9.617874089125868e-07
216 -9.509054250714486e-07
217 -1.0735883267440433e-06
218 -9.598423324464104e-07
219 -9.056273894589228e-07
220 -1.0489430034093169e-06
221 -1.038632905752189e-06
222 -8.894105975601002e-07
223 -8.910274207909531e-07
224 -9.045203648822773e-07
225 -8.935636629124904e-07
226 -1.0338014329299747e-06
227 -8.790018626625244e-07
228 -9.80514259221739e-07
229 -1.0736572303586997e-06
230 -8.553070227674486e-07
231 -9.148554792764815e-07
232 -9.341754736963416e-07
233 -9.478810056227999e-07
234 -1.0623133804127401e-06
235 -1.020990942778665e-06
236 -9.640837555440042e-07
237 -9.947851357370662e-07
238 -8.924004375917301e-07
239 -9.312801915853247e-07
240 -1.1094317258396014e-06
241 -9.975140145088351e-07
242 -8.563480607450732e-07
243 -1.1079788845201505e-06
244 -1.0183214654803154e-06
245 -1.0806240100507478e-06
246 -1.0239484138746481e-06
247 -9.006759016178404e-07
248 -9.798168295308132e-07
249 -9.231290372355428e-07
250 -9.089688249615592e-07
251 -8.982786189620226e-07
252 -1.0738505464628016e-06
253 -8.859334529643734e-07
254 -8.902211578330542e-07
255 -1.0029341328706172e-06
256 -9.917242515094486e-07
257 -9.809068912560751e-07
258 -9.187317675962327e-07
259 -1.016048142850572e-06
260 -9.302950336929057e-07
261 -9.324067680380222e-07
262 -9.625854634475116e-07
263 -9.840441894438903e-07
264 -1.0240228447283744e-06
265 -1.0220376412805652e-06
266 -8.648413407764086e-07
267 -1.0345298160475918e-06
268 -9.247851766575447e-07
269 -9.534953760908048e-07
270 -1.1621364952120068e-06
271 -1.0490493068198406e-06
272 -9.909923591031856e-07
273 -9.414857608451573e-07
274 -9.67910465583989e-07
275 -9.51918377624378e-07
276 -1.0046270017342872e-06
277 -1.0278580710875845e-06
278 -9.899479348495834e-07
279 -9.733927670757717e-07
280 -9.5873809266934e-07
281 -9.959984885602599e-07
282 -1.0831157247001423e-06
283 -1.0183089770397459e-06
284 -9.23356898933301e-07
285 -9.456161001120738e-07
286 -9.19848143142919e-07
287 -9.09376138956184e-07
288 -1.040088086915908e-06
289 -9.312053502929323e-07
290 -9.83198399548368e-07
291 -8.90052718258098e-07
292 -9.394121898847877e-07
293 -9.143683811387603e-07
294 -9.962984991469306e-07
295 -1.1005552046546993e-06
296 -9.298867076476739e-07
297 -1.073824087192044e-06
298 -9.485774832125878e-07
299 -1.0309685618236167e-06
