0 -1.4377803260944205e-07
1 -1.3663087244993428e-07
2 -1.3635529038038598e-07
3 -1.377919400749822e-07
4 -1.3748944573023192e-07
5 -1.2895999326700886e-07
6 -1.417363072673707e-07
7 -1.363908512356522e-07
8 -1.3353729480723883e-07
9 -1.3142315987521285e-07
10 -1.3605593474668938e-07
11 -1.3288304650518018e-07
12 -1.3637833019050275e-07
13 -1.3411076061626854e-07
14 -1.4015613613266777e-07
15 -1.3589743420283422e-07
16 -1.3483301202287372e-07
17 -1.35239206146187e-07
18 -1.3407151681657968e-07
19 -1.3360313814955527e-07
20 -1.3120604182406846e-07
21 -1.374329119896003e-07
22 -1.3673111153856402e-07
23 -1.359339890674008e-07
24 -1.3635726967264332e-07
25 -1.3037930410581561e-07
26 -1.3568543918629372e-07
27 -1.3666563932224442e-07
28 -1.3621222872066427e-07
29 -1.3589700197066187e-07
30 -1.3616653548873577e-07
31 -1.3427439548312603e-07
32 -1.2888141857724544e-07
33 -1.3457266650979692e-07
34 -1.3288917921238838e-07
35 -1.3656989209179467e-07
36 -1.4043653400492344e-07
37 -1.338956127830282e-07
38 -1.4245377346662628e-07
39 -1.3579068928609293e-07
40 -1.3415355918587433e-07
41 -1.35577327767401e-07
42 -1.3264697672426834e-07
43 -1.3074061975729715e-07
44 -1.3590251749957195e-07
45 -1.2906924402332092e-07
46 -1.327103271703301e-07
47 -1.3604894635522724e-07
48 -1.3653780887407727e-07
49 -1.4232945987110425e-07
50 -1.327408153116124e-07
51 -1.3941588311460116e-07
52 -1.3671409133206058e-07
53 -1.399136602952571e-07
54 -1.333081806802606e-07
55 -1.3524126870945548e-07
56 -1.3760974494853732e-07
57 -1.3718250920201816e-07
58 -1.324614569556e-07
59 -1.3028390447993742e-07
60 -1.3110299543009245e-07
61 -1.3273760114100233e-07
62 -1.380060402943329e-07
63 -1.3301100583860313e-07
64 -1.291098266231409e-07
65 -1.368416695563569e-07
66 -1.3314682323120854e-07
67 -1.3312726990021637e-07
68 -1.3502753666695993e-07
69 -1.3518411679447902e-07
70 -1.3981817013854634e-07
71 -1.4027762972571164e-07
72 -1.3674498695389087e-07
73 -1.3367476895088968e-07
74 -1.4227017428270184e-07
75 -1.3668378955183226e-07
76 -1.3611981321722333e-07
77 -1.2834591305248267e-07
78 -1.298411490315068e-07
79 -1.3205059743442106e-07
80 -1.3050569665271342e-07
81 -1.3677017624497331e-07
82 -1.3974155658918623e-07
83 -1.3301588283981549e-07
84 -1.356542536303343e-07
85 -1.4144221066128407e-07
86 -1.3452441938744532e-07
87 -1.336310217865752e-07
88 -1.3451646162015797e-07
89 -1.3422902762913359e-07
90 -1.327559034263761e-07
91 -1.3462761052068057e-07
92 -1.426589010794494e-07
93 -1.385325802146308e-07
94 -1.3036735943778673e-07
95 -1.2499523290217647e-07
96 -1.332835077824084e-07
97 -1.401175179145837e-07
98 -1.2794151328547123e-07
99 -1.3669093648608814e-07
100 -1.319058470746307e-07
101 -1.374394906431519e-07
102 -1.3588265947761618e-07
103 -1.3681196494301337e-07
104 -1.3591687971054375e-07
105 -1.358024782647326e-07
106 -1.3453894370074503e-07
107 -1.4180034662642398e-07
108 -1.3537274167833304e-07
109 -1.383095120960101e-07
110 -1.276507248443446e-07
111 -1.338790125883115e-07
112 -1.365238906947943e-07
113 -1.3699878282058805e-07
114 -1.397567765841611e-07
115 -1.3476715732049135e-07
116 -1.3498590127124586e-07
117 -1.3439063353551858e-07
118 -1.310657792136642e-07
119 -1.3232932676827636e-07
120 -1.3316630770346313e-07
121 -1.3164531936223754e-07
122 -1.298247939862228e-07
123 -1.3371980147326036e-07
124 -1.396570355941061e-07
125 -1.2542627643738438e-07
126 -1.394158571877019e-07
127 -1.2998175086316514e-07
128 -1.4224228316808371e-07
129 -1.3923009591043404e-07
130 -1.411425863231663e-07
131 -1.3515696504009706e-07
132 -1.33768353208274e-07
133 -1.3941289823188986e-07
134 -1.3267729216911316e-07
135 -1.3564739369078972e-07
136 -1.3786033319988626e-07
137 -1.4199274649911702e-07
138 -1.3808535778289662e-07
139 -1.319973907158753e-07
140 -1.4029693910631427e-07
141 -1.311078709790737e-07
142 -1.3523417655392012e-07
143 -1.3047980330200858e-07
144 -1.3291296422031136e-07
145 -1.2971805197113513e-07
146 -1.374003651300878e-07
147 -1.3401040804409084e-07
148 -1.26598582916577e-07
149 -1.3372717950663638e-07
150 -1.3183573257428047e-07
151 -1.3581526445888868e-07
152 -1.3727635016642428e-07
153 -1.4252213857087602e-07
154 -1.3371486296242388e-07
155 -1.3096133402355413e-07
156 -1.3820593278020285e-07
157 -1.3003404940396105e-07
158 -1.3698062640375646e-07
159 -1.3313859401392995e-07
160 -1.3300793677841425e-07
161 -1.325512805777155e-07
162 -1.295462052046174e-07
163 -1.3895091588947435e-07
164 -1.3357496257253977e-07
165 -1.3404381333349613e-07
166 -1.3582661338994153e-07
167 -1.3886412195178224e-07
168 -1.392265073721579e-07
169 -1.373741432544757e-07
170 -1.342859724116648e-07
171 -1.3349960365312057e-07
172 -1.2642568253821808e-07
173 -1.3482311401187043e-07
174 -1.3189621072554905e-07
175 -1.3710717976594198e-07
176 -1.3478072810179913e-07
177 -1.377537544658189e-07
178 -1.3331904804173058e-07
179 -1.331978521538396e-07
180 -1.280862992352286e-07
181 -1.343715902114213e-07
182 -1.3430595505713198e-07
183 -1.2865399518518908e-07
184 -1.3169907685414975e-07
185 -1.3187418967351584e-07
186 -1.3536470011457928e-07
187 -1.37673529035845e-07
188 -1.4215476166905354e-07
189 -1.36692871108644e-07
190 -1.4338044337219715e-07
191 -1.3655896089322558e-07
192 -1.3769164654586366e-07
193 -1.370656421473653e-07
194 -1.3097967350448976e-07
195 -1.3703801868772042e-07
196 -1.388711831197781e-07
197 -1.3743121065053653e-07
198 -1.3522771145781277e-07
199 -1.2948021979042046e-07
200 -1.363567859786987e-07
201 -1.349411632080849e-07
202 -1.364199253755587e-07
203 -1.2913184251058286e-07
204 -1.2959520032465068e-07
205 -1.3102536346564307e-07
206 -1.3311145030815665e-07
207 -1.293587407435818e-07
208 -1.3169034389764236e-07
209 -1.334024258733246e-07
210 -1.4369690829076339e-07
211 -1.365347041480325e-07
212 -1.3147276479063624e-07
213 -1.3360093610243033e-07
214 -1.39749018473742e-07
215 -1.3710189276348552e-07
216 -1.360626840643249e-07
217 -1.3590677337437546e-07
218 -1.3970459384120184e-07
219 -1.3259336359468505e-07
220 -1.3694627309732753e-07
221 -1.3380427598563815e-07
222 -1.2973798182651104e-07
223 -1.410089316396054e-07
224 -1.3627811603105543e-07
225 -1.331167961118246e-07
226 -1.4190740556884037e-07
227 -1.309354460386219e-07
228 -1.3936852364659157e-07
229 -1.374462937940875e-07
230 -1.303748300018465e-07
231 -1.3112261043308166e-07
232 -1.346565106016224e-07
233 -1.3608752828420936e-07
234 -1.3852456528482093e-07
235 -1.3582215189230083e-07
236 -1.322736408747472e-07
237 -1.332497550871905e-07
238 -1.3333953737130384e-07
239 -1.3528252255381925e-07
240 -1.4029585817002007e-07
241 -1.330758496377355e-07
242 -1.2956775636758302e-07
243 -1.441331481889062e-07
244 -1.3507724733939417e-07
245 -1.3325746704284365e-07
246 -1.3886225295852155e-07
247 -1.3376307365081526e-07
248 -1.331392168030536e-07
249 -1.3164038132884907e-07
250 -1.2971374829232804e-07
251 -1.2910363620222268e-07
252 -1.348551929723861e-07
253 -1.3135211939151232e-07
254 -1.3030734950083904e-07
255 -1.396230923704262e-07
256 -1.3281023815840795e-07
257 -1.3189595303353448e-07
258 -1.3462598739264309e-07
259 -1.3498044138269795e-07
260 -1.3725518212458957e-07
261 -1.3134534843136893e-07
262 -1.4090066140545917e-07
263 -1.43362444662707e-07
264 -1.3980015736156486e-07
265 -1.3498997921280707e-07
266 -1.3144258706014594e-07
267 -1.363300613111614e-07
268 -1.3640612105934678e-07
269 -1.3256855741572185e-07
270 -1.421707342850643e-07
271 -1.3598970848276856e-07
272 -1.3562151115269296e-07
273 -1.336518117871177e-07
274 -1.3619213736540575e-07
275 -1.3340500628300643e-07
276 -1.3744906606085736e-07
277 -1.4316071234056673e-07
278 -1.340906046601276e-07
279 -1.3781302926355082e-07
280 -1.3331356508217642e-07
281 -1.3584255565970034e-07
282 -1.390942226532188e-07
283 -1.364855283906868e-07
284 -1.35279646674732e-07
285 -1.3086407058618705e-07
286 -1.300428957236352e-07
287 -1.249907148725194e-07
288 -1.3944918668173863e-07
289 -1.2941634698972452e-07
290 -1.2963974791975715e-07
291 -1.311042886485013e-07
292 -1.365549778013005e-07
293 -1.2886542650220233e-07
294 -1.3426160202443237e-07
295 -1.3760745791921274e-07
296 -1.3569298506312658e-07
297 -1.3653701403937747e-07
298 -1.3227751267935273e-07
299 -1.326905397000575e-07
