0 7.395551555600439e-05
1 7.954227227148134e-05
2 7.762733266599749e-05
3 7.728296465376229e-05
4 8.072706666975589e-05
5 7.59423240527924e-05
6 7.811537235550841e-05
7 7.765618913101722e-05
8 7.786807773693007e-05
9 7.686634787014134e-05
10 7.471321611792018e-05
11 7.417308247523778e-05
12 7.411675189603071e-05
13 7.679437233004243e-05
14 8.120115621370813e-05
15 7.501002699259132e-05
16 7.620075975494016e-05
17 7.425439175659019e-05
18 7.628060853661932e-05
19 7.561803744599133e-05
20 7.427809010491586e-05
21 8.090711099501895e-05
22 7.809565034982094e-05
23 7.716047885129602e-05
24 7.98380651071194e-05
25 7.589272151771175e-05
26 7.515090907381567e-05
27 7.593867469807476e-05
28 7.816311989228084e-05
29 7.82228748875608e-05
30 7.611835000463861e-05
31 7.614833886320051e-05
32 7.409868907777742e-05
33 7.561800876455635e-05
34 7.70161958012682e-05
35 7.809891053798263e-05
36 7.64900493006725e-05
37 7.37505640422083e-05
38 7.793931970741526e-05
39 7.475798991790142e-05
40 7.722861370096876e-05
41 7.715965337781595e-05
42 7.425687704912233e-05
43 7.991182028176901e-05
44 7.433314796791096e-05
45 7.760475724804966e-05
46 7.441684299330124e-05
47 7.549727903516227e-05
48 7.880882879926696e-05
49 7.732025840826973e-05
50 7.602737251745985e-05
51 7.879589890005723e-05
52 7.7908578930836e-05
53 7.826091135244123e-05
54 7.276772376056373e-05
55 7.706948674062181e-05
56 7.879878274977582e-05
57 7.734133128437777e-05
58 7.803275369515606e-05
59 7.773655271253513e-05
60 7.303796389776952e-05
61 7.349829182570524e-05
62 7.594456022911852e-05
63 7.751718370094035e-05
64 7.685437322552916e-05
65 7.783969450104486e-05
66 7.203452943620445e-05
67 7.6891518122709e-05
68 7.570948381637642e-05
69 7.797755859166323e-05
70 7.730194727318864e-05
71 8.0660639892481e-05
72 7.450113099006013e-05
73 7.435052733691681e-05
74 7.754348651698147e-05
75 7.534609529188162e-05
76 7.402226790109148e-05
77 7.699777335809288e-05
78 7.53433814584619e-05
79 7.687432060347203e-05
80 7.590653489769202e-05
81 7.741021139278632e-05
82 7.682373199532851e-05
83 7.557715467682664e-05
84 7.883330495338127e-05
85 7.656726747088016e-05
86 7.638227508105741e-05
87 7.732423827158574e-05
88 7.634097509622777e-05
89 7.393885601651235e-05
90 7.424313934544215e-05
91 7.876026369198693e-05
92 7.475742729180113e-05
93 7.565050206864245e-05
94 7.556633789373032e-05
95 7.625268194893196e-05
96 7.418782766453053e-05
97 7.307714145181076e-05
98 7.638287478165171e-05
99 7.622521981283968e-05
100 7.828365912041623e-05
101 7.330506285514274e-05
102 7.45171247233022e-05
103 7.903694683345869e-05
104 7.777209183531579e-05
105 7.711474764700206e-05
106 7.51270831072525e-05
107 7.581885585713805e-05
108 7.65007598058402e-05
109 7.659576636167251e-05
110 7.507758835901288e-05
111 7.847315142786458e-05
112 7.513277521317363e-05
113 7.592752248479971e-05
114 7.658794238105693e-05
115 7.935648155560362e-05
116 7.681362266708379e-05
117 7.673968290474053e-05
118 7.858966889996781e-05
119 7.903630820469892e-05
120 7.604415694867859e-05
121 7.771779447863078e-05
122 7.65969906383697e-05
123 7.823059350331033e-05
124 7.428108900597939e-05
125 7.940278505095123e-05
126 7.730459474714791e-05
127 7.435798704120171e-05
128 8.197001395954988e-05
129 7.650067157368034e-05
130 7.839275418185637e-05
131 7.904583294650646e-05
132 7.619746883823411e-05
133 7.896271761591493e-05
134 7.795825153533104e-05
135 7.67961540112755e-05
136 7.447078809571885e-05
137 7.663129732520147e-05
138 7.783576799703411e-05
139 7.579098598981988e-05
140 7.987157553908675e-05
141 7.757481956353683e-05
142 7.726533540987233e-05
143 7.410180425161242e-05
144 7.554269681054651e-05
145 7.613958270142823e-05
146 7.729303934083883e-05
147 7.496808244549239e-05
148 7.421179195941234e-05
149 7.299539229474111e-05
150 7.558175719190345e-05
151 7.732170873165613e-05
152 7.647762204805846e-05
153 7.771183215124903e-05
154 7.923590114933947e-05
155 7.591329392747079e-05
156 7.656495647569192e-05
157 7.285260718331437e-05
158 7.485571302381451e-05
159 7.323160742144428e-05
160 7.62327208033598e-05
161 7.691444161491463e-05
162 7.616105626367931e-05
163 7.733310105164637e-05
164 7.990584201323292e-05
165 7.764601995807646e-05
166 7.830105914566807e-05
167 7.654479368568531e-05
168 7.625359410250853e-05
169 7.490428359328008e-05
170 7.645274721256266e-05
171 7.332094895379628e-05
172 7.482175797598845e-05
173 7.706484045559593e-05
174 7.327110702392996e-05
175 7.70309023968753e-05
176 7.724928678417925e-05
177 7.527783068885842e-05
178 7.3734424254652e-05
179 7.325660801682473e-05
180 7.20609949783208e-05
181 7.571122783988931e-05
182 7.537470672431844e-05
183 7.818797314333545e-05
184 7.890530480433236e-05
185 7.578664352763366e-05
186 7.993410356958846e-05
187 7.8645111443646e-05
188 7.792298885598275e-05
189 7.426600608847156e-05
190 7.700550855365543e-05
191 7.667293467176364e-05
192 7.36457966387784e-05
193 7.398846294048865e-05
194 7.695572076441897e-05
195 7.570215483158172e-05
196 7.918138142081014e-05
197 7.063165726870411e-05
198 7.433826296859862e-05
199 7.429729917831766e-05
200 7.893434204718539e-05
201 7.685837326832031e-05
202 7.579603975961604e-05
203 7.408182773382908e-05
204 7.215097590428798e-05
205 7.70213401096411e-05
206 7.65131818478568e-05
207 7.553114054433571e-05
208 7.668231661130898e-05
209 7.449412978635412e-05
210 8.006522834784054e-05
211 7.556339960653145e-05
212 7.844684116991671e-05
213 7.694726223100978e-05
214 7.38138190073692e-05
215 7.110971429182264e-05
216 7.710379850103469e-05
217 7.570740267068821e-05
218 7.542073061913406e-05
219 7.760595421957044e-05
220 7.706441760955191e-05
221 7.980630730360944e-05
222 7.365799151047876e-05
223 7.742872021606023e-05
224 7.925122200915321e-05
225 7.585314081682246e-05
226 7.551465482534707e-05
227 7.992188181395154e-05
228 8.0344073713435e-05
229 7.704461521675072e-05
230 7.4722676600839e-05
231 7.608264371479097e-05
232 7.742829895673855e-05
233 7.527357235979595e-05
234 7.690235191766999e-05
235 7.555449347871659e-05
236 7.87129736235453e-05
237 7.657532370486995e-05
238 7.778718790995614e-05
239 7.416637484950566e-05
240 7.65324070750987e-05
241 7.798465607795247e-05
242 7.791335580563964e-05
243 7.553603827067824e-05
244 8.180884708349149e-05
245 7.459245563721614e-05
246 7.62885270074198e-05
247 7.539982887600638e-05
248 7.790670822970296e-05
249 7.426580190639476e-05
250 7.501532483721468e-05
251 7.54519513852724e-05
252 7.531105610960661e-05
253 7.894869848742552e-05
254 7.883402366703168e-05
255 7.50299020002563e-05
256 7.625894475028958e-05
257 7.568854342175273e-05
258 7.235873369172735e-05
259 7.618563186320786e-05
260 7.520374955914657e-05
261 7.457266017044472e-05
262 7.913760459426945e-05
263 7.671750833749714e-05
264 7.531331445191816e-05
265 7.431247894684456e-05
266 7.669487521821617e-05
267 7.810186547056677e-05
268 7.563092489084314e-05
269 7.732647217556095e-05
270 7.83645920804914e-05
271 7.914047281241261e-05
272 7.681256077764738e-05
273 7.166055646191905e-05
274 7.488892407348501e-05
275 8.039239878126914e-05
276 7.728636501263071e-05
277 7.721740635848213e-05
278 7.706580856782365e-05
279 8.042293969491522e-05
280 7.614712119306475e-05
281 7.384277157338406e-05
282 7.736535624208477e-05
283 7.498005868746728e-05
284 7.477827611232476e-05
285 7.556318093010988e-05
286 7.583139652560985e-05
287 7.39412409398917e-05
288 7.408311609385278e-05
289 7.70143760667827e-05
290 7.68759360950058e-05
291 7.502147578150424e-05
292 7.647371797156905e-05
293 7.905553870104358e-05
294 7.787753300163179e-05
295 8.041547731685689e-05
296 7.696885419798613e-05
297 7.44789170420507e-05
298 7.2200190887547e-05
299 7.474816637589121e-05
