0 9.903149231734483e-07
1 1.112455905082528e-06
2 1.031285112460274e-06
3 1.1306322730329173e-06
4 1.1255598694279127e-06
5 9.777911427792096e-07
6 1.1262777321485876e-06
7 1.226758595172692e-06
8 9.523264144636551e-07
9 9.231809703460442e-07
10 1.0365151564405186e-06
11 9.027922485335053e-07
12 1.149654490034719e-06
13 1.2295990127037705e-06
14 1.2107025960947506e-06
15 1.2049184879893092e-06
16 1.2938549610712084e-06
17 1.0754075548850454e-06
18 9.665824726893943e-07
19 1.0375616358319834e-06
20 1.033388153875577e-06
21 1.2114761185418175e-06
22 1.0528127200522885e-06
23 1.1650799421904735e-06
24 1.1933994294493042e-06
25 1.074530967748002e-06
26 1.1490779140081998e-06
27 1.0638274275221663e-06
28 1.220964936380437e-06
29 1.3369753826280107e-06
30 1.0521724587791296e-06
31 1.2306237695511752e-06
32 8.499936285626668e-07
33 1.0152952142897878e-06
34 9.762179605838814e-07
35 1.0279432331077167e-06
36 1.1866991507140374e-06
37 1.0714149917785945e-06
38 9.37311261296649e-07
39 1.0288609726764944e-06
40 1.0262263966226008e-06
41 1.1584180556383625e-06
42 1.031662176871271e-06
43 1.2592773673525422e-06
44 1.2104221987299026e-06
45 1.2600106808878803e-06
46 1.042113125306382e-06
47 1.0867404483492604e-06
48 1.19245330244499e-06
49 1.1243635028544396e-06
50 8.439461350872854e-07
51 1.0980655342525317e-06
52 1.1839134372477334e-06
53 1.1179372275151618e-06
54 9.074425522393794e-07
55 1.1095994567974958e-06
56 1.1473747264108963e-06
57 1.0184356334483166e-06
58 1.0713305012614261e-06
59 1.226465807443986e-06
60 1.0200394544099971e-06
61 9.864077477490084e-07
62 1.067771421677818e-06
63 1.275487353631896e-06
64 1.1395062070336575e-06
65 1.1846152702403903e-06
66 1.0882661056344668e-06
67 1.1220288409311836e-06
68 1.232656388465511e-06
69 1.1404729689950618e-06
70 1.2222322382401571e-06
71 1.2297819356335206e-06
72 1.0178032638509495e-06
73 1.1186422968472577e-06
74 1.098748257198651e-06
75 1.0096998653153043e-06
76 1.0625866033898721e-06
77 1.0955398446576468e-06
78 9.046519821865993e-07
79 1.1661177111975136e-06
80 1.021212571124519e-06
81 1.1644868731787576e-06
82 1.127928862443135e-06
83 1.0362634370580027e-06
84 1.1654213171414365e-06
85 1.0608944017202133e-06
86 1.249299093195401e-06
87 1.271895485187524e-06
88 9.526834969065909e-07
89 1.0690538880664407e-06
90 1.141064463106488e-06
91 1.1639281296878067e-06
92 1.2090834974150414e-06
93 1.1023399814482629e-06
94 1.1953487032371664e-06
95 1.058882836326621e-06
96 8.513197232576983e-07
97 1.187639887956429e-06
98 1.0717319572121545e-06
99 1.1735653262703055e-06
100 1.2825431267791758e-06
101 8.626829532486545e-07
102 9.790734849584436e-07
103 1.0269288389916317e-06
104 1.1271053440614716e-06
105 1.0766443913004807e-06
106 1.0087868001737586e-06
107 1.083514856223526e-06
108 1.1081978990246253e-06
109 1.1677232739969352e-06
110 1.0573155984911617e-06
111 1.08330623032395e-06
112 1.1683482316334418e-06
113 1.1409785009080082e-06
114 1.081856299353127e-06
115 1.234965099869146e-06
116 1.178805333913466e-06
117 1.1226335406782821e-06
118 1.3535190827101353e-06
119 1.1128475800169707e-06
120 1.1262752439762061e-06
121 1.0312208162188804e-06
122 1.1723290487444464e-06
123 1.062417880365585e-06
124 1.087705822470922e-06
125 1.0726576590799232e-06
126 1.1496319527058642e-06
127 1.0053462603157703e-06
128 1.1627527799277959e-06
129 1.1449627230234307e-06
130 1.2435469374376468e-06
131 9.938967679122902e-07
132 1.2299276097817406e-06
133 1.1677565429107522e-06
134 1.2358747839390876e-06
135 1.189566933406851e-06
136 1.1512147891080266e-06
137 1.272383104045458e-06
138 1.089863462062023e-06
139 1.1619633086111863e-06
140 1.3599148913142941e-06
141 9.330283896445309e-07
142 1.051409950903053e-06
143 1.0850294579924283e-06
144 1.0373556406602485e-06
145 1.1803244815278056e-06
146 1.2785246632053448e-06
147 1.109850607567452e-06
148 1.1085132246853432e-06
149 1.13958775212142e-06
150 1.0881828178956328e-06
151 1.1360060224860875e-06
152 1.0695126986659024e-06
153 1.0192272724012037e-06
154 1.2011729715395027e-06
155 1.0124899472009991e-06
156 1.1476848260079613e-06
157 1.1289541639702375e-06
158 1.0267686493740256e-06
159 9.284800052215167e-07
160 1.1081835164954808e-06
161 1.1679965156224807e-06
162 1.1155033168789054e-06
163 1.188685170362799e-06
164 1.2623471059174784e-06
165 1.2252434086591378e-06
166 1.179529886297634e-06
167 1.172727562709082e-06
168 1.0583585384129396e-06
169 1.1093742137005863e-06
170 1.1966124561825229e-06
171 1.1562474994765472e-06
172 1.068315190798857e-06
173 1.1148850160503218e-06
174 9.098398095464495e-07
175 1.0626494877319354e-06
176 1.307717743598336e-06
177 1.136585062277439e-06
178 9.234281973535396e-07
179 1.096408292405326e-06
180 1.1377170305050327e-06
181 1.04566677398871e-06
182 1.0731157885730022e-06
183 1.1634968567180783e-06
184 1.2994243977240655e-06
185 8.029627736021133e-07
186 1.0847239175518767e-06
187 1.2302068693186927e-06
188 1.2533645593186532e-06
189 1.0234316843069336e-06
190 9.342900038276248e-07
191 1.102751078795202e-06
192 9.992384055850507e-07
193 1.031297008657777e-06
194 1.1577351378450928e-06
195 9.954383614781765e-07
196 1.22353723350012e-06
197 9.730940777930152e-07
198 1.047797807327317e-06
199 1.0886340796776428e-06
200 1.1395675655900711e-06
201 1.2234593890194921e-06
202 9.575898547792567e-07
203 1.0516196141671999e-06
204 1.0503819749571923e-06
205 9.54576140332165e-07
206 1.011100492564452e-06
207 1.2602274360057768e-06
208 9.342817933858915e-07
209 1.018366401289864e-06
210 1.3124169036785964e-06
211 1.1265909838043215e-06
212 1.1806666573306303e-06
213 1.0655077234272555e-06
214 1.0230340206949335e-06
215 9.974484200036376e-07
216 1.138031481911717e-06
217 1.1093288816478669e-06
218 1.1059818475253273e-06
219 1.2252141900645502e-06
220 1.0621809005313213e-06
221 1.0561938961273468e-06
222 1.1100623204726358e-06
223 9.942981338467471e-07
224 1.1849831224350762e-06
225 1.1893697104605496e-06
226 9.386658613536885e-07
227 1.1261275846567476e-06
228 1.1133976288757119e-06
229 1.1621902355851351e-06
230 1.1586150468734974e-06
231 9.84351663391459e-07
232 1.1529910457512363e-06
233 9.537433688401036e-07
234 1.3101457832456969e-06
235 1.1671323483471804e-06
236 1.1298511699381777e-06
237 1.1249901421650014e-06
238 1.2678256003326488e-06
239 1.0857866342630074e-06
240 1.2066050201005818e-06
241 9.906663398015014e-07
242 1.0510533855704741e-06
243 1.1048995797204511e-06
244 1.2180918708627725e-06
245 1.191281405540629e-06
246 1.0800189455982755e-06
247 1.1948046923381604e-06
248 1.0891498801203722e-06
249 1.0852418925955333e-06
250 1.1031709642068245e-06
251 1.2400823671663607e-06
252 1.0801066638618818e-06
253 1.1612823370563522e-06
254 1.133865242345677e-06
255 1.1193944565642426e-06
256 1.2171059105417782e-06
257 1.0385850964352378e-06
258 9.851846400490744e-07
259 1.3106113555125828e-06
260 1.0481770922570416e-06
261 1.0457313306416507e-06
262 1.3949820599062319e-06
263 1.25759841308708e-06
264 9.71122419266922e-07
265 1.1811836223047825e-06
266 9.963445630715314e-07
267 1.1925811632234708e-06
268 1.017037824829498e-06
269 1.1131201907612107e-06
270 1.2464348247725956e-06
271 1.009028142550537e-06
272 1.1121913672541794e-06
273 1.0258172177202733e-06
274 1.0771820093972975e-06
275 1.1509375765201492e-06
276 1.1555943940864274e-06
277 1.1564781613217784e-06
278 1.1792851763567024e-06
279 1.2238315445178174e-06
280 9.98816796620645e-07
281 8.96480867563396e-07
282 1.201081341882579e-06
283 1.1231491428153902e-06
284 1.067317353689334e-06
285 1.1418175698588646e-06
286 1.1498154750643193e-06
287 1.0257274253747257e-06
288 1.2576776802229242e-06
289 1.1427035525252312e-06
290 1.1815102527382025e-06
291 1.2194296217421289e-06
292 1.1650271394084024e-06
293 1.0907700600668155e-06
294 1.1034443672842058e-06
295 1.3185909829636322e-06
296 1.1920728810998355e-06
297 1.2882514941665625e-06
298 1.0824812400356007e-06
299 1.064835858300763e-06
