0 6.847899173059152e-05
1 7.365331871844489e-05
2 7.064968395144421e-05
3 7.060490795424022e-05
4 7.114802614844976e-05
5 6.810999796889266e-05
6 7.208992494107448e-05
7 7.088178071268954e-05
8 7.16429006444789e-05
9 7.085867864612875e-05
10 6.781661808365647e-05
11 6.540150505213288e-05
12 6.5720912855027e-05
13 6.796415170282515e-05
14 7.288569014274817e-05
15 6.804495444391549e-05
16 6.78429542182332e-05
17 6.759825106523913e-05
18 6.790444777904636e-05
19 6.834445126899068e-05
20 6.810169489886015e-05
21 7.325072785154407e-05
22 7.091079183831857e-05
23 6.842849338785828e-05
24 7.246164890228989e-05
25 6.751428633204453e-05
26 6.740191094335622e-05
27 6.929596276608327e-05
28 6.947878385779488e-05
29 6.712808728686587e-05
30 6.827202328421543e-05
31 6.725743688365363e-05
32 6.690350830773296e-05
33 6.816836635543721e-05
34 6.676122407298242e-05
35 7.321253958119359e-05
36 6.851572660135027e-05
37 6.475962528921485e-05
38 7.202417363640961e-05
39 6.628558026394442e-05
40 7.060910767763535e-05
41 7.065938789532059e-05
42 6.884637786476703e-05
43 7.244481036814902e-05
44 6.47311078454604e-05
45 7.08803451739396e-05
46 6.498462088350005e-05
47 6.897279957294619e-05
48 7.092516155725912e-05
49 6.98790990843487e-05
50 6.88717294163254e-05
51 6.951909333899831e-05
52 7.146083438945692e-05
53 6.944767058892352e-05
54 6.739205124618546e-05
55 6.790511474996486e-05
56 7.153030005624722e-05
57 6.998494277731818e-05
58 7.00660966758455e-05
59 6.792589673335063e-05
60 6.520479242745981e-05
61 6.455609136122139e-05
62 7.051153518543776e-05
63 6.826751334901304e-05
64 6.813902876138693e-05
65 6.893697499383542e-05
66 6.60472325859355e-05
67 7.145991422921815e-05
68 6.666895336197463e-05
69 7.251832035165666e-05
70 6.820924741603331e-05
71 7.484105414528714e-05
72 6.541649751889431e-05
73 6.770432112820001e-05
74 6.921559588757062e-05
75 6.668216151295782e-05
76 6.426411712158536e-05
77 6.94110578064473e-05
78 6.921999144818901e-05
79 6.915824965320936e-05
80 6.93742089550229e-05
81 6.834785710857968e-05
82 6.767369575652069e-05
83 6.934765280447492e-05
84 7.045224445526774e-05
85 6.624325658293317e-05
86 6.726380439059147e-05
87 6.779930357365679e-05
88 6.992183358748114e-05
89 6.536166257791555e-05
90 6.42231055133561e-05
91 7.344828593937341e-05
92 6.618062537434677e-05
93 6.85225819941398e-05
94 6.649950158219752e-05
95 6.824323442128817e-05
96 6.720962151791683e-05
97 6.504675163155699e-05
98 6.902563625883427e-05
99 6.947888728365927e-05
100 6.993842479059088e-05
101 6.687330906270488e-05
102 6.821672291465503e-05
103 7.334243205335134e-05
104 6.926279360744367e-05
105 7.029797986039334e-05
106 6.768460180374967e-05
107 6.97107031320209e-05
108 6.922709921824052e-05
109 6.905370942301747e-05
110 6.90832491726331e-05
111 7.183875357377823e-05
112 6.638654403643283e-05
113 6.712320528588985e-05
114 6.96904587955433e-05
115 7.330385942219725e-05
116 6.830382393197045e-05
117 7.053197257478346e-05
118 6.990075511489451e-05
119 7.196882367834887e-05
120 6.7040100674466e-05
121 7.448317110063412e-05
122 6.836835512976573e-05
123 6.976696253894495e-05
124 6.7459525511961e-05
125 7.31575272989395e-05
126 6.881816893794194e-05
127 6.709956439927579e-05
128 7.563626400773419e-05
129 6.931370717982428e-05
130 7.10728256083644e-05
131 7.301537505032235e-05
132 6.640552932911193e-05
133 7.099474477862841e-05
134 7.069227656317863e-05
135 6.960826458728442e-05
136 6.595096295504824e-05
137 6.808030365653744e-05
138 7.085855650550835e-05
139 6.684679833664087e-05
140 7.260749421657158e-05
141 7.220442558977295e-05
142 6.94804118092711e-05
143 6.586615152507266e-05
144 6.756887367842083e-05
145 6.802683439880132e-05
146 6.854972182272285e-05
147 6.742090841600954e-05
148 6.523600648781266e-05
149 6.562806802333679e-05
150 6.74591732320394e-05
151 6.953210020967777e-05
152 6.582521448800762e-05
153 6.990380839422173e-05
154 7.105736450799804e-05
155 6.708616622298597e-05
156 6.673516922128536e-05
157 6.483501155012334e-05
158 6.708758805803658e-05
159 6.558180888450353e-05
160 6.808097341217684e-05
161 6.914672039793146e-05
162 6.773384175482965e-05
163 6.96931211780191e-05
164 7.385464857343401e-05
165 6.720829339771229e-05
166 7.129878491239655e-05
167 6.744870711188971e-05
168 6.822462010838469e-05
169 6.489328202821837e-05
170 7.065451671683263e-05
171 6.367666276974138e-05
172 6.681259515213917e-05
173 6.724676254585133e-05
174 6.574907243030538e-05
175 6.863444082174443e-05
176 6.922475003999759e-05
177 6.902187272865367e-05
178 6.59409253011495e-05
179 6.264587713974588e-05
180 6.506705484305342e-05
181 6.974391632784665e-05
182 6.835099374003853e-05
183 7.200874280002202e-05
184 7.062752175489162e-05
185 7.130705765856701e-05
186 7.013288817346677e-05
187 7.099557636465715e-05
188 6.910921742025215e-05
189 6.670838906941404e-05
190 7.165296666209908e-05
191 6.93187030204441e-05
192 6.472684214023965e-05
193 6.436751445930856e-05
194 6.79698044664895e-05
195 6.694309516869504e-05
196 6.94728825307808e-05
197 6.3135592449285e-05
198 6.645176976677359e-05
199 6.663404070592257e-05
200 7.264410662533347e-05
201 7.040590439435314e-05
202 6.891016528341348e-05
203 6.87537640082362e-05
204 6.550988715836626e-05
205 6.96261419665236e-05
206 6.873154913920349e-05
207 6.707260417791458e-05
208 6.991607284197656e-05
209 6.729481945621456e-05
210 7.302507907020936e-05
211 6.846797998672272e-05
212 7.015414719761775e-05
213 7.07973479363969e-05
214 6.55001096112466e-05
215 6.395707586853355e-05
216 6.841568769363355e-05
217 6.942700044678547e-05
218 6.754869057627773e-05
219 6.941018527089804e-05
220 7.319501665519634e-05
221 7.422589277957533e-05
222 6.547829785218442e-05
223 7.025741222258169e-05
224 7.134016325140381e-05
225 6.924907250498441e-05
226 7.05405898282215e-05
227 7.256726122807094e-05
228 7.3093180154463e-05
229 7.003690195196925e-05
230 6.634106126541374e-05
231 7.022763161344064e-05
232 7.094141911864426e-05
233 6.704537990103742e-05
234 6.707298080380166e-05
235 6.662136611213858e-05
236 7.044573057785972e-05
237 6.932151737961706e-05
238 6.856401689265947e-05
239 6.809214917768023e-05
240 6.71603321701056e-05
241 7.023594162843884e-05
242 7.085411068748534e-05
243 6.759882320956497e-05
244 7.372313823174399e-05
245 6.442336463111328e-05
246 6.647127161961746e-05
247 6.666427831599521e-05
248 6.870854279949561e-05
249 6.62533009120212e-05
250 6.759460088583728e-05
251 6.696859457307328e-05
252 6.720649010119968e-05
253 7.042704809971679e-05
254 7.156163265478811e-05
255 6.805498642911135e-05
256 6.543461562933527e-05
257 6.788334020642488e-05
258 6.396493654704322e-05
259 6.47407542103455e-05
260 6.607070264056526e-05
261 6.59552710555477e-05
262 7.088179860814584e-05
263 6.887290892746992e-05
264 6.592807671761084e-05
265 6.77492504211893e-05
266 6.77355362239552e-05
267 6.939161530548578e-05
268 6.799694344766619e-05
269 6.879999128848621e-05
270 7.235026708352569e-05
271 7.470302226692568e-05
272 6.957704885154288e-05
273 6.275409428111712e-05
274 6.70319571037838e-05
275 7.313028449654923e-05
276 7.00242333553227e-05
277 6.963400265321819e-05
278 6.588052502444166e-05
279 7.113055186315091e-05
280 6.987625948754698e-05
281 6.826752720352797e-05
282 6.737888956177109e-05
283 6.619102439367934e-05
284 6.74695565304227e-05
285 6.669700613831406e-05
286 6.800100651064504e-05
287 6.67590125131654e-05
288 6.480230542108361e-05
289 6.802857090790313e-05
290 6.763022933540436e-05
291 6.528504593396686e-05
292 6.791837183792691e-05
293 6.935550001370099e-05
294 7.012218443355947e-05
295 7.098670096319674e-05
296 6.667753953441381e-05
297 6.369259236883645e-05
298 6.334031023820093e-05
299 6.839610784181266e-05
