0 4.723938608678822e-05
1 4.9084933692470934e-05
2 5.033092286940163e-05
3 4.971428965686441e-05
4 5.3830472306831243e-05
5 5.145876587512864e-05
6 4.89375383252494e-05
7 4.950907755792113e-05
8 4.8762704500427e-05
9 4.9057867129522694e-05
10 4.989121509396977e-05
11 5.207334783333571e-05
12 5.138044722080553e-05
13 5.173048366123105e-05
14 5.180476847323794e-05
15 4.942656934644818e-05
16 5.1041684726398074e-05
17 4.9394495909006434e-05
18 5.192046176738566e-05
19 5.051264782280994e-05
20 4.835986086805783e-05
21 5.176593807172769e-05
22 5.068125023487521e-05
23 5.2560183006428484e-05
24 5.0372675775767476e-05
25 5.119704622598073e-05
26 5.0504621264439405e-05
27 4.9578554497562584e-05
28 5.220362992445622e-05
29 5.498051897676914e-05
30 5.0572015774641524e-05
31 5.2245009385519196e-05
32 4.9809625324796464e-05
33 5.033799988819157e-05
34 5.408004062298928e-05
35 4.788340234342813e-05
36 5.0863129290631536e-05
37 5.1612073961216756e-05
38 4.889735330173609e-05
39 5.139868816751905e-05
40 5.011333523729402e-05
41 4.96162423756541e-05
42 4.754427144443709e-05
43 5.1098466235024286e-05
44 5.258571390569706e-05
45 4.9552656382572965e-05
46 5.243247700269058e-05
47 4.948702566762603e-05
48 5.1549062280588825e-05
49 5.065371257259434e-05
50 5.0148588027987354e-05
51 5.344548706578006e-05
52 4.949511320512551e-05
53 5.228606450471168e-05
54 4.701600777698623e-05
55 5.2421343344478206e-05
56 5.031371082917735e-05
57 5.074432306903226e-05
58 5.160364240813694e-05
59 5.3121403789971954e-05
60 5.02642747797875e-05
61 5.174878806767385e-05
62 4.785817428943185e-05
63 5.286972042565465e-05
64 5.1597751682494116e-05
65 5.255752170720375e-05
66 4.807342745209316e-05
67 4.810213199671914e-05
68 5.2675105911077075e-05
69 4.84592414997352e-05
70 5.250580583271596e-05
71 4.922626620295389e-05
72 5.1727824643706986e-05
73 4.914344580474938e-05
74 5.186201889564641e-05
75 5.13823453677135e-05
76 5.270797678957428e-05
77 5.026062790673921e-05
78 4.827052491885693e-05
79 5.05083839654493e-05
80 4.945445484049744e-05
81 5.2048281874532925e-05
82 5.2352521163880074e-05
83 4.840176334067903e-05
84 5.1649780067693816e-05
85 5.3293751071943286e-05
86 5.211988987200083e-05
87 5.2899958110721345e-05
88 4.899373580600635e-05
89 5.161524227161222e-05
90 5.3032241900276926e-05
91 4.7872022153333027e-05
92 5.2150921415277364e-05
93 4.961616516662007e-05
94 5.270944877696281e-05
95 5.155556910409055e-05
96 4.940336777984358e-05
97 5.021139602368134e-05
98 5.003076216870462e-05
99 4.923436295282762e-05
100 5.112247236121428e-05
101 4.909623419240108e-05
102 4.870162267790143e-05
103 4.8560629812778586e-05
104 5.1511969565809565e-05
105 4.965113347947797e-05
106 4.996979488633053e-05
107 4.8524394004864906e-05
108 4.966222870777858e-05
109 5.005066565270526e-05
110 4.865995449500717e-05
111 4.945087726222149e-05
112 5.108811171703655e-05
113 5.1514271433512557e-05
114 4.951811114220424e-05
115 4.8801538913256965e-05
116 5.201903793788631e-05
117 4.876465387319915e-05
118 5.1966423421440024e-05
119 5.09135165613935e-05
120 5.159953083235903e-05
121 4.517842430361709e-05
122 5.116527906669692e-05
123 5.181004283328376e-05
124 4.934719414502854e-05
125 4.945638427449866e-05
126 5.159078254674725e-05
127 5.004430910552882e-05
128 4.971825786613295e-05
129 4.99944854438273e-05
130 5.039301010550912e-05
131 4.888045164746482e-05
132 5.2577359376744375e-05
133 5.143007079842491e-05
134 5.0186822831066944e-05
135 5.000386084962861e-05
136 5.124402701570372e-05
137 5.1276324101661966e-05
138 5.053687485599617e-05
139 5.255430773298751e-05
140 5.0798523900645235e-05
141 4.7515346164391275e-05
142 5.1110848611911167e-05
143 5.112359343241842e-05
144 5.091108545780189e-05
145 5.043748737127537e-05
146 5.1924737228012266e-05
147 5.034179826581806e-05
148 5.1925526470028016e-05
149 4.949412271872723e-05
150 5.079111632869904e-05
151 5.126397507940194e-05
152 5.442703376469156e-05
153 5.1245684453168975e-05
154 5.1633912011414e-05
155 5.156856577051696e-05
156 5.3102033058669775e-05
157 5.023576823085476e-05
158 5.0239824851074675e-05
159 4.999943008650714e-05
160 5.0887596002270576e-05
161 5.021177383759974e-05
162 5.162159781860586e-05
163 5.099726357402929e-05
164 4.943475099116802e-05
165 5.437163982797693e-05
166 5.037440119018052e-05
167 5.28236382439837e-05
168 5.071056045943321e-05
169 5.2615607116373806e-05
170 4.807194834640615e-05
171 5.239084889011564e-05
172 5.058893016011091e-05
173 5.292891254955774e-05
174 4.9786002976393546e-05
175 5.1535230003712e-05
176 5.0596729656019735e-05
177 4.8445334494104725e-05
178 5.104548812431482e-05
179 5.377092305988639e-05
180 4.949019812660238e-05
181 4.845162034608592e-05
182 4.950060991931302e-05
183 4.887335591085868e-05
184 5.191392613059737e-05
185 4.71026227300034e-05
186 5.427772061415631e-05
187 5.0201468954069556e-05
188 5.260303363527077e-05
189 4.989614509004828e-05
190 4.8155815107846124e-05
191 4.9779843343675255e-05
192 5.2619382067511416e-05
193 5.272001409887998e-05
194 5.2249678907665045e-05
195 5.232049178466492e-05
196 5.394335352100051e-05
197 4.952971864482125e-05
198 5.0095743174385374e-05
199 4.979061019345861e-05
200 4.920038188296269e-05
201 4.9387602981309015e-05
202 4.969744809700924e-05
203 4.7348456690149606e-05
204 4.844067233711756e-05
205 5.0797707823186214e-05
206 5.031296512867566e-05
207 5.0820771099731455e-05
208 4.983572818639239e-05
209 4.9595385865679404e-05
210 5.080155355114451e-05
211 4.9558943344720524e-05
212 5.176355812591654e-05
213 4.873564128567535e-05
214 5.1340487224962286e-05
215 4.903619322353343e-05
216 5.197500923536728e-05
217 4.876500936495497e-05
218 5.028626217601383e-05
219 5.148391198271025e-05
220 4.609013528956126e-05
221 4.9032185536489907e-05
222 5.117655129704457e-05
223 5.114644936386321e-05
224 5.170943680198387e-05
225 4.919728957037409e-05
226 4.785036956744435e-05
227 5.072151215939728e-05
228 5.126507040195175e-05
229 5.016501974496529e-05
230 5.1216397685112243e-05
231 4.8962928668171405e-05
232 4.9153571001468705e-05
233 5.128900267860945e-05
234 5.2806582402771994e-05
235 5.211770584565249e-05
236 5.162474221861463e-05
237 5.0730343705507717e-05
238 5.2422290243637366e-05
239 4.802435440088672e-05
240 5.2098503979827186e-05
241 5.1664460852917214e-05
242 5.032623389461092e-05
243 5.103894901619476e-05
244 5.1678291409851465e-05
245 5.3450617666743596e-05
246 5.4104790613411845e-05
247 5.1047391178498354e-05
248 5.296792872265068e-05
249 4.9981977593118e-05
250 5.0052080245815406e-05
251 5.16937622890835e-05
252 5.112367170669988e-05
253 5.128689743203998e-05
254 5.0861231444755206e-05
255 4.9421055289749883e-05
256 5.397696793018934e-05
257 5.083338815440589e-05
258 5.098618790480424e-05
259 5.523518959131274e-05
260 5.231607638254873e-05
261 5.1442948864987226e-05
262 5.1188528431394676e-05
263 5.099876081749961e-05
264 5.220455178922209e-05
265 4.9072931828175135e-05
266 5.193208909367018e-05
267 5.218650498219633e-05
268 5.049135972151835e-05
269 5.145999101486779e-05
270 4.91899575632601e-05
271 4.6786208408819196e-05
272 5.0277114531141366e-05
273 5.0518827910242194e-05
274 5.064493748658805e-05
275 5.105512484063028e-05
276 5.0279546605054775e-05
277 5.0865941281106e-05
278 5.485788896976214e-05
279 5.3320008936513e-05
280 4.88821631439192e-05
281 4.75887019299121e-05
282 5.340789710074293e-05
283 5.159107137131776e-05
284 5.0180555448588834e-05
285 5.224676794633739e-05
286 5.0325343132549016e-05
287 4.928189654307418e-05
288 5.21311382307672e-05
289 5.229778814395101e-05
290 5.28992830255775e-05
291 5.238597879678624e-05
292 5.116107113982515e-05
293 5.3004234108325915e-05
294 5.1041696227118175e-05
295 5.38279099379608e-05
296 5.398856809660838e-05
297 5.3309505134521655e-05
298 5.128479046041003e-05
299 4.8992694064625374e-05
