0 2.198365830920231e-05
1 2.0765874638924985e-05
2 2.15362942817996e-05
3 2.1454213817371847e-05
4 1.9826997273524e-05
5 2.1594638173198206e-05
6 2.0755454523468637e-05
7 2.081043035816325e-05
8 2.1008261765506118e-05
9 2.213801058887289e-05
10 2.1693535338139063e-05
11 2.1573531110784914e-05
12 2.1573382843080946e-05
13 1.994035588942574e-05
14 2.001389448965409e-05
15 2.1295393696409612e-05
16 2.107077132009483e-05
17 2.1910698609618396e-05
18 2.139486603025819e-05
19 2.1544207787674097e-05
20 2.2218743482446445e-05
21 2.0532214261872993e-05
22 2.1278029350237662e-05
23 2.0822689797116635e-05
24 2.0723539763729655e-05
25 2.0892392824922434e-05
26 2.1181527376863015e-05
27 2.148482177855908e-05
28 2.021783831918859e-05
29 2.0161509402224293e-05
30 2.149009697540384e-05
31 2.1117309535877816e-05
32 2.2167522076309033e-05
33 2.143299500118359e-05
34 2.117108224664452e-05
35 2.133855960344581e-05
36 2.0820887301634616e-05
37 2.1081809889201297e-05
38 2.1376633316832716e-05
39 2.140056142171898e-05
40 2.1400713685903654e-05
41 2.1673128460547034e-05
42 2.2158036878166943e-05
43 2.0454888194316233e-05
44 2.1368861205774777e-05
45 2.119004941343151e-05
46 2.1505603469002547e-05
47 2.1594232779995512e-05
48 2.0550897309617483e-05
49 2.0955559463287172e-05
50 2.1686745413996443e-05
51 2.020558331768743e-05
52 2.105544340570061e-05
53 2.079083409407848e-05
54 2.2202710217687946e-05
55 2.066186913814432e-05
56 2.033520513562109e-05
57 2.122285830662522e-05
58 2.0952047093801998e-05
59 2.058321663932289e-05
60 2.161319907342589e-05
61 2.1698892662714134e-05
62 2.1805219317096865e-05
63 2.077721936063655e-05
64 2.05940324478147e-05
65 2.0677282155452155e-05
66 2.230301001003354e-05
67 2.1198020229044787e-05
68 2.107326257417891e-05
69 2.1175286081167246e-05
70 2.0885511631799685e-05
71 2.0210407110269224e-05
72 2.140677066056588e-05
73 2.2169539174481288e-05
74 2.0949732867411965e-05
75 2.1317142171389613e-05
76 2.1828837872211345e-05
77 2.0988344144937902e-05
78 2.161059132821579e-05
79 2.0828627170462934e-05
80 2.166666775533017e-05
81 2.0674227361233792e-05
82 2.0455750673319248e-05
83 2.1694438443735496e-05
84 2.0077601951104797e-05
85 2.0400155666706367e-05
86 2.0784354314483074e-05
87 2.051115153302556e-05
88 2.1289548349686695e-05
89 2.1337367494279283e-05
90 2.14185972695224e-05
91 2.0746278792455743e-05
92 2.1703109619520596e-05
93 2.1619374633265434e-05
94 2.154776666698665e-05
95 2.1470592516240146e-05
96 2.2123410559923872e-05
97 2.146939067258469e-05
98 2.078933551042001e-05
99 2.048677999637313e-05
100 2.0051383432365324e-05
101 2.2203657898541286e-05
102 2.2152052063392443e-05
103 2.0851598791092055e-05
104 2.0796935389471902e-05
105 2.131767823738282e-05
106 2.154051748433838e-05
107 2.1369482982446732e-05
108 2.137878261715625e-05
109 2.0951939881191484e-05
110 2.168606572561212e-05
111 2.0642093521301346e-05
112 2.058032893420657e-05
113 2.1195059852561e-05
114 2.112382916865321e-05
115 2.031411867001317e-05
116 2.06761832912752e-05
117 2.1168492114940044e-05
118 2.022040488212169e-05
119 2.1024707515589075e-05
120 2.072804279164897e-05
121 2.124381116662983e-05
122 2.093485247653317e-05
123 2.0677544123778687e-05
124 2.2048096086426142e-05
125 2.068813773427877e-05
126 2.0335304697967982e-05
127 2.1703514215034233e-05
128 1.9982712541928234e-05
129 2.090218008832512e-05
130 2.0403848395953e-05
131 2.0848518688811948e-05
132 2.034399453902848e-05
133 2.012795564417831e-05
134 2.0837761984380104e-05
135 2.10929548041441e-05
136 2.0945248883076258e-05
137 2.0603204186312006e-05
138 2.148076645371935e-05
139 2.126449632609897e-05
140 2.0193652885639457e-05
141 2.1234281243071475e-05
142 2.1266665860408836e-05
143 2.1389942110367514e-05
144 2.0919170353865696e-05
145 2.089767121304784e-05
146 2.037736555886046e-05
147 2.1508164157974247e-05
148 2.117290521751638e-05
149 2.1590407415180224e-05
150 2.1189163777729422e-05
151 2.1006747987510704e-05
152 2.0788241863145588e-05
153 2.1247852377039226e-05
154 2.054381303826003e-05
155 2.104317162128692e-05
156 2.063805210456832e-05
157 2.1493441805813907e-05
158 2.1597453363508793e-05
159 2.219593864589564e-05
160 2.0869770844681952e-05
161 2.0799439505614884e-05
162 2.108299164108649e-05
163 2.0910198779060013e-05
164 2.0738900826450865e-05
165 2.0567054491917517e-05
166 2.071073334636676e-05
167 2.1124354666496533e-05
168 2.1196392714524557e-05
169 2.101892699454469e-05
170 2.1487664718863112e-05
171 2.122136804956956e-05
172 2.1344056611075268e-05
173 2.0452029824375815e-05
174 2.1830307092895055e-05
175 2.1041260012650676e-05
176 2.056511260014704e-05
177 2.1471102818483604e-05
178 2.210441250366525e-05
179 2.153126379986516e-05
180 2.2027174380833606e-05
181 2.1672592738097776e-05
182 2.154802317168126e-05
183 2.0999320981312723e-05
184 2.027149494898511e-05
185 2.271965291403273e-05
186 2.0064966907587813e-05
187 2.0282385979625245e-05
188 2.0533270054280866e-05
189 2.1550281921963302e-05
190 2.154768181565015e-05
191 2.097487280677898e-05
192 2.2111753130499915e-05
193 2.137692704418814e-05
194 2.0816477016151787e-05
195 2.1484514743536806e-05
196 2.0785875482861295e-05
197 2.2141429284595e-05
198 2.1466853190694578e-05
199 2.210199725077044e-05
200 2.0589244349130687e-05
201 2.122532039003662e-05
202 2.139640797027118e-05
203 2.2126765880563093e-05
204 2.2348091915797117e-05
205 2.1419436989220193e-05
206 2.119717152158607e-05
207 2.0986932525069346e-05
208 2.1966019881649457e-05
209 2.1929272091329874e-05
210 2.06891552087552e-05
211 2.1187061530308818e-05
212 2.05992834139526e-05
213 2.1343075603364273e-05
214 2.186314696026376e-05
215 2.2164053258885854e-05
216 2.096279165859458e-05
217 2.101140271940364e-05
218 2.148733905042348e-05
219 2.0735506437096958e-05
220 2.1886182658737098e-05
221 2.1173059225120192e-05
222 2.1809856411214352e-05
223 2.160768132719625e-05
224 2.0297263931223914e-05
225 2.1267615463752382e-05
226 2.204697320827442e-05
227 2.044020103720043e-05
228 2.0707175032197005e-05
229 2.0991140182561237e-05
230 2.1486224084121193e-05
231 2.209057669114194e-05
232 2.0886818101843373e-05
233 2.1317225531165344e-05
234 2.0108161179205156e-05
235 2.0712478245210467e-05
236 2.0292944423303652e-05
237 2.15238483462628e-05
238 2.0609732201988966e-05
239 2.1265520930744495e-05
240 2.0599012527791278e-05
241 2.1229579399919586e-05
242 2.046133687231064e-05
243 2.1346669849427884e-05
244 1.9840221452471794e-05
245 2.119305991798181e-05
246 2.1514399370253774e-05
247 2.0612734252178235e-05
248 2.0479341797236983e-05
249 2.1638886605647245e-05
250 2.1172483314167855e-05
251 2.1637366473848246e-05
252 2.184587033244399e-05
253 2.0130548653241358e-05
254 2.0908822199469644e-05
255 2.1587483645602264e-05
256 2.0365631183539675e-05
257 2.1068827682426667e-05
258 2.218906669944251e-05
259 2.0318752153284894e-05
260 2.1366025912284815e-05
261 2.1231411680028846e-05
262 1.9993679459860547e-05
263 2.117802394317237e-05
264 2.101322851045047e-05
265 2.2264510830149213e-05
266 2.09486637620054e-05
267 2.078775891265188e-05
268 2.1158855598745478e-05
269 2.0547077692809744e-05
270 2.0939205035078448e-05
271 2.1369795923586558e-05
272 2.120757367058801e-05
273 2.1273589581319917e-05
274 2.1180841954953857e-05
275 2.0620680363178362e-05
276 2.1437387733427682e-05
277 2.052176238046142e-05
278 2.0432749904810453e-05
279 2.006882327623682e-05
280 2.172236936509396e-05
281 2.2264040549396935e-05
282 2.023835333075782e-05
283 2.1145577024740172e-05
284 2.2048311464077145e-05
285 2.1297486530153072e-05
286 2.1188424674459292e-05
287 2.1326803658438668e-05
288 2.1169882798634304e-05
289 2.0662910209376118e-05
290 2.1082259448217707e-05
291 2.0406711449202455e-05
292 2.1215919690458097e-05
293 2.041474440552414e-05
294 2.0962566334156407e-05
295 1.9920779795706213e-05
296 2.0306235149088178e-05
297 2.0665380059598e-05
298 2.1756785371246173e-05
299 2.1829574248985542e-05
