0 -2.916971663681742e-05
1 -2.977538772724148e-05
2 -3.219766244534011e-05
3 -3.157307374804005e-05
4 -3.559216743931429e-05
5 -3.3135920219211195e-05
6 -3.0222837256756516e-05
7 -3.120910453812949e-05
8 -3.074295078591877e-05
9 -3.128914467813882e-05
10 -3.124012298893772e-05
11 -3.3911584510196945e-05
12 -3.316214716492484e-05
13 -3.347501818371637e-05
14 -3.434817530222938e-05
15 -3.109865837420149e-05
16 -3.379499146569117e-05
17 -3.0935059261399046e-05
18 -3.4302545058977266e-05
19 -3.1501081379217725e-05
20 -3.0298769229602552e-05
21 -3.307214978695891e-05
22 -3.264879606641199e-05
23 -3.4237924847290085e-05
24 -3.299471946418332e-05
25 -3.347996779827887e-05
26 -3.241599022912279e-05
27 -3.097039644138867e-05
28 -3.374990549614373e-05
29 -3.836002288745838e-05
30 -3.397154579501951e-05
31 -3.430206457182955e-05
32 -3.195936178280351e-05
33 -3.245861784225074e-05
34 -3.718925204501701e-05
35 -2.8346333492482882e-05
36 -3.26361776489306e-05
37 -3.362921353293266e-05
38 -3.0637981474834786e-05
39 -3.408800940996977e-05
40 -3.0935675995071675e-05
41 -3.098308194771762e-05
42 -2.9007643233938836e-05
43 -3.232039042795865e-05
44 -3.5439439843406276e-05
45 -3.102616190864322e-05
46 -3.5817864936833134e-05
47 -3.0365655324247173e-05
48 -3.269051995952985e-05
49 -3.2354706157743176e-05
50 -3.241861644856639e-05
51 -3.500534327773143e-05
52 -3.034056662791132e-05
53 -3.536943473524584e-05
54 -2.8916237817828953e-05
55 -3.545718528236706e-05
56 -3.1958553266016356e-05
57 -3.219733438837286e-05
58 -3.340727235206242e-05
59 -3.64653213963554e-05
60 -3.249573471846722e-05
61 -3.486468873896324e-05
62 -2.9019130414686003e-05
63 -3.544758413375502e-05
64 -3.418659629653155e-05
65 -3.500783271589666e-05
66 -2.9282100949603117e-05
67 -2.9435492248881496e-05
68 -3.438674200290517e-05
69 -2.9176783504797557e-05
70 -3.497796222814274e-05
71 -2.9630296071362403e-05
72 -3.516032323730787e-05
73 -3.119813726116162e-05
74 -3.39588960920026e-05
75 -3.431332661287106e-05
76 -3.673864003369681e-05
77 -3.235102954382837e-05
78 -3.0090524550003695e-05
79 -3.223890370309544e-05
80 -3.114441600723731e-05
81 -3.520090375861187e-05
82 -3.469756659381169e-05
83 -3.0585781257051287e-05
84 -3.3588318416258466e-05
85 -3.6864530262244546e-05
86 -3.444148238159758e-05
87 -3.4455958861513045e-05
88 -3.0912980433339066e-05
89 -3.32564921488862e-05
90 -3.608647602894282e-05
91 -2.8616726023185763e-05
92 -3.353539138075654e-05
93 -3.2055152415884917e-05
94 -3.442189909219311e-05
95 -3.34717298663136e-05
96 -3.224480261885105e-05
97 -3.2454216901150935e-05
98 -3.201670171642446e-05
99 -3.06227671767835e-05
100 -3.34311516866192e-05
101 -3.071797272787598e-05
102 -3.0803653335526375e-05
103 -2.9924173293090042e-05
104 -3.4360132055191255e-05
105 -3.1586118592733146e-05
106 -3.241468591424018e-05
107 -2.9801282598878243e-05
108 -3.25368465621944e-05
109 -3.2375341901277114e-05
110 -2.980877356931318e-05
111 -3.099675780089812e-05
112 -3.394999574980655e-05
113 -3.4979368291326254e-05
114 -3.147214684812289e-05
115 -2.9945881242731056e-05
116 -3.316566370503356e-05
117 -2.9810461790133267e-05
118 -3.388869826543936e-05
119 -3.21091626698048e-05
120 -3.4616398717499645e-05
121 -2.568298889884222e-05
122 -3.376935573802645e-05
123 -3.4155518236645486e-05
124 -3.114381606355385e-05
125 -3.020108325267868e-05
126 -3.335315303149728e-05
127 -3.189692079731182e-05
128 -3.0918977674000925e-05
129 -3.204683880159928e-05
130 -3.1490424942225395e-05
131 -3.0716571869049086e-05
132 -3.584538718604812e-05
133 -3.305995263920805e-05
134 -3.2050682644523604e-05
135 -3.169934118416813e-05
136 -3.3154715425246105e-05
137 -3.42374843190063e-05
138 -3.2001833639910874e-05
139 -3.4183925487118346e-05
140 -3.2021075432291114e-05
141 -2.9363219739151923e-05
142 -3.291000273954635e-05
143 -3.261906854528261e-05
144 -3.2653694886887744e-05
145 -3.313037153411904e-05
146 -3.431750710896583e-05
147 -3.165909046614207e-05
148 -3.3608027538388834e-05
149 -3.165191576271088e-05
150 -3.3908899963342145e-05
151 -3.283673809981923e-05
152 -3.742131660334429e-05
153 -3.362570882994291e-05
154 -3.352194997128375e-05
155 -3.468632397149973e-05
156 -3.664574549729722e-05
157 -3.2374219036785344e-05
158 -3.310742189615194e-05
159 -3.2844816919654115e-05
160 -3.357017673914591e-05
161 -3.301610302349474e-05
162 -3.3699978293993975e-05
163 -3.242652979720174e-05
164 -3.0011478576769933e-05
165 -3.7301498768167366e-05
166 -3.121883685269088e-05
167 -3.499285857648198e-05
168 -3.333853358840812e-05
169 -3.61896771117448e-05
170 -2.9288619546570555e-05
171 -3.506837750521455e-05
172 -3.380610166183712e-05
173 -3.606064892289749e-05
174 -3.221282228634959e-05
175 -3.3547358519599746e-05
176 -3.322452697626865e-05
177 -3.012431232397495e-05
178 -3.276641430776805e-05
179 -3.737946733723467e-05
180 -3.0470577884472e-05
181 -2.978721064966829e-05
182 -3.1987807211945646e-05
183 -3.071885921858859e-05
184 -3.333906231854972e-05
185 -2.8509509491230496e-05
186 -3.6075657577455686e-05
187 -3.241261860792891e-05
188 -3.470528331723452e-05
189 -3.226915515169106e-05
190 -2.9487290505438133e-05
191 -3.191667620391938e-05
192 -3.4439246097270654e-05
193 -3.554553855969985e-05
194 -3.4997441481481374e-05
195 -3.467961326397384e-05
196 -3.591982671438971e-05
197 -3.1560153310462743e-05
198 -3.2977116032345454e-05
199 -3.355368116311492e-05
200 -3.0326929620869504e-05
201 -3.0445698585283192e-05
202 -3.15273141684146e-05
203 -2.8741009475015443e-05
204 -3.083417571760581e-05
205 -3.2836612828990715e-05
206 -3.3467552689794074e-05
207 -3.348282005698795e-05
208 -3.1987459573851824e-05
209 -3.2463299660921054e-05
210 -3.214520007936892e-05
211 -3.164234896573574e-05
212 -3.3924973282105025e-05
213 -3.058818080174274e-05
214 -3.3504733366088455e-05
215 -3.135491184767408e-05
216 -3.470046250187966e-05
217 -2.99675617289693e-05
218 -3.3368653142421634e-05
219 -3.341862067501873e-05
220 -2.7133736086424018e-05
221 -2.9783816671270156e-05
222 -3.323075240471068e-05
223 -3.258891081968257e-05
224 -3.302065951281724e-05
225 -3.0309954160123583e-05
226 -2.8592380818094588e-05
227 -3.248797806621311e-05
228 -3.264114559150521e-05
229 -3.0959744335042434e-05
230 -3.345683826868222e-05
231 -3.0098192603222165e-05
232 -3.082043818213669e-05
233 -3.3739363133595625e-05
234 -3.5701286830829266e-05
235 -3.358362688471813e-05
236 -3.37410521582333e-05
237 -3.1991458778137136e-05
238 -3.516253594960637e-05
239 -2.9649779096349613e-05
240 -3.508811661684039e-05
241 -3.291874831128163e-05
242 -3.16962246248263e-05
243 -3.230514096582364e-05
244 -3.368695205147397e-05
245 -3.674167230364636e-05
246 -3.6506878183540345e-05
247 -3.353082215330997e-05
248 -3.498963330639724e-05
249 -3.3333277999615875e-05
250 -3.131262155488178e-05
251 -3.392153592027577e-05
252 -3.331009234094633e-05
253 -3.401405262204556e-05
254 -3.2242457956218975e-05
255 -3.1504907822042815e-05
256 -3.782596567190987e-05
257 -3.230509743973554e-05
258 -3.387440035876681e-05
259 -3.827650510444343e-05
260 -3.5196879079334194e-05
261 -3.4095658820235425e-05
262 -3.353166204908921e-05
263 -3.289311723532795e-05
264 -3.5471301777957664e-05
265 -3.0854621715487814e-05
266 -3.544372040620077e-05
267 -3.435725145507276e-05
268 -3.278008293158455e-05
269 -3.388239797727105e-05
270 -2.9982491709155823e-05
271 -2.8277088244163828e-05
272 -3.1974226468516814e-05
273 -3.393630708243139e-05
274 -3.208041403591096e-05
275 -3.274170790154037e-05
276 -3.239307235785789e-05
277 -3.18790275591443e-05
278 -3.820524724811852e-05
279 -3.5460855451179724e-05
280 -3.128473830677543e-05
281 -2.9359277643442702e-05
282 -3.5365570303245564e-05
283 -3.4171616176755e-05
284 -3.2422163797016656e-05
285 -3.4647564511763915e-05
286 -3.297524921951405e-05
287 -3.1275235590485666e-05
288 -3.514732614053929e-05
289 -3.478878295416748e-05
290 -3.499726796582971e-05
291 -3.506430254965649e-05
292 -3.443926080529961e-05
293 -3.660987083360702e-05
294 -3.304871400199818e-05
295 -3.566284907826292e-05
296 -3.622385418122167e-05
297 -3.728612877756629e-05
298 -3.3950210227996204e-05
299 -2.9921765667610688e-05
