0 4.5228400033216074e-05
1 4.8741656229365396e-05
2 4.539639428484924e-05
3 4.56691144951293e-05
4 4.349355939804332e-05
5 4.2894152630678346e-05
6 4.743834179970734e-05
7 4.5820353680696375e-05
8 4.677996620383954e-05
9 4.634944070870665e-05
10 4.35929391891205e-05
11 4.010529181931719e-05
12 4.070125259764187e-05
13 4.194931914658632e-05
14 4.57145658785628e-05
15 4.3666571220006536e-05
16 4.208168269641604e-05
17 4.362274571215506e-05
18 4.21369068737329e-05
19 4.367508737250773e-05
20 4.4306471863217335e-05
21 4.677915923764628e-05
22 4.540587805168843e-05
23 4.235357384230694e-05
24 4.622773623585723e-05
25 4.190046401922508e-05
26 4.24628712162494e-05
27 4.486284785986861e-05
28 4.317581257962699e-05
29 3.90306503152979e-05
30 4.2702929723151506e-05
31 4.129921003392809e-05
32 4.2495971161509296e-05
33 4.320283232422138e-05
34 3.95086047281487e-05
35 4.93512647598532e-05
36 4.309198872550103e-05
37 3.945747120390207e-05
38 4.7360856143883734e-05
39 4.0870921364269615e-05
40 4.590641260928152e-05
41 4.594702268348598e-05
42 4.5625796154169654e-05
43 4.639599391837678e-05
44 3.873599490578759e-05
45 4.588859066568822e-05
46 3.8967052351934035e-05
47 4.4825308588638805e-05
48 4.495840850156467e-05
49 4.452782412918311e-05
50 4.390919456570857e-05
51 4.2665826878904105e-05
52 4.6659026431135636e-05
53 4.2734924921222695e-05
54 4.453332602435449e-05
55 4.1358065351628154e-05
56 4.585762799588668e-05
57 4.4697511061264504e-05
58 4.4136990023423775e-05
59 4.072590006346632e-05
60 4.076558323635065e-05
61 3.913348638599467e-05
62 4.681470024607891e-05
63 4.1613939890253953e-05
64 4.199852907248755e-05
65 4.243208941385475e-05
66 4.3180402508834385e-05
67 4.7511382522138815e-05
68 4.082910156180364e-05
69 4.8326356700867294e-05
70 4.1718294460582175e-05
71 4.972735613176224e-05
72 3.9572815123306255e-05
73 4.3596574991303086e-05
74 4.317395881206534e-05
75 4.092059966628675e-05
76 3.803277705469213e-05
77 4.396949055726122e-05
78 4.5158485293568017e-05
79 4.375797133161697e-05
80 4.494513855173856e-05
81 4.1736151541567857e-05
82 4.13373405667957e-05
83 4.5109412931355983e-05
84 4.404796950908468e-05
85 3.9039252268404134e-05
86 4.106870219130214e-05
87 4.120585925579414e-05
88 4.5393457402140114e-05
89 4.031616052146198e-05
90 3.795363947506133e-05
91 4.911556445462999e-05
92 4.0932805830804896e-05
93 4.36896021168698e-05
94 4.064961686901066e-05
95 4.279767822408865e-05
96 4.279255800633243e-05
97 4.048768291487986e-05
98 4.3951065601602086e-05
99 4.494502416751082e-05
100 4.368010076483835e-05
101 4.326630728723246e-05
102 4.424845321991277e-05
103 4.857073841499073e-05
104 4.2916710003050934e-05
105 4.530734816602072e-05
106 4.281468379351826e-05
107 4.564739059325035e-05
108 4.3978570750413116e-05
109 4.373436975618371e-05
110 4.534784677552988e-05
111 4.6652013873538874e-05
112 4.069961662339161e-05
113 4.102346420699858e-05
114 4.4799395520230367e-05
115 4.8299772323683156e-05
116 4.2561534829407806e-05
117 4.619139079527673e-05
118 4.34205447442643e-05
119 4.640080360312372e-05
120 4.0882834619794635e-05
121 5.17276928425287e-05
122 4.258428709068778e-05
123 4.3385390334772255e-05
124 4.3320397331864884e-05
125 4.805287926643588e-05
126 4.283554636497877e-05
127 4.267656720377651e-05
128 4.968025505767537e-05
129 4.429303783191231e-05
130 4.558353842794419e-05
131 4.7948861015996804e-05
132 3.9715282248666064e-05
133 4.4872599958596035e-05
134 4.5220458114344396e-05
135 4.454953021997366e-05
136 4.0753853973854075e-05
137 4.206142040125138e-05
138 4.563428154365914e-05
139 4.103172880915894e-05
140 4.673088050174638e-05
141 4.795366340638939e-05
142 4.387948033600378e-05
143 4.100393595213013e-05
144 4.239901429005259e-05
145 4.2443662300002676e-05
146 4.2322797644892904e-05
147 4.273520565213893e-05
148 3.98688311283799e-05
149 4.151235998481474e-05
150 4.195623528750334e-05
151 4.398753803018335e-05
152 3.8546350274016e-05
153 4.405990499899711e-05
154 4.465667410195132e-05
155 4.104231881977861e-05
156 3.984849207106699e-05
157 4.03626257824851e-05
158 4.203568984105055e-05
159 4.104307654264858e-05
160 4.245022893632902e-05
161 4.3518371533077286e-05
162 4.205763445525074e-05
163 4.426702361423506e-05
164 4.877310215666299e-05
165 3.975422674288066e-05
166 4.606033891591724e-05
167 4.123789316451499e-05
168 4.2646502073387746e-05
169 3.835902290337474e-05
170 4.659732619204533e-05
171 3.799898391895165e-05
172 4.157535486552966e-05
173 4.028864926992624e-05
174 4.1368769067106664e-05
175 4.271021136790161e-05
176 4.3402839966587044e-05
177 4.497354906411745e-05
178 4.136513256712604e-05
179 3.621659548261071e-05
180 4.164652000270266e-05
181 4.578160052961313e-05
182 4.3650076151326195e-05
183 4.711154527849192e-05
184 4.4380813946024044e-05
185 4.814806377748481e-05
186 4.25740542853275e-05
187 4.504523579875095e-05
188 4.270622944552283e-05
189 4.202019841762198e-05
190 4.767579416266644e-05
191 4.410031959464152e-05
192 3.95019095464377e-05
193 3.846244760049973e-05
194 4.1611081808861516e-05
195 4.112263484617653e-05
196 4.21302379302065e-05
197 3.962738157851572e-05
198 4.147597582543657e-05
199 4.163160203322398e-05
200 4.761238159935329e-05
201 4.5903273586965587e-05
202 4.429051012683917e-05
203 4.56265784019828e-05
204 4.19976434346143e-05
205 4.4292024002697564e-05
206 4.312857066638567e-05
207 4.147808806115845e-05
208 4.501600699136154e-05
209 4.2670960011157615e-05
210 4.71699125851283e-05
211 4.376245608700631e-05
212 4.3860465947032494e-05
213 4.627725969962883e-05
214 4.054555634469269e-05
215 4.047320612466501e-05
216 4.218088436039934e-05
217 4.533897342450548e-05
218 4.22075078908396e-05
219 4.34819045382729e-05
220 5.013023091991355e-05
221 4.9405273094563624e-05
222 4.067206446073583e-05
223 4.5051530988958463e-05
224 4.5205465587964976e-05
225 4.492154388084185e-05
226 4.7328581592269676e-05
227 4.646970035131179e-05
228 4.7003140323837196e-05
229 4.518002540900027e-05
230 4.106807449408434e-05
231 4.6237134744341225e-05
232 4.614153646644972e-05
233 4.166593960943727e-05
234 4.022588949690516e-05
235 4.09190598956899e-05
236 4.4121885938099324e-05
237 4.43539879703465e-05
238 4.180648818185556e-05
239 4.449774009501866e-05
240 4.0655325916344846e-05
241 4.4548035450006464e-05
242 4.561752354067973e-05
243 4.252416751625799e-05
244 4.660869429059995e-05
245 3.794879053432559e-05
246 3.983161495525986e-05
247 4.096881509899226e-05
248 4.2071028095621306e-05
249 4.112104551697274e-05
250 4.299625086570251e-05
251 4.142594686468772e-05
252 4.191256662449853e-05
253 4.3758845668460535e-05
254 4.5906006155122206e-05
255 4.3561949884806335e-05
256 3.800253499821957e-05
257 4.281396382599367e-05
258 3.9248353211297275e-05
259 3.7101772800761246e-05
260 4.010549919464098e-05
261 4.052497597948574e-05
262 4.442085669449008e-05
263 4.3425732481818925e-05
264 3.969341324383585e-05
265 4.3746945203280185e-05
266 4.1299788608092537e-05
267 4.293744918961687e-05
268 4.29043099855724e-05
269 4.2647574663585754e-05
270 4.770226186659366e-05
271 5.0607360301358334e-05
272 4.4476180546190146e-05
273 3.787955493502988e-05
274 4.2172435450279386e-05
275 4.696245069834174e-05
276 4.467113043993201e-05
277 4.4361515574457934e-05
278 3.8056437224481124e-05
279 4.368262946720075e-05
280 4.540434900075377e-05
281 4.498357085874719e-05
282 4.043839730118866e-05
283 4.0555341569347426e-05
284 4.2806381689728147e-05
285 4.08616679604019e-05
286 4.267679389706035e-05
287 4.2484578152438164e-05
288 3.907946448066919e-05
289 4.1698028528216396e-05
290 4.122901516333215e-05
291 3.9074136841843553e-05
292 4.1839073787868736e-05
293 4.177587785413457e-05
294 4.434260066509169e-05
295 4.352607319190494e-05
296 3.962891725741475e-05
297 3.6777361073306186e-05
298 3.8434292383416786e-05
299 4.4553466597286536e-05
