0 2.761716481765898e-05
1 2.6055600367182106e-05
2 2.7689502286568355e-05
3 2.7370628101371665e-05
4 2.644776081836152e-05
5 2.8578753395927357e-05
6 2.6308442636113533e-05
7 2.6500190650616127e-05
8 2.640679468893078e-05
9 2.802173580706058e-05
10 2.8342971632035653e-05
11 2.900692230128807e-05
12 2.863319788026801e-05
13 2.6509319346601185e-05
14 2.5667715582401063e-05
15 2.7474142936956818e-05
16 2.7365998437884856e-05
17 2.840538646066799e-05
18 2.8388985221902552e-05
19 2.8165735167384274e-05
20 2.8159733961963183e-05
21 2.6465836243020873e-05
22 2.7474135473071114e-05
23 2.782213793511832e-05
24 2.610564493922733e-05
25 2.7472229342903335e-05
26 2.7712416284083324e-05
27 2.7714125973790213e-05
28 2.6761002924173087e-05
29 2.7484898139734757e-05
30 2.7804482491872475e-05
31 2.8039090181914247e-05
32 2.8735210253151056e-05
33 2.7932947125094508e-05
34 2.851677639780325e-05
35 2.6658395683846848e-05
36 2.7115649373015833e-05
37 2.817731768453105e-05
38 2.69977507715391e-05
39 2.836178795073468e-05
40 2.764209781483414e-05
41 2.7554841221592524e-05
42 2.789896413375824e-05
43 2.6274895438380534e-05
44 2.8659262653486852e-05
45 2.6863338163313798e-05
46 2.879082545724504e-05
47 2.7886569086524402e-05
48 2.6813553306742775e-05
49 2.718191951000993e-05
50 2.8090742264172476e-05
51 2.7195729023480808e-05
52 2.674421782694052e-05
53 2.7317187087514995e-05
54 2.8092293149519658e-05
55 2.744178416629968e-05
56 2.610046311427789e-05
57 2.7534157054996762e-05
58 2.7464612192212393e-05
59 2.7328058152217193e-05
60 2.8530665922073628e-05
61 2.902790401912256e-05
62 2.7341034948963534e-05
63 2.7642845569870593e-05
64 2.7042074243554727e-05
65 2.744121883456121e-05
66 2.8740866552133126e-05
67 2.67789469232591e-05
68 2.8356633048658484e-05
69 2.6628922716229565e-05
70 2.7607528884515086e-05
71 2.5388480959941952e-05
72 2.834992513273423e-05
73 2.8406838391047154e-05
74 2.7571735308661687e-05
75 2.8007377767553165e-05
76 2.923678395670869e-05
77 2.694423263052714e-05
78 2.73511498958036e-05
79 2.6926451661295606e-05
80 2.7875684285172013e-05
81 2.7090986668401417e-05
82 2.7257368471418128e-05
83 2.7361657203547653e-05
84 2.6262118824803733e-05
85 2.7381950178179198e-05
86 2.7442566183571617e-05
87 2.7240544406866206e-05
88 2.719570571696692e-05
89 2.8593906425652986e-05
90 2.884072525714883e-05
91 2.565734486489194e-05
92 2.899267766074714e-05
93 2.7664677370197393e-05
94 2.880240330161245e-05
95 2.8337180179325812e-05
96 2.8544737513629408e-05
97 2.8176088981353914e-05
98 2.6940767816002198e-05
99 2.646143092544165e-05
100 2.597346175761483e-05
101 2.8910075745733422e-05
102 2.8254815136050202e-05
103 2.6054026432655593e-05
104 2.701450582034737e-05
105 2.7193378316774943e-05
106 2.7859690814940952e-05
107 2.7137036445198745e-05
108 2.7183229768329e-05
109 2.690258963553979e-05
110 2.777206244491516e-05
111 2.6162921982736056e-05
112 2.7151506128599838e-05
113 2.7759833509712313e-05
114 2.7068380512194987e-05
115 2.541773877871317e-05
116 2.7476275627733805e-05
117 2.676107160540971e-05
118 2.638909365289401e-05
119 2.7179644888368094e-05
120 2.7257370066750298e-05
121 2.5607912018591572e-05
122 2.736844085723122e-05
123 2.7048784766815065e-05
124 2.8360691908854595e-05
125 2.6131314163864192e-05
126 2.6809689897744046e-05
127 2.8370244267746164e-05
128 2.491065861831383e-05
129 2.7092229689923017e-05
130 2.6257226359185857e-05
131 2.6146459952059868e-05
132 2.715274949517553e-05
133 2.6332346191181565e-05
134 2.664763900988972e-05
135 2.709363926727312e-05
136 2.7840058434536602e-05
137 2.6961610496981573e-05
138 2.766521193656992e-05
139 2.8453106731198156e-05
140 2.596212281615187e-05
141 2.624016621355383e-05
142 2.7649693037584778e-05
143 2.8376142592216383e-05
144 2.7617592667576515e-05
145 2.6930425679200373e-05
146 2.693968396189467e-05
147 2.8001488915266066e-05
148 2.8337357728647594e-05
149 2.8149106251472204e-05
150 2.7681313498917887e-05
151 2.7467617029632354e-05
152 2.8378214066430023e-05
153 2.7632749874436982e-05
154 2.659886986427e-05
155 2.765591288171082e-05
156 2.7741914009490694e-05
157 2.8318888838114153e-05
158 2.8001379612002767e-05
159 2.8902430177581313e-05
160 2.725252614032242e-05
161 2.66977326407653e-05
162 2.781635968888589e-05
163 2.7266915825286046e-05
164 2.606202463425716e-05
165 2.787600244491562e-05
166 2.672981925917949e-05
167 2.825777190799278e-05
168 2.744667108395342e-05
169 2.799340988798568e-05
170 2.6842871954929204e-05
171 2.8653766087932734e-05
172 2.7983269699121617e-05
173 2.724475738656675e-05
174 2.8494258435936044e-05
175 2.7463442432423666e-05
176 2.649435994518484e-05
177 2.720937202871747e-05
178 2.9397616023789867e-05
179 2.9505783270052045e-05
180 2.8961372519245017e-05
181 2.744353403938056e-05
182 2.770015954672883e-05
183 2.638495326450091e-05
184 2.6569991302855624e-05
185 2.8219636330685222e-05
186 2.7102112409862017e-05
187 2.5752259544535424e-05
188 2.736030800514414e-05
189 2.8024982878309816e-05
190 2.7162755657512738e-05
191 2.681848188084503e-05
192 2.9912681898629736e-05
193 2.8908717231757396e-05
194 2.753887714407183e-05
195 2.8694582697329115e-05
196 2.767264317844416e-05
197 2.9321274388481977e-05
198 2.7870103910769165e-05
199 2.8362452495136166e-05
200 2.5935780050657183e-05
201 2.7097444084564638e-05
202 2.7656169449461316e-05
203 2.7865315459229653e-05
204 2.8684426038694976e-05
205 2.788115322477783e-05
206 2.7266893640523854e-05
207 2.7217631315332148e-05
208 2.8069060386911344e-05
209 2.827169222914373e-05
210 2.6473783861196985e-05
211 2.7301692282004978e-05
212 2.6967231410533196e-05
213 2.6952062644208884e-05
214 2.9024352869610354e-05
215 2.9017896756545313e-05
216 2.760887811442681e-05
217 2.6964477103387852e-05
218 2.7761627687499983e-05
219 2.711556456952916e-05
220 2.668118268829759e-05
221 2.6456864999612298e-05
222 2.896772243740246e-05
223 2.828507018425598e-05
224 2.6636103961712483e-05
225 2.7207752540675553e-05
226 2.7972955053988635e-05
227 2.6125467284731706e-05
228 2.6706075435281656e-05
229 2.7117676064215323e-05
230 2.8278507420053955e-05
231 2.8159527340329118e-05
232 2.6506964102986816e-05
233 2.8220882809093105e-05
234 2.6851780426064774e-05
235 2.77567066345361e-05
236 2.6519414889991267e-05
237 2.8027835123157786e-05
238 2.7108386632007218e-05
239 2.721015313417527e-05
240 2.7116540537268878e-05
241 2.7820587366163704e-05
242 2.663995082898232e-05
243 2.8005733375290794e-05
244 2.5351765803457464e-05
245 2.880911442378934e-05
246 2.928258941013709e-05
247 2.7005725666693574e-05
248 2.7395950274647797e-05
249 2.7885543993239867e-05
250 2.7562865345534383e-05
251 2.8481013170958363e-05
252 2.8495687459928895e-05
253 2.5908216337078307e-05
254 2.695666678933366e-05
255 2.7750027273386515e-05
256 2.765348184383783e-05
257 2.7716225763744607e-05
258 2.9469280160349962e-05
259 2.8169409446445825e-05
260 2.8472997197003294e-05
261 2.822324465103888e-05
262 2.5772032391670143e-05
263 2.754108016103462e-05
264 2.7991758948440505e-05
265 2.845630393358645e-05
266 2.7605043733073512e-05
267 2.7262501746703536e-05
268 2.771028844443478e-05
269 2.6904817285301707e-05
270 2.6567364605398775e-05
271 2.5856782566566535e-05
272 2.742687007773045e-05
273 2.8253053537480186e-05
274 2.78480112208249e-05
275 2.6463496827483804e-05
276 2.7446313454627127e-05
277 2.691170941388552e-05
278 2.7920765960298237e-05
279 2.649466945632722e-05
280 2.7607925558650516e-05
281 2.8114762735558922e-05
282 2.715522464042876e-05
283 2.8001818706008026e-05
284 2.8613682756258535e-05
285 2.842944747350961e-05
286 2.7365868229864573e-05
287 2.7656687612263865e-05
288 2.841371912662581e-05
289 2.742970115290374e-05
290 2.808942170035789e-05
291 2.7412568088185757e-05
292 2.7457263908591566e-05
293 2.680154804109647e-05
294 2.7190434345639176e-05
295 2.6686991480236188e-05
296 2.764381256517954e-05
297 2.7897316217116464e-05
298 2.9084955153869075e-05
299 2.801628139530697e-05
