0 6.368347322406274e-05
1 6.800458585821128e-05
2 6.771592201726944e-05
3 6.716566135700758e-05
4 7.214639324322719e-05
5 6.75220164292491e-05
6 6.714346435185718e-05
7 6.739535586572303e-05
8 6.696826675690545e-05
9 6.63116659545894e-05
10 6.57933695244571e-05
11 6.710613574374366e-05
12 6.666409795568645e-05
13 6.868003142810175e-05
14 7.107601517271066e-05
15 6.58527916498138e-05
16 6.776885527043937e-05
17 6.521301714880577e-05
18 6.812391679773594e-05
19 6.675355188122634e-05
20 6.458971566569877e-05
21 7.061118831574813e-05
22 6.823756369466094e-05
23 6.912025317200933e-05
24 6.92672984004085e-05
25 6.766251808163502e-05
26 6.668593912567794e-05
27 6.630706718348408e-05
28 6.96038716676165e-05
29 7.169467014302925e-05
30 6.72550740329301e-05
31 6.84372475799881e-05
32 6.546498133092381e-05
33 6.67305341675485e-05
34 7.020018255624907e-05
35 6.621475778742145e-05
36 6.775414247031518e-05
37 6.681429030746351e-05
38 6.69075943869651e-05
39 6.705938831320513e-05
40 6.729289144597271e-05
41 6.69854091705843e-05
42 6.395772838186334e-05
43 6.969010356955227e-05
44 6.775755605125502e-05
45 6.734675974761966e-05
46 6.764363594122129e-05
47 6.596947972122293e-05
48 6.937669913898443e-05
49 6.791937962348969e-05
50 6.674497973037416e-05
51 7.070666250067713e-05
52 6.741252057371219e-05
53 6.965659499025925e-05
54 6.282170628280874e-05
55 6.91655090630522e-05
56 6.86268380063016e-05
57 6.791381368253496e-05
58 6.891397162736031e-05
59 7.010756383719653e-05
60 6.532749277959929e-05
61 6.660823277292375e-05
62 6.511386536829593e-05
63 6.965226254321902e-05
64 6.85476430324808e-05
65 6.958435665011273e-05
66 6.308463897416024e-05
67 6.58061803096712e-05
68 6.842082790954471e-05
69 6.662417592779865e-05
70 6.931215026578518e-05
71 6.874220099024889e-05
72 6.727788875492758e-05
73 6.51398269738321e-05
74 6.887740650489595e-05
75 6.748182613377298e-05
76 6.761229901747062e-05
77 6.762062277707651e-05
78 6.519440864363026e-05
79 6.772467023977032e-05
80 6.616610738197659e-05
81 6.918358263980097e-05
82 6.902294707529946e-05
83 6.542552205567175e-05
84 6.964561086282941e-05
85 6.97005082837688e-05
86 6.864715578943933e-05
87 6.972184405214506e-05
88 6.620865266300848e-05
89 6.673926213674391e-05
90 6.80428590021518e-05
91 6.683058840517743e-05
92 6.742629929077252e-05
93 6.63261856862207e-05
94 6.832851752046497e-05
95 6.78269396271294e-05
96 6.524752280216779e-05
97 6.543764720368724e-05
98 6.708207700143952e-05
99 6.645686018286863e-05
100 6.910767044703134e-05
101 6.439858642244095e-05
102 6.49104918271328e-05
103 6.738581303493996e-05
104 6.894984260554216e-05
105 6.710322800975182e-05
106 6.628639166920677e-05
107 6.561191022423644e-05
108 6.691356719099265e-05
109 6.728123261611038e-05
110 6.516475276633873e-05
111 6.781219221876252e-05
112 6.733471167947116e-05
113 6.79346899076886e-05
114 6.677863913648914e-05
115 6.787760609783344e-05
116 6.863915897994361e-05
117 6.632426523246214e-05
118 6.977470638775603e-05
119 6.887692749308141e-05
120 6.816878775015207e-05
121 6.424077101159373e-05
122 6.799425369026479e-05
123 6.932849983411383e-05
124 6.527054470427885e-05
125 6.821541242543581e-05
126 6.875121576094189e-05
127 6.578475927952e-05
128 6.992242267997621e-05
129 6.705254154886338e-05
130 6.84546891055901e-05
131 6.76399750786725e-05
132 6.900017706363834e-05
133 6.946815956644463e-05
134 6.804600322839874e-05
135 6.724078354081456e-05
136 6.691093310632094e-05
137 6.821652428676682e-05
138 6.794546816454851e-05
139 6.836898485584543e-05
140 6.94856159131532e-05
141 6.593321946391638e-05
142 6.817673631515009e-05
143 6.650665711613313e-05
144 6.71797042857856e-05
145 6.740570764775993e-05
146 6.89707404283696e-05
147 6.642380340866772e-05
148 6.720981368074926e-05
149 6.482146580551813e-05
150 6.717237787807052e-05
151 6.830643279188669e-05
152 7.021713233266258e-05
153 6.848541848906963e-05
154 6.97721287789489e-05
155 6.797582968473712e-05
156 6.939742063793994e-05
157 6.530298091816925e-05
158 6.635866236705163e-05
159 6.520103845512121e-05
160 6.764264930096746e-05
161 6.762481459073479e-05
162 6.800713867436136e-05
163 6.815683256003302e-05
164 6.843807512622678e-05
165 7.082650151161159e-05
166 6.823821586694122e-05
167 6.898012043164712e-05
168 6.751489658027631e-05
169 6.82883376413704e-05
170 6.568370320660666e-05
171 6.711432652361904e-05
172 6.657429727740818e-05
173 6.965495058996404e-05
174 6.512268883574855e-05
175 6.848093971290236e-05
176 6.811448937740216e-05
177 6.531608726052562e-05
178 6.599220985790285e-05
179 6.796499463309803e-05
180 6.410914007910396e-05
181 6.54409826723602e-05
182 6.606756630625734e-05
183 6.719081408715713e-05
184 6.976567522466377e-05
185 6.424002308500265e-05
186 7.192572476552262e-05
187 6.865616667759195e-05
188 6.9634001029905e-05
189 6.578906371534896e-05
190 6.582574237784613e-05
191 6.713837878217055e-05
192 6.704027173323443e-05
193 6.760273624958405e-05
194 6.895833904676332e-05
195 6.809829760008433e-05
196 7.126769614431219e-05
197 6.343854824839273e-05
198 6.605251172245956e-05
199 6.574819714922722e-05
200 6.786508251178845e-05
201 6.674214970258933e-05
202 6.636190394274682e-05
203 6.373597093461824e-05
204 6.35402619472376e-05
205 6.772100471735527e-05
206 6.738820629188096e-05
207 6.73469513311927e-05
208 6.684254546322408e-05
209 6.562036196552966e-05
210 6.946363061897908e-05
211 6.627414008480225e-05
212 6.937993320472996e-05
213 6.636621617483202e-05
214 6.639983815385083e-05
215 6.338115419334037e-05
216 6.879765750448209e-05
217 6.573911677094684e-05
218 6.674779068091858e-05
219 6.874111427107741e-05
220 6.441936555083699e-05
221 6.798256627841073e-05
222 6.619290875499804e-05
223 6.800933316222402e-05
224 6.971581295479035e-05
225 6.6126363273361e-05
226 6.464671440875458e-05
227 6.947455596243453e-05
228 6.988207516776549e-05
229 6.740737597352946e-05
230 6.694747986290222e-05
231 6.578196960473747e-05
232 6.700210299513408e-05
233 6.722542063789736e-05
234 6.955408233533066e-05
235 6.80890818384564e-05
236 6.95011753684726e-05
237 6.739950622371838e-05
238 6.963353193826045e-05
239 6.441836317723211e-05
240 6.88286850187862e-05
241 6.882102448900875e-05
242 6.800544747435471e-05
243 6.720783108046062e-05
244 7.131780204105687e-05
245 6.848365189186819e-05
246 6.95867356696624e-05
247 6.749145913864486e-05
248 6.9928130799732e-05
249 6.599457480201297e-05
250 6.63083892167921e-05
251 6.760393440608782e-05
252 6.711925513178163e-05
253 6.961574651555813e-05
254 6.88336508120702e-05
255 6.5827370447879e-05
256 6.999941564653114e-05
257 6.716479579726426e-05
258 6.538487698836822e-05
259 7.073682774933404e-05
260 6.796919141829815e-05
261 6.70420186997736e-05
262 6.960579493396191e-05
263 6.785707897754275e-05
264 6.809671994853686e-05
265 6.50605483495026e-05
266 6.862112374813033e-05
267 6.95112452285388e-05
268 6.689071407631876e-05
269 6.869235357087669e-05
270 6.738543712332302e-05
271 6.61851654283752e-05
272 6.735845039935366e-05
273 6.50603026985804e-05
274 6.663708260614793e-05
275 6.983111298152031e-05
276 6.762788975148556e-05
277 6.804626494899573e-05
278 7.097835846390821e-05
279 7.162950617770233e-05
280 6.59502711644238e-05
281 6.376936171742352e-05
282 7.014339352267036e-05
283 6.743040202367157e-05
284 6.607649491423608e-05
285 6.805101257319795e-05
286 6.703588821627921e-05
287 6.522928744116807e-05
288 6.730759271418963e-05
289 6.902625794963856e-05
290 6.927402140947561e-05
291 6.821610274544159e-05
292 6.802677111654066e-05
293 7.07973853800167e-05
294 6.85168812653785e-05
295 7.189421849424592e-05
296 7.024435840420971e-05
297 6.865369589450234e-05
298 6.564098345442655e-05
299 6.524580023518041e-05
