0 -6.433663483805927e-05
1 -6.645616770216727e-05
2 -6.809297055259803e-05
3 -6.751513078709889e-05
4 -7.088544169438573e-05
5 -6.824023636298811e-05
6 -6.661781469869198e-05
7 -6.68222948478551e-05
8 -6.673498283942526e-05
9 -6.776403039074821e-05
10 -6.620735085874051e-05
11 -6.763218342325429e-05
12 -6.696924326900953e-05
13 -6.748889346470977e-05
14 -7.04558396797447e-05
15 -6.58509594673174e-05
16 -6.826882051595099e-05
17 -6.588487672651435e-05
18 -6.924497861424639e-05
19 -6.631276274142355e-05
20 -6.522848551884614e-05
21 -6.969115056294291e-05
22 -6.875947919447758e-05
23 -6.91496852181364e-05
24 -6.917817234073029e-05
25 -6.7724849790134e-05
26 -6.6871183512917e-05
27 -6.639526494314645e-05
28 -6.86161831156292e-05
29 -7.23539876579688e-05
30 -6.909132300542893e-05
31 -6.856746631375766e-05
32 -6.641776222833519e-05
33 -6.736362952484027e-05
34 -7.12410460228267e-05
35 -6.523363899408101e-05
36 -6.731939200227089e-05
37 -6.666197485575594e-05
38 -6.718273211932596e-05
39 -6.829849686839222e-05
40 -6.68526488651175e-05
41 -6.688501190357418e-05
42 -6.441097431863905e-05
43 -6.841919044886443e-05
44 -6.876181660097155e-05
45 -6.662448096322409e-05
46 -6.95243474992159e-05
47 -6.556761699127764e-05
48 -6.820619004827873e-05
49 -6.783627445809532e-05
50 -6.770081549088872e-05
51 -7.006804888341333e-05
52 -6.613339283514847e-05
53 -7.067452046908338e-05
54 -6.37027113706273e-05
55 -7.008647837704165e-05
56 -6.768176243941467e-05
57 -6.772101787936953e-05
58 -6.888488873121265e-05
59 -7.081319189566537e-05
60 -6.627636957626372e-05
61 -6.843708130282172e-05
62 -6.475809839969031e-05
63 -7.02032131929455e-05
64 -6.858442357161343e-05
65 -7.014125957014147e-05
66 -6.360815903964981e-05
67 -6.588338609371812e-05
68 -6.861476938376329e-05
69 -6.577005191840981e-05
70 -6.953940445749603e-05
71 -6.677490230651968e-05
72 -6.886362556401161e-05
73 -6.611944257400191e-05
74 -6.911689264916323e-05
75 -6.834893101446679e-05
76 -7.026186370790341e-05
77 -6.722390631131997e-05
78 -6.512896635717214e-05
79 -6.700140716694684e-05
80 -6.668223189041914e-05
81 -6.97704574412893e-05
82 -6.896791497067635e-05
83 -6.586429732637087e-05
84 -6.87055452382462e-05
85 -7.033757851827983e-05
86 -6.842163283809526e-05
87 -6.822095274801372e-05
88 -6.64205547077407e-05
89 -6.688320182489647e-05
90 -6.910915295239492e-05
91 -6.511991854454564e-05
92 -6.767148391866291e-05
93 -6.704900461211393e-05
94 -6.84805745721758e-05
95 -6.856432204940966e-05
96 -6.705914189190531e-05
97 -6.589791609469791e-05
98 -6.701897787474726e-05
99 -6.574556615221043e-05
100 -6.831929064640559e-05
101 -6.550925378969085e-05
102 -6.593577123455304e-05
103 -6.663574492044109e-05
104 -6.929713527056005e-05
105 -6.719694871584812e-05
106 -6.706721977032001e-05
107 -6.508041710314054e-05
108 -6.766439829856224e-05
109 -6.723942012031484e-05
110 -6.529615076272996e-05
111 -6.692451731679286e-05
112 -6.767076421313312e-05
113 -6.927801759576193e-05
114 -6.668679513066909e-05
115 -6.636377134886007e-05
116 -6.769051893563558e-05
117 -6.526408930680809e-05
118 -6.885749121375299e-05
119 -6.849334713096263e-05
120 -6.85337752742788e-05
121 -6.297154201555903e-05
122 -6.853873357553238e-05
123 -6.921746251706441e-05
124 -6.585525716436084e-05
125 -6.655024350530525e-05
126 -6.789660628357838e-05
127 -6.653899582072608e-05
128 -6.818891956388911e-05
129 -6.73572653542463e-05
130 -6.68720803035157e-05
131 -6.731588189142581e-05
132 -6.951917904986075e-05
133 -6.867351214544342e-05
134 -6.757883451866145e-05
135 -6.686619849013628e-05
136 -6.682315067393083e-05
137 -6.88429505713454e-05
138 -6.80220034784099e-05
139 -6.835324408973043e-05
140 -6.836226677623619e-05
141 -6.557167295243045e-05
142 -6.808954104458472e-05
143 -6.636551954433165e-05
144 -6.704415460400992e-05
145 -6.746859298196152e-05
146 -6.904351957874625e-05
147 -6.593366245576642e-05
148 -6.69201994993946e-05
149 -6.557241123199391e-05
150 -6.860626548092916e-05
151 -6.81671396903076e-05
152 -7.107241411683175e-05
153 -6.923839315374456e-05
154 -6.903908892616817e-05
155 -6.8858155847003e-05
156 -7.086804787091874e-05
157 -6.576371274273141e-05
158 -6.760765388316114e-05
159 -6.684709674122102e-05
160 -6.825164078576345e-05
161 -6.792129127391371e-05
162 -6.826739880157198e-05
163 -6.775692462214322e-05
164 -6.682231202625693e-05
165 -7.158368232730271e-05
166 -6.696792923435698e-05
167 -6.95745781245658e-05
168 -6.797362780716423e-05
169 -6.925158294555903e-05
170 -6.48003027122095e-05
171 -6.791377051819452e-05
172 -6.837127662395198e-05
173 -7.003326365540729e-05
174 -6.614579122881131e-05
175 -6.814128657117637e-05
176 -6.813220492253793e-05
177 -6.521654993925494e-05
178 -6.706578561406775e-05
179 -7.009491791033414e-05
180 -6.430333060363885e-05
181 -6.52469149032146e-05
182 -6.699057698030791e-05
183 -6.692468597059664e-05
184 -6.878289833693116e-05
185 -6.518946568472922e-05
186 -7.125584785274515e-05
187 -6.762722754749717e-05
188 -6.993168754894666e-05
189 -6.638203992102353e-05
190 -6.597803914259971e-05
191 -6.669822134982262e-05
192 -6.83111673828063e-05
193 -6.885577288294267e-05
194 -6.962353209836573e-05
195 -6.921548805495498e-05
196 -7.080803486310815e-05
197 -6.46466017164145e-05
198 -6.702400264455337e-05
199 -6.806907368187415e-05
200 -6.65599854907628e-05
201 -6.616699140514139e-05
202 -6.675993874831415e-05
203 -6.394916965045308e-05
204 -6.487479617873453e-05
205 -6.847290442149205e-05
206 -6.843246799711406e-05
207 -6.746783436197924e-05
208 -6.776884898676105e-05
209 -6.722769574005358e-05
210 -6.88330096430297e-05
211 -6.651972925400778e-05
212 -6.926273712463198e-05
213 -6.647479299451898e-05
214 -6.752029058037861e-05
215 -6.485508512877595e-05
216 -6.955256875057005e-05
217 -6.523773958420159e-05
218 -6.783591185627337e-05
219 -6.851233567634856e-05
220 -6.418235515863086e-05
221 -6.703134909955679e-05
222 -6.724194936947136e-05
223 -6.879123574285419e-05
224 -6.882349611041044e-05
225 -6.53286703560202e-05
226 -6.489707771324266e-05
227 -6.861852970240473e-05
228 -6.937656909636391e-05
229 -6.626566865631408e-05
230 -6.744664372825316e-05
231 -6.611355050835716e-05
232 -6.662351265982425e-05
233 -6.826639555594989e-05
234 -6.949670445118837e-05
235 -6.726788937184591e-05
236 -6.913163305174258e-05
237 -6.743307936431868e-05
238 -6.964236018074808e-05
239 -6.444706518979147e-05
240 -6.895200520572176e-05
241 -6.857475279760757e-05
242 -6.749048682816523e-05
243 -6.663849932810765e-05
244 -6.996934755913499e-05
245 -7.016399775447729e-05
246 -7.094143642820878e-05
247 -6.711202097094767e-05
248 -6.975673022132475e-05
249 -6.718185080283459e-05
250 -6.557166905873059e-05
251 -6.834203837148767e-05
252 -6.771385056424856e-05
253 -6.891486543437576e-05
254 -6.829866822187921e-05
255 -6.630096527194427e-05
256 -7.124395541759487e-05
257 -6.681093237206584e-05
258 -6.741608101039173e-05
259 -7.137287811599782e-05
260 -6.931058601508007e-05
261 -6.808402756859181e-05
262 -6.882263999086668e-05
263 -6.79870693837825e-05
264 -6.91568362721849e-05
265 -6.571349704695722e-05
266 -6.996389457181091e-05
267 -6.926396251098825e-05
268 -6.7627123096577e-05
269 -6.84441772990777e-05
270 -6.639914569410663e-05
271 -6.557503096746244e-05
272 -6.730524933511071e-05
273 -6.637980341130894e-05
274 -6.616074326001798e-05
275 -6.939126494862886e-05
276 -6.78463942196057e-05
277 -6.701453891516434e-05
278 -7.162745210491002e-05
279 -7.095612967024374e-05
280 -6.711029840562424e-05
281 -6.443104124230202e-05
282 -6.90122116264347e-05
283 -6.807340786699927e-05
284 -6.73110095943827e-05
285 -6.898042733505331e-05
286 -6.758278085835307e-05
287 -6.536010812642774e-05
288 -6.876944684476179e-05
289 -6.934146497644928e-05
290 -6.936008450852724e-05
291 -6.81475321062776e-05
292 -6.888456304263843e-05
293 -7.137274877267663e-05
294 -6.850745790022845e-05
295 -7.127990679723743e-05
296 -6.993955552446712e-05
297 -6.983995190251548e-05
298 -6.681343965647716e-05
299 -6.481747688408593e-05
