0 7.528382093203894e-06
1 7.562404102656087e-06
2 7.402776108072622e-06
3 7.556008041450926e-06
4 7.258743970827484e-06
5 7.1877320381143064e-06
6 7.468626889530232e-06
7 7.505359605040231e-06
8 7.4969464301324084e-06
9 7.534624480651146e-06
10 7.247526711217038e-06
11 7.068617008809518e-06
12 7.3259898810877965e-06
13 7.195913332124579e-06
14 7.5960370956404376e-06
15 7.464725233115496e-06
16 7.620386904604524e-06
17 7.3545660070641194e-06
18 7.187018006663107e-06
19 7.303709163602204e-06
20 7.568013937872408e-06
21 7.58070044731312e-06
22 7.398773629524919e-06
23 7.280099100908534e-06
24 7.757173369005711e-06
25 7.291147277819171e-06
26 7.408584405481459e-06
27 7.348172280060946e-06
28 7.3209186472802545e-06
29 7.322397545102885e-06
30 7.468334961171962e-06
31 7.379770506589141e-06
32 7.33421027411336e-06
33 7.26157576272017e-06
34 7.299601550485324e-06
35 7.479854832616538e-06
36 7.503208469136357e-06
37 7.2091232038408265e-06
38 7.424222751669249e-06
39 7.259581031306732e-06
40 7.380516293875915e-06
41 7.679764197708688e-06
42 7.601749130391417e-06
43 7.606095175802657e-06
44 7.335216741635876e-06
45 7.621470049191012e-06
46 7.292935914806828e-06
47 7.381179009538136e-06
48 7.404188626370789e-06
49 7.45495962574487e-06
50 7.252219624367182e-06
51 7.1728705792046504e-06
52 7.572878571697198e-06
53 7.399932760760373e-06
54 7.338602800986626e-06
55 7.3115933700036294e-06
56 7.411549524145383e-06
57 7.39866116475484e-06
58 7.275701125497223e-06
59 7.423909803679037e-06
60 7.2132273903385195e-06
61 7.139758203681649e-06
62 7.595343050796076e-06
63 7.420447998171612e-06
64 7.382821834723201e-06
65 7.338225109287482e-06
66 7.379590098659972e-06
67 7.413776679662027e-06
68 7.267953288178759e-06
69 7.554747656296817e-06
70 7.438229854362607e-06
71 7.5298528327137215e-06
72 7.347747538083861e-06
73 7.56886662115942e-06
74 7.322188964186894e-06
75 7.339837644748632e-06
76 7.3343737502078436e-06
77 7.530366736910019e-06
78 7.386379665619463e-06
79 7.484951886151202e-06
80 7.361227825959928e-06
81 7.504757882773533e-06
82 7.240662911124949e-06
83 7.5592009503570725e-06
84 7.310244036361663e-06
85 7.243768934474427e-06
86 7.473268967504749e-06
87 7.473653819388977e-06
88 7.287745015451362e-06
89 7.129074427134132e-06
90 7.330115013837302e-06
91 7.67400868914481e-06
92 7.378230574803877e-06
93 7.564605528093093e-06
94 7.355796388157414e-06
95 7.292097296153202e-06
96 7.324821926463823e-06
97 7.403991374133898e-06
98 7.333582150270635e-06
99 7.264686624689554e-06
100 7.511808210625428e-06
101 7.1587154325381436e-06
102 7.478059662258643e-06
103 7.53938261503789e-06
104 7.492008914509494e-06
105 7.519103302002025e-06
106 7.426254423595308e-06
107 7.462498765717092e-06
108 7.626727172322557e-06
109 7.534993636748934e-06
110 7.413435307277231e-06
111 7.480232776179517e-06
112 7.292406721369506e-06
113 7.4474542225471905e-06
114 7.374890327195106e-06
115 7.6121098660744385e-06
116 7.298251021134062e-06
117 7.609025575964814e-06
118 7.624955364484363e-06
119 7.397495204191109e-06
120 7.3470150253686684e-06
121 7.590272068448359e-06
122 7.406302585799749e-06
123 7.346825892879547e-06
124 7.516947513638511e-06
125 7.473282300588273e-06
126 7.239123523187974e-06
127 7.284758501062075e-06
128 7.668107595519401e-06
129 7.3249933457893696e-06
130 7.435728324206487e-06
131 7.465013084464352e-06
132 7.344443272365888e-06
133 7.276900379830142e-06
134 7.5677144193470695e-06
135 7.528293781684113e-06
136 7.256811214730458e-06
137 7.4649522019302415e-06
138 7.514476353546293e-06
139 7.30765819223502e-06
140 7.548433596028213e-06
141 7.550462204464521e-06
142 7.404668353207552e-06
143 7.26494212012249e-06
144 7.162380002947433e-06
145 7.605586138532214e-06
146 7.368473586442096e-06
147 7.441566602226254e-06
148 7.252689891820995e-06
149 7.406435202115121e-06
150 7.406939755391633e-06
151 7.434574385469639e-06
152 7.1702015613903005e-06
153 7.40311187708209e-06
154 7.523298754957051e-06
155 7.361991252116905e-06
156 7.227380687018328e-06
157 7.291904162418701e-06
158 7.470830607205427e-06
159 7.37403509759993e-06
160 7.401314807582836e-06
161 7.546030035939286e-06
162 7.339050442982407e-06
163 7.431048379454013e-06
164 7.655187831839421e-06
165 7.355722378405913e-06
166 7.362576754604205e-06
167 7.3363080335529086e-06
168 7.493886942701192e-06
169 7.4420060485160014e-06
170 7.690604221601623e-06
171 7.22873593878457e-06
172 7.307898297458775e-06
173 7.353628939717548e-06
174 7.2418391742144745e-06
175 7.456972934982976e-06
176 7.605791137461325e-06
177 7.582774703356942e-06
178 7.075192605594195e-06
179 7.137268573399312e-06
180 7.277699940520968e-06
181 7.515909174086018e-06
182 7.424620113008783e-06
183 7.592437115730324e-06
184 7.4613905688570185e-06
185 7.537165067284826e-06
186 7.155298368292106e-06
187 7.663706069749027e-06
188 7.307647965643217e-06
189 7.307699321637942e-06
190 7.393958689463774e-06
191 7.495567649357992e-06
192 7.135609015467207e-06
193 7.137798549865014e-06
194 7.3967926846029665e-06
195 7.192402359856219e-06
196 7.488350798644386e-06
197 7.122719939577453e-06
198 7.431807534681976e-06
199 7.5914824717805744e-06
200 7.581780351759647e-06
201 7.576251579532285e-06
202 7.329507503087778e-06
203 7.48410622999537e-06
204 7.513525187057457e-06
205 7.323784204071379e-06
206 7.482982925773026e-06
207 7.681021346945988e-06
208 7.487367470284224e-06
209 7.420938119091708e-06
210 7.612778715743359e-06
211 7.42107093296922e-06
212 7.34655295712413e-06
213 7.537904988158252e-06
214 7.288896053691455e-06
215 7.241682493691619e-06
216 7.366316116081357e-06
217 7.299710639772677e-06
218 7.462595505509235e-06
219 7.433467318537623e-06
220 7.662932462148083e-06
221 7.644088964338158e-06
222 7.300124350583756e-06
223 7.292846311961091e-06
224 7.247440112547171e-06
225 7.533643823491365e-06
226 7.338599214464389e-06
227 7.503046601016485e-06
228 7.411909308922041e-06
229 7.4478244064185595e-06
230 7.4359275529138395e-06
231 7.453836817295797e-06
232 7.5344915794928365e-06
233 7.167540740243095e-06
234 7.409130895640019e-06
235 7.163679254034842e-06
236 7.357937617280532e-06
237 7.440391107634481e-06
238 7.4762116593265555e-06
239 7.305413256452148e-06
240 7.489817285402881e-06
241 7.340576166893564e-06
242 7.15414723273061e-06
243 7.4050465350481625e-06
244 7.587048198498617e-06
245 7.2192755536389155e-06
246 7.154855432929019e-06
247 7.449539935350623e-06
248 7.220965275453433e-06
249 7.569952827659792e-06
250 7.383222248859383e-06
251 7.512554821119422e-06
252 7.540112189252953e-06
253 7.548843034382156e-06
254 7.486995415504334e-06
255 7.477340917455643e-06
256 7.274213008006462e-06
257 7.202234872850886e-06
258 7.253738814958227e-06
259 7.1948380641637325e-06
260 7.369236381065175e-06
261 7.2067203094250715e-06
262 7.595153049698442e-06
263 7.565648428097065e-06
264 7.224817644368319e-06
265 7.635673836410854e-06
266 7.293796994062467e-06
267 7.477618098125851e-06
268 7.223871078698486e-06
269 7.3036178559074416e-06
270 7.480078126619887e-06
271 7.731814763807677e-06
272 7.361670145844223e-06
273 7.2069371563863615e-06
274 7.258101378919719e-06
275 7.453399780205895e-06
276 7.60069177700127e-06
277 7.274216336602743e-06
278 7.236417837606698e-06
279 7.437697589322089e-06
280 7.463015988300268e-06
281 7.475588481005374e-06
282 7.350050967635092e-06
283 7.33873964308997e-06
284 7.466353289508241e-06
285 7.273942641578834e-06
286 7.539057497879879e-06
287 7.2658116681980155e-06
288 7.304245298597714e-06
289 7.311088874079987e-06
290 7.376143556235677e-06
291 7.235559574745882e-06
292 7.5758440254595724e-06
293 7.4782028954869345e-06
294 7.4036017312291e-06
295 7.293977276313394e-06
296 7.183314374196474e-06
297 7.406001945211715e-06
298 7.2093454309790155e-06
299 7.439844017680291e-06
