0 9.977979260165488e-06
1 9.908909198028218e-06
2 9.931884786713664e-06
3 1.000424248008575e-05
4 9.953737454438167e-06
5 9.92856988327192e-06
6 9.967124219371056e-06
7 1.0082557000499373e-05
8 9.971804069551443e-06
9 9.850700162003747e-06
10 9.946032827287036e-06
11 9.981420578980837e-06
12 1.0003668130153563e-05
13 9.854475051873397e-06
14 9.840712209829907e-06
15 9.919308322583276e-06
16 9.82294220400981e-06
17 9.878484665804719e-06
18 9.7672509977393e-06
19 9.844304556348529e-06
20 9.97026426386101e-06
21 9.934896698542652e-06
22 9.981933822209944e-06
23 9.858236284970808e-06
24 9.941888304325063e-06
25 9.884367766406467e-06
26 9.771256935795258e-06
27 9.977813269552757e-06
28 9.992973941649785e-06
29 1.001423224013358e-05
30 1.0006543251659109e-05
31 9.869493832931868e-06
32 9.846957712723928e-06
33 9.897427987141365e-06
34 9.920203273304362e-06
35 9.901706453595723e-06
36 9.71866009588678e-06
37 9.97484276979134e-06
38 9.928917473051171e-06
39 9.78487014397682e-06
40 9.903187148299084e-06
41 9.899446138869206e-06
42 9.978767507381685e-06
43 9.893172083371461e-06
44 9.904525381221696e-06
45 9.91391859779229e-06
46 9.857655082689226e-06
47 9.875743789013593e-06
48 1.0038068703202964e-05
49 9.824940865876919e-06
50 9.813894929401656e-06
51 9.95150757623807e-06
52 9.918013493563049e-06
53 9.999101159627858e-06
54 9.798627750337155e-06
55 9.9590198975268e-06
56 9.94640287785331e-06
57 9.83144664251825e-06
58 1.0014468803054237e-05
59 9.888996628746542e-06
60 9.897013665680584e-06
61 9.82766028790173e-06
62 9.94736642177023e-06
63 9.968230123555386e-06
64 1.0016656019841037e-05
65 9.934739668261944e-06
66 9.822875224099433e-06
67 9.999206430656288e-06
68 9.955897499655128e-06
69 9.914777040553448e-06
70 9.950355272484845e-06
71 1.0041983561366657e-05
72 1.001509969766247e-05
73 9.83983781525841e-06
74 1.0063747694713847e-05
75 9.97983441691482e-06
76 9.843005156891355e-06
77 9.995319737035972e-06
78 1.004622088790438e-05
79 9.932946397391181e-06
80 9.812952212599662e-06
81 9.826125784767974e-06
82 9.96824667095341e-06
83 9.911884521101436e-06
84 1.0067688652108934e-05
85 9.987730374560557e-06
86 9.845594269453095e-06
87 9.953679916735761e-06
88 9.935731434351653e-06
89 9.909213164104621e-06
90 9.768206092888739e-06
91 1.0066520040839237e-05
92 1.0026272176053888e-05
93 1.0042157568981732e-05
94 9.936945044017152e-06
95 9.882417814199474e-06
96 9.980663577471369e-06
97 9.740908916770668e-06
98 9.891732400737413e-06
99 9.961603470535314e-06
100 9.89675915980253e-06
101 9.881821884195112e-06
102 9.9730061005202e-06
103 1.0021702164958995e-05
104 9.720798180444765e-06
105 1.002880219088076e-05
106 9.805085307802484e-06
107 9.939661584677098e-06
108 9.895207601262806e-06
109 9.841691130090645e-06
110 1.00276648985527e-05
111 1.0036907066702287e-05
112 9.898901315866547e-06
113 9.957907056826764e-06
114 1.0123363266048033e-05
115 9.841715683641226e-06
116 1.0037521829665307e-05
117 9.957474467153993e-06
118 9.949911299648377e-06
119 9.789592587303277e-06
120 9.787321704701408e-06
121 1.0021433481771267e-05
122 1.000161549936371e-05
123 9.914262859675011e-06
124 9.872449854807849e-06
125 9.873308462930642e-06
126 9.909954888230742e-06
127 9.925553810371367e-06
128 9.898763810557862e-06
129 9.869213579655946e-06
130 9.889506215454716e-06
131 9.820842272080451e-06
132 1.0075527211301407e-05
133 9.939987963264239e-06
134 9.999165378017503e-06
135 9.966762379639571e-06
136 9.853181702340108e-06
137 9.960404023330414e-06
138 9.95726614970838e-06
139 9.772886315598002e-06
140 1.0199594802610787e-05
141 1.0106239807080912e-05
142 9.974501878086097e-06
143 9.783364478089736e-06
144 9.91352776479258e-06
145 9.792455831122823e-06
146 9.966292084032573e-06
147 9.952294460574697e-06
148 9.972141832638833e-06
149 9.867939313184824e-06
150 9.971246514481486e-06
151 9.878220173835573e-06
152 1.0028642150614922e-05
153 9.868442369347392e-06
154 9.991767071607702e-06
155 9.935760531474802e-06
156 1.0079011497993643e-05
157 9.91342916707185e-06
158 9.760981237399342e-06
159 9.828279836238159e-06
160 9.906756818879404e-06
161 9.894873679795052e-06
162 1.0002358236995044e-05
163 9.836185116120939e-06
164 9.94883698359526e-06
165 1.0128590930329687e-05
166 1.0047123145395052e-05
167 9.885235866842824e-06
168 9.793752090658334e-06
169 9.937799693424416e-06
170 1.0017027395372792e-05
171 1.0032772236874639e-05
172 9.939219399403545e-06
173 9.861285786167718e-06
174 9.881942379616282e-06
175 9.786691224552745e-06
176 9.893361808156834e-06
177 9.760538871237152e-06
178 9.945395861857763e-06
179 9.830421563552071e-06
180 9.897613757521616e-06
181 9.977506658641777e-06
182 9.805906928361429e-06
183 9.873018809240776e-06
184 9.904927670369016e-06
185 9.992603252197599e-06
186 9.936911140296572e-06
187 9.90103427400146e-06
188 9.912448185535762e-06
189 9.856212816007808e-06
190 9.882790608247746e-06
191 9.974602693450536e-06
192 9.935253744250523e-06
193 9.897949732417481e-06
194 9.860437613488648e-06
195 9.81049834326372e-06
196 9.953750517464121e-06
197 9.925672552863623e-06
198 9.957545679907472e-06
199 9.89887499655251e-06
200 9.914212036658253e-06
201 9.911830997863983e-06
202 9.875044120446279e-06
203 9.91097543874869e-06
204 1.0053032701213543e-05
205 9.881815006405895e-06
206 9.918448841284363e-06
207 1.0066260813225988e-05
208 9.886738515091481e-06
209 9.995791306205296e-06
210 9.85533912034343e-06
211 9.936147077894439e-06
212 1.0061303653586907e-05
213 9.87205263295978e-06
214 9.908040704207422e-06
215 9.854605392364808e-06
216 9.932890634435193e-06
217 9.955506151692645e-06
218 9.922665301083536e-06
219 9.918181125351717e-06
220 9.924462404595813e-06
221 1.0058987052402763e-05
222 1.0080264954875976e-05
223 9.899012446680808e-06
224 9.822706286038344e-06
225 9.893300988128134e-06
226 9.96267665242278e-06
227 9.87036966658603e-06
228 9.951810673009848e-06
229 9.908254043375973e-06
230 9.924962974808552e-06
231 9.97882897737752e-06
232 9.96267770341957e-06
233 9.846926293178042e-06
234 1.0007570157792978e-05
235 9.807555098335337e-06
236 9.976624131456402e-06
237 9.995024002220404e-06
238 9.89714087816257e-06
239 1.0022965541724593e-05
240 9.823631354199792e-06
241 9.964844106091128e-06
242 9.987742165966415e-06
243 9.912477199458874e-06
244 9.81595701769336e-06
245 1.00098074674575e-05
246 9.800757453190616e-06
247 1.008098317244592e-05
248 9.941689606847756e-06
249 9.946248526682621e-06
250 1.0037906683154367e-05
251 9.891283331644944e-06
252 9.856822292228005e-06
253 9.947667979697022e-06
254 9.908591748113818e-06
255 9.932802701793476e-06
256 9.829828385081597e-06
257 9.98221697900456e-06
258 9.865766891051874e-06
259 9.967038157916266e-06
260 9.935515972053997e-06
261 9.946212758360789e-06
262 9.956782392430078e-06
263 9.93316638725903e-06
264 9.935105276507613e-06
265 9.8651512285096e-06
266 9.808172394307373e-06
267 9.795797939627091e-06
268 9.887444913728054e-06
269 9.938327648594888e-06
270 9.76231003141385e-06
271 9.963678900206746e-06
272 9.88821467384851e-06
273 9.947464305726846e-06
274 9.944872823444096e-06
275 1.0039823119537926e-05
276 9.890186436369654e-06
277 1.0030842092541457e-05
278 9.978355526903358e-06
279 9.86711546814626e-06
280 1.0023285445466474e-05
281 9.902627453453899e-06
282 9.916373108681303e-06
283 9.946978988526155e-06
284 9.929490867365393e-06
285 9.966456922465014e-06
286 9.922227222097221e-06
287 9.902479080696939e-06
288 9.978627331774103e-06
289 9.942891076956841e-06
290 9.954682433263125e-06
291 9.985236155978594e-06
292 9.923757847470513e-06
293 9.854036464018964e-06
294 9.948693668638697e-06
295 1.0022335766744466e-05
296 9.949497437173484e-06
297 1.000344975147197e-05
298 1.0008315304924038e-05
299 9.880198931349187e-06
