0 4.207998094946396e-05
1 4.023521896034458e-05
2 4.0193390158437865e-05
3 4.058010365878498e-05
4 3.931440596545757e-05
5 4.017943382532115e-05
6 4.108252819019663e-05
7 4.16261740213702e-05
8 3.9995122108137335e-05
9 4.066678359841386e-05
10 3.9624786317224785e-05
11 4.053513567422264e-05
12 4.170408366003208e-05
13 4.029173142709114e-05
14 3.986492493534376e-05
15 3.999230144372379e-05
16 4.0107440896546784e-05
17 4.090066656189057e-05
18 3.968874041788703e-05
19 3.714530806266966e-05
20 4.084769418779689e-05
21 3.967555887222709e-05
22 4.0107913373974714e-05
23 3.950315211388399e-05
24 4.0080798853168826e-05
25 3.893152185762743e-05
26 3.906923573854535e-05
27 4.047541738175598e-05
28 4.020746396255541e-05
29 4.117863390969051e-05
30 4.0850897683198267e-05
31 3.9585287804309296e-05
32 4.050774413165469e-05
33 3.933207162491886e-05
34 3.863338376487289e-05
35 4.106927589660214e-05
36 3.828407442085403e-05
37 4.0723674020170524e-05
38 4.115450286777259e-05
39 3.9566125971856685e-05
40 4.055372711198532e-05
41 3.95726184411593e-05
42 4.011707140803026e-05
43 3.9936939723742884e-05
44 4.0106451472125904e-05
45 4.038552567848102e-05
46 3.988660551781419e-05
47 3.903064420593209e-05
48 4.163815591655022e-05
49 3.978185664254883e-05
50 3.904630023888076e-05
51 4.110450607716892e-05
52 3.867884216142317e-05
53 4.047992900568594e-05
54 3.9671934254535645e-05
55 4.03313342409881e-05
56 4.00150885344931e-05
57 3.9207042531655924e-05
58 4.0438489212786866e-05
59 4.02481283454315e-05
60 3.976979666889829e-05
61 4.019317370537845e-05
62 4.082510768150395e-05
63 4.178999208280246e-05
64 4.04654155047906e-05
65 3.920495482585099e-05
66 3.864998741242154e-05
67 4.119579975099289e-05
68 4.08956741629901e-05
69 4.009573029694196e-05
70 3.948723331171013e-05
71 4.161262393048508e-05
72 4.088887175530463e-05
73 3.932581634063913e-05
74 4.188457215405024e-05
75 4.147311803949949e-05
76 3.960082762666101e-05
77 4.043777116930297e-05
78 4.1436571214287006e-05
79 4.0127489018730956e-05
80 3.90072799252357e-05
81 3.959896176596127e-05
82 4.079266944244992e-05
83 4.0267139406454214e-05
84 4.128893206567297e-05
85 4.207532091606728e-05
86 3.961079382825889e-05
87 3.9946867972870505e-05
88 4.08810751326813e-05
89 3.9035716501875485e-05
90 3.908979148379631e-05
91 4.11835418946345e-05
92 4.085789504985954e-05
93 4.029589889546189e-05
94 4.0880038079141296e-05
95 3.8778674923771914e-05
96 4.0223412262602106e-05
97 3.834122824555699e-05
98 4.000613541933232e-05
99 4.020676811280691e-05
100 4.0537381016746476e-05
101 3.9905502920029784e-05
102 4.129431444291773e-05
103 4.058311411468337e-05
104 3.89302711398453e-05
105 4.1312484674140245e-05
106 3.943013102546122e-05
107 3.953225079742545e-05
108 4.011477660027156e-05
109 4.0665684559053226e-05
110 4.11916842284175e-05
111 4.053883534121645e-05
112 3.972729795816594e-05
113 4.187696718425873e-05
114 4.0876781092300126e-05
115 3.977133667985736e-05
116 4.0331413696788087e-05
117 3.9954760001129505e-05
118 4.035308221329359e-05
119 3.9408006361672276e-05
120 4.00554918558585e-05
121 4.0799770426646504e-05
122 4.106747352254476e-05
123 3.929065048690968e-05
124 4.0749352848121935e-05
125 3.915126859858777e-05
126 4.124218369706046e-05
127 4.1034473738795805e-05
128 4.001216954031192e-05
129 3.909202093708226e-05
130 4.068713744884696e-05
131 3.849783059028709e-05
132 4.133940237038626e-05
133 4.049273242455453e-05
134 4.1959821940308875e-05
135 4.121219722314762e-05
136 3.949713184861774e-05
137 4.00079555879395e-05
138 4.0479060263714744e-05
139 3.918504715423633e-05
140 4.261520085681137e-05
141 4.17908332581353e-05
142 4.104369968313778e-05
143 3.974802168594684e-05
144 4.118025462565811e-05
145 3.9651912385373576e-05
146 4.110595965350137e-05
147 3.9514113923080816e-05
148 4.155064228005184e-05
149 4.029270623675081e-05
150 4.0601414271255056e-05
151 3.981552925543535e-05
152 4.1693836574119015e-05
153 4.033782164805835e-05
154 3.970980397458194e-05
155 4.089017317953282e-05
156 4.156861947271802e-05
157 3.995090527582021e-05
158 3.8699028143026365e-05
159 3.9959101602370324e-05
160 3.995656098792074e-05
161 3.9623423924554114e-05
162 4.0990863347274726e-05
163 4.0246245434724255e-05
164 4.0862535057002064e-05
165 4.23133539159738e-05
166 4.154631990353631e-05
167 3.8340167351564256e-05
168 3.9026792637341744e-05
169 3.8572423416142015e-05
170 4.074576034687411e-05
171 4.156026827547444e-05
172 4.069619170427886e-05
173 3.992932700364839e-05
174 4.029430261883773e-05
175 3.9237102771054224e-05
176 3.9279884475171605e-05
177 3.945034776231039e-05
178 3.9723298633682445e-05
179 3.9659151397346693e-05
180 4.0889278882298996e-05
181 4.076925929516268e-05
182 3.940407733156596e-05
183 3.9538045114704934e-05
184 4.0816203410222575e-05
185 4.0922961550353086e-05
186 3.994586742372957e-05
187 4.0084750744516966e-05
188 4.007332808044102e-05
189 3.9880671587774126e-05
190 4.020368367500784e-05
191 4.055542472591918e-05
192 4.124025707546755e-05
193 3.973355920180647e-05
194 3.998917331631067e-05
195 3.950621025140855e-05
196 4.139824449003275e-05
197 4.067868872036787e-05
198 4.021768161026367e-05
199 3.9525273447558256e-05
200 4.047936354700986e-05
201 3.941116334730337e-05
202 3.8457528288423045e-05
203 4.08165483253102e-05
204 4.033150551396247e-05
205 3.90743028747324e-05
206 4.0474590121770615e-05
207 4.2630708345090594e-05
208 4.015777927781508e-05
209 4.063312609156307e-05
210 4.0432598275766996e-05
211 4.115049115862194e-05
212 4.0967218234131046e-05
213 4.0406985860114226e-05
214 4.016974714407454e-05
215 3.900448312250513e-05
216 4.075893905748113e-05
217 4.109921679457752e-05
218 3.9749359355082856e-05
219 4.052705345757801e-05
220 4.051910207150712e-05
221 4.159411896456707e-05
222 4.16407158053979e-05
223 4.0548462890091395e-05
224 3.8973655168348137e-05
225 3.919729640643051e-05
226 4.0815210484955814e-05
227 3.997830919914815e-05
228 3.971130181989941e-05
229 3.992267820471712e-05
230 4.078554390009984e-05
231 4.0771396386369223e-05
232 4.0931371504813246e-05
233 3.992697635601498e-05
234 4.1901519337285874e-05
235 3.8497580464394196e-05
236 4.151378053909037e-05
237 3.99553497388307e-05
238 3.971034147456305e-05
239 4.115237199485469e-05
240 3.899775337631571e-05
241 4.019761607137008e-05
242 3.969814663467768e-05
243 4.0676138991350643e-05
244 3.933042628200462e-05
245 3.979565896928192e-05
246 3.9164195018815475e-05
247 4.107696788215498e-05
248 4.2342088093330565e-05
249 4.010729131706462e-05
250 4.0474887803172286e-05
251 3.995122245361272e-05
252 3.9169224088169675e-05
253 4.059151270189952e-05
254 4.054191221107121e-05
255 4.0941945889279805e-05
256 3.833176446078031e-05
257 4.031654192699014e-05
258 4.065775657439013e-05
259 4.06178036547603e-05
260 4.165760756062163e-05
261 3.9961685526483154e-05
262 3.9942397386763617e-05
263 3.9903831749100245e-05
264 4.104319118277634e-05
265 4.022712538147833e-05
266 3.981920481706146e-05
267 3.9324543019263186e-05
268 3.9754348353662e-05
269 4.073289128397994e-05
270 3.8641818617343554e-05
271 4.069403208299212e-05
272 4.0726165776464966e-05
273 3.956922545120608e-05
274 4.056969235093868e-05
275 4.1619344113976384e-05
276 4.062238140698928e-05
277 4.1389550902175535e-05
278 4.034467906748269e-05
279 3.824743564734886e-05
280 4.170234818007166e-05
281 4.010118348157042e-05
282 3.988499679368009e-05
283 4.020728726952398e-05
284 4.0010936983540105e-05
285 3.97998239325337e-05
286 3.9717637563481995e-05
287 4.0052970301978707e-05
288 3.9283244262782415e-05
289 4.033092574057076e-05
290 4.1405896811455326e-05
291 4.022105214092158e-05
292 3.945297426993529e-05
293 3.94262352562542e-05
294 3.9860171031007046e-05
295 4.1468215909617635e-05
296 3.968743215356949e-05
297 4.1524063594086076e-05
298 4.1175070161767324e-05
299 3.934965968296431e-05
