0 2.258274697644653e-05
1 2.2679489130686855e-05
2 2.279279394674373e-05
3 2.3060050538373006e-05
4 2.3093205545292687e-05
5 2.295008172850676e-05
6 2.3070563510431122e-05
7 2.280458205816965e-05
8 2.3138936191221857e-05
9 2.25979856105551e-05
10 2.359565457379031e-05
11 2.3037798029681782e-05
12 2.2843265898668777e-05
13 2.284026000843282e-05
14 2.3057687419251428e-05
15 2.2711065953280384e-05
16 2.2979565557826514e-05
17 2.3195235624287e-05
18 2.316822666767066e-05
19 2.3604950545160307e-05
20 2.2809378982163764e-05
21 2.3058379545782547e-05
22 2.3036526814804912e-05
23 2.287362535789723e-05
24 2.2956838078798436e-05
25 2.322873016611133e-05
26 2.2718622883091343e-05
27 2.30795607089481e-05
28 2.3143655228377938e-05
29 2.2902591618100665e-05
30 2.292030489020845e-05
31 2.308457434046823e-05
32 2.3005297252605628e-05
33 2.3232514845529826e-05
34 2.3509459445666165e-05
35 2.2208686537151562e-05
36 2.3431292289370153e-05
37 2.291217484703058e-05
38 2.306230580526044e-05
39 2.299136864525845e-05
40 2.2682483264695484e-05
41 2.3279350008372524e-05
42 2.3095487971038558e-05
43 2.3117943550341323e-05
44 2.3279425606338687e-05
45 2.3215766800844897e-05
46 2.3345300467810888e-05
47 2.322322093210501e-05
48 2.308422963711328e-05
49 2.3100148198028162e-05
50 2.311510061292367e-05
51 2.287952451474833e-05
52 2.3453102617487076e-05
53 2.282331967521826e-05
54 2.307537930113751e-05
55 2.2766828609702942e-05
56 2.3290670122701737e-05
57 2.3192580394109554e-05
58 2.3425525431374594e-05
59 2.2954200693003412e-05
60 2.3212426258606192e-05
61 2.2561267656214378e-05
62 2.320149726987648e-05
63 2.2365237890219002e-05
64 2.287801382790507e-05
65 2.3401126882240664e-05
66 2.3611316807899872e-05
67 2.2498518686299397e-05
68 2.269641722705216e-05
69 2.3154541217048776e-05
70 2.3363676077666354e-05
71 2.258620146898674e-05
72 2.2788420726011263e-05
73 2.353482271738888e-05
74 2.248495226329976e-05
75 2.2673637366462632e-05
76 2.292074501595403e-05
77 2.299775324146953e-05
78 2.2880335124421084e-05
79 2.2864543335071365e-05
80 2.3020111018288346e-05
81 2.2768588848553996e-05
82 2.2815524281083663e-05
83 2.2758464889546778e-05
84 2.2597391429366216e-05
85 2.2413525778644744e-05
86 2.304619632774207e-05
87 2.31635869573386e-05
88 2.2711772547329633e-05
89 2.334554260013755e-05
90 2.339376052616206e-05
91 2.3059569142363515e-05
92 2.3054784551602856e-05
93 2.341450642976915e-05
94 2.305704420083739e-05
95 2.3084328461283303e-05
96 2.29991446036591e-05
97 2.3283762602794024e-05
98 2.297370183811478e-05
99 2.2956154938061762e-05
100 2.2624810514955565e-05
101 2.3408382214679388e-05
102 2.2460572844064747e-05
103 2.313215497599323e-05
104 2.3145664501747856e-05
105 2.2766213420534414e-05
106 2.3179566326598213e-05
107 2.3165116256761023e-05
108 2.2931510065788625e-05
109 2.2931302954021703e-05
110 2.309855216304376e-05
111 2.277533487316996e-05
112 2.3278730581063453e-05
113 2.252247702271853e-05
114 2.3155223675321308e-05
115 2.291878890152363e-05
116 2.3096477951981856e-05
117 2.3319942339594477e-05
118 2.312994722447978e-05
119 2.2993842460735547e-05
120 2.2838057786266397e-05
121 2.2577388805514434e-05
122 2.2752294272564695e-05
123 2.309583387885498e-05
124 2.2787211066061107e-05
125 2.344234411644231e-05
126 2.2775209945416183e-05
127 2.2738733993136613e-05
128 2.293821367814429e-05
129 2.3103274016588265e-05
130 2.2863182678986204e-05
131 2.291075025809549e-05
132 2.2977438480126808e-05
133 2.2837942109827297e-05
134 2.2587245884871745e-05
135 2.289692364807098e-05
136 2.3336525053650028e-05
137 2.3095077807352255e-05
138 2.3214384876791802e-05
139 2.287965845695854e-05
140 2.2488423880706e-05
141 2.2827709587411843e-05
142 2.2634889074787533e-05
143 2.2508322967585813e-05
144 2.285302049804544e-05
145 2.298966105309741e-05
146 2.2951136296811867e-05
147 2.2992669646475152e-05
148 2.280896774906876e-05
149 2.2868986303825235e-05
150 2.3149633833347148e-05
151 2.3294342675603e-05
152 2.2661133238666077e-05
153 2.2930642194062182e-05
154 2.3113040656045303e-05
155 2.3082883358449306e-05
156 2.295354391986706e-05
157 2.2932236325026487e-05
158 2.3402456301083832e-05
159 2.2915125819880752e-05
160 2.3350807788926585e-05
161 2.2925578516881327e-05
162 2.288370894263022e-05
163 2.2621467469129726e-05
164 2.2750422144634035e-05
165 2.2581004928406607e-05
166 2.2743286404857244e-05
167 2.369467820753945e-05
168 2.311933461013622e-05
169 2.3582363607144874e-05
170 2.288304050494522e-05
171 2.2463120707217576e-05
172 2.2837742410659274e-05
173 2.267635503189292e-05
174 2.298857647728649e-05
175 2.313002995437282e-05
176 2.3211397073667402e-05
177 2.2845454274294382e-05
178 2.342360663969857e-05
179 2.3111971380695935e-05
180 2.299153909583198e-05
181 2.306316933811841e-05
182 2.2975853466628038e-05
183 2.311911281638797e-05
184 2.2965131418653444e-05
185 2.276143312723643e-05
186 2.3243515795896304e-05
187 2.309678558652578e-05
188 2.2741789032663657e-05
189 2.3344102362081927e-05
190 2.313520642613309e-05
191 2.3275111061885942e-05
192 2.294587149798724e-05
193 2.3136354078668146e-05
194 2.3145846503819497e-05
195 2.3040366461770996e-05
196 2.245346060022618e-05
197 2.299450152666019e-05
198 2.3194853883366885e-05
199 2.3215796458513613e-05
200 2.2951980536216286e-05
201 2.3069565750838127e-05
202 2.351933389355861e-05
203 2.2812635371578048e-05
204 2.315717007545947e-05
205 2.3137527741079843e-05
206 2.2772907478112337e-05
207 2.275451167406243e-05
208 2.3300529920840953e-05
209 2.3383634659048612e-05
210 2.292076168286943e-05
211 2.3119933139007464e-05
212 2.2776833140839125e-05
213 2.2833050852525732e-05
214 2.291372847202876e-05
215 2.2866034986735698e-05
216 2.3072282088878673e-05
217 2.2796757956440426e-05
218 2.2903505839765403e-05
219 2.295836034024549e-05
220 2.2870267706654102e-05
221 2.2718862080188666e-05
222 2.2928124415490627e-05
223 2.267750625675524e-05
224 2.2853766847342326e-05
225 2.3116108359486684e-05
226 2.2550232626583706e-05
227 2.2962932722397857e-05
228 2.3150849717053257e-05
229 2.3285153867481746e-05
230 2.288103496119048e-05
231 2.269908431215561e-05
232 2.2760107570800055e-05
233 2.3228835617749452e-05
234 2.292110096819035e-05
235 2.328306770307116e-05
236 2.30342311815373e-05
237 2.302645474356682e-05
238 2.3185661968995524e-05
239 2.274318098664719e-05
240 2.3374677696051962e-05
241 2.2702948502312835e-05
242 2.32863002638894e-05
243 2.2467748710049606e-05
244 2.283731543907694e-05
245 2.330626557149724e-05
246 2.3318908370239443e-05
247 2.3039103549850112e-05
248 2.2400441660398045e-05
249 2.3026704601697798e-05
250 2.2930244276204366e-05
251 2.3187891527780938e-05
252 2.3370795623149525e-05
253 2.302180987051533e-05
254 2.266756208308933e-05
255 2.3181206175155982e-05
256 2.358134937840645e-05
257 2.3050128720085556e-05
258 2.281301700567797e-05
259 2.3018178196752905e-05
260 2.247909360041809e-05
261 2.3227811786329265e-05
262 2.3010805018409526e-05
263 2.2955779949726474e-05
264 2.312790276296927e-05
265 2.2706531882074295e-05
266 2.3075645698751247e-05
267 2.3456433826348282e-05
268 2.291483847939402e-05
269 2.310308593240856e-05
270 2.3465422635221904e-05
271 2.2758934231871735e-05
272 2.296226244635679e-05
273 2.3283267743052566e-05
274 2.2591783062087044e-05
275 2.274745827287841e-05
276 2.3079103590722592e-05
277 2.2981369939813564e-05
278 2.276915845854794e-05
279 2.3538306768545625e-05
280 2.270646309547219e-05
281 2.2937204402326053e-05
282 2.2871688082655258e-05
283 2.3240558150885215e-05
284 2.33258127693185e-05
285 2.335015797021614e-05
286 2.3046203361733865e-05
287 2.3131205881212733e-05
288 2.3177197691981866e-05
289 2.319633733978217e-05
290 2.272431041564641e-05
291 2.329856229475179e-05
292 2.3480904779204733e-05
293 2.3145645482247584e-05
294 2.2607858665230806e-05
295 2.301051072904585e-05
296 2.3123895338700632e-05
297 2.3129008298670092e-05
298 2.2550427015687786e-05
299 2.3380087889525515e-05
