0 3.281742544800546e-05
1 3.2028800166461673e-05
2 3.2792408998151475e-05
3 3.2531751849189844e-05
4 3.220614698893248e-05
5 3.261760078113109e-05
6 3.324247925641528e-05
7 3.236107893469994e-05
8 3.256039445487617e-05
9 3.180393038351162e-05
10 3.222588525380062e-05
11 3.1813022687960846e-05
12 3.1925497506300584e-05
13 3.126590925835784e-05
14 3.3914456150989743e-05
15 3.206963730611152e-05
16 3.261919021174113e-05
17 3.214396421963026e-05
18 3.219449507628505e-05
19 3.198443610709626e-05
20 3.14339987279985e-05
21 3.250048748242183e-05
22 3.25813615739755e-05
23 3.20391219066844e-05
24 3.211267580861672e-05
25 3.2003835081648354e-05
26 3.241433962036595e-05
27 3.2814292007456594e-05
28 3.305350135193513e-05
29 3.302360253788365e-05
30 3.21258051266647e-05
31 3.30998735932629e-05
32 3.294975153255721e-05
33 3.229724354855614e-05
34 3.22264447917023e-05
35 3.244045218994783e-05
36 3.224561704874535e-05
37 3.2105591990147615e-05
38 3.2114457168662374e-05
39 3.1740519657022706e-05
40 3.245973226943436e-05
41 3.183514238950856e-05
42 3.208516146323728e-05
43 3.213072397947205e-05
44 3.267604280322751e-05
45 3.138099287945172e-05
46 3.21800777221872e-05
47 3.1886951553888215e-05
48 3.17934579458169e-05
49 3.228579430368725e-05
50 3.2371540563013126e-05
51 3.2045493262234e-05
52 3.1713851263384645e-05
53 3.21244805478523e-05
54 3.1983256481466235e-05
55 3.235950159520905e-05
56 3.2614970774781027e-05
57 3.205759368459076e-05
58 3.2759611436171147e-05
59 3.201470817034129e-05
60 3.2750876055338275e-05
61 3.2646286681462944e-05
62 3.200205052420135e-05
63 3.2588004966312464e-05
64 3.276816251367688e-05
65 3.188105452820182e-05
66 3.164144789283796e-05
67 3.241818829738059e-05
68 3.223147545623905e-05
69 3.212771643565152e-05
70 3.2230425534984875e-05
71 3.251259794528938e-05
72 3.241354852215741e-05
73 3.285746870851887e-05
74 3.248851200368574e-05
75 3.292310842447315e-05
76 3.252903179259841e-05
77 3.230279664237467e-05
78 3.192420863620514e-05
79 3.29391093039017e-05
80 3.1485459847951703e-05
81 3.168682991688991e-05
82 3.227468279530807e-05
83 3.229384793019928e-05
84 3.255201780849287e-05
85 3.1913703670311246e-05
86 3.2184423100310174e-05
87 3.223924348066014e-05
88 3.197869956204368e-05
89 3.283173349926365e-05
90 3.191759213127376e-05
91 3.200255033778803e-05
92 3.262125506717296e-05
93 3.2618107096157556e-05
94 3.2517895723516986e-05
95 3.2690656689233435e-05
96 3.242236399047925e-05
97 3.200443473946615e-05
98 3.222630165685983e-05
99 3.2509830742038565e-05
100 3.1572604808943117e-05
101 3.2312096895303736e-05
102 3.2917385886848934e-05
103 3.28586947160507e-05
104 3.259926136084417e-05
105 3.262243229447183e-05
106 3.215369081423847e-05
107 3.213323410522683e-05
108 3.254923621757112e-05
109 3.297865133907738e-05
110 3.1884889818789765e-05
111 3.2187360472303396e-05
112 3.2065669659301026e-05
113 3.2214702116624376e-05
114 3.285395501580636e-05
115 3.250507963053195e-05
116 3.251583459575577e-05
117 3.2515585304661105e-05
118 3.116853437692851e-05
119 3.1922022982618626e-05
120 3.2401031102143285e-05
121 3.222845291984371e-05
122 3.232264339605463e-05
123 3.269910601758783e-05
124 3.2111395281447004e-05
125 3.2369473084184465e-05
126 3.15953672608425e-05
127 3.2191799575204756e-05
128 3.2433466514549335e-05
129 3.180076481217454e-05
130 3.270189642693549e-05
131 3.241613035185242e-05
132 3.18156476844142e-05
133 3.2539725528916854e-05
134 3.2843103620066273e-05
135 3.23788837868441e-05
136 3.302491283590699e-05
137 3.221274737642812e-05
138 3.228352569349285e-05
139 3.2591595089398494e-05
140 3.312342491631378e-05
141 3.269689551302019e-05
142 3.196985268735476e-05
143 3.220405280604057e-05
144 3.25103819096208e-05
145 3.203595601193128e-05
146 3.303014699800401e-05
147 3.233515473103371e-05
148 3.286293764592649e-05
149 3.282753539042404e-05
150 3.248772846416724e-05
151 3.16561050386036e-05
152 3.304742830598347e-05
153 3.2796451104936455e-05
154 3.2319802903716555e-05
155 3.327594302590655e-05
156 3.2954996608162495e-05
157 3.2511689043672916e-05
158 3.1959930718602235e-05
159 3.1379863348731345e-05
160 3.090798863574386e-05
161 3.246460505638474e-05
162 3.1972469318389535e-05
163 3.198603697593069e-05
164 3.219042490337682e-05
165 3.2206355309664235e-05
166 3.300881348033459e-05
167 3.2111361754515535e-05
168 3.189835163703521e-05
169 3.186798888348732e-05
170 3.18182207466785e-05
171 3.2269783168997236e-05
172 3.219750360598399e-05
173 3.281088574399347e-05
174 3.2072954968239564e-05
175 3.096271052715428e-05
176 3.217803563385196e-05
177 3.253038334190623e-05
178 3.173086884612642e-05
179 3.2755638771556e-05
180 3.214045121781258e-05
181 3.267593267817555e-05
182 3.314509880295066e-05
183 3.193357839133548e-05
184 3.212192046215407e-05
185 3.259292703581573e-05
186 3.195367006183083e-05
187 3.276669590005283e-05
188 3.1580510089283135e-05
189 3.271785154290195e-05
190 3.26453885174331e-05
191 3.211020711604115e-05
192 3.2219859907357645e-05
193 3.299819092310991e-05
194 3.174525778100233e-05
195 3.221016318015742e-05
196 3.205491688741137e-05
197 3.2803378820737404e-05
198 3.25576548092275e-05
199 3.2741100719654504e-05
200 3.2350049429693506e-05
201 3.1641433517825314e-05
202 3.214876663408449e-05
203 3.2351488682000874e-05
204 3.241834853029187e-05
205 3.211579249627749e-05
206 3.138275897931968e-05
207 3.2021126386292806e-05
208 3.2928554639885134e-05
209 3.255255028135235e-05
210 3.282437179593107e-05
211 3.221564859094893e-05
212 3.147488452710736e-05
213 3.200114974916676e-05
214 3.2634958460881584e-05
215 3.14726847967114e-05
216 3.225992296315487e-05
217 3.247672169949182e-05
218 3.2226021697938726e-05
219 3.25314145453928e-05
220 3.282101655802738e-05
221 3.145453076800405e-05
222 3.259361480734069e-05
223 3.255042516269793e-05
224 3.2212711559035925e-05
225 3.2215450272361425e-05
226 3.2791762895108656e-05
227 3.269916017598438e-05
228 3.197324861606183e-05
229 3.27037417116606e-05
230 3.18954474816871e-05
231 3.228623384958989e-05
232 3.310940852199744e-05
233 3.266087490200092e-05
234 3.218158475151052e-05
235 3.1904740019790846e-05
236 3.200994144082257e-05
237 3.154628841865537e-05
238 3.183797914333186e-05
239 3.2190798128490824e-05
240 3.233773410433821e-05
241 3.167971444557355e-05
242 3.181439881272083e-05
243 3.271615945854447e-05
244 3.226816716971753e-05
245 3.157374925673346e-05
246 3.2138107600093016e-05
247 3.24251720912741e-05
248 3.307652717656628e-05
249 3.266381190162225e-05
250 3.199643789127878e-05
251 3.2303979542127104e-05
252 3.195331928662319e-05
253 3.230793848007453e-05
254 3.267682156674352e-05
255 3.2313008439653734e-05
256 3.1834408460207694e-05
257 3.1593726720899184e-05
258 3.2067566395303735e-05
259 3.229455464953676e-05
260 3.2197427369286e-05
261 3.223055970307579e-05
262 3.1937793419599914e-05
263 3.188519493656641e-05
264 3.2600692536349013e-05
265 3.1939521802844985e-05
266 3.2119789018700496e-05
267 3.1880985684376e-05
268 3.178173740993311e-05
269 3.215687469792244e-05
270 3.174841463193336e-05
271 3.178922898596545e-05
272 3.244938045212469e-05
273 3.1793500391020834e-05
274 3.295658546428957e-05
275 3.2081706951829555e-05
276 3.2397365854755143e-05
277 3.17940602746039e-05
278 3.24297323551882e-05
279 3.175577394888773e-05
280 3.262704146111643e-05
281 3.184563699164446e-05
282 3.2246562419544573e-05
283 3.243516515350149e-05
284 3.2284510462806686e-05
285 3.299029123374929e-05
286 3.1468164126872694e-05
287 3.272333223050026e-05
288 3.308623378203614e-05
289 3.213410281119927e-05
290 3.245384316433163e-05
291 3.1920869253960796e-05
292 3.1878835112875624e-05
293 3.192179894554115e-05
294 3.2595253358762175e-05
295 3.204257965738293e-05
296 3.2261467180840896e-05
297 3.176997776602881e-05
298 3.223983225098561e-05
299 3.227121534517928e-05
