0 -3.7537622621909376e-05
1 -3.5338717278455814e-05
2 -3.5439292358809976e-05
3 -3.573768599643251e-05
4 -3.493035187264774e-05
5 -3.571385713804165e-05
6 -3.730624053205996e-05
7 -3.787098846771562e-05
8 -3.552505235317476e-05
9 -3.540364365963341e-05
10 -3.614934937332298e-05
11 -3.69015826702172e-05
12 -3.747748737264213e-05
13 -3.589048502200421e-05
14 -3.528455756239443e-05
15 -3.5252708018303946e-05
16 -3.572555134185416e-05
17 -3.6695872246707025e-05
18 -3.496807631524502e-05
19 -3.2702929293250715e-05
20 -3.668892609589258e-05
21 -3.548870008093863e-05
22 -3.534069309253122e-05
23 -3.4323732873072616e-05
24 -3.5437762956411834e-05
25 -3.538161889695567e-05
26 -3.3419836999774136e-05
27 -3.6539495635644557e-05
28 -3.597858392245053e-05
29 -3.700098250514391e-05
30 -3.6979019651997816e-05
31 -3.5064199388330094e-05
32 -3.617042308419714e-05
33 -3.502343603562244e-05
34 -3.487353396375515e-05
35 -3.556864839003725e-05
36 -3.3811887889269464e-05
37 -3.644193186666838e-05
38 -3.679749395254098e-05
39 -3.52734673247303e-05
40 -3.5929408661660184e-05
41 -3.554681474004877e-05
42 -3.5559017508849056e-05
43 -3.551831776091418e-05
44 -3.612327295601999e-05
45 -3.64685891817713e-05
46 -3.61962844563316e-05
47 -3.455563826025101e-05
48 -3.787837909157698e-05
49 -3.504674149265317e-05
50 -3.448625952629333e-05
51 -3.7147051600988384e-05
52 -3.4784218176977716e-05
53 -3.586718461259665e-05
54 -3.513087367608471e-05
55 -3.5475481048412355e-05
56 -3.645030444874347e-05
57 -3.477533245851231e-05
58 -3.70114710421073e-05
59 -3.591285298626363e-05
60 -3.574096460581186e-05
61 -3.4784045303901436e-05
62 -3.671545196386505e-05
63 -3.665821977254255e-05
64 -3.6032044072134786e-05
65 -3.47398518013693e-05
66 -3.5024863349685866e-05
67 -3.623382710957308e-05
68 -3.64263071002771e-05
69 -3.6212123640481125e-05
70 -3.4982319030344424e-05
71 -3.7040289534622126e-05
72 -3.632422258257273e-05
73 -3.536825577174857e-05
74 -3.7377918991624334e-05
75 -3.6464206698794984e-05
76 -3.463520992512217e-05
77 -3.5987261140967025e-05
78 -3.7747753479714504e-05
79 -3.514895426326586e-05
80 -3.425052934823334e-05
81 -3.446434012199715e-05
82 -3.679996960124282e-05
83 -3.53904268169287e-05
84 -3.6453018770070816e-05
85 -3.771541874533653e-05
86 -3.510511134329897e-05
87 -3.602522860755881e-05
88 -3.577370920664136e-05
89 -3.4779164952971726e-05
90 -3.495105185097658e-05
91 -3.746656449215365e-05
92 -3.642961572347736e-05
93 -3.6527169787442235e-05
94 -3.685988617453965e-05
95 -3.3983337136185766e-05
96 -3.5578523412613053e-05
97 -3.392808804860753e-05
98 -3.5797869347756444e-05
99 -3.4949024683966514e-05
100 -3.590307876338864e-05
101 -3.630441375875724e-05
102 -3.610590637799924e-05
103 -3.626799185091645e-05
104 -3.4241905655144737e-05
105 -3.721827955971174e-05
106 -3.447119677651325e-05
107 -3.5271127090482894e-05
108 -3.5236031433290716e-05
109 -3.5878523585427514e-05
110 -3.759923499356341e-05
111 -3.54049798953563e-05
112 -3.57209631536613e-05
113 -3.70945561669748e-05
114 -3.6312840648223796e-05
115 -3.496303255103602e-05
116 -3.605445986829824e-05
117 -3.6128088813369565e-05
118 -3.597251236362021e-05
119 -3.492007202699675e-05
120 -3.558521862401043e-05
121 -3.597444165374006e-05
122 -3.666841604419364e-05
123 -3.43932299935345e-05
124 -3.6191895278039684e-05
125 -3.48837061596209e-05
126 -3.711357220857201e-05
127 -3.640201552080124e-05
128 -3.565073551688709e-05
129 -3.4057095711399265e-05
130 -3.6253915738442784e-05
131 -3.333263518278289e-05
132 -3.713493321837395e-05
133 -3.5973380447586076e-05
134 -3.732182626920511e-05
135 -3.680795042149946e-05
136 -3.526026501606999e-05
137 -3.5732216155748034e-05
138 -3.635029810637793e-05
139 -3.4173873189096976e-05
140 -3.847639873068412e-05
141 -3.760156592675107e-05
142 -3.622164126287139e-05
143 -3.433211220649915e-05
144 -3.6449607146153526e-05
145 -3.4347985266558364e-05
146 -3.701404925732653e-05
147 -3.504230225024814e-05
148 -3.6985521284039574e-05
149 -3.55781524088095e-05
150 -3.6485298468343194e-05
151 -3.577063741471423e-05
152 -3.7128800789464586e-05
153 -3.5743400666443674e-05
154 -3.5222405100614196e-05
155 -3.6848738831014954e-05
156 -3.729213576297826e-05
157 -3.5347234106718215e-05
158 -3.4465076378060726e-05
159 -3.53574820081936e-05
160 -3.609192711161787e-05
161 -3.471929530317353e-05
162 -3.653491595675752e-05
163 -3.572311481546472e-05
164 -3.622073704008908e-05
165 -3.7933953709398724e-05
166 -3.697662781613214e-05
167 -3.444260893159895e-05
168 -3.401191191888159e-05
169 -3.455797492836072e-05
170 -3.685568326236473e-05
171 -3.736588461695286e-05
172 -3.59283429974154e-05
173 -3.481187780297284e-05
174 -3.5926201627099803e-05
175 -3.488448992522327e-05
176 -3.4581254231610176e-05
177 -3.413476529887486e-05
178 -3.628398247164198e-05
179 -3.5445276962200404e-05
180 -3.6596638087325646e-05
181 -3.6433158937328185e-05
182 -3.427695624998627e-05
183 -3.5270380726319645e-05
184 -3.644647807801974e-05
185 -3.64235369184778e-05
186 -3.5724921814331775e-05
187 -3.5688370994323086e-05
188 -3.501731464799542e-05
189 -3.55775234518587e-05
190 -3.599591207077409e-05
191 -3.6368880170735505e-05
192 -3.728621670195088e-05
193 -3.499167676299686e-05
194 -3.513722067959911e-05
195 -3.518831185155438e-05
196 -3.642854051846923e-05
197 -3.634645455702891e-05
198 -3.638197137636065e-05
199 -3.486747514615947e-05
200 -3.612611876631302e-05
201 -3.485791290139729e-05
202 -3.423753122365578e-05
203 -3.637153720718401e-05
204 -3.646044498665355e-05
205 -3.408477591965519e-05
206 -3.5783130772852595e-05
207 -3.894712446032247e-05
208 -3.630246570135803e-05
209 -3.7393617920954116e-05
210 -3.6027539460286106e-05
211 -3.745009621703771e-05
212 -3.611312253814396e-05
213 -3.575522207952676e-05
214 -3.545499300694901e-05
215 -3.425171531874465e-05
216 -3.637920138561003e-05
217 -3.697565982111913e-05
218 -3.500015967649599e-05
219 -3.603851852754353e-05
220 -3.54381722615202e-05
221 -3.7260007378723784e-05
222 -3.79851553035305e-05
223 -3.5585895466938554e-05
224 -3.437291841639234e-05
225 -3.477559100441144e-05
226 -3.584282941093816e-05
227 -3.5556607351440485e-05
228 -3.573509987926092e-05
229 -3.5621086167794894e-05
230 -3.6487386190717566e-05
231 -3.5759083473395453e-05
232 -3.6428592872069646e-05
233 -3.5508284036362165e-05
234 -3.8113476053222124e-05
235 -3.405550918087742e-05
236 -3.752668589018886e-05
237 -3.562265465561412e-05
238 -3.5264837771154695e-05
239 -3.7142202283287124e-05
240 -3.486877538191287e-05
241 -3.509151718529136e-05
242 -3.5714394040349866e-05
243 -3.508616082287684e-05
244 -3.4001370779284976e-05
245 -3.608500144650703e-05
246 -3.500691298691336e-05
247 -3.695799077482652e-05
248 -3.734578638053123e-05
249 -3.583449523235907e-05
250 -3.670170971106099e-05
251 -3.5900211689539614e-05
252 -3.4732161432683775e-05
253 -3.634737789399033e-05
254 -3.5689319717573186e-05
255 -3.680621518220351e-05
256 -3.439843300193741e-05
257 -3.596585954227292e-05
258 -3.5826153626626535e-05
259 -3.595384697799881e-05
260 -3.717560334356325e-05
261 -3.585463854284257e-05
262 -3.58150066540512e-05
263 -3.538013073547286e-05
264 -3.7432120117151675e-05
265 -3.5448487044452725e-05
266 -3.497789004158102e-05
267 -3.5294993733615894e-05
268 -3.486566573853285e-05
269 -3.6625226797806544e-05
270 -3.436839097155279e-05
271 -3.5780997666594554e-05
272 -3.616152877259532e-05
273 -3.547247774578678e-05
274 -3.570241692006767e-05
275 -3.750192806390146e-05
276 -3.607986949696866e-05
277 -3.7215605946207614e-05
278 -3.5807995855059404e-05
279 -3.404673551147487e-05
280 -3.76188783129264e-05
281 -3.59397589385993e-05
282 -3.539999257546613e-05
283 -3.6287597225718986e-05
284 -3.6185072554200285e-05
285 -3.606792780472882e-05
286 -3.526994047155216e-05
287 -3.575552339703306e-05
288 -3.482370244095167e-05
289 -3.630753255451199e-05
290 -3.728439796805123e-05
291 -3.671161177825865e-05
292 -3.554506425174735e-05
293 -3.524247475292201e-05
294 -3.448823751802635e-05
295 -3.777262175403144e-05
296 -3.53388349120785e-05
297 -3.817857404205289e-05
298 -3.639199298720062e-05
299 -3.547676596310436e-05
