0 2.1847288050811467e-05
1 2.469145257025429e-05
2 2.2837984610269458e-05
3 2.3423423228886957e-05
4 2.40085354868814e-05
5 2.3018091093053208e-05
6 2.1207795089375847e-05
7 2.1512915897931645e-05
8 2.311571481984096e-05
9 2.3652277648021446e-05
10 2.3274997743000844e-05
11 2.2343625772150206e-05
12 2.1867023945160253e-05
13 2.4430693594956963e-05
14 2.2251689994017672e-05
15 2.440445005726039e-05
16 2.3434830412921738e-05
17 2.318983882698333e-05
18 2.402915841603113e-05
19 2.619973513440098e-05
20 2.35316751954918e-05
21 2.331014317131647e-05
22 2.407919413658982e-05
23 2.5060147271836616e-05
24 2.3956892841304388e-05
25 2.294065272749198e-05
26 2.580787919099888e-05
27 2.2223779706928702e-05
28 2.237443140206952e-05
29 2.0823169417032663e-05
30 2.245634488242553e-05
31 2.324751145930703e-05
32 2.211498757943529e-05
33 2.4106673333681088e-05
34 2.499500594726558e-05
35 2.329254614916425e-05
36 2.559001413825351e-05
37 2.2558364867072397e-05
38 2.2743428958092895e-05
39 2.3886626484022728e-05
40 2.3553349324225843e-05
41 2.4752448484460574e-05
42 2.380963279064026e-05
43 2.4093909681986898e-05
44 2.3130553568773605e-05
45 2.356434753807786e-05
46 2.2713185949127794e-05
47 2.540668824419104e-05
48 2.1853477751195e-05
49 2.405441103517511e-05
50 2.4057250770521577e-05
51 2.2116916890045326e-05
52 2.503112551327953e-05
53 2.291292024230395e-05
54 2.4899647843671067e-05
55 2.375192846749049e-05
56 2.2831804968044924e-05
57 2.459543965414263e-05
58 2.217930924440117e-05
59 2.3869876723078997e-05
60 2.333510387968391e-05
61 2.412765157296094e-05
62 2.2944804167205478e-05
63 2.225236827703699e-05
64 2.2129781124032445e-05
65 2.3798231432747584e-05
66 2.5163458854580593e-05
67 2.2223308984057372e-05
68 2.2194243570598794e-05
69 2.3394344054500794e-05
70 2.4376141203132664e-05
71 2.1344819112323966e-05
72 2.2837663355341985e-05
73 2.307274105010298e-05
74 2.1400335902744003e-05
75 2.1507677641969596e-05
76 2.411415294262789e-05
77 2.369056837180496e-05
78 2.1768303619896615e-05
79 2.3469717776493178e-05
80 2.5646235694772593e-05
81 2.516647053204172e-05
82 2.3229787955797802e-05
83 2.4365130832645646e-05
84 2.2182743605187176e-05
85 2.092580230174208e-05
86 2.3852107761972283e-05
87 2.3909763312296645e-05
88 2.3901098634440063e-05
89 2.404793120677137e-05
90 2.4862107272800364e-05
91 2.201907416509603e-05
92 2.1989518999432067e-05
93 2.2091680307447064e-05
94 2.2909195394692675e-05
95 2.4610807846075482e-05
96 2.366387301220136e-05
97 2.5343291344004295e-05
98 2.3230923830123077e-05
99 2.350184688254916e-05
100 2.3928403797641695e-05
101 2.273593003408917e-05
102 2.3322299800053792e-05
103 2.242059786392838e-05
104 2.4753668475201152e-05
105 2.1718009559890237e-05
106 2.529345924120654e-05
107 2.3985202908677692e-05
108 2.3355399835138884e-05
109 2.270002320657197e-05
110 2.128199280758301e-05
111 2.348375466212884e-05
112 2.407510606020264e-05
113 2.1595920389782674e-05
114 2.245678431385161e-05
115 2.427554876697734e-05
116 2.3018569779339804e-05
117 2.3246930316011656e-05
118 2.459084256019873e-05
119 2.417975993719661e-05
120 2.334880495270639e-05
121 2.2481693502803412e-05
122 2.242839513967176e-05
123 2.3883219467569567e-05
124 2.3124900180883113e-05
125 2.449719322874524e-05
126 2.3466262923523416e-05
127 2.295675725959662e-05
128 2.4279836532009186e-05
129 2.52675043988845e-05
130 2.315141072870613e-05
131 2.5756524494329972e-05
132 2.2405856730292357e-05
133 2.3006777362390492e-05
134 2.1039961858713262e-05
135 2.275557836829157e-05
136 2.344570950427061e-05
137 2.335174592911831e-05
138 2.3398852872941472e-05
139 2.4452285842516227e-05
140 1.942653801218172e-05
141 2.107795110750283e-05
142 2.2993764357253335e-05
143 2.506597594895277e-05
144 2.323257771141126e-05
145 2.4620422267647377e-05
146 2.1314876255438394e-05
147 2.382340757866554e-05
148 2.1977733731260408e-05
149 2.293962893651746e-05
150 2.1535450918836866e-05
151 2.4038604923836618e-05
152 2.1421431961768723e-05
153 2.330909271949268e-05
154 2.320893248544739e-05
155 2.1473848604653465e-05
156 2.1432620246887614e-05
157 2.301224300927446e-05
158 2.563250515169972e-05
159 2.481201946192765e-05
160 2.3797283473676508e-05
161 2.3981090064433684e-05
162 2.307180581627675e-05
163 2.351656116139663e-05
164 2.312229307547548e-05
165 2.113297179484258e-05
166 2.0808080642094854e-05
167 2.4872607961005166e-05
168 2.6439059490399395e-05
169 2.5204225633607092e-05
170 2.2004054574471703e-05
171 2.2596147539675523e-05
172 2.3013485065833035e-05
173 2.369334151250475e-05
174 2.3676689728044293e-05
175 2.5897187574632597e-05
176 2.40740020935395e-05
177 2.49889762775458e-05
178 2.3382438880703597e-05
179 2.364422858162646e-05
180 2.2764109507477302e-05
181 2.311156674484851e-05
182 2.465568123808367e-05
183 2.379490678327577e-05
184 2.383479813950707e-05
185 2.237791913001729e-05
186 2.3949292302017325e-05
187 2.2586611345467468e-05
188 2.4527631751111484e-05
189 2.335804935196188e-05
190 2.387057304570851e-05
191 2.317982858258372e-05
192 2.154387680471065e-05
193 2.450195033670332e-05
194 2.4916753492038596e-05
195 2.3870428693611375e-05
196 2.260408714536575e-05
197 2.2836676229951212e-05
198 2.302667154727162e-05
199 2.4009411515215655e-05
200 2.3241691960309286e-05
201 2.4746523897115072e-05
202 2.544981889253694e-05
203 2.272085246776286e-05
204 2.298048451698628e-05
205 2.5020518894041424e-05
206 2.4731093181466775e-05
207 2.0288919966148653e-05
208 2.2811908138418888e-05
209 2.193839543437292e-05
210 2.2907904189171574e-05
211 2.2166672254184832e-05
212 2.3844376162423137e-05
213 2.3904952938246162e-05
214 2.3568011134700613e-05
215 2.548279041515831e-05
216 2.2378327048201497e-05
217 2.14665883444129e-05
218 2.3917652092564687e-05
219 2.2623273892225228e-05
220 2.4122403763763e-05
221 2.210596618846552e-05
222 2.0722435327126532e-05
223 2.39838527044493e-05
224 2.505214551459745e-05
225 2.414691009419963e-05
226 2.2652472945495435e-05
227 2.285957998225802e-05
228 2.4003338695024304e-05
229 2.259662217830198e-05
230 2.3492766393407017e-05
231 2.3227945025501074e-05
232 2.1613310565958145e-05
233 2.421815925863084e-05
234 2.2017734558728533e-05
235 2.5701803038543858e-05
236 2.2356738915275816e-05
237 2.434644452970913e-05
238 2.5066065169852333e-05
239 2.2051422857972958e-05
240 2.472734457490207e-05
241 2.5276026159806597e-05
242 2.4705593850408462e-05
243 2.4197490269837805e-05
244 2.4783868866327918e-05
245 2.3632290562588035e-05
246 2.4272224696636068e-05
247 2.2003734889605234e-05
248 2.1328731268918842e-05
249 2.2734160936822808e-05
250 2.261284504510643e-05
251 2.4004497809760234e-05
252 2.4963684519746412e-05
253 2.3254975866530082e-05
254 2.3400860652253407e-05
255 2.3209084059868733e-05
256 2.518460638985236e-05
257 2.362951344199901e-05
258 2.4047642885994154e-05
259 2.3477380569355373e-05
260 2.2241155491959392e-05
261 2.4265225530365852e-05
262 2.3417342219392896e-05
263 2.452085597166292e-05
264 2.1375563429153574e-05
265 2.384963995892942e-05
266 2.4190702425323057e-05
267 2.454776574110265e-05
268 2.486077126037587e-05
269 2.3037176465133223e-05
270 2.5870207464493076e-05
271 2.362615550562354e-05
272 2.3122988844226354e-05
273 2.3871260423967515e-05
274 2.2448396637178308e-05
275 2.2060530222670588e-05
276 2.3185290448256313e-05
277 2.1889723458495673e-05
278 2.3140910347604637e-05
279 2.6254221790208394e-05
280 2.129315445007379e-05
281 2.3551914845370163e-05
282 2.3845170699404725e-05
283 2.3196931582219985e-05
284 2.3042530611910693e-05
285 2.3591571229744528e-05
286 2.4945873271933874e-05
287 2.3237996952701902e-05
288 2.411124689244653e-05
289 2.289463309726977e-05
290 2.2434458563281936e-05
291 2.2775218636560287e-05
292 2.388865284990099e-05
293 2.450074843504306e-05
294 2.4144359010387195e-05
295 2.080406021096329e-05
296 2.4520069512750034e-05
297 2.16733796144444e-05
298 2.2734797661257554e-05
299 2.4075636620837924e-05
