0 6.184502505655387e-05
1 6.390411179085346e-05
2 6.113355578797963e-05
3 6.254414128873462e-05
4 6.231420874516422e-05
5 6.17419507142677e-05
6 6.033935985966806e-05
7 6.161025417448539e-05
8 6.162637784473107e-05
9 6.274559947245786e-05
10 6.259941207362654e-05
11 6.212219458581864e-05
12 6.217897131085058e-05
13 6.435280748328732e-05
14 5.9636333317236174e-05
15 6.321074347793728e-05
16 6.22470798518788e-05
17 6.333266064493102e-05
18 6.266882529245675e-05
19 6.331725482404613e-05
20 6.372682460904799e-05
21 6.174164896113124e-05
22 6.286242098694716e-05
23 6.346406217386718e-05
24 6.291713226869958e-05
25 6.128119105871767e-05
26 6.353024795670469e-05
27 6.120415294291047e-05
28 6.07977641903369e-05
29 5.957809137111436e-05
30 6.215159122468552e-05
31 6.111584713822774e-05
32 6.0700768675505224e-05
33 6.249128367821955e-05
34 6.355949879369296e-05
35 6.197844300330495e-05
36 6.352823048903036e-05
37 6.196927576623429e-05
38 6.281517161432242e-05
39 6.278172114297999e-05
40 6.263520777470255e-05
41 6.414351909385282e-05
42 6.283387129320279e-05
43 6.318139087435493e-05
44 6.210902934756043e-05
45 6.367793044454858e-05
46 6.194508776886149e-05
47 6.423916692097867e-05
48 6.257495360792146e-05
49 6.279954688322537e-05
50 6.20430511620012e-05
51 6.199896597645796e-05
52 6.369740072383473e-05
53 6.198226258386507e-05
54 6.405408082263235e-05
55 6.25749675132065e-05
56 6.19828620016668e-05
57 6.310210416753071e-05
58 6.161524684352244e-05
59 6.329703868937907e-05
60 6.198930950259232e-05
61 6.246872312011922e-05
62 6.280254845979593e-05
63 6.176415840725534e-05
64 6.0683144025149915e-05
65 6.216485056797782e-05
66 6.418677223923612e-05
67 6.122413322384605e-05
68 6.135421051330997e-05
69 6.280062504435413e-05
70 6.299479206720147e-05
71 6.076064616682854e-05
72 6.207045747919021e-05
73 6.12668083841673e-05
74 6.102476079935348e-05
75 6.03780450275547e-05
76 6.225296709939549e-05
77 6.303666041477984e-05
78 6.206582163425955e-05
79 6.172654883664373e-05
80 6.436890401583634e-05
81 6.391480211735086e-05
82 6.305924086170143e-05
83 6.32983710638521e-05
84 6.129625566345376e-05
85 6.105304315514282e-05
86 6.243703140461224e-05
87 6.325593302169773e-05
88 6.336339451705846e-05
89 6.203557088782566e-05
90 6.376943663357365e-05
91 6.222146833291493e-05
92 6.1023189186634805e-05
93 6.121774644665937e-05
94 6.277160468331152e-05
95 6.207855818106166e-05
96 6.253977510580572e-05
97 6.331630494870385e-05
98 6.219262443005916e-05
99 6.182997283929849e-05
100 6.358432608989075e-05
101 6.187959673036046e-05
102 6.229663504125679e-05
103 6.137051277783541e-05
104 6.255970265470769e-05
105 6.124292456270944e-05
106 6.388463163415262e-05
107 6.266652264782389e-05
108 6.17400308472859e-05
109 6.137106423306226e-05
110 6.145645506764343e-05
111 6.228607514042842e-05
112 6.334606190031248e-05
113 6.138345793771927e-05
114 6.1484231169531e-05
115 6.270720660660159e-05
116 6.196484685684687e-05
117 6.236215678303104e-05
118 6.485117321963259e-05
119 6.278243817549885e-05
120 6.212142334597443e-05
121 6.13878670789343e-05
122 6.189727076086454e-05
123 6.166655128317374e-05
124 6.255035603268463e-05
125 6.299998741923729e-05
126 6.41645614099234e-05
127 6.246985389578984e-05
128 6.330567933217132e-05
129 6.35560296183834e-05
130 6.238286293583618e-05
131 6.314311921142879e-05
132 6.266036200225798e-05
133 6.196556515745625e-05
134 6.0500743804391444e-05
135 6.258080904663424e-05
136 6.174139942586618e-05
137 6.233473428050257e-05
138 6.301909542713187e-05
139 6.219241779681226e-05
140 5.9207180291014794e-05
141 6.08021090394774e-05
142 6.248792150371165e-05
143 6.333443603653153e-05
144 6.27094169095639e-05
145 6.299783250151975e-05
146 6.036187593133932e-05
147 6.21467877396668e-05
148 6.158903668104923e-05
149 6.137513719265395e-05
150 6.052519997800793e-05
151 6.356777551807579e-05
152 6.064901024695102e-05
153 6.210847240785559e-05
154 6.165062783731971e-05
155 6.042596223571628e-05
156 6.0931261562951965e-05
157 6.129339728067386e-05
158 6.427473058802069e-05
159 6.43299987783664e-05
160 6.390972192231243e-05
161 6.212417661619961e-05
162 6.289100363624473e-05
163 6.25434695852931e-05
164 6.252421553223387e-05
165 6.148984486447502e-05
166 5.969340189464646e-05
167 6.316756808860159e-05
168 6.517183070571989e-05
169 6.371119929758743e-05
170 6.162697854450599e-05
171 6.27792508672903e-05
172 6.219921106294305e-05
173 6.171019772470953e-05
174 6.301072449315557e-05
175 6.552279630983018e-05
176 6.226240387075407e-05
177 6.298034723113307e-05
178 6.302035209284552e-05
179 6.211033841419761e-05
180 6.243456189067127e-05
181 6.256493698577843e-05
182 6.230599618536182e-05
183 6.252466516118104e-05
184 6.381504877660806e-05
185 6.1539586986152e-05
186 6.33409439286365e-05
187 6.0980822485846515e-05
188 6.356275628106352e-05
189 6.212535736533007e-05
190 6.303519653178203e-05
191 6.284466086620578e-05
192 6.137002726926686e-05
193 6.282103908700737e-05
194 6.427162453196119e-05
195 6.243403331561754e-05
196 6.204725863408124e-05
197 6.201634857456709e-05
198 6.222429182929735e-05
199 6.224497343508033e-05
200 6.25467459600938e-05
201 6.36510073893295e-05
202 6.369089406500994e-05
203 6.203505537973374e-05
204 6.22925523453429e-05
205 6.310712726288737e-05
206 6.472483409478545e-05
207 6.132285633101178e-05
208 6.173946107851758e-05
209 6.180156493191109e-05
210 6.163979631950801e-05
211 6.235403629486412e-05
212 6.378546452831298e-05
213 6.322888405758373e-05
214 6.223046369946471e-05
215 6.405912071779903e-05
216 6.176389689247786e-05
217 6.0854593136077015e-05
218 6.238750938205151e-05
219 6.155669335406419e-05
220 6.295010590847647e-05
221 6.25016557896427e-05
222 6.0636048651633944e-05
223 6.282612982468002e-05
224 6.317141906731707e-05
225 6.247407515766685e-05
226 6.133564058870374e-05
227 6.120215514624436e-05
228 6.31385339664866e-05
229 6.107977064173322e-05
230 6.340981493914116e-05
231 6.239929846041607e-05
232 6.011101277461731e-05
233 6.29904757261899e-05
234 6.278823465158473e-05
235 6.401080261285407e-05
236 6.283765106581553e-05
237 6.382368123249032e-05
238 6.444322717209485e-05
239 6.180435436393629e-05
240 6.32627403272414e-05
241 6.457038004413429e-05
242 6.421038131121727e-05
243 6.273200639140072e-05
244 6.262512389882819e-05
245 6.324243461401855e-05
246 6.290241386430382e-05
247 6.15881595190216e-05
248 6.097097638189058e-05
249 6.144654285941373e-05
250 6.225453435950095e-05
251 6.332950349566434e-05
252 6.373994126782084e-05
253 6.274116130203529e-05
254 6.216812702230101e-05
255 6.321301835646716e-05
256 6.358805008376658e-05
257 6.323666521863219e-05
258 6.350018929802673e-05
259 6.282988221862781e-05
260 6.21577282516283e-05
261 6.363371927507458e-05
262 6.247624208576053e-05
263 6.372293194780977e-05
264 6.1020432707643434e-05
265 6.278716961534455e-05
266 6.293128458380894e-05
267 6.373181868390317e-05
268 6.380790753714828e-05
269 6.275421094402119e-05
270 6.459768546924817e-05
271 6.311755529907228e-05
272 6.248393461683376e-05
273 6.293678239924479e-05
274 6.068514974453567e-05
275 6.227355653767064e-05
276 6.252122218981077e-05
277 6.19738159975417e-05
278 6.192936310712897e-05
279 6.480822515212395e-05
280 6.110945369797338e-05
281 6.291222755058869e-05
282 6.254082915218774e-05
283 6.257243431902139e-05
284 6.231101428065414e-05
285 6.241414797313266e-05
286 6.434163385885715e-05
287 6.195119088276335e-05
288 6.196173865400967e-05
289 6.226650846300345e-05
290 6.238584461387338e-05
291 6.252186962678603e-05
292 6.296817398566951e-05
293 6.341767819864757e-05
294 6.19726338582372e-05
295 6.079330833155638e-05
296 6.349199934033576e-05
297 6.26542708842965e-05
298 6.212623961863229e-05
299 6.298518636034305e-05
