0 8.629961169846556e-06
1 9.2907876474763e-06
2 8.6698257514151e-06
3 8.992163642612246e-06
4 8.594733501885776e-06
5 8.75718558554916e-06
6 8.884609844308573e-06
7 8.56667107769335e-06
8 9.088472120110202e-06
9 8.93182896159284e-06
10 9.290562712595735e-06
11 8.72811101056834e-06
12 8.52448107343007e-06
13 8.738981156810334e-06
14 8.779042896426828e-06
15 8.605063255903762e-06
16 9.436996052092793e-06
17 9.275286507388967e-06
18 8.78497602012163e-06
19 8.753992202390846e-06
20 9.404699961115716e-06
21 8.996400313600738e-06
22 8.737631330603738e-06
23 8.947311045344594e-06
24 8.730575412336041e-06
25 8.723745782036271e-06
26 8.884629301726542e-06
27 8.949808952688961e-06
28 8.966202022984662e-06
29 9.213578108250944e-06
30 9.627748610009733e-06
31 9.207800682645475e-06
32 9.206208912808285e-06
33 9.051029075100328e-06
34 9.203550358576046e-06
35 9.023751080840293e-06
36 9.18687425300738e-06
37 8.924880456691725e-06
38 8.42971711996715e-06
39 9.086184060470515e-06
40 9.316822352492448e-06
41 9.164968402546967e-06
42 8.606222467990973e-06
43 8.387696981634414e-06
44 8.766171618973417e-06
45 9.07618365668073e-06
46 9.282467886587795e-06
47 8.84944221034152e-06
48 8.62443402364795e-06
49 8.761585460414963e-06
50 8.684450141443304e-06
51 9.022426732618225e-06
52 8.549288496724058e-06
53 9.038783893912037e-06
54 8.425530743120507e-06
55 9.06698988290788e-06
56 9.075295774127687e-06
57 8.857336235267773e-06
58 8.995782019254894e-06
59 8.841887444530597e-06
60 8.691177373174278e-06
61 8.895231575738561e-06
62 8.351395114144963e-06
63 8.671455964141102e-06
64 9.105096917464187e-06
65 9.531705358512903e-06
66 8.690583859938481e-06
67 8.64997231090821e-06
68 9.10608745044957e-06
69 9.020974194659966e-06
70 8.904557715481883e-06
71 9.156315191544248e-06
72 8.90178942578741e-06
73 8.963016585732396e-06
74 8.952198604117557e-06
75 8.726383618059908e-06
76 8.66439001193604e-06
77 9.476321801892608e-06
78 8.96105481890221e-06
79 8.931033358360548e-06
80 8.561194585014444e-06
81 8.9918798319274e-06
82 9.265171187623202e-06
83 9.318084373864328e-06
84 8.99898666102806e-06
85 9.008066841928088e-06
86 8.494360214862348e-06
87 8.68267590723531e-06
88 8.956426322600283e-06
89 8.70054710978856e-06
90 9.047703757990052e-06
91 8.929352613053728e-06
92 8.903542655837091e-06
93 8.829307956669705e-06
94 9.15286064922215e-06
95 9.340254396427679e-06
96 8.48812823706402e-06
97 8.57798338753397e-06
98 8.609258738057331e-06
99 9.10487240123713e-06
100 8.825354372564658e-06
101 9.304065630149223e-06
102 8.861353197826377e-06
103 8.980686617578902e-06
104 9.008054861842981e-06
105 9.089558263707991e-06
106 8.572724626011417e-06
107 9.398458509216907e-06
108 9.132948792898855e-06
109 8.78655684608279e-06
110 8.896024439471301e-06
111 9.162373242018094e-06
112 8.882618551257371e-06
113 8.862766996396438e-06
114 8.660704984388663e-06
115 9.002270933121491e-06
116 8.8708283062501e-06
117 8.641443194973797e-06
118 9.231195588708607e-06
119 9.092248529282492e-06
120 9.131436641697731e-06
121 8.756219194264575e-06
122 8.796720734257713e-06
123 9.018818642873289e-06
124 8.848328066598128e-06
125 9.213145035613165e-06
126 8.7666617641439e-06
127 9.263107238955845e-06
128 8.656585425225734e-06
129 9.134119551493977e-06
130 8.651473711593188e-06
131 9.025172243593307e-06
132 9.185721473587966e-06
133 8.662226314045588e-06
134 9.12426814717917e-06
135 8.941011666571727e-06
136 8.690621539121577e-06
137 9.235543360019178e-06
138 9.50039305756684e-06
139 8.84157641044784e-06
140 8.742898452967421e-06
141 8.970891546696131e-06
142 9.000365570022176e-06
143 8.976979493542202e-06
144 9.027997145560834e-06
145 8.988276194640119e-06
146 8.998376472123728e-06
147 9.098199136928388e-06
148 9.406011933071259e-06
149 8.394412217409942e-06
150 9.303913179602194e-06
151 8.54901731524549e-06
152 9.167649572556053e-06
153 8.871665087119371e-06
154 9.637545590694218e-06
155 8.732437497988185e-06
156 8.676350727742069e-06
157 8.479461996554058e-06
158 9.572966271986557e-06
159 8.980651991773596e-06
160 9.037211868344027e-06
161 8.705973787337749e-06
162 8.827754430851375e-06
163 8.776032425691693e-06
164 9.058551342445037e-06
165 8.81314625181944e-06
166 8.983584982736752e-06
167 8.986295246008582e-06
168 9.190370790622485e-06
169 9.049064922123439e-06
170 8.681695889848093e-06
171 8.972751468835949e-06
172 8.821339867783006e-06
173 9.110488737104665e-06
174 9.179323231284997e-06
175 8.677667814762952e-06
176 8.629523330374085e-06
177 9.123373446512687e-06
178 9.148066834019675e-06
179 8.823726314079808e-06
180 9.581878014514257e-06
181 8.89176061895869e-06
182 9.141493283134887e-06
183 9.010256286734516e-06
184 8.45363234215846e-06
185 8.879560325248225e-06
186 9.098386974808437e-06
187 8.944136444258852e-06
188 9.112827354602445e-06
189 9.048708999438917e-06
190 8.82963376073553e-06
191 9.274227974404341e-06
192 8.90935745211202e-06
193 8.728617496909576e-06
194 9.154492257502561e-06
195 8.763367870348133e-06
196 9.015497901889695e-06
197 8.476950678648254e-06
198 8.802033077173919e-06
199 9.456599137533798e-06
200 8.86210691015378e-06
201 8.483531483534757e-06
202 9.102104266788678e-06
203 9.179611479176094e-06
204 9.399321127663282e-06
205 8.821110351980359e-06
206 8.57266574245583e-06
207 9.166134049569876e-06
208 8.862164721821877e-06
209 8.902755801596214e-06
210 8.893555976911136e-06
211 9.092772820554362e-06
212 8.704084567804104e-06
213 9.257613939052577e-06
214 8.94257816046849e-06
215 8.683857756625977e-06
216 8.927577198050179e-06
217 8.850300279397503e-06
218 8.902499480229094e-06
219 8.90695947781259e-06
220 9.028434188500785e-06
221 8.859371550083678e-06
222 9.076460798953511e-06
223 9.311741986165412e-06
224 9.348050265562069e-06
225 9.108291530178702e-06
226 8.784693838244884e-06
227 8.199333232838303e-06
228 9.219427173345639e-06
229 8.905787076933803e-06
230 9.093681882517984e-06
231 8.995580904038211e-06
232 8.771392176857845e-06
233 9.280717886315495e-06
234 9.18512355953483e-06
235 8.82380549602125e-06
236 8.940393501922979e-06
237 9.343294253342726e-06
238 8.999721788752097e-06
239 8.491974265989918e-06
240 9.077200664562105e-06
241 8.877646268086133e-06
242 8.919233834917965e-06
243 8.969145911503249e-06
244 9.144326441288481e-06
245 9.299082790453709e-06
246 8.8062514721928e-06
247 8.723998903113451e-06
248 8.869358667513342e-06
249 8.775756469873751e-06
250 8.914709746327897e-06
251 8.76067462964012e-06
252 9.259190792508781e-06
253 8.350777814255293e-06
254 8.916356214027622e-06
255 8.936832358965477e-06
256 8.529060387035603e-06
257 8.838735773156427e-06
258 8.659508602735222e-06
259 9.332833219780693e-06
260 9.526136053698508e-06
261 9.114528670154073e-06
262 9.120186952770292e-06
263 9.19529063364663e-06
264 8.530459959066636e-06
265 9.195975638774503e-06
266 8.621272754849047e-06
267 8.840214252035055e-06
268 9.191882475348004e-06
269 9.41984948342938e-06
270 9.113166841172468e-06
271 9.03135425102525e-06
272 8.6980676447601e-06
273 8.893428568815511e-06
274 8.975576849380279e-06
275 8.64874125947569e-06
276 8.96811442415563e-06
277 9.232043719905667e-06
278 8.332582695058583e-06
279 8.833799165392928e-06
280 9.085224179999985e-06
281 9.067391860653531e-06
282 8.898665165796741e-06
283 8.569474623798827e-06
284 8.410750234132694e-06
285 8.573530156141055e-06
286 9.035632758712904e-06
287 8.81222280194055e-06
288 9.6700350448033e-06
289 9.34783526345879e-06
290 8.637894286651998e-06
291 8.897761838182921e-06
292 9.017279860270053e-06
293 9.26313573143239e-06
294 8.940231080605266e-06
295 9.432593566690879e-06
296 9.047602319820129e-06
297 8.77230223771078e-06
298 8.940649265986934e-06
299 8.617405599675727e-06
