0 7.418148545880002e-06
1 7.160977887694828e-06
2 7.4899425141942635e-06
3 7.379310685648161e-06
4 7.3867472429904034e-06
5 7.0728059211770325e-06
6 7.356904448086159e-06
7 7.3030022224337605e-06
8 7.462731028230843e-06
9 7.26011201277353e-06
10 7.478123780740643e-06
11 7.3739771222928225e-06
12 7.296387471594216e-06
13 7.2737507785471304e-06
14 7.2375285804965075e-06
15 7.257185866747579e-06
16 7.457200877303095e-06
17 7.093764860759989e-06
18 7.232197699762148e-06
19 7.384865943425311e-06
20 7.359723296899513e-06
21 7.11824255480859e-06
22 7.3448913294354e-06
23 7.2179893663485125e-06
24 7.2087314559854606e-06
25 7.519692807403181e-06
26 7.295826910682827e-06
27 7.105334511964469e-06
28 7.086051156230108e-06
29 7.33669236038405e-06
30 7.252118994337739e-06
31 7.2278296300045195e-06
32 7.353802432817372e-06
33 7.333433902454489e-06
34 7.341069614117144e-06
35 7.327826383500033e-06
36 7.505908210298476e-06
37 7.369906075424556e-06
38 7.0899731670921e-06
39 7.290889382174845e-06
40 7.347290749471602e-06
41 7.591139121454403e-06
42 7.640620861707206e-06
43 7.249863206797114e-06
44 7.38773717086465e-06
45 7.46798331876057e-06
46 7.3067793227872445e-06
47 7.290000035682022e-06
48 7.368519652504133e-06
49 7.1563971710788975e-06
50 7.1800460109890945e-06
51 7.243933048746965e-06
52 7.447612512213806e-06
53 7.39254834641705e-06
54 7.41098836547344e-06
55 7.28303398284642e-06
56 7.4865588979291535e-06
57 7.312530202748309e-06
58 7.408740955662511e-06
59 7.514151198038982e-06
60 7.482153951200788e-06
61 7.191171857943656e-06
62 7.3789286559624734e-06
63 7.298103011548593e-06
64 7.284238359764965e-06
65 7.524062049849137e-06
66 7.71239100813674e-06
67 7.561662033995147e-06
68 7.196800534141238e-06
69 7.575120444600287e-06
70 7.423831208391747e-06
71 7.153396813577405e-06
72 7.450306688022287e-06
73 7.46194518324885e-06
74 7.073218184415906e-06
75 7.3909574111485855e-06
76 7.447995389429444e-06
77 7.448962156671188e-06
78 7.4110161357749086e-06
79 7.334549743143497e-06
80 7.316169190088139e-06
81 7.107741741058916e-06
82 7.3178351590759244e-06
83 7.269751654975753e-06
84 7.190730265309831e-06
85 7.397247948982359e-06
86 7.2839997202712e-06
87 7.532090355424012e-06
88 7.680478557158297e-06
89 7.4571115129803335e-06
90 7.315949700325631e-06
91 7.1331882815703885e-06
92 7.065430374617039e-06
93 7.435138227941755e-06
94 7.447714801463575e-06
95 7.342496592820774e-06
96 7.336902720343938e-06
97 7.25169388895869e-06
98 7.405248090454632e-06
99 7.423984023184962e-06
100 7.4060079833455434e-06
101 7.1664817696816025e-06
102 7.262771795758042e-06
103 7.5272590642628865e-06
104 7.336712917381042e-06
105 7.051592492154787e-06
106 7.404070869503117e-06
107 7.226510642200871e-06
108 7.545899041190775e-06
109 7.326448398319358e-06
110 7.208808813925204e-06
111 7.274573611740005e-06
112 7.370124518096793e-06
113 7.186180387993447e-06
114 7.401453782079456e-06
115 7.485712647815914e-06
116 7.511053173207704e-06
117 7.340723390887683e-06
118 7.376222489750117e-06
119 7.169899862654454e-06
120 7.524976213957651e-06
121 7.213827630526653e-06
122 7.411252289437775e-06
123 7.384580307681682e-06
124 7.555324771494198e-06
125 7.379245188680732e-06
126 7.327768546115674e-06
127 7.172860774597615e-06
128 7.47764016275106e-06
129 7.381036389401519e-06
130 7.316784473326039e-06
131 7.507879415065332e-06
132 7.4022186861632455e-06
133 7.4367550972185165e-06
134 7.285434739847166e-06
135 7.464895008752562e-06
136 7.219851113363469e-06
137 7.234198858719578e-06
138 7.254101574298779e-06
139 7.536022524220883e-06
140 7.266472168923316e-06
141 7.342253895353337e-06
142 7.0899379009795965e-06
143 7.095723919974384e-06
144 7.033796650384542e-06
145 7.3611553237312086e-06
146 7.376982987735065e-06
147 7.513792495320062e-06
148 7.739676525178673e-06
149 7.315795691836331e-06
150 7.085926291365228e-06
151 7.399135648577721e-06
152 7.185767532005423e-06
153 7.357890795253005e-06
154 7.634433629843204e-06
155 7.337917421083497e-06
156 7.52477924773022e-06
157 7.200310779509199e-06
158 7.427361121736656e-06
159 7.559779598031162e-06
160 7.2983350449119815e-06
161 7.367678447218323e-06
162 7.518978165450614e-06
163 7.58399860165108e-06
164 7.5787051836605415e-06
165 7.156602585321697e-06
166 7.29740028725995e-06
167 7.029650271044409e-06
168 7.3919071877667895e-06
169 7.265025536703074e-06
170 7.024217555952666e-06
171 7.353793682748498e-06
172 7.364266963896802e-06
173 7.289117288591422e-06
174 7.264160441418984e-06
175 7.484514233856086e-06
176 7.150096374559376e-06
177 7.264072958325084e-06
178 7.273258864307351e-06
179 7.428926354256829e-06
180 7.330770368115561e-06
181 7.43162170269092e-06
182 7.4525058399084775e-06
183 7.253114434367721e-06
184 7.364531940252365e-06
185 7.205345751447367e-06
186 7.1950441932654096e-06
187 7.449391826839583e-06
188 7.439709944045157e-06
189 7.234527025694693e-06
190 7.407404504465396e-06
191 7.2690026107169636e-06
192 7.369169091490271e-06
193 7.182351391646851e-06
194 7.4018019155517e-06
195 7.242180174379015e-06
196 7.306181594698042e-06
197 7.325390690103818e-06
198 7.413431025157156e-06
199 7.218093939676648e-06
200 7.423214635880943e-06
201 7.341338922236685e-06
202 7.4445113499713325e-06
203 7.255826481547932e-06
204 7.434452571445762e-06
205 7.190035296399202e-06
206 7.53240522820969e-06
207 7.55319610645851e-06
208 7.264228776355801e-06
209 7.487632137798708e-06
210 7.4293308736234635e-06
211 7.489416069936999e-06
212 7.3041801571304695e-06
213 7.421083980514997e-06
214 7.411279381850876e-06
215 7.446737741150551e-06
216 7.442409821153725e-06
217 7.348882968997723e-06
218 7.358969732426469e-06
219 7.089878321667272e-06
220 7.305552104007414e-06
221 7.414628215837669e-06
222 7.379064840906224e-06
223 7.33304289551235e-06
224 7.271824928622512e-06
225 7.4772994678574695e-06
226 7.26070564174275e-06
227 7.241772082188717e-06
228 7.23345896409418e-06
229 7.391354482800652e-06
230 7.357516778024159e-06
231 7.217661350754563e-06
232 7.4092955681246015e-06
233 7.20171309748054e-06
234 7.3460407694295275e-06
235 7.532795581142978e-06
236 7.284243535347976e-06
237 7.18486459140486e-06
238 7.233990896274043e-06
239 7.090704097907609e-06
240 7.3545417357360775e-06
241 7.341006893766738e-06
242 7.091592566030881e-06
243 7.101542044899164e-06
244 7.3003472450851e-06
245 7.312317163869262e-06
246 7.306322741750729e-06
247 7.573683643264237e-06
248 7.236943793990611e-06
249 7.338297448115771e-06
250 7.333709376947736e-06
251 7.398815175538472e-06
252 7.46426934726934e-06
253 7.4740039209339755e-06
254 7.473302122757761e-06
255 7.344173145145418e-06
256 7.702034562507113e-06
257 7.492705662885928e-06
258 7.37864623601498e-06
259 7.36884120710449e-06
260 7.240498723636976e-06
261 7.459923452832349e-06
262 7.353006728363284e-06
263 7.3743949542880354e-06
264 7.485766866254994e-06
265 7.4211841521403935e-06
266 7.256954397344629e-06
267 7.466555852768708e-06
268 7.594589823649678e-06
269 7.296079758898738e-06
270 7.159733883142176e-06
271 7.2739408647991704e-06
272 7.270953557267375e-06
273 7.575510748676192e-06
274 7.319535064171867e-06
275 7.255345465902558e-06
276 7.428535346733413e-06
277 7.522568765269665e-06
278 7.326236663441066e-06
279 7.380499232188327e-06
280 7.438645837683776e-06
281 7.220004587330619e-06
282 7.20349349229726e-06
283 7.549418732930484e-06
284 7.478288132472039e-06
285 7.19011020473629e-06
286 7.400813089384944e-06
287 7.3456044941255794e-06
288 7.4248428680252455e-06
289 7.395743780290936e-06
290 7.437178964790652e-06
291 7.2140061038446135e-06
292 7.185408764007066e-06
293 7.3424680581488546e-06
294 7.576408852625063e-06
295 7.3368739836682296e-06
296 7.225756275950709e-06
297 7.054458899771577e-06
298 7.187386382978895e-06
299 7.2907953850574265e-06
