0 1.5648314509231372e-05
1 1.5096634739277067e-05
2 1.5170888504135043e-05
3 1.5078051418196248e-05
4 1.5579166381637625e-05
5 1.5983795060255675e-05
6 1.5207263982506328e-05
7 1.5575621038020664e-05
8 1.5194095467042848e-05
9 1.5187099210253149e-05
10 1.4960761788567995e-05
11 1.515362606968564e-05
12 1.5566969959934776e-05
13 1.5687615547247655e-05
14 1.5483107020020156e-05
15 1.5759376662778004e-05
16 1.4768084785737968e-05
17 1.48278746667428e-05
18 1.5672650754290805e-05
19 1.5428699980038927e-05
20 1.4996064572751234e-05
21 1.5618127776619565e-05
22 1.562195729674247e-05
23 1.5462166936934188e-05
24 1.5847492872956352e-05
25 1.5145793389081991e-05
26 1.5122475058888275e-05
27 1.5161358470350747e-05
28 1.545404316400372e-05
29 1.5328820679503064e-05
30 1.4732942312022729e-05
31 1.5338190816410674e-05
32 1.5022719975833338e-05
33 1.5202857266643103e-05
34 1.491962169493066e-05
35 1.5623313868921853e-05
36 1.5152314723750253e-05
37 1.5419811829418068e-05
38 1.5818152333564318e-05
39 1.5222983760746184e-05
40 1.4886186584802353e-05
41 1.4641021679745534e-05
42 1.528751680798514e-05
43 1.6122105023620482e-05
44 1.5805650506869015e-05
45 1.4656855284064822e-05
46 1.4999025301937413e-05
47 1.512926917466269e-05
48 1.5845991426587577e-05
49 1.5523585600810665e-05
50 1.561648293399835e-05
51 1.5201460317502701e-05
52 1.5584235495130248e-05
53 1.4972184477711868e-05
54 1.624339148231603e-05
55 1.5507670967854196e-05
56 1.4905332164812478e-05
57 1.5403091279646532e-05
58 1.5682983936200697e-05
59 1.5215573817849606e-05
60 1.53643050399909e-05
61 1.5209326923149449e-05
62 1.55830373805245e-05
63 1.563962833618081e-05
64 1.539384737846364e-05
65 1.4581319571743091e-05
66 1.545280894609708e-05
67 1.556584269175521e-05
68 1.5020400117077298e-05
69 1.4685277302116588e-05
70 1.5228656002421803e-05
71 1.4853850751873581e-05
72 1.4980274549837323e-05
73 1.5275939827658973e-05
74 1.534876182937674e-05
75 1.531405921359249e-05
76 1.5419549781838672e-05
77 1.4878280402326203e-05
78 1.522742642878773e-05
79 1.517506609409669e-05
80 1.6012645438459e-05
81 1.5463326641925257e-05
82 1.4895496897720651e-05
83 1.4952248193419842e-05
84 1.5218026247437143e-05
85 1.498661828091275e-05
86 1.5733488299689762e-05
87 1.5547896488316157e-05
88 1.4878460984132244e-05
89 1.547857818944704e-05
90 1.4771040923478373e-05
91 1.5343728956276857e-05
92 1.5736647920350032e-05
93 1.5434605080687962e-05
94 1.461115432765163e-05
95 1.4865249938679902e-05
96 1.5501108613162046e-05
97 1.5774194984084768e-05
98 1.5555884073758783e-05
99 1.4674344641381154e-05
100 1.540166931838376e-05
101 1.5210050723210996e-05
102 1.5712586385365484e-05
103 1.5089823557135295e-05
104 1.4865462338924933e-05
105 1.5523076251205332e-05
106 1.54641689670395e-05
107 1.4774399740065274e-05
108 1.4901583953146716e-05
109 1.5423098924665393e-05
110 1.5206324818957457e-05
111 1.5135963585085314e-05
112 1.552380657107123e-05
113 1.5617910565169502e-05
114 1.5560972432158618e-05
115 1.5049834328850251e-05
116 1.5473559161620735e-05
117 1.5660321762385252e-05
118 1.4980112011905138e-05
119 1.531246609920247e-05
120 1.5206265138657367e-05
121 1.5387781377055507e-05
122 1.5307073014599105e-05
123 1.5634042733780574e-05
124 1.540161960185192e-05
125 1.5089194695134378e-05
126 1.5252819885019186e-05
127 1.523421459414001e-05
128 1.536674158141824e-05
129 1.4962731947818206e-05
130 1.5800582103804223e-05
131 1.5041195304343951e-05
132 1.5157628241010847e-05
133 1.5462888004060328e-05
134 1.5364709925503784e-05
135 1.5328938524252407e-05
136 1.5511702021223605e-05
137 1.491081676857519e-05
138 1.4959704968748859e-05
139 1.490561450024184e-05
140 1.5463928261135876e-05
141 1.5062694209279465e-05
142 1.5558131342756623e-05
143 1.5312943261625287e-05
144 1.530996369812514e-05
145 1.5241693000926023e-05
146 1.5121386678055987e-05
147 1.451025725624261e-05
148 1.4683356753647028e-05
149 1.5677205163443017e-05
150 1.5190311432026232e-05
151 1.5337483672880504e-05
152 1.4931387418184705e-05
153 1.5430386955608147e-05
154 1.4134776582099535e-05
155 1.5628365463131153e-05
156 1.5318297436462956e-05
157 1.5526255155620977e-05
158 1.4302092580295595e-05
159 1.520225799937149e-05
160 1.5506649899364783e-05
161 1.558925399732408e-05
162 1.5011324322351074e-05
163 1.5661976774390315e-05
164 1.5031511055870454e-05
165 1.5661141475423215e-05
166 1.5465266319466726e-05
167 1.5228338402624889e-05
168 1.4946768058928346e-05
169 1.5110995062730069e-05
170 1.5844103066228193e-05
171 1.558804858572071e-05
172 1.56062649087621e-05
173 1.5048209207224778e-05
174 1.5182131903254474e-05
175 1.5463097992296587e-05
176 1.6023077329136776e-05
177 1.5074725211008753e-05
178 1.5109385784197585e-05
179 1.513370300924913e-05
180 1.4621894444129125e-05
181 1.5247805927001316e-05
182 1.4709637541385848e-05
183 1.5789001202860335e-05
184 1.5982920289063668e-05
185 1.5615259539228873e-05
186 1.4999771818335699e-05
187 1.5510320236815387e-05
188 1.5282871303483468e-05
189 1.4594490550468745e-05
190 1.5620388472717796e-05
191 1.4685658174949072e-05
192 1.5597220441068963e-05
193 1.5580402892356013e-05
194 1.5330299881141804e-05
195 1.5919796130876083e-05
196 1.554946965261793e-05
197 1.535805984109505e-05
198 1.4760199454283958e-05
199 1.4886018427061968e-05
200 1.530791645110307e-05
201 1.555195997247774e-05
202 1.4874078526289123e-05
203 1.5295633376510573e-05
204 1.4547960592043593e-05
205 1.5450333456961546e-05
206 1.5169683518858868e-05
207 1.4471248995397222e-05
208 1.5303848338238415e-05
209 1.5400268386252104e-05
210 1.5199473419206452e-05
211 1.5399350444454173e-05
212 1.5741372261440302e-05
213 1.4688474605713114e-05
214 1.5140230848736666e-05
215 1.5565809584848715e-05
216 1.5340005341152232e-05
217 1.5503637116055186e-05
218 1.5266988465551305e-05
219 1.5098920645125719e-05
220 1.5164067383494488e-05
221 1.5441011023206372e-05
222 1.4726419623870554e-05
223 1.527325474659773e-05
224 1.4583782579158646e-05
225 1.4825319654892484e-05
226 1.5388866426737694e-05
227 1.6100661527673737e-05
228 1.5057390808447925e-05
229 1.5018496916277026e-05
230 1.5496056771114857e-05
231 1.5027300517388056e-05
232 1.4999698948865609e-05
233 1.483785654746344e-05
234 1.505201744037816e-05
235 1.5285978302699474e-05
236 1.5054064598521955e-05
237 1.5187172926174321e-05
238 1.538060937159079e-05
239 1.623269974513388e-05
240 1.539956650169001e-05
241 1.5231345575113634e-05
242 1.565348078453004e-05
243 1.5210423673387883e-05
244 1.5375542347882612e-05
245 1.475662817328991e-05
246 1.5349170868719156e-05
247 1.4738443296164162e-05
248 1.56779408336301e-05
249 1.4980511569141675e-05
250 1.5566088546309065e-05
251 1.5373455598923124e-05
252 1.4869135951440441e-05
253 1.5647502241350018e-05
254 1.5154415323649178e-05
255 1.4531708449765435e-05
256 1.5200394597782748e-05
257 1.5212541186633958e-05
258 1.5729648853745372e-05
259 1.4791837574802615e-05
260 1.4662537829137215e-05
261 1.4799523485687808e-05
262 1.5083278211758974e-05
263 1.5328663846154933e-05
264 1.5532113472949227e-05
265 1.485361797808593e-05
266 1.591300153288178e-05
267 1.5206720932049964e-05
268 1.4608387005277491e-05
269 1.4578795592839815e-05
270 1.5391255364051633e-05
271 1.5130256747055005e-05
272 1.5598861187872434e-05
273 1.5230718435226608e-05
274 1.4958233318760176e-05
275 1.572293736821624e-05
276 1.5177448977338984e-05
277 1.4923215584462973e-05
278 1.6295955733428687e-05
279 1.564405649498758e-05
280 1.4954987937224236e-05
281 1.5398815764584275e-05
282 1.5330281060762596e-05
283 1.51932409788919e-05
284 1.6035944325675204e-05
285 1.5488285963012423e-05
286 1.4995127122656561e-05
287 1.5626746752510365e-05
288 1.454058147029605e-05
289 1.5227910790626236e-05
290 1.5076421677176281e-05
291 1.5307365195114635e-05
292 1.5207286008403023e-05
293 1.4858430472680223e-05
294 1.5299975728341254e-05
295 1.4422560737641677e-05
296 1.4818504096105244e-05
297 1.5512675300819912e-05
298 1.5267101314053878e-05
299 1.5619268390196312e-05
