0 1.449663413951027e-05
1 1.4978288368684991e-05
2 1.4017956464340494e-05
3 1.4610005094318734e-05
4 1.4270025114097876e-05
5 1.5189212710890195e-05
6 1.440665805425137e-05
7 1.4664243753645912e-05
8 1.4649871935253086e-05
9 1.4704456530571124e-05
10 1.46264046582701e-05
11 1.4343894477564921e-05
12 1.4587725984655036e-05
13 1.4718641546782233e-05
14 1.4619675575690989e-05
15 1.4617334079320735e-05
16 1.453460031356831e-05
17 1.4643537275117842e-05
18 1.481819273029837e-05
19 1.4465479742883751e-05
20 1.4849655849861676e-05
21 1.516346684193139e-05
22 1.4751599234434525e-05
23 1.4653098990187079e-05
24 1.4905853328236625e-05
25 1.4175903211753803e-05
26 1.4432804500073427e-05
27 1.4813738327826458e-05
28 1.4939879377449574e-05
29 1.4877691244214056e-05
30 1.4783135661457629e-05
31 1.4971932107926042e-05
32 1.4625184115954345e-05
33 1.4565167231736107e-05
34 1.4634436733419346e-05
35 1.477085717045487e-05
36 1.4429712760618624e-05
37 1.4555398079558146e-05
38 1.4791452321402538e-05
39 1.4623531004040835e-05
40 1.4623606560724738e-05
41 1.391808996740889e-05
42 1.4025222783159873e-05
43 1.4849395036956568e-05
44 1.4622562179041366e-05
45 1.4223875059319944e-05
46 1.4636611845414479e-05
47 1.449254725288042e-05
48 1.4679938276674903e-05
49 1.4655376504052307e-05
50 1.4695096714433854e-05
51 1.4733062247354482e-05
52 1.4334487789198797e-05
53 1.443273413300749e-05
54 1.4725485748695223e-05
55 1.5000759163966204e-05
56 1.4368821913523898e-05
57 1.4581891505194547e-05
58 1.4932553920699672e-05
59 1.4130715511783822e-05
60 1.4332593067878459e-05
61 1.4651848403257177e-05
62 1.4171536701044891e-05
63 1.4643830096142243e-05
64 1.4981352451524144e-05
65 1.4249093983210993e-05
66 1.407106948450971e-05
67 1.4313978262696229e-05
68 1.4643908456717913e-05
69 1.3985233995108541e-05
70 1.4409382761913551e-05
71 1.4569097787904826e-05
72 1.4073718547257289e-05
73 1.4497456732197593e-05
74 1.502292711942319e-05
75 1.4338268037094224e-05
76 1.4215918998515648e-05
77 1.4628735406095407e-05
78 1.4497923871637654e-05
79 1.4545274033518005e-05
80 1.477599652831648e-05
81 1.4998864426070947e-05
82 1.4734536536868277e-05
83 1.454667672319731e-05
84 1.4922241987752292e-05
85 1.4403064640532648e-05
86 1.4587207366805384e-05
87 1.4346531528744644e-05
88 1.3892077729471096e-05
89 1.4230920519022462e-05
90 1.4327824730275055e-05
91 1.4895923036308544e-05
92 1.520402592103962e-05
93 1.4445699367363626e-05
94 1.4123448094829759e-05
95 1.4752132209425327e-05
96 1.4341885616332926e-05
97 1.4678542917807227e-05
98 1.4335219995728961e-05
99 1.418133862723664e-05
100 1.4497079392694018e-05
101 1.5056693666052117e-05
102 1.4836923450166158e-05
103 1.4155744876132743e-05
104 1.427286378501151e-05
105 1.5078821517046825e-05
106 1.4377489862084774e-05
107 1.4690262623479385e-05
108 1.4278157151171375e-05
109 1.429734851536596e-05
110 1.4524281560720631e-05
111 1.4561426761668696e-05
112 1.4630752482746155e-05
113 1.5005378118239076e-05
114 1.4329989064979097e-05
115 1.4254827773761653e-05
116 1.4401658893140384e-05
117 1.4415597019319154e-05
118 1.4786310750789803e-05
119 1.4734080974215326e-05
120 1.44060542778883e-05
121 1.4744947892276345e-05
122 1.4308541132107477e-05
123 1.4701540004427684e-05
124 1.4324479028733118e-05
125 1.459133431651914e-05
126 1.443889638352445e-05
127 1.4972515982084933e-05
128 1.4228781978460519e-05
129 1.441312678686106e-05
130 1.467506170060465e-05
131 1.4281235757278948e-05
132 1.4549736075213198e-05
133 1.426595615852678e-05
134 1.4876404942521595e-05
135 1.4570602531053803e-05
136 1.4811887318938622e-05
137 1.4667612188743479e-05
138 1.4816294510537863e-05
139 1.3966468880524035e-05
140 1.4714251551495307e-05
141 1.4369829452022534e-05
142 1.5195782121028731e-05
143 1.4737875475522514e-05
144 1.4900684407884068e-05
145 1.4398494439645668e-05
146 1.459979341051557e-05
147 1.4381908865540567e-05
148 1.4163814874730525e-05
149 1.4413426528101854e-05
150 1.5095003581944435e-05
151 1.4176743836355252e-05
152 1.4782166317723803e-05
153 1.4659115535596257e-05
154 1.4123716400745555e-05
155 1.4426352143244806e-05
156 1.4206267060906393e-05
157 1.4528396968989592e-05
158 1.4368603867846446e-05
159 1.4180008552539519e-05
160 1.479995835730393e-05
161 1.4572091506288843e-05
162 1.3967753816590639e-05
163 1.4456480853721006e-05
164 1.4164704632434483e-05
165 1.498724662351364e-05
166 1.4765869489034817e-05
167 1.5008674007045513e-05
168 1.432940972946602e-05
169 1.461863313219737e-05
170 1.5228730561836267e-05
171 1.4582168879771426e-05
172 1.4859119022452057e-05
173 1.4582423885165895e-05
174 1.489712094582205e-05
175 1.4326570227093462e-05
176 1.4905534770648735e-05
177 1.463859024015212e-05
178 1.4578488235152203e-05
179 1.4093804616624224e-05
180 1.469032101703775e-05
181 1.4499640413230948e-05
182 1.4199578932159198e-05
183 1.5061269975376638e-05
184 1.4608816905901004e-05
185 1.4876560939673174e-05
186 1.4730373173667617e-05
187 1.4450216264747913e-05
188 1.4587132883302677e-05
189 1.4353258267918593e-05
190 1.4636512034723615e-05
191 1.4482288663087746e-05
192 1.4453654474070164e-05
193 1.4675148029223515e-05
194 1.4741087295023838e-05
195 1.4904844641302497e-05
196 1.4964583644697938e-05
197 1.4284830198832019e-05
198 1.3986213427160573e-05
199 1.488812212606438e-05
200 1.4381402995760377e-05
201 1.4402841236951681e-05
202 1.4209334682583916e-05
203 1.5019512516025265e-05
204 1.4319431441864846e-05
205 1.4823078149112802e-05
206 1.3971318173407213e-05
207 1.3996672380009056e-05
208 1.4535026345640666e-05
209 1.4419320774609608e-05
210 1.4370627485881634e-05
211 1.4603802730670284e-05
212 1.4733516455520532e-05
213 1.42731419446486e-05
214 1.425471666848252e-05
215 1.4438907295140801e-05
216 1.4435323262533939e-05
217 1.4626690343817612e-05
218 1.458347211482352e-05
219 1.4840744677727746e-05
220 1.4497184653541754e-05
221 1.4454641084987441e-05
222 1.4019668812593531e-05
223 1.4780635801680523e-05
224 1.4571437742290776e-05
225 1.439773336487221e-05
226 1.4633172893640208e-05
227 1.4613124587962772e-05
228 1.4839953062616794e-05
229 1.4208822198454889e-05
230 1.4695165852618845e-05
231 1.4551482506101873e-05
232 1.4206707074070073e-05
233 1.4770979588407326e-05
234 1.4768275692496628e-05
235 1.4348818645093374e-05
236 1.4462493844393035e-05
237 1.5054822554123647e-05
238 1.4654860321237608e-05
239 1.5160880529794876e-05
240 1.482503529142491e-05
241 1.4669089726831213e-05
242 1.4706041797566948e-05
243 1.49174224230208e-05
244 1.4782780638732235e-05
245 1.4373819994576327e-05
246 1.4327521505809999e-05
247 1.3750660186682242e-05
248 1.482796237857482e-05
249 1.409119203946224e-05
250 1.4660491490738401e-05
251 1.4314221619464993e-05
252 1.4208737721831362e-05
253 1.4081846361842694e-05
254 1.4387144083166731e-05
255 1.4132413372756562e-05
256 1.3699465422714387e-05
257 1.4194333578502348e-05
258 1.458352958320296e-05
259 1.4333591283991519e-05
260 1.4735019356916684e-05
261 1.419829124470637e-05
262 1.4305232300819912e-05
263 1.5003046320202316e-05
264 1.4214660413300648e-05
265 1.4267398254555741e-05
266 1.4856119034234378e-05
267 1.4345959948473632e-05
268 1.4094598180346025e-05
269 1.4550739186883139e-05
270 1.493932409161346e-05
271 1.4553222310171734e-05
272 1.4589515410126549e-05
273 1.4200164280992992e-05
274 1.4379186308358622e-05
275 1.4776776703629832e-05
276 1.4313883153875856e-05
277 1.4320556034922167e-05
278 1.4733282436432134e-05
279 1.4671717697678554e-05
280 1.4439749807352153e-05
281 1.4844316404799673e-05
282 1.4675347033225687e-05
283 1.3833065344600427e-05
284 1.4477757636215797e-05
285 1.4548160097591092e-05
286 1.4423188127116411e-05
287 1.4625426429827938e-05
288 1.4578479089390908e-05
289 1.4598802211194598e-05
290 1.4056126303105507e-05
291 1.4710278066939218e-05
292 1.4778867044830811e-05
293 1.46329479588519e-05
294 1.4396634462806243e-05
295 1.4401889317231596e-05
296 1.4600331491188236e-05
297 1.5077726502153656e-05
298 1.4784921044440734e-05
299 1.435373070282485e-05
