0 -2.1776075878294238e-05
1 -2.1498716561554416e-05
2 -2.1136526593733766e-05
3 -2.1485695627935315e-05
4 -2.1482266540287266e-05
5 -2.2056937941459374e-05
6 -2.1505319980033404e-05
7 -2.143298051575622e-05
8 -2.178893392679538e-05
9 -2.1518381093645766e-05
10 -2.15828027209019e-05
11 -2.1316760608376427e-05
12 -2.147666543823136e-05
13 -2.1757759930547653e-05
14 -2.1566710193045414e-05
15 -2.1845974470644346e-05
16 -2.151203209394709e-05
17 -2.1304211734528115e-05
18 -2.1805896515599028e-05
19 -2.1661988675718973e-05
20 -2.177505056130005e-05
21 -2.2044243002910746e-05
22 -2.1713991457432016e-05
23 -2.1653514347697674e-05
24 -2.1925111621997982e-05
25 -2.137924795764299e-05
26 -2.1147972121800778e-05
27 -2.1291228133780967e-05
28 -2.15561470991406e-05
29 -2.1695471825215364e-05
30 -2.1594622866483177e-05
31 -2.1704776814120246e-05
32 -2.1693540328479883e-05
33 -2.1616733605520723e-05
34 -2.1509618041429968e-05
35 -2.2000723131062344e-05
36 -2.1902179772825733e-05
37 -2.1749215189857088e-05
38 -2.15998138504299e-05
39 -2.1188878976922125e-05
40 -2.1554551937682977e-05
41 -2.09715856515744e-05
42 -2.1381174876860582e-05
43 -2.192917302520963e-05
44 -2.193076448543724e-05
45 -2.1155025637841486e-05
46 -2.1517831269128667e-05
47 -2.1490532935907945e-05
48 -2.1878256060348597e-05
49 -2.143075997367464e-05
50 -2.1631112600055422e-05
51 -2.1549157598672343e-05
52 -2.1608988796836616e-05
53 -2.117268957269365e-05
54 -2.2105411116281496e-05
55 -2.1844000434198067e-05
56 -2.128909959353089e-05
57 -2.1633142356853683e-05
58 -2.2300850509256677e-05
59 -2.1401761213764508e-05
60 -2.160178102840042e-05
61 -2.1468755265036393e-05
62 -2.1204523105724074e-05
63 -2.1765978389266518e-05
64 -2.1826707396766243e-05
65 -2.1522400600669348e-05
66 -2.1767240994233518e-05
67 -2.168623403414497e-05
68 -2.1324756363044555e-05
69 -2.119444629825567e-05
70 -2.1514329400706735e-05
71 -2.1187968501877166e-05
72 -2.138189564619075e-05
73 -2.180674278494986e-05
74 -2.168936451504477e-05
75 -2.1697716591284994e-05
76 -2.1684015999872283e-05
77 -2.163607455489457e-05
78 -2.152738891266953e-05
79 -2.1346166352326376e-05
80 -2.2023443417553095e-05
81 -2.16051134715005e-05
82 -2.1525946914119453e-05
83 -2.1433487623902238e-05
84 -2.154231303740595e-05
85 -2.1572704398835538e-05
86 -2.161488316979333e-05
87 -2.1839592488375316e-05
88 -2.1231940402657005e-05
89 -2.1397315079224886e-05
90 -2.1039931295660306e-05
91 -2.1482416693042818e-05
92 -2.1817633844986126e-05
93 -2.153081544299979e-05
94 -2.1068703853654785e-05
95 -2.167240342286624e-05
96 -2.1596730723541928e-05
97 -2.1480105385922778e-05
98 -2.1540921349626432e-05
99 -2.0920434719038195e-05
100 -2.1800276744966646e-05
101 -2.1824862238939044e-05
102 -2.173825176117343e-05
103 -2.1335641781688267e-05
104 -2.1124842026998694e-05
105 -2.196477795811584e-05
106 -2.1449156980561814e-05
107 -2.1371687611340878e-05
108 -2.154740094724024e-05
109 -2.1555759104434364e-05
110 -2.1278397967940986e-05
111 -2.136872956453397e-05
112 -2.1788322865748028e-05
113 -2.1928666946925568e-05
114 -2.1443041114816177e-05
115 -2.124407167963512e-05
116 -2.164163945783504e-05
117 -2.178453250949431e-05
118 -2.163050633025955e-05
119 -2.1805757553986886e-05
120 -2.1592464420418486e-05
121 -2.1599043765626124e-05
122 -2.1497181190861737e-05
123 -2.2002228133444648e-05
124 -2.1745295076506445e-05
125 -2.1586932164368413e-05
126 -2.1228420602153936e-05
127 -2.173502811576741e-05
128 -2.136643150767349e-05
129 -2.1482286744289515e-05
130 -2.2070165116558918e-05
131 -2.1652080489088392e-05
132 -2.1577842050202623e-05
133 -2.15135234467757e-05
134 -2.179540410023476e-05
135 -2.1731741384388918e-05
136 -2.1534537115917224e-05
137 -2.1305820913705567e-05
138 -2.1531981511875e-05
139 -2.111457433222329e-05
140 -2.162091416026169e-05
141 -2.1405705422176015e-05
142 -2.187201686534145e-05
143 -2.1414352310134058e-05
144 -2.130826271202962e-05
145 -2.1599168347712233e-05
146 -2.1503403049821705e-05
147 -2.1150149299818486e-05
148 -2.1578284858508766e-05
149 -2.1441367468353547e-05
150 -2.1671733404889248e-05
151 -2.1396352961802753e-05
152 -2.1399666405715065e-05
153 -2.1838443615751108e-05
154 -2.1073342056970255e-05
155 -2.1776652996021374e-05
156 -2.1377283110595567e-05
157 -2.1499646959455855e-05
158 -2.1456313014599438e-05
159 -2.1454947570498783e-05
160 -2.188078778324856e-05
161 -2.1520224047544024e-05
162 -2.1196423182803173e-05
163 -2.190390585881449e-05
164 -2.1486288639144382e-05
165 -2.1866709121756466e-05
166 -2.161448431649213e-05
167 -2.154133339590637e-05
168 -2.141108795829717e-05
169 -2.1534635631975305e-05
170 -2.1911800663326018e-05
171 -2.1977647674910692e-05
172 -2.1876957720118694e-05
173 -2.1417680859544395e-05
174 -2.1733089698443e-05
175 -2.1456601558920965e-05
176 -2.19393571727726e-05
177 -2.1616524339314427e-05
178 -2.1491651231977203e-05
179 -2.1239343339118645e-05
180 -2.1578033672406656e-05
181 -2.1497563056165587e-05
182 -2.103413509370391e-05
183 -2.2188330910312164e-05
184 -2.1927495937076933e-05
185 -2.2088897907379796e-05
186 -2.1463989143456122e-05
187 -2.1714531271128255e-05
188 -2.165493145852848e-05
189 -2.068949713913802e-05
190 -2.1804824905622742e-05
191 -2.1257863190204373e-05
192 -2.1743778784632518e-05
193 -2.1560176492026106e-05
194 -2.2029972194190666e-05
195 -2.2005575696968823e-05
196 -2.2058629205105777e-05
197 -2.099752430880889e-05
198 -2.0963341623305734e-05
199 -2.143623278244702e-05
200 -2.151809536536062e-05
201 -2.1567458379444477e-05
202 -2.1291350173976634e-05
203 -2.1941602030403196e-05
204 -2.1134652440759362e-05
205 -2.176778913048751e-05
206 -2.1439072746929963e-05
207 -2.0969768345453212e-05
208 -2.1568616160336943e-05
209 -2.160107051891626e-05
210 -2.1178543053392896e-05
211 -2.1882880549392938e-05
212 -2.1857403214926757e-05
213 -2.1161210605466104e-05
214 -2.1506300560139562e-05
215 -2.1690065541753456e-05
216 -2.18254091723793e-05
217 -2.1680425458337434e-05
218 -2.162749233481905e-05
219 -2.1348598728129178e-05
220 -2.140157522640579e-05
221 -2.1709353714971604e-05
222 -2.0868282306190612e-05
223 -2.1704218893090056e-05
224 -2.116406992321713e-05
225 -2.142758532862645e-05
226 -2.145603796035024e-05
227 -2.1782490904145875e-05
228 -2.164743761586868e-05
229 -2.1180611921120095e-05
230 -2.1974251277049288e-05
231 -2.1405157166497037e-05
232 -2.111632896980639e-05
233 -2.1582672917739147e-05
234 -2.1710310130020813e-05
235 -2.162256505270956e-05
236 -2.1398630099713556e-05
237 -2.1810874045285407e-05
238 -2.16028679412132e-05
239 -2.202360636416735e-05
240 -2.199408577798423e-05
241 -2.141930951450439e-05
242 -2.1669549286908257e-05
243 -2.1224199987247705e-05
244 -2.1870675565740236e-05
245 -2.134383973274196e-05
246 -2.162757109678416e-05
247 -2.0884242030591673e-05
248 -2.177799907797051e-05
249 -2.101386424342866e-05
250 -2.1990401761269098e-05
251 -2.1472447937441547e-05
252 -2.1313187334825414e-05
253 -2.1718025849310273e-05
254 -2.1762331316783158e-05
255 -2.0643787451543755e-05
256 -2.1150099663636755e-05
257 -2.137072785860626e-05
258 -2.1886829964657686e-05
259 -2.1594441889519036e-05
260 -2.1440878670085833e-05
261 -2.1347094876969532e-05
262 -2.1384893967945013e-05
263 -2.2073274655959556e-05
264 -2.1718086419320706e-05
265 -2.1251416079411116e-05
266 -2.187056581404878e-05
267 -2.146643903276636e-05
268 -2.1053688135483992e-05
269 -2.1045672952377792e-05
270 -2.164391563540446e-05
271 -2.1485416242744328e-05
272 -2.1391505724864234e-05
273 -2.1516075571193653e-05
274 -2.129612530842254e-05
275 -2.156191809718731e-05
276 -2.137843953657939e-05
277 -2.1475127672840443e-05
278 -2.2154184366791133e-05
279 -2.1802822321612807e-05
280 -2.1574122469331717e-05
281 -2.166991577971322e-05
282 -2.1450736570844763e-05
283 -2.1312569408236804e-05
284 -2.1869667399977318e-05
285 -2.1299333117626908e-05
286 -2.1366442788077676e-05
287 -2.177760983540572e-05
288 -2.1436476383179892e-05
289 -2.1678525007875873e-05
290 -2.1090669804329872e-05
291 -2.1452007108420454e-05
292 -2.13938352892096e-05
293 -2.1489975447979765e-05
294 -2.1843484498346716e-05
295 -2.1144056875977563e-05
296 -2.1302374656109095e-05
297 -2.155258717784956e-05
298 -2.157315007996283e-05
299 -2.153404714856186e-05
