0 3.234613533451055e-06
1 3.2461935250170216e-06
2 3.1637035038623282e-06
3 3.2872102542002633e-06
4 3.1447710572862043e-06
5 3.3254802689727006e-06
6 3.239574262750395e-06
7 3.284155264984725e-06
8 3.229886153429076e-06
9 3.2567540013867787e-06
10 3.1988598560052563e-06
11 3.2646576057033542e-06
12 3.251316204766189e-06
13 3.220046590726292e-06
14 3.264251390568375e-06
15 3.1892748171652397e-06
16 3.2229038268946356e-06
17 3.169960511606831e-06
18 3.2692214116262485e-06
19 3.2102478495938434e-06
20 3.281399776076285e-06
21 3.2800442413916005e-06
22 3.2613259132858544e-06
23 3.1953408973820743e-06
24 3.2344110742732143e-06
25 3.2260275538691007e-06
26 3.1970131594577176e-06
27 3.3104719607471125e-06
28 3.303848462100457e-06
29 3.234361434850037e-06
30 3.2058285791268088e-06
31 3.269587126493876e-06
32 3.2035991788876756e-06
33 3.1576941689823413e-06
34 3.2098071208285957e-06
35 3.1629100763575804e-06
36 3.1223573769236152e-06
37 3.1521218922121717e-06
38 3.244362483012801e-06
39 3.161921086794903e-06
40 3.1847181244058625e-06
41 3.103334918020149e-06
42 3.0959808646157478e-06
43 3.294009645571554e-06
44 3.150007942655396e-06
45 3.189263533803201e-06
46 3.1426374334900733e-06
47 3.249921780902076e-06
48 3.216211553700118e-06
49 3.2226726071025324e-06
50 3.2428639114304833e-06
51 3.247384340216464e-06
52 3.2042045843704785e-06
53 3.2311522020849436e-06
54 3.242260680003736e-06
55 3.2420626528567182e-06
56 3.1828741661678177e-06
57 3.1667599557697022e-06
58 3.176689578188081e-06
59 3.1714575863820412e-06
60 3.17949307303334e-06
61 3.228832477928169e-06
62 3.1662544506894164e-06
63 3.239240626311075e-06
64 3.2524625113673817e-06
65 3.0426066690107267e-06
66 3.045859298954128e-06
67 3.1621208789761224e-06
68 3.234563464820411e-06
69 3.127844357789503e-06
70 3.124557556636109e-06
71 3.2168651793790003e-06
72 3.1428249039735988e-06
73 3.1735008697729907e-06
74 3.3428709754334196e-06
75 3.1965129475944963e-06
76 3.1203242863542074e-06
77 3.114636580688239e-06
78 3.221482787916378e-06
79 3.197645097723047e-06
80 3.176405020927626e-06
81 3.231164235424462e-06
82 3.2106064169292915e-06
83 3.1783551950857868e-06
84 3.29338337511501e-06
85 3.2437649678255906e-06
86 3.2173937780236686e-06
87 3.143156955777869e-06
88 3.078420540570624e-06
89 3.113009344317435e-06
90 3.2638482725458426e-06
91 3.2568032800504594e-06
92 3.2278146334797936e-06
93 3.1287759118705334e-06
94 3.114933573515642e-06
95 3.2557306213859608e-06
96 3.1736662407864495e-06
97 3.212546408844388e-06
98 3.182545950231012e-06
99 3.184481345265634e-06
100 3.2351098948249845e-06
101 3.2668594724277287e-06
102 3.269743825795087e-06
103 3.1061235562344144e-06
104 3.2015807582071896e-06
105 3.2557097601038736e-06
106 3.208864319336981e-06
107 3.181422265408465e-06
108 3.1297506312133297e-06
109 3.1060606074088337e-06
110 3.197216108106397e-06
111 3.145791518553083e-06
112 3.19927464495383e-06
113 3.2082273537631547e-06
114 3.1142134222492275e-06
115 3.1577255205779125e-06
116 3.1652204932852103e-06
117 3.1525669078241614e-06
118 3.2554780240164133e-06
119 3.1423695413607934e-06
120 3.081239892387846e-06
121 3.2916124313632355e-06
122 3.1505414075908467e-06
123 3.194618805632594e-06
124 3.1380760323479e-06
125 3.1675794188738623e-06
126 3.2277980832372062e-06
127 3.190903730218263e-06
128 3.1647009893313958e-06
129 3.1632059224712304e-06
130 3.1905142313866763e-06
131 3.104058247897938e-06
132 3.1631368113212576e-06
133 3.1766878110477336e-06
134 3.2276766249677745e-06
135 3.228553813109615e-06
136 3.3452044531382804e-06
137 3.234486031201376e-06
138 3.2196657801756215e-06
139 3.163367587492894e-06
140 3.241702405523873e-06
141 3.097895075829814e-06
142 3.2443785294099116e-06
143 3.2356113267373894e-06
144 3.276659161998669e-06
145 3.0482939666568326e-06
146 3.3017417777126837e-06
147 3.2306788321807413e-06
148 3.0780701403625783e-06
149 3.1996413718457227e-06
150 3.241482003424124e-06
151 3.1864246918517e-06
152 3.2577978511648274e-06
153 3.268872229760502e-06
154 3.1885457137528206e-06
155 3.1705816595926603e-06
156 3.1811776888254477e-06
157 3.2132615854670714e-06
158 3.2177262374118333e-06
159 3.0493674857898007e-06
160 3.1983750724429266e-06
161 3.212532168954478e-06
162 3.0312067088927114e-06
163 3.158317554984439e-06
164 3.104559599478009e-06
165 3.304624336498364e-06
166 3.264878536603442e-06
167 3.320784011692359e-06
168 3.138490235530946e-06
169 3.165426485912428e-06
170 3.2944597394352196e-06
171 3.1272301962587005e-06
172 3.3221389913453468e-06
173 3.198181767668427e-06
174 3.282802358262975e-06
175 3.1538015032969107e-06
176 3.2396397222662387e-06
177 3.208276265444939e-06
178 3.1711261962594743e-06
179 3.068918216980178e-06
180 3.176583763073649e-06
181 3.2155027901674696e-06
182 3.103631542634557e-06
183 3.2134007837795143e-06
184 3.2428162795939704e-06
185 3.194731181054619e-06
186 3.2776831685552046e-06
187 3.126241509802994e-06
188 3.1655863463896945e-06
189 3.2092225827652702e-06
190 3.1823179124432652e-06
191 3.191988847366649e-06
192 3.082595712703656e-06
193 3.211326030134687e-06
194 3.2240140278968297e-06
195 3.2091550769524917e-06
196 3.2552185794257534e-06
197 3.228060540378311e-06
198 3.1730629657479453e-06
199 3.259555143626304e-06
200 3.179713095438799e-06
201 3.13527393951414e-06
202 3.116406003870561e-06
203 3.33537540592789e-06
204 3.1930478005445375e-06
205 3.3115149928959594e-06
206 3.1125974658167757e-06
207 3.0879772545003896e-06
208 3.2139028252017097e-06
209 3.1876847899266225e-06
210 3.165424999773338e-06
211 3.2076956191308104e-06
212 3.265007176296068e-06
213 3.1398157392851596e-06
214 3.1499415509312156e-06
215 3.222415958897799e-06
216 3.175006875955008e-06
217 3.2304731961411805e-06
218 3.31955622490244e-06
219 3.377841044186639e-06
220 3.1497059557972175e-06
221 3.187449557170664e-06
222 3.1334687129062322e-06
223 3.168899543230468e-06
224 3.1733951799092483e-06
225 3.1905110460107165e-06
226 3.2754698338443495e-06
227 3.270871228676901e-06
228 3.2504725596497574e-06
229 3.150665585369519e-06
230 3.1160357855126574e-06
231 3.2148812733528604e-06
232 3.151623002767888e-06
233 3.279175628544009e-06
234 3.182933351245536e-06
235 3.2501999340077705e-06
236 3.178312501442252e-06
237 3.2781868063073684e-06
238 3.1707953155822363e-06
239 3.283946879329945e-06
240 3.223700759351438e-06
241 3.2242815159407925e-06
242 3.1527820222463234e-06
243 3.289474625628851e-06
244 3.161457234886139e-06
245 3.156959330110216e-06
246 3.1541249619513732e-06
247 3.171719004747207e-06
248 3.1767438468503385e-06
249 3.1846172778985066e-06
250 3.1265145141904896e-06
251 3.1776245794101755e-06
252 3.0565323537821543e-06
253 3.177564351069925e-06
254 3.1698334778194323e-06
255 3.2050474884577435e-06
256 3.1120081610972994e-06
257 3.095500550172776e-06
258 3.168819733363896e-06
259 3.10494880134597e-06
260 3.1877173869640096e-06
261 3.1325291051716924e-06
262 3.0379541401938025e-06
263 3.3235934356146938e-06
264 3.1279071651510795e-06
265 3.1336883187862866e-06
266 3.2242381481384067e-06
267 3.198614353849627e-06
268 3.1119661230479e-06
269 3.2268578879252245e-06
270 3.2001330602832022e-06
271 3.139627429806723e-06
272 3.208877226619823e-06
273 3.1176218645364324e-06
274 3.1509913186007764e-06
275 3.1398154483289246e-06
276 3.113706475372185e-06
277 3.1004346716822597e-06
278 3.1704546518917714e-06
279 3.230239903064294e-06
280 3.2699446521016706e-06
281 3.2311417943437663e-06
282 3.2002401420556628e-06
283 3.1115878087872106e-06
284 3.179520284609394e-06
285 3.219380692752444e-06
286 3.187499034272678e-06
287 3.181345448254432e-06
288 3.1412377468459894e-06
289 3.1453794097998538e-06
290 3.1641671984959297e-06
291 3.258573320805339e-06
292 3.2400244119331347e-06
293 3.2468829834610396e-06
294 3.137783196107613e-06
295 3.20353184784939e-06
296 3.256226975007963e-06
297 3.353205572760134e-06
298 3.2558950424256303e-06
299 3.1340086258038197e-06
