0 -1.1300949577239673e-06
1 -1.2260636339118078e-06
2 -1.1826266907475775e-06
3 -1.1618636631179305e-06
4 -1.3032574365443672e-06
5 -1.3383244906087601e-06
6 -1.2983462507044648e-06
7 -1.1537430805152619e-06
8 -1.260639890783095e-06
9 -1.2082806992665292e-06
10 -1.1761854661832036e-06
11 -1.2094633551930456e-06
12 -1.1663950895854241e-06
13 -1.253813216255171e-06
14 -1.2134263970358899e-06
15 -1.274086311543497e-06
16 -1.3134047112320263e-06
17 -1.232547699187661e-06
18 -1.2335875665068276e-06
19 -1.256928359246314e-06
20 -1.3093049687729999e-06
21 -1.206911312666811e-06
22 -1.1494597772575235e-06
23 -1.2465134765366642e-06
24 -1.1456050059111044e-06
25 -1.2454186459857252e-06
26 -1.203857367270893e-06
27 -1.207610773942017e-06
28 -1.2005742768794117e-06
29 -1.1941718385022726e-06
30 -1.2329804686192357e-06
31 -1.1534761522659221e-06
32 -1.2218954225090696e-06
33 -1.1767356202505567e-06
34 -1.1622514224316527e-06
35 -1.2551367591850527e-06
36 -1.2001584222420785e-06
37 -1.2187287319090197e-06
38 -1.1657847582527651e-06
39 -1.1573139187365034e-06
40 -1.1941248703389918e-06
41 -1.2245170280688608e-06
42 -1.143174722586593e-06
43 -1.1817908748659474e-06
44 -1.1963395715433148e-06
45 -1.1600270346968372e-06
46 -1.1286199730355504e-06
47 -1.244692550003826e-06
48 -1.1334848215769113e-06
49 -1.2609742720571603e-06
50 -1.2070219205641806e-06
51 -1.1180370047055794e-06
52 -1.1605832455052465e-06
53 -1.2338356544823701e-06
54 -1.1843610115968022e-06
55 -1.1614399605333787e-06
56 -1.3156563025544481e-06
57 -1.1805974453371067e-06
58 -1.2639027253451307e-06
59 -1.215522603522293e-06
60 -1.2396608143496305e-06
61 -1.2634239525502086e-06
62 -1.11209483879584e-06
63 -1.1993766754141393e-06
64 -1.2868023518397998e-06
65 -1.2907507854083106e-06
66 -1.2221217568764522e-06
67 -1.181467168612068e-06
68 -1.2631365575377551e-06
69 -1.1916815033987387e-06
70 -1.1914376295541746e-06
71 -1.3089566337883744e-06
72 -1.1795456486341574e-06
73 -1.201462661490873e-06
74 -1.1873240540395688e-06
75 -1.239634427857546e-06
76 -1.1884202623393196e-06
77 -1.1801597637669769e-06
78 -1.3050900691855787e-06
79 -1.2227386516102371e-06
80 -1.2178477119487768e-06
81 -1.2326429728369694e-06
82 -1.1633392221007026e-06
83 -1.142894829816937e-06
84 -1.2941655150683896e-06
85 -1.2899155713449937e-06
86 -1.1840250360302221e-06
87 -1.156177399435933e-06
88 -1.2558264965225406e-06
89 -1.2393196399478143e-06
90 -1.2100187582687967e-06
91 -1.2195161746718362e-06
92 -1.195039640035195e-06
93 -1.1032644161922036e-06
94 -1.1654861275966541e-06
95 -1.2338010176800098e-06
96 -1.2713886806127075e-06
97 -1.1352425808692845e-06
98 -1.2382097326935542e-06
99 -1.2358825886740212e-06
100 -1.2592176178605857e-06
101 -1.2297615101602995e-06
102 -1.2060471491523258e-06
103 -1.1516907481859818e-06
104 -1.194288336779829e-06
105 -1.1654384013981247e-06
106 -1.16691165003173e-06
107 -1.1493976003389586e-06
108 -1.1954140241162848e-06
109 -1.1852328812562356e-06
110 -1.2202458299688112e-06
111 -1.1331698251404234e-06
112 -1.1320601139540416e-06
113 -1.180322332881281e-06
114 -1.1683513558481548e-06
115 -1.2199221966199504e-06
116 -1.2214930334354574e-06
117 -1.204520157226772e-06
118 -1.2286657744667337e-06
119 -1.1472715236338635e-06
120 -1.2734772217462615e-06
121 -1.1056764870634872e-06
122 -1.2709731357591923e-06
123 -1.1804140117977113e-06
124 -1.2222372728237965e-06
125 -1.2162090387775702e-06
126 -1.1684181110617015e-06
127 -1.2257964509722494e-06
128 -1.137585360877307e-06
129 -1.1012624340265808e-06
130 -1.2260655667690638e-06
131 -1.188149853274543e-06
132 -1.1640852693590027e-06
133 -1.285227627200419e-06
134 -1.197082326356876e-06
135 -1.1951092350262533e-06
136 -1.1552004365187897e-06
137 -1.1995174569304548e-06
138 -1.1861694416394885e-06
139 -1.228169002388994e-06
140 -1.1951986869679792e-06
141 -1.116817456465126e-06
142 -1.1816710058422104e-06
143 -1.171225398850488e-06
144 -1.2168111600121293e-06
145 -1.2309545067796308e-06
146 -1.146958802586735e-06
147 -1.1580101174780842e-06
148 -1.2640502376964617e-06
149 -1.2037199389707778e-06
150 -1.139586440544635e-06
151 -1.2468979945725555e-06
152 -1.2034434877086698e-06
153 -1.17420665139938e-06
154 -1.1855467446155205e-06
155 -1.1575441031929132e-06
156 -1.2173101705372142e-06
157 -1.2764578347250303e-06
158 -1.2501872608524348e-06
159 -1.1675396995264366e-06
160 -1.1533012885844752e-06
161 -1.1846216316742023e-06
162 -1.250208335860857e-06
163 -1.1967287740619728e-06
164 -1.236123802761844e-06
165 -1.2885784368464472e-06
166 -1.2604891766782864e-06
167 -1.29028097846114e-06
168 -1.1289481767669068e-06
169 -1.2278618507542255e-06
170 -1.1358973761923095e-06
171 -1.1559761235534296e-06
172 -1.1305145485152506e-06
173 -1.2087787956473257e-06
174 -1.2233604791809941e-06
175 -1.2869051080683609e-06
176 -1.1851361669026053e-06
177 -1.174588336333695e-06
178 -1.1030456720021287e-06
179 -1.2796171575522099e-06
180 -1.259432356384415e-06
181 -1.2721900600487546e-06
182 -1.199013690823498e-06
183 -1.2233644893154838e-06
184 -1.1378104579729656e-06
185 -1.1187860362225432e-06
186 -1.1504403260416653e-06
187 -1.1809904679691779e-06
188 -1.196077193754898e-06
189 -1.2742434087488702e-06
190 -1.216534261293425e-06
191 -1.1901027111489127e-06
192 -1.2693024737962214e-06
193 -1.2116993254212233e-06
194 -1.2085864023706885e-06
195 -1.2504302757482407e-06
196 -1.2259046984088068e-06
197 -1.2903940246050315e-06
198 -1.278370536605309e-06
199 -1.2901621830185893e-06
200 -1.2258250478187574e-06
201 -1.1819425441831277e-06
202 -1.2579628083695713e-06
203 -1.2206245765844284e-06
204 -1.2133848588292989e-06
205 -1.2930260610230996e-06
206 -1.256050957220914e-06
207 -1.2239574072859852e-06
208 -1.2202520389685907e-06
209 -1.233250016901537e-06
210 -1.3102140143463515e-06
211 -1.2579359564185195e-06
212 -1.2639070027601488e-06
213 -1.2625057879804795e-06
214 -1.2061494943509191e-06
215 -1.2762696033724278e-06
216 -1.1636967176201582e-06
217 -1.2225412973206269e-06
218 -1.1187669390252183e-06
219 -1.2127090880329843e-06
220 -1.237248519810237e-06
221 -1.1981878953109797e-06
222 -1.1744098995355831e-06
223 -1.2545813646291034e-06
224 -1.2296031369178606e-06
225 -1.210873620919651e-06
226 -1.2836111290360217e-06
227 -1.2355518124230997e-06
228 -1.2865267762906806e-06
229 -1.279623957542945e-06
230 -1.100690764969303e-06
231 -1.1553655710313554e-06
232 -1.1779204133276783e-06
233 -1.1649734779271185e-06
234 -1.2667428477066785e-06
235 -1.2666724566832368e-06
236 -1.2147132936431435e-06
237 -1.1699275782759075e-06
238 -1.176349348791202e-06
239 -1.1727222870885616e-06
240 -1.2124010341260048e-06
241 -1.253460322898663e-06
242 -1.2539620499698962e-06
243 -1.2076105045915361e-06
244 -1.1461996938486688e-06
245 -1.1868488908319474e-06
246 -1.196746940046239e-06
247 -1.254634324765301e-06
248 -1.2112434180008977e-06
249 -1.2280614672951893e-06
250 -1.2077925780818256e-06
251 -1.2256875981560653e-06
252 -1.1682855661382693e-06
253 -1.2838468004650484e-06
254 -1.2141698984079307e-06
255 -1.2760081753888462e-06
256 -1.2147876617001043e-06
257 -1.2647390968525089e-06
258 -1.3241519647257607e-06
259 -1.1672407436914208e-06
260 -1.1835294075680066e-06
261 -1.2351433383778922e-06
262 -1.2198066384165862e-06
263 -1.1906091632413023e-06
264 -1.1696101932757882e-06
265 -1.2139526651262114e-06
266 -1.2527020863480313e-06
267 -1.2029346134047276e-06
268 -1.210067731778126e-06
269 -1.303036189155725e-06
270 -1.2538107729006826e-06
271 -1.1983640769192126e-06
272 -1.1173691488943766e-06
273 -1.1631168967153238e-06
274 -1.2308207107234708e-06
275 -1.233899764618274e-06
276 -1.1813719061556791e-06
277 -1.2141345600919534e-06
278 -1.3193393433240434e-06
279 -1.2463015872019155e-06
280 -1.1557011201677968e-06
281 -1.2102371778891853e-06
282 -1.1712033001986491e-06
283 -1.1781151709336725e-06
284 -1.2816724421775592e-06
285 -1.2138373919991329e-06
286 -1.225498811137671e-06
287 -1.2684005850453363e-06
288 -1.2092913296255167e-06
289 -1.169294376992192e-06
290 -1.2284083389963413e-06
291 -1.1643901356392646e-06
292 -1.2027532431415695e-06
293 -1.0896497945052074e-06
294 -1.1660044862329566e-06
295 -1.088974940583716e-06
296 -1.272412825977025e-06
297 -1.1990925227033644e-06
298 -1.140407555939724e-06
299 -1.2860376560575176e-06
