0 -6.102633112781247e-08
1 -5.328169736872502e-08
2 -5.426466465949006e-08
3 -5.6081049044158207e-08
4 -4.241788742334504e-08
5 -5.319418858122157e-08
6 -5.398354329396774e-08
7 -6.013713068685883e-08
8 -5.397067185718834e-08
9 -5.5947870560051135e-08
10 -5.552890414872309e-08
11 -5.196490396472174e-08
12 -5.732477629164282e-08
13 -5.448826715728464e-08
14 -5.6108265254437134e-08
15 -4.8561508498079424e-08
16 -4.943453098544366e-08
17 -5.239654238623448e-08
18 -5.3332430076239836e-08
19 -4.9640807329211547e-08
20 -5.13998639799859e-08
21 -5.689866305096894e-08
22 -5.6834656552691786e-08
23 -5.720113335301969e-08
24 -5.9336769546810516e-08
25 -5.82718035835211e-08
26 -6.111980111159533e-08
27 -5.513146532715445e-08
28 -6.197494736608698e-08
29 -4.8000235867629346e-08
30 -4.90343559421898e-08
31 -5.9164674793751646e-08
32 -5.1209018717541506e-08
33 -5.8331211909984786e-08
34 -6.89183889349708e-08
35 -5.2701476560048136e-08
36 -6.263880038353625e-08
37 -6.036428981419408e-08
38 -5.751025214328844e-08
39 -6.111538093568985e-08
40 -5.540712506419591e-08
41 -5.703905729327286e-08
42 -6.065439027011909e-08
43 -6.006767250244508e-08
44 -5.6591249397579336e-08
45 -5.2579553928394106e-08
46 -5.5518361832314744e-08
47 -5.421415971158099e-08
48 -7.251202395810436e-08
49 -4.8268028811501505e-08
50 -5.902757810237463e-08
51 -5.496147333011103e-08
52 -5.2663550275041646e-08
53 -5.4919640897190694e-08
54 -5.1758109075380093e-08
55 -6.152533612414082e-08
56 -5.3510401362391426e-08
57 -5.955958976589787e-08
58 -5.351580760034724e-08
59 -5.242564956330206e-08
60 -5.48469362317111e-08
61 -5.8038387228492254e-08
62 -6.113208340088883e-08
63 -6.02587835801139e-08
64 -5.24051622817072e-08
65 -5.98683768509913e-08
66 -5.444779707147236e-08
67 -5.962822909410872e-08
68 -5.9233102790923524e-08
69 -5.531169962847261e-08
70 -5.259617539855941e-08
71 -4.2804292623844905e-08
72 -5.4295531905207664e-08
73 -5.130860534876382e-08
74 -5.550853940306905e-08
75 -5.4976325724094985e-08
76 -5.622851767301813e-08
77 -5.7290961516205176e-08
78 -4.6351564335379893e-08
79 -4.973780743158205e-08
80 -5.474965568835702e-08
81 -5.501921698667828e-08
82 -6.446081124237238e-08
83 -5.4408410586281575e-08
84 -4.8556698181633827e-08
85 -5.998835148901284e-08
86 -5.0916082924571426e-08
87 -5.2441584640459916e-08
88 -5.194386981946003e-08
89 -5.307365466440311e-08
90 -5.8680530013194256e-08
91 -5.0866556318453636e-08
92 -5.760738590849836e-08
93 -6.148016114965958e-08
94 -6.615363095493664e-08
95 -5.762198287144887e-08
96 -5.166836407148022e-08
97 -5.274359311757299e-08
98 -5.4602930031391193e-08
99 -5.555805272243552e-08
100 -5.537389895344086e-08
101 -5.5571484941754925e-08
102 -5.4159038155031376e-08
103 -6.050525291043416e-08
104 -5.3067568619527386e-08
105 -5.691474681926399e-08
106 -6.433356730991716e-08
107 -5.886398815987004e-08
108 -5.2195198163890455e-08
109 -5.8143721331319804e-08
110 -5.7973182961326866e-08
111 -5.7078713932813544e-08
112 -5.981512491639124e-08
113 -5.3192440749148436e-08
114 -5.5383916204601935e-08
115 -5.20112926211846e-08
116 -6.19976429893474e-08
117 -5.8976429542423573e-08
118 -5.823041230576538e-08
119 -6.298310012322848e-08
120 -4.7940930485305525e-08
121 -6.04383604057416e-08
122 -5.339863676359775e-08
123 -5.6552547409271174e-08
124 -4.749816840920312e-08
125 -4.8288944816139265e-08
126 -5.7121807352600554e-08
127 -5.563718701990162e-08
128 -6.195062369995812e-08
129 -5.987786798302349e-08
130 -5.3052518685854996e-08
131 -5.414318192692769e-08
132 -6.087857336944087e-08
133 -5.794166867759409e-08
134 -5.710798222693337e-08
135 -5.0920879448248996e-08
136 -5.339234172713133e-08
137 -5.3727003935398164e-08
138 -6.087910355729835e-08
139 -5.4123425034079644e-08
140 -5.681306756606114e-08
141 -6.371855569628566e-08
142 -5.282444853229238e-08
143 -5.690685438573607e-08
144 -5.560096173533956e-08
145 -5.611178964634903e-08
146 -4.851307518541711e-08
147 -6.0743692994193e-08
148 -5.259659764521367e-08
149 -5.493940836075064e-08
150 -5.858149255504415e-08
151 -5.8122753688057186e-08
152 -6.242725391134756e-08
153 -5.7303469558264e-08
154 -6.066804316063221e-08
155 -5.8643769308744986e-08
156 -5.545306432321018e-08
157 -4.987849412511653e-08
158 -5.2732306091612056e-08
159 -5.8699685954567736e-08
160 -5.774518760935656e-08
161 -5.2109534715819906e-08
162 -5.096127977387267e-08
163 -5.803112783684699e-08
164 -6.146358317990094e-08
165 -5.518162241649979e-08
166 -4.961003958569575e-08
167 -4.6262635527062163e-08
168 -6.287998614328237e-08
169 -5.596556792476044e-08
170 -5.666326104362765e-08
171 -5.7933994998318914e-08
172 -6.286555245496473e-08
173 -5.527882425017153e-08
174 -5.9325271635141396e-08
175 -5.2938218830664026e-08
176 -6.138054635118152e-08
177 -6.094118042521016e-08
178 -6.308838263856382e-08
179 -5.2401555311244145e-08
180 -5.361510673411346e-08
181 -4.895314873685125e-08
182 -5.318161771205263e-08
183 -5.9405303471130554e-08
184 -5.374204394677462e-08
185 -5.3811440274656355e-08
186 -5.855804619475261e-08
187 -5.2419858097524935e-08
188 -5.4718300346670075e-08
189 -5.414711714933329e-08
190 -5.309527575597805e-08
191 -5.7537412921261925e-08
192 -5.048232862040072e-08
193 -5.734112305792444e-08
194 -5.730809439829286e-08
195 -5.336600132739966e-08
196 -5.6801219896250485e-08
197 -5.17416647493184e-08
198 -5.678180704239081e-08
199 -5.23778459316184e-08
200 -5.881016438954872e-08
201 -4.948269394330538e-08
202 -4.691065033464713e-08
203 -5.6629229787826754e-08
204 -5.322152687036881e-08
205 -5.275762764550172e-08
206 -5.482537318760499e-08
207 -6.12566823411822e-08
208 -5.2463732794398505e-08
209 -5.353037676645318e-08
210 -5.4205089035280166e-08
211 -5.460645088766537e-08
212 -5.063511254367043e-08
213 -5.073019191414657e-08
214 -4.969437064101983e-08
215 -5.004910142842272e-08
216 -4.9647983765327104e-08
217 -5.241648276875012e-08
218 -6.16693039569905e-08
219 -4.927360706434338e-08
220 -4.659046074995307e-08
221 -5.957056112445055e-08
222 -5.636153765593889e-08
223 -5.346843376254728e-08
224 -5.878092960826392e-08
225 -5.83947466721155e-08
226 -5.181949240370959e-08
227 -5.821661059053076e-08
228 -5.38863459597001e-08
229 -4.7205508400409826e-08
230 -5.8436092725653196e-08
231 -5.8448591572924153e-08
232 -5.463361410724179e-08
233 -5.793559657638867e-08
234 -5.3856322806680694e-08
235 -4.787265297572997e-08
236 -5.1746331284878053e-08
237 -5.744415058417062e-08
238 -5.752224149022834e-08
239 -5.397477462682763e-08
240 -5.9717042337134e-08
241 -5.287844123285152e-08
242 -5.050527617282565e-08
243 -5.795643114832659e-08
244 -5.202264427141525e-08
245 -6.003266081442605e-08
246 -5.590511236889482e-08
247 -5.625435507643343e-08
248 -5.454116539315421e-08
249 -5.725818034691552e-08
250 -6.767297319871845e-08
251 -4.819714907309745e-08
252 -5.698130136674698e-08
253 -5.105658945842053e-08
254 -5.5420582766255494e-08
255 -5.0293599430148386e-08
256 -5.36441515247531e-08
257 -5.57398805017161e-08
258 -4.249459594764549e-08
259 -5.175482936776804e-08
260 -5.008621166151048e-08
261 -5.708802675573578e-08
262 -5.0868036012163414e-08
263 -5.456292533823114e-08
264 -5.4805134789831604e-08
265 -5.806779515674092e-08
266 -4.673029502782678e-08
267 -5.8474662040641134e-08
268 -5.640865827382437e-08
269 -5.1895877596370964e-08
270 -5.1636192452767296e-08
271 -5.349219474824655e-08
272 -6.071525905506304e-08
273 -5.4593940799332273e-08
274 -5.281797337919631e-08
275 -5.3663210817898584e-08
276 -5.831887871615706e-08
277 -6.036259465668081e-08
278 -4.978011762620556e-08
279 -5.356151653831672e-08
280 -6.147134866535936e-08
281 -5.370921512145542e-08
282 -5.5434064410843364e-08
283 -5.4975283764631255e-08
284 -5.424180177474594e-08
285 -5.426974841081635e-08
286 -4.904655873232553e-08
287 -5.818554807961851e-08
288 -5.2897740832975104e-08
289 -5.536220980555806e-08
290 -4.42462346948268e-08
291 -5.6778016226445635e-08
292 -5.6507560984371065e-08
293 -5.971594501073605e-08
294 -6.361467684741311e-08
295 -5.729605123495932e-08
296 -4.622672818871492e-08
297 -6.014787257650743e-08
298 -6.462786897563384e-08
299 -5.6751225715535574e-08
