0 5.569622643440733e-06
1 5.592104361326073e-06
2 5.616937554599764e-06
3 5.543716321408197e-06
4 5.582055605262896e-06
5 5.62007736660507e-06
6 5.5879214798517145e-06
7 5.5329499222468885e-06
8 5.529279906940901e-06
9 5.5951280368323755e-06
10 5.667882467416504e-06
11 5.596849243251824e-06
12 5.5628890023874975e-06
13 5.591004279596867e-06
14 5.614789438509999e-06
15 5.571420542648435e-06
16 5.6526614163017105e-06
17 5.54826434235449e-06
18 5.602335451181929e-06
19 5.637209845542157e-06
20 5.521273022924733e-06
21 5.528836742525509e-06
22 5.5335729889845035e-06
23 5.5341622333813825e-06
24 5.612844393760006e-06
25 5.588148298510465e-06
26 5.506630400129935e-06
27 5.608397820921165e-06
28 5.612918389691584e-06
29 5.604798269426324e-06
30 5.492756727078496e-06
31 5.630175491756447e-06
32 5.5367735084644766e-06
33 5.5005954632513025e-06
34 5.6408608237514e-06
35 5.623987694697141e-06
36 5.611573519694488e-06
37 5.6224234060637e-06
38 5.543331027325087e-06
39 5.647868631188113e-06
40 5.594384197498112e-06
41 5.5733292110655695e-06
42 5.573464304897457e-06
43 5.626234498278148e-06
44 5.5183942583304535e-06
45 5.636344016771938e-06
46 5.57629622544218e-06
47 5.541605684344397e-06
48 5.564350301897219e-06
49 5.600118295748563e-06
50 5.593132121700001e-06
51 5.5471804708720735e-06
52 5.5740276502819794e-06
53 5.579429113784956e-06
54 5.599286684912916e-06
55 5.586640916209002e-06
56 5.543754962441249e-06
57 5.5922518847550945e-06
58 5.569945381731284e-06
59 5.6019614012944295e-06
60 5.5698248786953466e-06
61 5.588226337136159e-06
62 5.585941190209437e-06
63 5.680862183808298e-06
64 5.528783799835118e-06
65 5.544709650877278e-06
66 5.609601938307216e-06
67 5.585112601708056e-06
68 5.48914369338234e-06
69 5.6370432418147636e-06
70 5.5518804967611e-06
71 5.6137331251779116e-06
72 5.622342929738419e-06
73 5.600925324214295e-06
74 5.581938908997088e-06
75 5.6046363977234605e-06
76 5.5130831165976e-06
77 5.643712118954585e-06
78 5.5749800978816e-06
79 5.604808061426562e-06
80 5.604445998591951e-06
81 5.515393395137135e-06
82 5.599471477367998e-06
83 5.610827233502863e-06
84 5.643004874623542e-06
85 5.601600688821443e-06
86 5.52161415934717e-06
87 5.660157182929167e-06
88 5.554997130780381e-06
89 5.597705619358981e-06
90 5.564548646726038e-06
91 5.5955552563267825e-06
92 5.615899326902538e-06
93 5.615261035844901e-06
94 5.558185085034962e-06
95 5.593389617775556e-06
96 5.543364651300994e-06
97 5.61664253970922e-06
98 5.557419915645551e-06
99 5.579038252375684e-06
100 5.612016265838735e-06
101 5.623575626949886e-06
102 5.5451203578302334e-06
103 5.5560885312144536e-06
104 5.623151129538575e-06
105 5.655411743736054e-06
106 5.608302939541892e-06
107 5.572880739504865e-06
108 5.571106165432015e-06
109 5.5433106370289985e-06
110 5.603715858713697e-06
111 5.583666353842408e-06
112 5.5751013368482645e-06
113 5.636714409955424e-06
114 5.629159289555499e-06
115 5.4954786147734155e-06
116 5.608349479388642e-06
117 5.573328932298359e-06
118 5.582663666832885e-06
119 5.616647598984647e-06
120 5.627877430194022e-06
121 5.6121983812555475e-06
122 5.555337119380091e-06
123 5.60752935516389e-06
124 5.5394505088279e-06
125 5.571155204336339e-06
126 5.611513046984205e-06
127 5.632680170026834e-06
128 5.596711840980817e-06
129 5.670514735031564e-06
130 5.583881151024254e-06
131 5.558487707179672e-06
132 5.5050506173176635e-06
133 5.5868668998562064e-06
134 5.529311898759463e-06
135 5.564646370273964e-06
136 5.57938189914968e-06
137 5.569924200213912e-06
138 5.558459504102665e-06
139 5.574474111331697e-06
140 5.5501607384872865e-06
141 5.586798323881647e-06
142 5.5591636685142015e-06
143 5.637350122318792e-06
144 5.601846730860696e-06
145 5.579913776471394e-06
146 5.636315090015191e-06
147 5.568252691991013e-06
148 5.54670202533033e-06
149 5.565785438918195e-06
150 5.629992309921133e-06
151 5.557056019772415e-06
152 5.6105158492213866e-06
153 5.570575714288671e-06
154 5.616517466909876e-06
155 5.58580053905959e-06
156 5.591185152139442e-06
157 5.602426603516368e-06
158 5.565023996290823e-06
159 5.656307875547325e-06
160 5.645842113936692e-06
161 5.54647486974776e-06
162 5.592839097069912e-06
163 5.636298033519907e-06
164 5.630472795770212e-06
165 5.604530064580092e-06
166 5.5558115373724515e-06
167 5.5482635105925985e-06
168 5.528506126895375e-06
169 5.5949615404274285e-06
170 5.613796132460887e-06
171 5.622250928702299e-06
172 5.6255391319734e-06
173 5.587264008713255e-06
174 5.6132617553837055e-06
175 5.589898727109884e-06
176 5.639551682409491e-06
177 5.6033645518034745e-06
178 5.595191308621106e-06
179 5.564464009601977e-06
180 5.5843029114084724e-06
181 5.593741409802971e-06
182 5.580680892663192e-06
183 5.575298766585482e-06
184 5.6015263295659e-06
185 5.553033168433826e-06
186 5.626232241884518e-06
187 5.561404927983223e-06
188 5.5588097042633126e-06
189 5.524206402500324e-06
190 5.571698073623541e-06
191 5.573268098482909e-06
192 5.579578606516421e-06
193 5.495471074982244e-06
194 5.518459246174653e-06
195 5.594209779835265e-06
196 5.527787559172541e-06
197 5.490276833891582e-06
198 5.568123533710807e-06
199 5.66047960246782e-06
200 5.572548877120303e-06
201 5.591935483032072e-06
202 5.6332366012138485e-06
203 5.561745073898104e-06
204 5.589070788499939e-06
205 5.527905765878768e-06
206 5.583499111164988e-06
207 5.563666118549058e-06
208 5.598295609119319e-06
209 5.641081852314379e-06
210 5.548959741030737e-06
211 5.625675995304333e-06
212 5.582003106521449e-06
213 5.583808444215023e-06
214 5.565604292784364e-06
215 5.593981128103731e-06
216 5.640630571464358e-06
217 5.60456392983524e-06
218 5.648001948986537e-06
219 5.6258131919556375e-06
220 5.574799623633308e-06
221 5.529072209134925e-06
222 5.689585958843132e-06
223 5.647143291030397e-06
224 5.56576180353384e-06
225 5.489584274250953e-06
226 5.614497920506948e-06
227 5.63128649189772e-06
228 5.597296592043338e-06
229 5.52936010459389e-06
230 5.621653263204508e-06
231 5.56133054600444e-06
232 5.598252075649042e-06
233 5.617666366573804e-06
234 5.609848818981704e-06
235 5.575180045502085e-06
236 5.571853135970592e-06
237 5.633740590325098e-06
238 5.539036597898405e-06
239 5.567624591360987e-06
240 5.558236385020635e-06
241 5.5903931441595924e-06
242 5.616951631655019e-06
243 5.602500157764193e-06
244 5.602720288338536e-06
245 5.625650525140162e-06
246 5.601639691453528e-06
247 5.626892729040485e-06
248 5.611214912657039e-06
249 5.519388276670697e-06
250 5.541571846950767e-06
251 5.572509908389836e-06
252 5.568795532749392e-06
253 5.525874156061994e-06
254 5.6069478899869425e-06
255 5.567135488477306e-06
256 5.58778606917291e-06
257 5.582556920907049e-06
258 5.584372092691761e-06
259 5.613141531958272e-06
260 5.607767557991278e-06
261 5.602731973565141e-06
262 5.569589074875158e-06
263 5.563003000489583e-06
264 5.5070834994000136e-06
265 5.661385125897573e-06
266 5.530561627214331e-06
267 5.598331713137331e-06
268 5.656220768453597e-06
269 5.587295422858412e-06
270 5.578134858671468e-06
271 5.536657853738727e-06
272 5.653122223843696e-06
273 5.60564551603773e-06
274 5.616372497131819e-06
275 5.564533190240134e-06
276 5.610934274356774e-06
277 5.567395295412681e-06
278 5.590146977434601e-06
279 5.5340808249429704e-06
280 5.635384988779546e-06
281 5.5553105491743245e-06
282 5.541838844675777e-06
283 5.557778694236457e-06
284 5.652168511329042e-06
285 5.636755093761886e-06
286 5.610316970303882e-06
287 5.522357015467508e-06
288 5.570413084974685e-06
289 5.580210222104736e-06
290 5.596748755548036e-06
291 5.599663348874852e-06
292 5.659730563956979e-06
293 5.591783512745511e-06
294 5.641060891849984e-06
295 5.614819658747609e-06
296 5.569265615834398e-06
297 5.634097315706081e-06
298 5.664802848928317e-06
299 5.563433570007228e-06
