0 3.788525289406021e-08
1 4.181215555553455e-08
2 4.2015872185265716e-08
3 4.0347150198170166e-08
4 4.661520834259286e-08
5 4.1379032147327676e-08
6 4.1671959854578185e-08
7 4.056780047922123e-08
8 4.300306364685288e-08
9 4.00071355758588e-08
10 3.986113446897539e-08
11 4.2420724687066154e-08
12 4.092051970343122e-08
13 3.947468891537044e-08
14 4.0261814333414205e-08
15 4.4888196261371274e-08
16 4.522171037610995e-08
17 4.495800516293059e-08
18 4.54377936547103e-08
19 4.6567016535185586e-08
20 4.182714241481108e-08
21 4.097257087455535e-08
22 4.303728254328776e-08
23 4.4342949521845043e-08
24 4.134790696983926e-08
25 4.125755816713917e-08
26 3.9359560494464776e-08
27 4.201061939628452e-08
28 4.041928904339958e-08
29 4.674292263557038e-08
30 4.5324355164089837e-08
31 3.701879759271654e-08
32 4.6496653851817586e-08
33 4.1518913960223004e-08
34 3.4529570708383574e-08
35 4.38124934063819e-08
36 3.8457973991963534e-08
37 4.00598557085451e-08
38 4.1475678384464586e-08
39 3.7732290923672e-08
40 4.167275435381611e-08
41 4.4103416559246656e-08
42 4.08774744104563e-08
43 4.208099247116179e-08
44 4.0342685946908384e-08
45 4.1953614382868735e-08
46 4.1045753998678897e-08
47 4.237027448473015e-08
48 3.371123833525146e-08
49 4.62130080929816e-08
50 4.175122261782483e-08
51 3.92421435909712e-08
52 4.5587934740291526e-08
53 3.8303512419921725e-08
54 4.6649012066069463e-08
55 3.779845119648905e-08
56 4.7511914618574034e-08
57 3.854591171480591e-08
58 4.423017761911911e-08
59 4.432848934382015e-08
60 4.445546595629575e-08
61 4.248813838937241e-08
62 4.0838047921386416e-08
63 3.683697716173728e-08
64 4.702373260666323e-08
65 4.335507971241821e-08
66 3.967116913506136e-08
67 3.6556654409227e-08
68 3.565458822386697e-08
69 3.768293047719876e-08
70 4.2419855054867415e-08
71 4.823184097077186e-08
72 4.405419166373579e-08
73 4.2116910815304255e-08
74 4.524587521256505e-08
75 4.5319976895787175e-08
76 4.288826742307074e-08
77 4.036588905183968e-08
78 4.3764340891570955e-08
79 4.383912515869472e-08
80 3.664855567262158e-08
81 4.2340766631940855e-08
82 4.081466484760415e-08
83 4.0682858250321095e-08
84 4.793203618074844e-08
85 4.095191358792721e-08
86 5.069062381099664e-08
87 4.101326628642443e-08
88 4.579578803624347e-08
89 4.46906713891638e-08
90 4.508957194946522e-08
91 4.567695830305793e-08
92 4.5989386349405405e-08
93 3.911282542049593e-08
94 3.376624038183138e-08
95 4.182368980189768e-08
96 4.106890550931126e-08
97 4.569306291749893e-08
98 3.869055708412072e-08
99 4.0369148542586274e-08
100 4.151359356081627e-08
101 4.450645842538439e-08
102 3.7899724287632206e-08
103 3.7014157595517e-08
104 4.2394868747140725e-08
105 3.992362556095176e-08
106 3.424184478143265e-08
107 4.055630198345459e-08
108 4.5638964519621366e-08
109 4.0400444584349535e-08
110 4.189610247237337e-08
111 3.8301717870094134e-08
112 3.846281185533938e-08
113 4.364347548988232e-08
114 3.825382640183637e-08
115 4.495011358293749e-08
116 4.0965437726259496e-08
117 4.095396557874794e-08
118 4.384268306134474e-08
119 3.7432465112104314e-08
120 4.429296496956222e-08
121 4.309999742559314e-08
122 4.565392555653135e-08
123 4.308569242058697e-08
124 4.779791003489569e-08
125 4.38796882869582e-08
126 4.330082570166498e-08
127 3.925757424027408e-08
128 4.0438147294734774e-08
129 3.688349565891262e-08
130 4.256347210049316e-08
131 4.451732919811643e-08
132 3.891565994657606e-08
133 3.829045256065057e-08
134 4.218922592475013e-08
135 4.2485163481977154e-08
136 4.2756716369209346e-08
137 4.136666617208987e-08
138 3.925504695090144e-08
139 4.3901272923423644e-08
140 4.309858098634844e-08
141 3.8800819673923325e-08
142 4.2421296030855843e-08
143 3.7063786610813635e-08
144 4.387545577367321e-08
145 4.435217357439946e-08
146 4.6975777329840474e-08
147 3.7099007778896796e-08
148 4.138124668481834e-08
149 4.552449784505022e-08
150 4.572153409475286e-08
151 3.800158219524618e-08
152 3.819774233745407e-08
153 4.053895845042011e-08
154 3.7429486609101664e-08
155 3.925337395701805e-08
156 3.963977284837711e-08
157 4.424351025291826e-08
158 4.210354666196901e-08
159 3.897934965347593e-08
160 4.239311842993153e-08
161 4.660862957614497e-08
162 4.522469655694524e-08
163 4.178121385622293e-08
164 3.9568467663928135e-08
165 4.171061336045652e-08
166 4.456416523505278e-08
167 4.686266105998827e-08
168 3.4014371491060865e-08
169 4.095213320972983e-08
170 4.1496739535114134e-08
171 4.0084747579599414e-08
172 3.759295209975991e-08
173 4.163864801977674e-08
174 3.688509096971467e-08
175 4.211119355919867e-08
176 3.928592204943203e-08
177 3.438214736268923e-08
178 3.8615953875538175e-08
179 4.30700069020115e-08
180 4.328440372850749e-08
181 4.501105682206108e-08
182 4.2142558418333076e-08
183 4.102147298985632e-08
184 4.1138433470875915e-08
185 4.4415893047941987e-08
186 4.0292197398414256e-08
187 4.593521368680434e-08
188 4.35841334931289e-08
189 3.7666618169127624e-08
190 4.490692171509342e-08
191 4.3806335694651256e-08
192 4.5429487637168136e-08
193 4.360297948085086e-08
194 4.247449331752241e-08
195 4.4952068233523946e-08
196 4.101300665471897e-08
197 4.402516244780935e-08
198 4.4644780643577344e-08
199 4.404014935342352e-08
200 3.7652814586810887e-08
201 4.620389998012159e-08
202 4.711638726205556e-08
203 3.817793749662182e-08
204 4.061051753693095e-08
205 4.449112024724797e-08
206 4.229330600717679e-08
207 3.85456966038928e-08
208 4.023336746021032e-08
209 4.392381671166118e-08
210 4.545450704146465e-08
211 4.159134310769115e-08
212 4.457493356123892e-08
213 4.3091228932333776e-08
214 4.8503708251395244e-08
215 4.594651567782839e-08
216 4.351757914222467e-08
217 4.35976524241624e-08
218 4.216394698023762e-08
219 4.426808940173677e-08
220 4.503627150549715e-08
221 4.013281127015825e-08
222 4.268434841772657e-08
223 3.9818162157567066e-08
224 4.091156557486172e-08
225 3.938574385890067e-08
226 4.4347936642276696e-08
227 4.1689740020056266e-08
228 4.3123804724308646e-08
229 4.817867693752777e-08
230 3.796839533183336e-08
231 4.184168276381379e-08
232 4.04297699858095e-08
233 4.26570202950775e-08
234 4.471884948891396e-08
235 4.95987128546853e-08
236 4.563790005587507e-08
237 4.423010309277858e-08
238 4.156523432849112e-08
239 4.100645895944129e-08
240 3.696331909007618e-08
241 4.371352271891227e-08
242 4.3146313908736596e-08
243 4.201149569044217e-08
244 4.0998429484084744e-08
245 4.023135695113623e-08
246 4.26650873320922e-08
247 4.251247113933142e-08
248 4.479969585079213e-08
249 4.570926359909675e-08
250 3.9794814697576816e-08
251 4.637988202118512e-08
252 4.171727518984053e-08
253 4.6939956112429874e-08
254 4.358632444273297e-08
255 4.601272970777742e-08
256 4.938167649410857e-08
257 4.219070119319173e-08
258 4.902609849408475e-08
259 4.501039633403865e-08
260 4.818317684611602e-08
261 3.8463878544262576e-08
262 4.2285784534312826e-08
263 4.287803099877644e-08
264 4.478551411702939e-08
265 3.833334378356507e-08
266 4.8695835841255916e-08
267 4.231543710404721e-08
268 4.2700391014427625e-08
269 4.5303037108628634e-08
270 4.0951146497984415e-08
271 4.741956685481296e-08
272 3.846710036470406e-08
273 4.5450973161138955e-08
274 4.156303160857281e-08
275 4.1922529247487406e-08
276 3.776917196823817e-08
277 3.9122808207450833e-08
278 4.422718883446615e-08
279 4.158093003057708e-08
280 3.979425538632042e-08
281 4.3226985954902314e-08
282 4.272703481531632e-08
283 4.3990372429481046e-08
284 4.216789401348316e-08
285 4.067490396737245e-08
286 4.222351195695574e-08
287 4.28041726551136e-08
288 4.267821024356734e-08
289 4.511463140980372e-08
290 5.2295726050674685e-08
291 4.055192497197859e-08
292 3.9961136057205826e-08
293 4.0176341897635954e-08
294 3.621380525957618e-08
295 3.966289035253821e-08
296 4.7856908539320985e-08
297 3.777001093774286e-08
298 3.74425012935243e-08
299 4.2486131543195055e-08
