0 -7.163967555364813e-07
1 -7.444595289673517e-07
2 -7.249749146013143e-07
3 -7.230190615252204e-07
4 -7.591894161344373e-07
5 -7.182138734311139e-07
6 -7.306305271096685e-07
7 -7.046418082740165e-07
8 -7.221041502759542e-07
9 -7.209663685732115e-07
10 -7.047497019425446e-07
11 -7.180608621472501e-07
12 -7.127850766047564e-07
13 -7.298813637761873e-07
14 -7.048486942795637e-07
15 -7.451972196705706e-07
16 -7.506571215687934e-07
17 -7.164382708940583e-07
18 -7.200149422963599e-07
19 -7.179859406321333e-07
20 -7.544488506400683e-07
21 -6.924966888932348e-07
22 -6.940521515028644e-07
23 -7.169467066138037e-07
24 -6.991158619285001e-07
25 -7.126739803707102e-07
26 -7.178540365272122e-07
27 -7.020232401448596e-07
28 -6.787428043893896e-07
29 -7.194547188403871e-07
30 -7.272997727668094e-07
31 -7.157919211785378e-07
32 -7.08311744966646e-07
33 -6.99984410347108e-07
34 -6.844308323769891e-07
35 -7.181841745885522e-07
36 -6.961783103991277e-07
37 -7.250685582678003e-07
38 -6.83868825052859e-07
39 -7.130540093386414e-07
40 -7.368830152684435e-07
41 -7.180932345859325e-07
42 -7.11958979169176e-07
43 -7.093179033595678e-07
44 -7.049481229476311e-07
45 -7.408908155741456e-07
46 -7.224397859702089e-07
47 -7.456193396623872e-07
48 -6.682904585966174e-07
49 -7.229593115105878e-07
50 -7.124245888014175e-07
51 -7.247833866097512e-07
52 -7.029161267783163e-07
53 -7.074125001584508e-07
54 -7.291792638625662e-07
55 -7.206071542421636e-07
56 -7.285200003481632e-07
57 -7.133741385523019e-07
58 -7.259451880473981e-07
59 -7.159357530477719e-07
60 -7.11156869494464e-07
61 -6.954635984002014e-07
62 -6.80505793255245e-07
63 -7.187413452795871e-07
64 -7.152443679518728e-07
65 -7.248101045962701e-07
66 -6.987576418512354e-07
67 -7.30062903403751e-07
68 -7.405713732012856e-07
69 -7.28507416542211e-07
70 -7.205309746878807e-07
71 -7.453938463989946e-07
72 -7.00575837897961e-07
73 -7.263471971788167e-07
74 -6.995821139490284e-07
75 -7.190863474617493e-07
76 -7.002909151873062e-07
77 -7.059895160876431e-07
78 -7.465323750639186e-07
79 -7.229856286529465e-07
80 -7.208335883068017e-07
81 -7.301402626009047e-07
82 -6.846898665476562e-07
83 -7.048279327598102e-07
84 -7.363688294593385e-07
85 -6.993879544118705e-07
86 -7.205121742616896e-07
87 -7.066148723975103e-07
88 -7.107372284165826e-07
89 -7.137498025201183e-07
90 -6.943925335783677e-07
91 -7.238559095066603e-07
92 -6.98258414483488e-07
93 -7.009718078822334e-07
94 -6.916511332355717e-07
95 -7.015803134179525e-07
96 -7.327616617489146e-07
97 -7.317664072373263e-07
98 -7.40874595634756e-07
99 -7.270837814113933e-07
100 -7.251278911012056e-07
101 -7.054593401746445e-07
102 -7.28239251128853e-07
103 -7.031385545679428e-07
104 -6.977549489915937e-07
105 -7.251208680970147e-07
106 -7.071720732508169e-07
107 -7.178727182107233e-07
108 -7.272349382376105e-07
109 -7.055475461886131e-07
110 -7.092278875601477e-07
111 -7.096457087267298e-07
112 -7.038470615189331e-07
113 -7.086302049122382e-07
114 -7.041775005895155e-07
115 -7.193075270818776e-07
116 -7.184783443889901e-07
117 -7.054761688377165e-07
118 -7.173597920981154e-07
119 -6.989047868456462e-07
120 -7.54080189741589e-07
121 -6.858134010070289e-07
122 -7.146317302520929e-07
123 -6.980689412422736e-07
124 -7.353839721261772e-07
125 -7.457961868093949e-07
126 -6.947094646067909e-07
127 -7.25512673766563e-07
128 -6.761036700497832e-07
129 -7.035903365817643e-07
130 -7.248358677728471e-07
131 -7.207629288843917e-07
132 -6.995510518642455e-07
133 -7.065687323013574e-07
134 -7.068000495746164e-07
135 -7.290128453751381e-07
136 -7.392738983247858e-07
137 -7.085207606903157e-07
138 -6.991387115848006e-07
139 -7.310199747682265e-07
140 -7.065881618710276e-07
141 -7.075337707762909e-07
142 -7.16420412472437e-07
143 -7.198364278463848e-07
144 -7.045208488810282e-07
145 -6.860347043917565e-07
146 -7.050249709042002e-07
147 -7.148987996908391e-07
148 -7.441608559674539e-07
149 -7.053959394594145e-07
150 -6.919932642052493e-07
151 -7.100949950019186e-07
152 -6.873643430648788e-07
153 -7.253922710167468e-07
154 -7.210739088609571e-07
155 -7.144764955902737e-07
156 -7.117328978414851e-07
157 -7.439956531474678e-07
158 -7.325865714623286e-07
159 -7.22266681653251e-07
160 -7.129008240725921e-07
161 -7.006598330952067e-07
162 -7.364461537596813e-07
163 -6.980752090971461e-07
164 -6.925484407514709e-07
165 -7.077028699763723e-07
166 -7.323296189350889e-07
167 -7.520746859489492e-07
168 -7.254957154848871e-07
169 -7.038349192295355e-07
170 -7.130854875435563e-07
171 -7.20859124218318e-07
172 -7.1197435963062e-07
173 -7.246001437855901e-07
174 -7.260907590234312e-07
175 -7.4082986977034e-07
176 -6.907346937676164e-07
177 -7.188962911956653e-07
178 -7.081544038359535e-07
179 -7.412449967589665e-07
180 -7.300447384986844e-07
181 -7.415894229359672e-07
182 -7.239923620729428e-07
183 -7.116270526652023e-07
184 -7.176414310859176e-07
185 -7.142991805848663e-07
186 -6.92334434945735e-07
187 -7.234843333104235e-07
188 -7.13985430023767e-07
189 -7.259886789848614e-07
190 -7.216771664751198e-07
191 -7.143089617410697e-07
192 -7.122790352681988e-07
193 -7.16165893797545e-07
194 -7.056776527941042e-07
195 -7.216152169823931e-07
196 -7.243837916470078e-07
197 -7.274250731997757e-07
198 -7.193685360795177e-07
199 -7.349777104761614e-07
200 -7.288825773850456e-07
201 -7.248147167089954e-07
202 -7.424091528414662e-07
203 -7.10914944577418e-07
204 -7.195994862642664e-07
205 -7.364671738753792e-07
206 -7.31394447608701e-07
207 -6.850558271523699e-07
208 -7.408826496491221e-07
209 -7.24420164346765e-07
210 -7.04782060221183e-07
211 -7.323348659489883e-07
212 -7.436144258262571e-07
213 -7.496726170980073e-07
214 -6.950706427103056e-07
215 -7.248388236172608e-07
216 -7.445611146578275e-07
217 -7.35150087368869e-07
218 -6.908399166065845e-07
219 -7.412437054703392e-07
220 -7.234886206599254e-07
221 -7.021846445061739e-07
222 -7.145668694343259e-07
223 -7.197281381624269e-07
224 -7.04194946154268e-07
225 -7.131881558436978e-07
226 -7.103190528806395e-07
227 -7.065680565933313e-07
228 -7.457691210997442e-07
229 -7.312463994314404e-07
230 -7.181356742382616e-07
231 -7.073929646866303e-07
232 -7.155194321060607e-07
233 -7.109582907104413e-07
234 -7.076119796836688e-07
235 -7.272826811571328e-07
236 -7.263426826648732e-07
237 -7.206732460445696e-07
238 -7.328322671462919e-07
239 -7.051258689600157e-07
240 -7.402346492771438e-07
241 -7.292863610715749e-07
242 -7.382950586356333e-07
243 -6.901449634776736e-07
244 -7.414819709664363e-07
245 -7.044221532630027e-07
246 -7.026181608392954e-07
247 -7.25380797228533e-07
248 -7.187280340400245e-07
249 -7.002271023395578e-07
250 -6.691444490505278e-07
251 -7.293720950239132e-07
252 -7.405834329332487e-07
253 -7.323195463942249e-07
254 -7.196574293380889e-07
255 -7.28958683768595e-07
256 -7.084840484780334e-07
257 -7.286270474599127e-07
258 -7.487521944527198e-07
259 -7.031231629540613e-07
260 -7.165461154971598e-07
261 -7.085746763383537e-07
262 -7.045707832099157e-07
263 -7.266682730853141e-07
264 -6.862424496761098e-07
265 -7.101969521605254e-07
266 -7.302343814930409e-07
267 -6.913875332055848e-07
268 -7.184671361220519e-07
269 -7.016806537116147e-07
270 -7.297704099362293e-07
271 -6.984541664686304e-07
272 -6.828379449122606e-07
273 -7.085711036752009e-07
274 -7.162777450279709e-07
275 -7.155225954606905e-07
276 -7.223018424942835e-07
277 -7.160387656924979e-07
278 -7.306707426674147e-07
279 -7.290567575216884e-07
280 -6.86217409307698e-07
281 -7.32794249057563e-07
282 -7.207120735889253e-07
283 -7.003057659637051e-07
284 -7.090493222016725e-07
285 -7.073844548992508e-07
286 -7.55940852791409e-07
287 -6.966347698312796e-07
288 -7.127295011688765e-07
289 -6.988078640096762e-07
290 -7.320646377824813e-07
291 -6.941573358636464e-07
292 -7.43942249508147e-07
293 -7.013242962492919e-07
294 -7.114490571766752e-07
295 -7.030330107740471e-07
296 -7.515334863917352e-07
297 -6.996533527117268e-07
298 -6.989057095304756e-07
299 -7.16715962951167e-07
