0 2.435346281056629e-06
1 2.387907707976844e-06
2 2.435301404429092e-06
3 2.3970159160162777e-06
4 2.3461364387565907e-06
5 2.3498707593789567e-06
6 2.3538380332384843e-06
7 2.4007488107092876e-06
8 2.3300446376828307e-06
9 2.4136945999476726e-06
10 2.4808856146382325e-06
11 2.4132182580622133e-06
12 2.413892820556096e-06
13 2.381818520214833e-06
14 2.4229338165903104e-06
15 2.3529562625750995e-06
16 2.377210763534331e-06
17 2.3627068535598774e-06
18 2.391606652030376e-06
19 2.4087302144012904e-06
20 2.294050519047463e-06
21 2.375380450435166e-06
22 2.3968284490368902e-06
23 2.3317644678694596e-06
24 2.452044458094662e-06
25 2.3725454057185148e-06
26 2.342244741929465e-06
27 2.4148430052141797e-06
28 2.423587286517374e-06
29 2.4299560236021835e-06
30 2.331086787405095e-06
31 2.4693897605006415e-06
32 2.3609737516205873e-06
33 2.364363389850949e-06
34 2.461539792046661e-06
35 2.3992275737466517e-06
36 2.418905562130397e-06
37 2.4099107518289443e-06
38 2.4056519458155633e-06
39 2.471557243882299e-06
40 2.410856910617341e-06
41 2.368250475290305e-06
42 2.4234322052275624e-06
43 2.433884143862621e-06
44 2.3710341462581077e-06
45 2.464579630640358e-06
46 2.4461803735330694e-06
47 2.345947774704028e-06
48 2.4192726072440722e-06
49 2.385851092442494e-06
50 2.398617708470216e-06
51 2.4352320047780947e-06
52 2.4257638921181776e-06
53 2.3965834619866093e-06
54 2.4201231818626027e-06
55 2.423219962296526e-06
56 2.297157098625967e-06
57 2.422304097422435e-06
58 2.3515888841202266e-06
59 2.415087932357871e-06
60 2.368785229553591e-06
61 2.365660031002542e-06
62 2.4581903084368916e-06
63 2.466693119216211e-06
64 2.3114061633614248e-06
65 2.3046627547031766e-06
66 2.4202474517105514e-06
67 2.4156217383820746e-06
68 2.3068686184567305e-06
69 2.4516703784353377e-06
70 2.398220457045935e-06
71 2.3694743221435994e-06
72 2.447402853879925e-06
73 2.4261717471843324e-06
74 2.4091572749811343e-06
75 2.388614198960972e-06
76 2.3647860328064664e-06
77 2.4594897536805087e-06
78 2.3468084748702897e-06
79 2.416254271517123e-06
80 2.418728832774439e-06
81 2.334021507887267e-06
82 2.42564392013392e-06
83 2.473459887967055e-06
84 2.3835781047868624e-06
85 2.361510625644959e-06
86 2.367478075361951e-06
87 2.4962054947638557e-06
88 2.3475245181451736e-06
89 2.3900089449410145e-06
90 2.376600106023028e-06
91 2.4020222269359485e-06
92 2.414444451612241e-06
93 2.483591322174207e-06
94 2.4068706237415914e-06
95 2.388338496220725e-06
96 2.340558172249037e-06
97 2.461483366430513e-06
98 2.366202058996131e-06
99 2.3884665321765147e-06
100 2.387110134686489e-06
101 2.4086037033329476e-06
102 2.392920162127143e-06
103 2.4208996919956553e-06
104 2.444218085542588e-06
105 2.475558338002496e-06
106 2.435973467756711e-06
107 2.42659561277901e-06
108 2.395201774259873e-06
109 2.3866073197157955e-06
110 2.3986299638482677e-06
111 2.459111115873566e-06
112 2.4407964766729176e-06
113 2.4565960732030134e-06
114 2.464676504197371e-06
115 2.3315174168606267e-06
116 2.3889857295030466e-06
117 2.3953783033815555e-06
118 2.3775226073993e-06
119 2.457434318443191e-06
120 2.396817640539201e-06
121 2.4707234265961714e-06
122 2.339577605447441e-06
123 2.434670643591955e-06
124 2.3622701199696214e-06
125 2.3974439721532397e-06
126 2.443623866606324e-06
127 2.420456797582293e-06
128 2.4475497511944004e-06
129 2.5307342698645224e-06
130 2.386902063100518e-06
131 2.3902234943261266e-06
132 2.3740685167946397e-06
133 2.3618210537992086e-06
134 2.3707021817914885e-06
135 2.4011313358583993e-06
136 2.4241867260664556e-06
137 2.4051007129183037e-06
138 2.389578650759251e-06
139 2.3791129849985696e-06
140 2.3866844553207006e-06
141 2.446929361405815e-06
142 2.4111354280074825e-06
143 2.4630910973897084e-06
144 2.4070636735825038e-06
145 2.3801129064959237e-06
146 2.4793856715173933e-06
147 2.417158355316067e-06
148 2.344616256954746e-06
149 2.3855107906202787e-06
150 2.4625943214519683e-06
151 2.363448091084796e-06
152 2.4167539482863964e-06
153 2.4103245559556135e-06
154 2.423429924894253e-06
155 2.43169481811821e-06
156 2.4016075546834752e-06
157 2.3739834959898766e-06
158 2.3598862761929387e-06
159 2.4696907254911135e-06
160 2.469358537388008e-06
161 2.3930555212402722e-06
162 2.379533683192262e-06
163 2.4405970947170306e-06
164 2.412161810922269e-06
165 2.3672125144949796e-06
166 2.3560043347359054e-06
167 2.3300721871762243e-06
168 2.4102293623349785e-06
169 2.401138279797807e-06
170 2.4632062806973227e-06
171 2.4571713486083338e-06
172 2.466675083368428e-06
173 2.404683114012819e-06
174 2.41493219429236e-06
175 2.3563819456524403e-06
176 2.4503704642332126e-06
177 2.438657733519396e-06
178 2.4643335779997123e-06
179 2.343832412924091e-06
180 2.3680358106182406e-06
181 2.3679421537739435e-06
182 2.405247255631971e-06
183 2.377062229657196e-06
184 2.4630447272803676e-06
185 2.4392849308635e-06
186 2.4664607864281496e-06
187 2.39892524531136e-06
188 2.3909603437927977e-06
189 2.3358746322606607e-06
190 2.383274514134563e-06
191 2.395842219177203e-06
192 2.363904224198848e-06
193 2.332258528555727e-06
194 2.3551989101701066e-06
195 2.3745072564997117e-06
196 2.3468215752344843e-06
197 2.290224786146053e-06
198 2.3350215657678445e-06
199 2.39603647585239e-06
200 2.3817971721952793e-06
201 2.429834540415106e-06
202 2.403487694962092e-06
203 2.387269727279112e-06
204 2.404681682399562e-06
205 2.3095664209118217e-06
206 2.370798977768543e-06
207 2.3790690605783306e-06
208 2.4071971812007195e-06
209 2.4231028871708463e-06
210 2.3115203213968923e-06
211 2.3963489000085544e-06
212 2.362943678380569e-06
213 2.368868629129942e-06
214 2.3910393416836e-06
215 2.3692345800291436e-06
216 2.4744495097030974e-06
217 2.4022081989783814e-06
218 2.490148350438984e-06
219 2.4268807523250697e-06
220 2.384864918438729e-06
221 2.3663603152280205e-06
222 2.485640175910054e-06
223 2.4202994648734207e-06
224 2.3715445071154695e-06
225 2.337122509481484e-06
226 2.3794914644915732e-06
227 2.4122229391843646e-06
228 2.3524409975649236e-06
229 2.3207183429064077e-06
230 2.489064899249006e-06
231 2.412909770223892e-06
232 2.4323745786285028e-06
233 2.4430209435547727e-06
234 2.380858005971553e-06
235 2.3533572151252073e-06
236 2.386589123174443e-06
237 2.44538339047495e-06
238 2.3792633390398427e-06
239 2.417869434883606e-06
240 2.378671473360743e-06
241 2.37569393003778e-06
242 2.3967860759062283e-06
243 2.4139043935949784e-06
244 2.455953984046303e-06
245 2.4399403767308493e-06
246 2.4196207920862522e-06
247 2.3899046747365773e-06
248 2.412850395783599e-06
249 2.3359072961422064e-06
250 2.358059480628518e-06
251 2.386992953826839e-06
252 2.4071317663275434e-06
253 2.309444932134344e-06
254 2.4118741814824958e-06
255 2.3441666262133856e-06
256 2.3835609531065233e-06
257 2.35967024679406e-06
258 2.335351974393179e-06
259 2.4517610137032194e-06
260 2.4287467474071666e-06
261 2.398692431815024e-06
262 2.39696784581783e-06
263 2.395897831046106e-06
264 2.3774148061350814e-06
265 2.452165923679951e-06
266 2.3447896238664704e-06
267 2.4073207386770426e-06
268 2.4420526783259687e-06
269 2.346854398239403e-06
270 2.377854351988807e-06
271 2.3709242030570056e-06
272 2.5084110142354645e-06
273 2.4404257215596647e-06
274 2.4188192203265243e-06
275 2.3805537290911775e-06
276 2.4341634892302544e-06
277 2.379429572674315e-06
278 2.3391969261303504e-06
279 2.3446926272308476e-06
280 2.462921695821226e-06
281 2.3726881328289334e-06
282 2.3938653666517453e-06
283 2.404252057239897e-06
284 2.4083851382298134e-06
285 2.440903690732074e-06
286 2.4102317770767846e-06
287 2.319744551013562e-06
288 2.3971441625719e-06
289 2.4227484482753917e-06
290 2.3985654555361654e-06
291 2.4428777744585125e-06
292 2.446949974933267e-06
293 2.476466722700546e-06
294 2.459562949569509e-06
295 2.503165914140397e-06
296 2.3505452173183677e-06
297 2.446111730890603e-06
298 2.4880019697496894e-06
299 2.3297919813198732e-06
