0 4.174183289070431e-06
1 4.163225103845511e-06
2 4.2002121352591105e-06
3 4.141243276309866e-06
4 4.139003444703631e-06
5 4.1614439878655195e-06
6 4.145738069881886e-06
7 4.137343126986918e-06
8 4.100826196148686e-06
9 4.178783341760927e-06
10 4.251394558973596e-06
11 4.1794415228894115e-06
12 4.160524114194513e-06
13 4.16108869971672e-06
14 4.193945023129164e-06
15 4.1357840061289126e-06
16 4.191472354671977e-06
17 4.127361804279866e-06
18 4.170324833913554e-06
19 4.198792077060887e-06
20 4.079263150786568e-06
21 4.124110705527102e-06
22 4.1349422317912825e-06
23 4.1028280243007e-06
24 4.205319279966914e-06
25 4.153030646221885e-06
26 4.093285336462653e-06
27 4.185552139142715e-06
28 4.1920572919030255e-06
29 4.1919164663327805e-06
30 4.0823498785497106e-06
31 4.225124548881225e-06
32 4.120031451106993e-06
33 4.1017236712589744e-06
34 4.225601405422312e-06
35 4.1868457190943635e-06
36 4.188768566266754e-06
37 4.189909271566613e-06
38 4.146057097228516e-06
39 4.23486832165407e-06
40 4.175653889609798e-06
41 4.141802456384512e-06
42 4.169375897725489e-06
43 4.203225258422964e-06
44 4.11588375671532e-06
45 4.2255653489820076e-06
46 4.183801254093981e-06
47 4.115244972855666e-06
48 4.161798746630671e-06
49 4.1679436557541795e-06
50 4.1682848329490475e-06
51 4.162870789667623e-06
52 4.172222006652803e-06
53 4.163148110894364e-06
54 4.182553188383462e-06
55 4.177127119521785e-06
56 4.091372990851357e-06
57 4.180585537759852e-06
58 4.133220219108184e-06
59 4.183126743491672e-06
60 4.141551781174138e-06
61 4.149994551177744e-06
62 4.193886587329654e-06
63 4.250689816900805e-06
64 4.090939185103365e-06
65 4.094616353826408e-06
66 4.190695517711928e-06
67 4.173509747371935e-06
68 4.068595198644899e-06
69 4.220702267146757e-06
70 4.147834534021192e-06
71 4.168195019418136e-06
72 4.209525398201399e-06
73 4.188710054987569e-06
74 4.1676754704334125e-06
75 4.170000820087795e-06
76 4.108771935789939e-06
77 4.227201835548436e-06
78 4.1362022127633345e-06
79 4.185974751686767e-06
80 4.1873687049399795e-06
81 4.094717195642975e-06
82 4.184135953388376e-06
83 4.2175589922416055e-06
84 4.189109493037117e-06
85 4.155814541461273e-06
86 4.113672257149632e-06
87 4.255560616485327e-06
88 4.12297654486886e-06
89 4.1676396067012e-06
90 4.141289995631815e-06
91 4.172547238471278e-06
92 4.187349611459201e-06
93 4.2226424624170825e-06
94 4.154072456911595e-06
95 4.164191751394472e-06
96 4.115057587858404e-06
97 4.21222844458014e-06
98 4.134862669512384e-06
99 4.157983530944226e-06
100 4.17428335010207e-06
101 4.1902226210272956e-06
102 4.142854936680925e-06
103 4.160624594517419e-06
104 4.209277242786825e-06
105 4.241517810894235e-06
106 4.195528002293794e-06
107 4.171659447113261e-06
108 4.15506809054344e-06
109 4.136153943858443e-06
110 4.174257881611713e-06
111 4.19549859588135e-06
112 4.180062575781748e-06
113 4.222099389114438e-06
114 4.222897562045637e-06
115 4.082753095508981e-06
116 4.1706358699502735e-06
117 4.1568945528238654e-06
118 4.152047202874548e-06
119 4.210747486045507e-06
120 4.188955475796645e-06
121 4.213153050026543e-06
122 4.11940697747558e-06
123 4.1948399876005594e-06
124 4.122296398118901e-06
125 4.158457078931372e-06
126 4.201177381342965e-06
127 4.20199985888187e-06
128 4.194298025595418e-06
129 4.277332064903886e-06
130 4.158487724805133e-06
131 4.145577226384197e-06
132 4.108979781888557e-06
133 4.1491336092055775e-06
134 4.120648365133064e-06
135 4.156050741374351e-06
136 4.173821609297085e-06
137 4.161087717816292e-06
138 4.145042146911492e-06
139 4.149372193643598e-06
140 4.13996067132785e-06
141 4.1879789379907834e-06
142 4.158332193627525e-06
143 4.226184533827478e-06
144 4.1781980669846695e-06
145 4.152394513135428e-06
146 4.233202720709155e-06
147 4.1646178944621435e-06
148 4.1184312953078185e-06
149 4.147103227984357e-06
150 4.2190650231126594e-06
151 4.133354544058014e-06
152 4.187224253624484e-06
153 4.162602659573789e-06
154 4.193115813528616e-06
155 4.181509680211467e-06
156 4.170412978258601e-06
157 4.163242133454653e-06
158 4.135213704317277e-06
159 4.238429457052682e-06
160 4.231939875004702e-06
161 4.141213195667506e-06
162 4.159995249743936e-06
163 4.213230375442352e-06
164 4.196144089914262e-06
165 4.160805770554262e-06
166 4.129228068841852e-06
167 4.112219099710205e-06
168 4.1398602832723854e-06
169 4.172448707013839e-06
170 4.212134994067489e-06
171 4.213962985569079e-06
172 4.219314115556783e-06
173 4.169582745926555e-06
174 4.1893128781146105e-06
175 4.147526636288848e-06
176 4.219833741734373e-06
177 4.1956923916738905e-06
178 4.201509943411879e-06
179 4.127315334042535e-06
180 4.1496243854001704e-06
181 4.155098199148182e-06
182 4.1662116159261495e-06
183 4.148039665733798e-06
184 4.206519492158611e-06
185 4.167659279547405e-06
186 4.2209033486237055e-06
187 4.15167523375373e-06
188 4.146774240366184e-06
189 4.103492106415862e-06
190 4.149691521053149e-06
191 4.155907164315098e-06
192 4.145528801659721e-06
193 4.08241806318728e-06
194 4.10697617491395e-06
195 4.157434492369093e-06
196 4.107839213309879e-06
197 4.060586895452195e-06
198 4.123078157731935e-06
199 4.204725854614717e-06
200 4.150267060982953e-06
201 4.184903816876935e-06
202 4.1941191524009975e-06
203 4.148161190613773e-06
204 4.1710254435156445e-06
205 4.090213825157164e-06
206 4.15068442470577e-06
207 4.1439075477173435e-06
208 4.177536793287419e-06
209 4.207777557554028e-06
210 4.102090980280302e-06
211 4.1863849157230196e-06
212 4.146072435070752e-06
213 4.150473467125002e-06
214 4.1504842275445e-06
215 4.1560869654048275e-06
216 4.23386796302829e-06
217 4.177228153489942e-06
218 4.2428025159861185e-06
219 4.201657314789506e-06
220 4.153997469298712e-06
221 4.118059375330448e-06
222 4.2640891759111624e-06
223 4.2108836092052555e-06
224 4.1406947982620584e-06
225 4.082811114180141e-06
226 4.172488597411659e-06
227 4.196641865886377e-06
228 4.148381821204298e-06
229 4.096540401925339e-06
230 4.2291611150879125e-06
231 4.158147428492982e-06
232 4.189447660447327e-06
233 4.203597361015859e-06
234 4.169743199013255e-06
235 4.136741174390437e-06
236 4.15160325146006e-06
237 4.212884416521034e-06
238 4.129042939073503e-06
239 4.165773166941933e-06
240 4.140717851151712e-06
241 4.156707992451901e-06
242 4.182239543677052e-06
243 4.181920811316592e-06
244 4.2037384478408084e-06
245 4.207210785800446e-06
246 4.184298162230544e-06
247 4.182530144889738e-06
248 4.18577067545093e-06
249 4.09689889887017e-06
250 4.119019630725539e-06
251 4.1531346895725155e-06
252 4.159391010718571e-06
253 4.088338632266738e-06
254 4.18334284642085e-06
255 4.128270279643887e-06
256 4.156764618992594e-06
257 4.144171598348886e-06
258 4.1348654490022585e-06
259 4.207019633695377e-06
260 4.19161343439003e-06
261 4.175322805840847e-06
262 4.157496695311884e-06
263 4.151419750910196e-06
264 4.112064012758808e-06
265 4.233649931457354e-06
266 4.109698957014954e-06
267 4.175560400622847e-06
268 4.2245752328435916e-06
269 4.141241599969774e-06
270 4.152641935623366e-06
271 4.123960290789826e-06
272 4.2564933205023915e-06
273 4.1961166857920866e-06
274 4.193586364471395e-06
275 4.146210029928203e-06
276 4.196784984800597e-06
277 4.145258250835025e-06
278 4.139472849666441e-06
279 4.1111702612633435e-06
280 4.223312396604027e-06
281 4.135274942287072e-06
282 4.1387461758859365e-06
283 4.152921479392635e-06
284 4.2076292588920165e-06
285 4.215295785413267e-06
286 4.185478509632949e-06
287 4.091579657422893e-06
288 4.157143705326756e-06
289 4.173900612253604e-06
290 4.171399453874141e-06
291 4.195177098540658e-06
292 4.229062149140695e-06
293 4.20622308890073e-06
294 4.225047259714993e-06
295 4.233413060371967e-06
296 4.133016224570827e-06
297 4.215993323752276e-06
298 4.251298915238655e-06
299 4.1184745236063744e-06
