0 -5.581285274414598e-07
1 -4.850599938507096e-07
2 -5.515793359268753e-07
3 -5.155294583149059e-07
4 -4.5459109482278456e-07
5 -5.032199944634848e-07
6 -4.944999062931652e-07
7 -5.578089991856871e-07
8 -4.829481202960184e-07
9 -5.558012827095222e-07
10 -6.078576962576198e-07
11 -5.425001521773698e-07
12 -5.567281821074217e-07
13 -5.158283526730779e-07
14 -5.693596832106936e-07
15 -4.7503216635058673e-07
16 -4.776672122556122e-07
17 -5.266239278311344e-07
18 -5.321404769451455e-07
19 -5.63489904387114e-07
20 -4.189541174732017e-07
21 -5.51192571419344e-07
22 -5.663091430221565e-07
23 -4.899272445837103e-07
24 -5.976245326314718e-07
25 -5.212780301054562e-07
26 -4.942287957560859e-07
27 -5.650982612511452e-07
28 -6.053654469114526e-07
29 -5.751074426516017e-07
30 -4.895476551201406e-07
31 -5.881740119176214e-07
32 -5.3061137222823e-07
33 -5.47826967109537e-07
34 -6.156447432968844e-07
35 -5.402051216347282e-07
36 -5.666901008018907e-07
37 -5.363721311419082e-07
38 -5.960873599606336e-07
39 -5.887145691513156e-07
40 -5.245412156756158e-07
41 -5.018677184824435e-07
42 -5.576549427472505e-07
43 -5.735487697031186e-07
44 -5.342098382114699e-07
45 -5.462364778342416e-07
46 -5.651411877891179e-07
47 -4.606815800330089e-07
48 -5.866930685817425e-07
49 -5.300100975227993e-07
50 -5.377466196285085e-07
51 -5.536908974155565e-07
52 -5.869652038787452e-07
53 -5.480859304131273e-07
54 -5.385116360992516e-07
55 -5.342445514285428e-07
56 -4.5703682117243243e-07
57 -5.56427744084938e-07
58 -4.863101469099585e-07
59 -5.633168369556348e-07
60 -5.28236677624327e-07
61 -5.387270168273444e-07
62 -6.250938896704459e-07
63 -5.75443955132297e-07
64 -4.784782282103451e-07
65 -4.5443120835821925e-07
66 -5.756977170437783e-07
67 -5.311499887558385e-07
68 -4.328499905919541e-07
69 -5.65050842164698e-07
70 -5.436108966316506e-07
71 -4.977333650030135e-07
72 -6.035817630847729e-07
73 -5.534532924045389e-07
74 -5.77492559468905e-07
75 -5.310841044631708e-07
76 -5.289252104122994e-07
77 -5.946342078937696e-07
78 -4.7234447319843116e-07
79 -5.506778638565014e-07
80 -5.527223953767411e-07
81 -4.760147477683626e-07
82 -5.870891703464004e-07
83 -6.140033936848997e-07
84 -5.081420974851168e-07
85 -5.424489770428169e-07
86 -5.158423013306928e-07
87 -6.323598190459574e-07
88 -5.126122639363961e-07
89 -5.334873268181389e-07
90 -5.577927010242361e-07
91 -5.419324717258609e-07
92 -5.579556456169171e-07
93 -6.14670327937733e-07
94 -5.725369961462662e-07
95 -5.446672139714887e-07
96 -4.753294959150551e-07
97 -5.686950383526016e-07
98 -4.839791900370393e-07
99 -5.261340491878814e-07
100 -5.174420114410384e-07
101 -5.736900091855207e-07
102 -5.346787034341757e-07
103 -5.637511151699363e-07
104 -6.030391351752553e-07
105 -5.800906533115552e-07
106 -5.671696329230488e-07
107 -5.506885597706348e-07
108 -5.267593674923983e-07
109 -5.438713878016567e-07
110 -5.504559269718426e-07
111 -5.917677733457973e-07
112 -5.84203477796702e-07
113 -5.943323923274068e-07
114 -6.05807151727042e-07
115 -4.956597965483722e-07
116 -5.035537555800259e-07
117 -5.526577400434964e-07
118 -5.2219487041446e-07
119 -5.919670496794507e-07
120 -5.11380965851538e-07
121 -6.308344710005373e-07
122 -5.046210851001259e-07
123 -5.85272153004702e-07
124 -4.917166741608704e-07
125 -5.087335883527641e-07
126 -6.058729663600553e-07
127 -5.364146827229646e-07
128 -6.213493551871523e-07
129 -6.445812363117645e-07
130 -5.27862123716792e-07
131 -5.320727712938074e-07
132 -5.338480002632379e-07
133 -5.23340013609045e-07
134 -5.310713081214876e-07
135 -5.233340577255433e-07
136 -5.346430243291125e-07
137 -5.643923033424388e-07
138 -5.522792112879226e-07
139 -5.078506083144429e-07
140 -5.463228403723071e-07
141 -5.799073325253941e-07
142 -5.52913474986776e-07
143 -5.740417297503875e-07
144 -5.589110852883003e-07
145 -5.615359110573924e-07
146 -6.228504519626842e-07
147 -5.50452445136796e-07
148 -4.711227607061561e-07
149 -5.491359693832354e-07
150 -6.063189410278277e-07
151 -5.244734773762227e-07
152 -5.761996138289898e-07
153 -5.432697546885883e-07
154 -5.445967357054962e-07
155 -5.663302177370632e-07
156 -5.356366908669506e-07
157 -4.944824354178997e-07
158 -4.871298244681909e-07
159 -5.857122533413357e-07
160 -6.026089891160118e-07
161 -5.557012481820073e-07
162 -5.089995658438512e-07
163 -5.995881270765314e-07
164 -5.823839182117564e-07
165 -5.251822737013108e-07
166 -4.93074834352375e-07
167 -4.4937081316224566e-07
168 -5.218562949331945e-07
169 -5.562353008955254e-07
170 -5.836274489107535e-07
171 -5.768556774871275e-07
172 -5.901304923568421e-07
173 -5.351775789286097e-07
174 -5.30621979315831e-07
175 -4.698134156418975e-07
176 -6.067491774694081e-07
177 -5.517873162711869e-07
178 -5.884976050520106e-07
179 -4.7573056347656775e-07
180 -5.068434960963613e-07
181 -4.981671595503573e-07
182 -5.328207414175357e-07
183 -5.318454142898088e-07
184 -5.916468905347382e-07
185 -5.776791533581388e-07
186 -6.166142365793785e-07
187 -5.32738107488111e-07
188 -5.364961836151146e-07
189 -4.897734683326954e-07
190 -5.141964528878853e-07
191 -5.387024118059149e-07
192 -5.296562259527956e-07
193 -4.884076867347241e-07
194 -5.217302824719525e-07
195 -5.18383279486822e-07
196 -4.844522640143248e-07
197 -4.5911984244022495e-07
198 -4.885089427315896e-07
199 -5.14513403692478e-07
200 -5.045429692581623e-07
201 -5.690114092055956e-07
202 -5.129486276061754e-07
203 -5.338343821467643e-07
204 -5.373999064597377e-07
205 -4.41222651443006e-07
206 -5.097063288874655e-07
207 -5.667667073651335e-07
208 -5.102826977927815e-07
209 -5.512806499119849e-07
210 -5.021187150009642e-07
211 -5.145337628833226e-07
212 -4.7673463422957307e-07
213 -4.736864940527476e-07
214 -5.666141325290608e-07
215 -5.152039233867111e-07
216 -5.76303624532531e-07
217 -5.317317186700762e-07
218 -6.3330570999522e-07
219 -5.312198717645603e-07
220 -5.286683288216527e-07
221 -5.294779028375667e-07
222 -5.999027566453718e-07
223 -5.538786534540992e-07
224 -5.34696944251642e-07
225 -5.102675639742931e-07
226 -5.427782882646587e-07
227 -5.524431366860343e-07
228 -4.680158093216898e-07
229 -4.7531565725392964e-07
230 -5.93964363348316e-07
231 -5.671735484074775e-07
232 -5.657718224820849e-07
233 -5.743926502168541e-07
234 -5.418336044316289e-07
235 -4.978813955513907e-07
236 -5.284020104065848e-07
237 -5.6926177785792e-07
238 -5.018693805582987e-07
239 -5.665317633675699e-07
240 -4.856891700711706e-07
241 -5.085630389096691e-07
242 -5.173294931222526e-07
243 -5.827966384764058e-07
244 -5.4153653532318e-07
245 -5.823212918798653e-07
246 -5.682986345659838e-07
247 -5.188823947599711e-07
248 -5.455219496991622e-07
249 -5.065874553991975e-07
250 -5.587840944253335e-07
251 -5.234058307931993e-07
252 -5.123647486692912e-07
253 -4.4486872565229067e-07
254 -5.53018966447851e-07
255 -4.970939865559402e-07
256 -5.366408544961476e-07
257 -4.816746349895841e-07
258 -4.6653961974680623e-07
259 -5.989980204345071e-07
260 -5.604116534206061e-07
261 -5.508860242663265e-07
262 -5.580608064083822e-07
263 -5.306027874245686e-07
264 -5.679897683426923e-07
265 -5.996359129223299e-07
266 -4.928739691418608e-07
267 -5.759099533107809e-07
268 -5.768800937425807e-07
269 -5.228770372862502e-07
270 -5.256578941488984e-07
271 -5.552057303648922e-07
272 -6.66142478560571e-07
273 -5.882746011853561e-07
274 -5.558176354392525e-07
275 -5.246815959242072e-07
276 -5.467325297937509e-07
277 -5.242116364951824e-07
278 -4.860768701011758e-07
279 -4.792329553551276e-07
280 -6.227680411712029e-07
281 -5.010122827225121e-07
282 -5.354681692993231e-07
283 -5.643729571069448e-07
284 -5.602725949382584e-07
285 -5.840598356711936e-07
286 -4.946083216963917e-07
287 -5.037392044186125e-07
288 -5.475641533615359e-07
289 -5.791378981935794e-07
290 -5.401515095844379e-07
291 -6.029583791196478e-07
292 -5.323403626657788e-07
293 -6.092989380819745e-07
294 -5.791236899571056e-07
295 -6.404675178098752e-07
296 -4.7273510707954166e-07
297 -5.993601321908699e-07
298 -6.174301215100706e-07
299 -4.869171099952497e-07
