0 -3.626431476297707e-05
1 -3.6193789564113706e-05
2 -3.622936752024676e-05
3 -3.593067932875267e-05
4 -3.6934630289718274e-05
5 -3.687139066205177e-05
6 -3.653318041135027e-05
7 -3.553404977834148e-05
8 -3.674368666756209e-05
9 -3.643914838390381e-05
10 -3.6031018153211296e-05
11 -3.524579825371574e-05
12 -3.6476289158575964e-05
13 -3.555689425542721e-05
14 -3.557351205345481e-05
15 -3.694906307226258e-05
16 -3.568861431370015e-05
17 -3.536586938844951e-05
18 -3.5837717165413795e-05
19 -3.47879285946325e-05
20 -3.534680143825759e-05
21 -3.5626314983417184e-05
22 -3.5690485424519834e-05
23 -3.5950135517312344e-05
24 -3.4599465964520324e-05
25 -3.694077706758166e-05
26 -3.572029468508319e-05
27 -3.596492925031904e-05
28 -3.4948758197401304e-05
29 -3.472241918777926e-05
30 -3.622669050971732e-05
31 -3.6375014704922e-05
32 -3.557636882939364e-05
33 -3.559369422123016e-05
34 -3.593726996174985e-05
35 -3.5560007319630035e-05
36 -3.7078850954201594e-05
37 -3.545652191618908e-05
38 -3.627240406492108e-05
39 -3.676897102877271e-05
40 -3.539022122293668e-05
41 -3.533103448512868e-05
42 -3.560933268066874e-05
43 -3.6230002358691866e-05
44 -3.650993396553403e-05
45 -3.5879893601775326e-05
46 -3.652954299275235e-05
47 -3.5638212139046604e-05
48 -3.545919705300415e-05
49 -3.674512879057476e-05
50 -3.5831875019065455e-05
51 -3.505891593432661e-05
52 -3.651536005866894e-05
53 -3.5056769704797116e-05
54 -3.557760070157396e-05
55 -3.4344502025554125e-05
56 -3.648669876843931e-05
57 -3.518683036605616e-05
58 -3.470286127901815e-05
59 -3.5672837682368864e-05
60 -3.5485323811432654e-05
61 -3.580507180151527e-05
62 -3.683632425815486e-05
63 -3.542253269225514e-05
64 -3.614756914986586e-05
65 -3.578506777764751e-05
66 -3.546901572380543e-05
67 -3.604416945649006e-05
68 -3.531121982834598e-05
69 -3.615291754933271e-05
70 -3.659118000061133e-05
71 -3.591655126121563e-05
72 -3.562374879086936e-05
73 -3.5748160998435135e-05
74 -3.513979127011596e-05
75 -3.585789974073385e-05
76 -3.4980000925417905e-05
77 -3.6414414059433496e-05
78 -3.6813267550463726e-05
79 -3.5656143012961213e-05
80 -3.563768572666513e-05
81 -3.546700091501997e-05
82 -3.6848237646470384e-05
83 -3.608999002355358e-05
84 -3.6999746151898036e-05
85 -3.711320604556398e-05
86 -3.651048145702964e-05
87 -3.555271803523371e-05
88 -3.5520483224919665e-05
89 -3.5271784978729596e-05
90 -3.5370173145204664e-05
91 -3.596861346825683e-05
92 -3.643806087768251e-05
93 -3.550490713221599e-05
94 -3.630961807632172e-05
95 -3.78190950367409e-05
96 -3.627669442468002e-05
97 -3.484397246079094e-05
98 -3.596490122109746e-05
99 -3.689301598485488e-05
100 -3.580807479438827e-05
101 -3.639817181365175e-05
102 -3.587820888564746e-05
103 -3.617325983554092e-05
104 -3.523236194981891e-05
105 -3.500160000048376e-05
106 -3.5842786304980606e-05
107 -3.5629404646567874e-05
108 -3.602959445199595e-05
109 -3.583208447442034e-05
110 -3.607458167063185e-05
111 -3.6936660975313043e-05
112 -3.628244912783638e-05
113 -3.567027059613698e-05
114 -3.617170659528421e-05
115 -3.6257135070186686e-05
116 -3.6493631995828654e-05
117 -3.574615336327433e-05
118 -3.731140485217403e-05
119 -3.605193516636678e-05
120 -3.6702589204109075e-05
121 -3.634953016109723e-05
122 -3.572999407006228e-05
123 -3.51783910584844e-05
124 -3.559910091107438e-05
125 -3.6554824187478935e-05
126 -3.56861844679108e-05
127 -3.6555946900174005e-05
128 -3.533087859043626e-05
129 -3.658824642097428e-05
130 -3.698439056602571e-05
131 -3.57757010703103e-05
132 -3.5643698253314846e-05
133 -3.554476920158286e-05
134 -3.603071116145164e-05
135 -3.577350157438983e-05
136 -3.6668917254931144e-05
137 -3.618706790857106e-05
138 -3.640889210474393e-05
139 -3.621214599200268e-05
140 -3.473838978812366e-05
141 -3.5741031861386185e-05
142 -3.440923389973054e-05
143 -3.746622392047778e-05
144 -3.688320733028338e-05
145 -3.5767410368698724e-05
146 -3.707150010211107e-05
147 -3.572283345189445e-05
148 -3.552412088852991e-05
149 -3.598769365005621e-05
150 -3.567864418013983e-05
151 -3.486060713873831e-05
152 -3.687059118693147e-05
153 -3.5637960131662826e-05
154 -3.6814667056450634e-05
155 -3.454597441065455e-05
156 -3.4944768090674576e-05
157 -3.560716370228122e-05
158 -3.662740931643165e-05
159 -3.573205618066775e-05
160 -3.511327704947021e-05
161 -3.660835453133867e-05
162 -3.515331863441352e-05
163 -3.671981342716412e-05
164 -3.62607593308581e-05
165 -3.6554175321674424e-05
166 -3.6182822627667096e-05
167 -3.567935941742879e-05
168 -3.606431395322071e-05
169 -3.757989301757542e-05
170 -3.761962950873406e-05
171 -3.753357417580059e-05
172 -3.682001792831915e-05
173 -3.4684260496623345e-05
174 -3.466523855667076e-05
175 -3.628714303093222e-05
176 -3.636453339562454e-05
177 -3.587432611363614e-05
178 -3.732985891323432e-05
179 -3.604981725534667e-05
180 -3.653639402715518e-05
181 -3.4884904125126275e-05
182 -3.638561786657832e-05
183 -3.4173934440204854e-05
184 -3.532898446314098e-05
185 -3.6126789510028554e-05
186 -3.676809170663367e-05
187 -3.5475897005958106e-05
188 -3.717269668268194e-05
189 -3.652133907163712e-05
190 -3.450354254525309e-05
191 -3.585023040441963e-05
192 -3.611024209700444e-05
193 -3.742667937762731e-05
194 -3.5503246604413365e-05
195 -3.708114884634822e-05
196 -3.758778183225989e-05
197 -3.577708738146035e-05
198 -3.554542136050679e-05
199 -3.577690012220826e-05
200 -3.668798068571056e-05
201 -3.597703802264971e-05
202 -3.569288035069454e-05
203 -3.757125953425667e-05
204 -3.573044142612751e-05
205 -3.597413373886437e-05
206 -3.766158862279385e-05
207 -3.564953037226664e-05
208 -3.479292626695127e-05
209 -3.533412598807055e-05
210 -3.7059903934119185e-05
211 -3.5490213843082674e-05
212 -3.52537080244659e-05
213 -3.6222369513529915e-05
214 -3.415941522038015e-05
215 -3.557315804765125e-05
216 -3.5422705886412284e-05
217 -3.604940512423909e-05
218 -3.71250689915751e-05
219 -3.5483097610709736e-05
220 -3.683868144129906e-05
221 -3.559907956522105e-05
222 -3.639310600446386e-05
223 -3.637612317836275e-05
224 -3.522894229175012e-05
225 -3.5776627821000595e-05
226 -3.659963635472019e-05
227 -3.589663049334518e-05
228 -3.711462310275628e-05
229 -3.5282629576685156e-05
230 -3.503805922501563e-05
231 -3.5578897078773235e-05
232 -3.5599728729274945e-05
233 -3.583981219621015e-05
234 -3.5082225506407426e-05
235 -3.6464890767169e-05
236 -3.647971574545767e-05
237 -3.707930761357468e-05
238 -3.581497800589242e-05
239 -3.656544750146904e-05
240 -3.608035936806894e-05
241 -3.611490938001799e-05
242 -3.690024268511613e-05
243 -3.6068093956531514e-05
244 -3.528117578104317e-05
245 -3.570671184037558e-05
246 -3.655324642924742e-05
247 -3.606716164931053e-05
248 -3.6847849956156416e-05
249 -3.527097376075715e-05
250 -3.559411163012904e-05
251 -3.596101467928907e-05
252 -3.7003273750486754e-05
253 -3.539838397764582e-05
254 -3.664067946974609e-05
255 -3.504340481046731e-05
256 -3.661328248451827e-05
257 -3.448631683272372e-05
258 -3.629270661891891e-05
259 -3.562617191346539e-05
260 -3.61253279466438e-05
261 -3.512576296485766e-05
262 -3.6622113867980985e-05
263 -3.513043026255567e-05
264 -3.572934254236401e-05
265 -3.5732318972208634e-05
266 -3.604629861990972e-05
267 -3.612203134694575e-05
268 -3.646214745881773e-05
269 -3.627878142183891e-05
270 -3.665768842406495e-05
271 -3.5832776769764394e-05
272 -3.609720009525776e-05
273 -3.6634354575433266e-05
274 -3.6868473852093285e-05
275 -3.542252183124716e-05
276 -3.594601165712104e-05
277 -3.474344289866824e-05
278 -3.539244609139765e-05
279 -3.447901164283413e-05
280 -3.6268605901996245e-05
281 -3.510122596142328e-05
282 -3.66073686825212e-05
283 -3.601937982754569e-05
284 -3.6679448637113454e-05
285 -3.652607931489408e-05
286 -3.577044111281157e-05
287 -3.440691382149464e-05
288 -3.543320440450239e-05
289 -3.685715179622656e-05
290 -3.592873456045162e-05
291 -3.709917957226797e-05
292 -3.51420823050531e-05
293 -3.6013634595463596e-05
294 -3.725214501614554e-05
295 -3.581119965799268e-05
296 -3.677572216029626e-05
297 -3.470214585614788e-05
298 -3.549125266779825e-05
299 -3.59122743575921e-05
