0 -3.97357638616505e-07
1 -3.044351633035725e-07
2 -3.164040852367482e-07
3 -3.3819941066941403e-07
4 -3.6606205806869335e-07
5 -3.3320790364403194e-07
6 -3.340894720474453e-07
7 -3.839037513326335e-07
8 -3.5161747820204804e-07
9 -2.77837936109363e-07
10 -3.4306412494656147e-07
11 -3.617940088570816e-07
12 -3.7805883940667837e-07
13 -3.7109414264553997e-07
14 -2.6235402597009493e-07
15 -4.2691745553558814e-07
16 -3.4192456330799284e-07
17 -4.044691740832828e-07
18 -3.426119680282479e-07
19 -3.216107933883619e-07
20 -2.877610360504806e-07
21 -2.74322752481855e-07
22 -3.4789227843705114e-07
23 -3.285115268754554e-07
24 -3.239004809350682e-07
25 -4.0413668551979147e-07
26 -3.455133102849521e-07
27 -3.8014628764598635e-07
28 -3.4838853554991903e-07
29 -3.701830219449164e-07
30 -3.6860643537419496e-07
31 -3.704033477310417e-07
32 -2.9709200883640925e-07
33 -3.496363718325734e-07
34 -2.8731172021070436e-07
35 -3.2449092398038487e-07
36 -3.4872856838846807e-07
37 -3.4104205133739516e-07
38 -3.002524499707788e-07
39 -3.6480072711622227e-07
40 -3.4015570826619116e-07
41 -3.1161052232960456e-07
42 -3.512122314824095e-07
43 -3.9320909808140333e-07
44 -3.57466842073755e-07
45 -3.1759583527995695e-07
46 -3.1029713722040275e-07
47 -3.4855047740120284e-07
48 -3.991574344767423e-07
49 -3.6040474136663135e-07
50 -3.900229160487109e-07
51 -3.6001474057228806e-07
52 -3.644649585702983e-07
53 -3.6049240671711854e-07
54 -3.4469312229838667e-07
55 -3.332973477242862e-07
56 -3.782516305763883e-07
57 -3.4426556870027164e-07
58 -3.0471958738337847e-07
59 -3.7057049773762336e-07
60 -3.2193836444260344e-07
61 -3.1419697582995595e-07
62 -2.7935521133271324e-07
63 -3.3966602110913007e-07
64 -3.1659367258778526e-07
65 -3.0145121912873796e-07
66 -2.98179872543991e-07
67 -3.840884385443618e-07
68 -4.026585008502117e-07
69 -3.219404190952515e-07
70 -3.6833404614799627e-07
71 -3.1737121531613467e-07
72 -3.112394130719342e-07
73 -2.442977597111406e-07
74 -3.472021575200403e-07
75 -3.380441933423528e-07
76 -3.355075765051888e-07
77 -3.842471403705815e-07
78 -3.6448076050862915e-07
79 -3.46262851366889e-07
80 -3.051541620301541e-07
81 -3.415766736389447e-07
82 -4.738057099737001e-07
83 -3.4152749557533827e-07
84 -3.341505087978611e-07
85 -3.510602406303379e-07
86 -3.269043441195743e-07
87 -2.8191416106042783e-07
88 -2.594239006301267e-07
89 -3.463007155257904e-07
90 -3.3134237518459086e-07
91 -3.468055159235043e-07
92 -3.491725266573079e-07
93 -3.700038629978018e-07
94 -2.977958460277388e-07
95 -3.317189903921512e-07
96 -3.562517007994816e-07
97 -2.822287887322143e-07
98 -2.6792686697592654e-07
99 -3.40308963461864e-07
100 -3.31206449999726e-07
101 -3.0821284755461243e-07
102 -3.848587801306905e-07
103 -3.508464531627088e-07
104 -3.376247277863168e-07
105 -3.037360215051e-07
106 -3.5669698362975563e-07
107 -3.0530259098933754e-07
108 -3.735921621370765e-07
109 -2.806682084370764e-07
110 -3.0150197775519675e-07
111 -3.877169404894326e-07
112 -3.515072965197248e-07
113 -3.28743177022715e-07
114 -3.455067530903157e-07
115 -3.5409262157418955e-07
116 -3.426972302493412e-07
117 -2.8586062699631127e-07
118 -2.973341537871449e-07
119 -3.356961749678394e-07
120 -3.0335562705294036e-07
121 -3.588062099419711e-07
122 -3.8851358422484554e-07
123 -3.0994509867024404e-07
124 -3.936128820961161e-07
125 -3.1147827577524396e-07
126 -3.298787362709307e-07
127 -3.0118698391199013e-07
128 -3.918383404742658e-07
129 -3.954523300529229e-07
130 -3.5294945864639947e-07
131 -3.126640593418452e-07
132 -3.966710872574994e-07
133 -3.446606681400503e-07
134 -4.131467497569061e-07
135 -3.563528744169894e-07
136 -3.809230240697949e-07
137 -2.806123559978598e-07
138 -3.095172813057804e-07
139 -3.5062320769481105e-07
140 -3.4500747165165334e-07
141 -3.1085809045505037e-07
142 -3.322417503991415e-07
143 -3.031249171130919e-07
144 -3.73200097752745e-07
145 -3.38650226286228e-07
146 -4.02855235843738e-07
147 -3.7924937793695225e-07
148 -2.753614729630731e-07
149 -4.142778814398602e-07
150 -3.6818563370198904e-07
151 -3.6679140506164836e-07
152 -3.3203209024482577e-07
153 -2.8090330576519903e-07
154 -2.9359464192185314e-07
155 -3.2796218639701225e-07
156 -3.4013809972740263e-07
157 -3.2143656418005917e-07
158 -3.1326948090560826e-07
159 -3.292585738762448e-07
160 -3.6050218914012384e-07
161 -3.650001927138686e-07
162 -3.4924063073479534e-07
163 -3.3522391098441036e-07
164 -3.3895159589511733e-07
165 -3.2665564082848536e-07
166 -3.923886164441686e-07
167 -3.2905643817949497e-07
168 -3.36210319986656e-07
169 -3.125546168448247e-07
170 -2.53656362259884e-07
171 -3.980832471706486e-07
172 -3.7011791983250083e-07
173 -3.1658476847877206e-07
174 -3.72113961791173e-07
175 -3.417253909312364e-07
176 -3.434525669090001e-07
177 -3.453592219856365e-07
178 -4.0388650099440536e-07
179 -3.517468772787924e-07
180 -2.415198896595229e-07
181 -2.932026908540936e-07
182 -3.8503328833109085e-07
183 -3.790101257094793e-07
184 -3.302362959199574e-07
185 -3.2904117493400937e-07
186 -3.2273327048360826e-07
187 -3.4953824272099187e-07
188 -3.446114316003117e-07
189 -3.791506958496469e-07
190 -2.8989239940717104e-07
191 -3.346133959893677e-07
192 -3.3748026163919205e-07
193 -3.3451666349324393e-07
194 -3.9162273360621335e-07
195 -3.550812328924476e-07
196 -2.529956724621353e-07
197 -3.3631739191065364e-07
198 -3.5940761450066623e-07
199 -3.535315302535037e-07
200 -3.717280192432174e-07
201 -3.236055604934952e-07
202 -3.652497622420179e-07
203 -4.0233796500310275e-07
204 -3.3457748813845814e-07
205 -3.507804450325428e-07
206 -3.6376006765085514e-07
207 -3.071219536153881e-07
208 -3.734617646996195e-07
209 -3.3816432078295925e-07
210 -2.9889468399129356e-07
211 -3.224122033069673e-07
212 -3.5289022396899843e-07
213 -3.8787618763918656e-07
214 -3.776123598909497e-07
215 -3.8299010775670306e-07
216 -3.3813333988255604e-07
217 -3.4522392149588453e-07
218 -3.3643051454084924e-07
219 -5.025399421350177e-07
220 -3.3139422280994727e-07
221 -2.804030110209123e-07
222 -3.3471134482059267e-07
223 -3.707726197758342e-07
224 -2.9931342111564866e-07
225 -3.14039135579236e-07
226 -3.2275754441232754e-07
227 -2.9836819211529664e-07
228 -4.07392287878227e-07
229 -3.7787360342264025e-07
230 -3.522511536567863e-07
231 -3.2142161382037375e-07
232 -3.0342273830790196e-07
233 -3.1685851683369685e-07
234 -3.7347448517891764e-07
235 -2.7034546267672473e-07
236 -3.1155836255740025e-07
237 -3.148272067539114e-07
238 -3.938992929129621e-07
239 -3.873558470479377e-07
240 -3.7337950066825003e-07
241 -3.522325025233492e-07
242 -3.2307245687245496e-07
243 -4.189659840530199e-07
244 -3.3052883489718194e-07
245 -3.4433513005840804e-07
246 -3.937658811192808e-07
247 -3.3704957789918537e-07
248 -3.4107295260361784e-07
249 -3.7949930181399626e-07
250 -3.379597800098098e-07
251 -3.248202962231203e-07
252 -3.5572639306093583e-07
253 -3.122645242870911e-07
254 -3.3896481670770356e-07
255 -3.526548743038902e-07
256 -3.2508810899423994e-07
257 -3.5617795076444187e-07
258 -4.0492372170924546e-07
259 -3.6921450618401515e-07
260 -3.5192233022049027e-07
261 -3.1682464139771013e-07
262 -3.392044642147466e-07
263 -3.566926583032308e-07
264 -2.9974409283187283e-07
265 -3.028690399538874e-07
266 -3.3884486579688166e-07
267 -3.722488366024042e-07
268 -2.7105581107981866e-07
269 -2.8625794349259024e-07
270 -3.312613072436899e-07
271 -3.613229533646976e-07
272 -2.845758756923758e-07
273 -2.867085612205086e-07
274 -3.6843203344803415e-07
275 -2.58015873582421e-07
276 -3.085294107084735e-07
277 -3.3551387178155315e-07
278 -3.8014304335056967e-07
279 -3.9180718178567367e-07
280 -3.985732016166401e-07
281 -4.425576798223522e-07
282 -3.935213926065038e-07
283 -2.890733344120807e-07
284 -3.3941815601547755e-07
285 -3.113357216462074e-07
286 -3.3675452010366845e-07
287 -2.878119719913967e-07
288 -3.0854792618243167e-07
289 -3.330350880278008e-07
290 -3.5877759596342364e-07
291 -3.7230891554567986e-07
292 -3.171908489038971e-07
293 -3.620811800655725e-07
294 -3.048349912437893e-07
295 -2.8975130090593616e-07
296 -3.0043061298184787e-07
297 -3.5820800190403607e-07
298 -4.021701746848699e-07
299 -3.387645103523333e-07
