0 -4.213538685446494e-05
1 -4.055863091242856e-05
2 -4.132791722055164e-05
3 -4.2000765443323604e-05
4 -4.276541638004192e-05
5 -4.236382442150863e-05
6 -4.1311277532028756e-05
7 -4.2618550142248865e-05
8 -4.1186614822389264e-05
9 -4.193746152792725e-05
10 -4.139978892701853e-05
11 -4.023339154469397e-05
12 -4.194325393518343e-05
13 -4.158277117806544e-05
14 -4.152464555766612e-05
15 -4.253595495947658e-05
16 -4.226345891802409e-05
17 -4.0693801912709005e-05
18 -4.2210754265946384e-05
19 -4.122750496780836e-05
20 -4.1681672393741945e-05
21 -4.241883076000402e-05
22 -4.3139277417104915e-05
23 -4.343267521726758e-05
24 -4.171391928793409e-05
25 -4.0914299622377204e-05
26 -4.0665472548774536e-05
27 -4.1656185251414146e-05
28 -4.0536508128841554e-05
29 -3.9914657736858906e-05
30 -4.164438530680251e-05
31 -4.205349409922495e-05
32 -4.165008061457185e-05
33 -4.120920145192478e-05
34 -4.270311945378892e-05
35 -4.11277643308352e-05
36 -4.16300662596218e-05
37 -4.1199434556309295e-05
38 -4.260478508374026e-05
39 -4.116158479902847e-05
40 -4.007357820179949e-05
41 -4.1534738905330327e-05
42 -4.131076431650116e-05
43 -4.04434564528647e-05
44 -4.169271864791007e-05
45 -4.0679933317445804e-05
46 -4.1986105828959285e-05
47 -4.2840538924905675e-05
48 -4.133478853872957e-05
49 -4.243809621959313e-05
50 -4.27419061615028e-05
51 -4.1467890944946184e-05
52 -4.2118601546536276e-05
53 -4.2100906213525946e-05
54 -4.2411374702274983e-05
55 -4.105829159622038e-05
56 -4.121308935268357e-05
57 -4.1196418926260486e-05
58 -4.196150015907375e-05
59 -4.16612593124834e-05
60 -4.186091176013182e-05
61 -4.219666887144772e-05
62 -4.158254771223805e-05
63 -4.1452212027876114e-05
64 -4.08757240375701e-05
65 -4.2110894183262104e-05
66 -4.194091052434297e-05
67 -4.074125535121968e-05
68 -4.1784316502626894e-05
69 -4.0858491605710195e-05
70 -4.0857873863652405e-05
71 -4.106857637077986e-05
72 -4.1168233397255485e-05
73 -4.2156428157366136e-05
74 -4.226750642446252e-05
75 -4.206904606126639e-05
76 -4.2221285410461915e-05
77 -4.2044052607498076e-05
78 -4.1897996681630676e-05
79 -4.162213585787109e-05
80 -4.113383650910891e-05
81 -4.146240889974149e-05
82 -4.12974659675448e-05
83 -4.153416896711207e-05
84 -4.1323664169019726e-05
85 -4.2210801707210896e-05
86 -4.116670799433618e-05
87 -4.0878661591161775e-05
88 -4.1332553544196825e-05
89 -4.2516581421770204e-05
90 -4.176793327532876e-05
91 -4.197781976823434e-05
92 -4.210385882426804e-05
93 -4.2025573096108586e-05
94 -4.17990212083589e-05
95 -4.167080535562954e-05
96 -4.193858249348895e-05
97 -4.129167416426711e-05
98 -4.256900252393641e-05
99 -4.071392566210687e-05
100 -4.116043195757066e-05
101 -4.156545561321195e-05
102 -4.161643348816692e-05
103 -4.310957890452468e-05
104 -4.089035155347274e-05
105 -4.125565746683565e-05
106 -4.02375443989748e-05
107 -4.1043325370867374e-05
108 -4.110769013211832e-05
109 -4.066614334987088e-05
110 -4.16004991821331e-05
111 -4.196332237338941e-05
112 -4.014036384412613e-05
113 -4.184771015356613e-05
114 -4.278979842467658e-05
115 -4.19198796109437e-05
116 -4.179171131090931e-05
117 -4.250148140698944e-05
118 -4.1876455842791726e-05
119 -4.178848115013958e-05
120 -4.3284758629954525e-05
121 -4.1802013253287056e-05
122 -4.0790247424836676e-05
123 -4.153408549147545e-05
124 -4.044626960817075e-05
125 -4.1415392039950324e-05
126 -4.1070875269206964e-05
127 -4.0549636261029575e-05
128 -4.103111529854561e-05
129 -4.113524684712114e-05
130 -4.1714546756590416e-05
131 -4.197320846999191e-05
132 -4.259879311616036e-05
133 -4.0497307586030595e-05
134 -4.194488995011775e-05
135 -4.201030371348156e-05
136 -4.1625487807825535e-05
137 -4.1198094950985755e-05
138 -4.119187184969891e-05
139 -4.1582847979642446e-05
140 -4.0626403674253984e-05
141 -4.117854254138721e-05
142 -4.178407367153406e-05
143 -4.3610029095765515e-05
144 -4.355938702292691e-05
145 -4.3234763002902355e-05
146 -4.242209063224138e-05
147 -4.16851652852621e-05
148 -4.210309129197629e-05
149 -4.2100611205488016e-05
150 -4.380312091302095e-05
151 -4.1403376773328834e-05
152 -4.1135498426369735e-05
153 -4.2399078245743054e-05
154 -4.111849670847955e-05
155 -4.14706274412363e-05
156 -4.210209422852572e-05
157 -4.1563769720861296e-05
158 -4.079348823258797e-05
159 -4.241662591775164e-05
160 -4.033714147449806e-05
161 -4.2869350090156896e-05
162 -4.295984225685174e-05
163 -4.164855520120903e-05
164 -4.1737315458832955e-05
165 -4.056536087477407e-05
166 -4.10518598399345e-05
167 -4.1314334710036276e-05
168 -4.0950231557947797e-05
169 -4.231470063521659e-05
170 -4.191357629516813e-05
171 -4.223920127850883e-05
172 -4.298745468202116e-05
173 -4.122032832738951e-05
174 -4.084194553843164e-05
175 -4.247543680318834e-05
176 -4.113848636502445e-05
177 -4.0633778055456335e-05
178 -4.060425563340726e-05
179 -4.189437126012943e-05
180 -4.18943271118692e-05
181 -4.106305210035834e-05
182 -4.09832947655048e-05
183 -4.080235228147383e-05
184 -4.2875329685119915e-05
185 -4.22112197745845e-05
186 -4.1987683317303236e-05
187 -4.0903577002632676e-05
188 -4.1703598717886314e-05
189 -4.276848451281045e-05
190 -4.2699969717704904e-05
191 -4.09102333590856e-05
192 -4.113080187907791e-05
193 -4.197933190541451e-05
194 -4.207301626763178e-05
195 -4.086652003690768e-05
196 -4.1899124069054265e-05
197 -4.26553285781543e-05
198 -4.2304289963559904e-05
199 -4.2060777172685596e-05
200 -4.203933604698177e-05
201 -4.314566622262404e-05
202 -4.188179862504699e-05
203 -4.219218850666505e-05
204 -4.137093103272242e-05
205 -4.217885893047405e-05
206 -4.257704107026822e-05
207 -4.268887325976319e-05
208 -4.152898349641185e-05
209 -4.1397175537231584e-05
210 -4.12999634110889e-05
211 -4.1733696975511635e-05
212 -4.160232497088972e-05
213 -4.137420430393862e-05
214 -4.230979784189913e-05
215 -4.323214973991658e-05
216 -4.204243952830501e-05
217 -4.068379078607166e-05
218 -4.1077693079057246e-05
219 -4.2066530369270556e-05
220 -4.114139782875411e-05
221 -4.198860915895294e-05
222 -4.1045416270321636e-05
223 -4.109813822036685e-05
224 -4.16419683195559e-05
225 -4.102799464800508e-05
226 -4.130631509987075e-05
227 -4.2005115725057204e-05
228 -4.019837238546029e-05
229 -4.089999052164902e-05
230 -4.155289553921762e-05
231 -4.190763018377666e-05
232 -4.240877634828331e-05
233 -4.26949992327776e-05
234 -4.1342627749589e-05
235 -3.9935385780890085e-05
236 -4.12584583061483e-05
237 -4.161033638770241e-05
238 -4.200630075251478e-05
239 -4.207214121214748e-05
240 -4.122309343469851e-05
241 -4.279049905391861e-05
242 -4.139817146813097e-05
243 -4.12495205351777e-05
244 -4.203451195722132e-05
245 -4.205002490915384e-05
246 -4.079992612454959e-05
247 -4.3149306001926675e-05
248 -4.087749432461045e-05
249 -4.201439461754225e-05
250 -4.133972002883582e-05
251 -3.99502787678358e-05
252 -4.113102395986728e-05
253 -4.1115036505414314e-05
254 -4.254826203813688e-05
255 -4.2048720975456306e-05
256 -4.1368831913806155e-05
257 -4.1570062528107126e-05
258 -4.050739679312129e-05
259 -4.2046731937922764e-05
260 -4.154147806447627e-05
261 -4.1315231842756154e-05
262 -4.087377713715103e-05
263 -4.0146247546964255e-05
264 -4.1862806863984656e-05
265 -4.1902758466459804e-05
266 -4.170783137450606e-05
267 -4.234391070744888e-05
268 -4.27282228450777e-05
269 -4.1543572112467114e-05
270 -4.151635341115632e-05
271 -4.139916463345231e-05
272 -4.1249339899749545e-05
273 -4.196121098160032e-05
274 -4.19895577197758e-05
275 -4.087397444380906e-05
276 -4.243664286749325e-05
277 -4.2350978046361706e-05
278 -4.3394241468617865e-05
279 -4.1621684246205906e-05
280 -4.152015634847249e-05
281 -4.191133400512825e-05
282 -4.261875110924556e-05
283 -4.211123540903724e-05
284 -4.061712842916316e-05
285 -4.2874857754241966e-05
286 -4.216299981854395e-05
287 -4.149612734057745e-05
288 -4.1896282010083986e-05
289 -4.134281798769872e-05
290 -4.304357808104638e-05
291 -4.08930709044769e-05
292 -4.2827965030382375e-05
293 -4.156671799067662e-05
294 -4.146414537688845e-05
295 -4.0724906372705505e-05
296 -4.0252013763997734e-05
297 -4.172062991561154e-05
298 -4.177878476816027e-05
299 -4.1316064072502236e-05
