0 -1.254705384153452e-05
1 -1.3543211087864773e-05
2 -1.3288143154096128e-05
3 -1.2380147882759725e-05
4 -1.2670651442251705e-05
5 -1.293535654293922e-05
6 -1.309823520222265e-05
7 -1.1545348082331053e-05
8 -1.3254792464062176e-05
9 -1.2816508039882264e-05
10 -1.2975681856744297e-05
11 -1.2712255460470924e-05
12 -1.2905142213915968e-05
13 -1.196834261871091e-05
14 -1.2778296911927748e-05
15 -1.2558173407531457e-05
16 -1.2022318703509068e-05
17 -1.2404156856000245e-05
18 -1.2386728383926236e-05
19 -1.2044722192877104e-05
20 -1.253009778785865e-05
21 -1.2110586085847108e-05
22 -1.1552346963030064e-05
23 -1.1860624848342554e-05
24 -1.1697293372288695e-05
25 -1.3457481047268246e-05
26 -1.305777120247763e-05
27 -1.2651495367191724e-05
28 -1.3052105114259448e-05
29 -1.2774090617043303e-05
30 -1.2525415072381803e-05
31 -1.2643903803657628e-05
32 -1.260937342423015e-05
33 -1.2840757231578332e-05
34 -1.2191586292520615e-05
35 -1.2862939448678462e-05
36 -1.3092026483161507e-05
37 -1.2763320361483882e-05
38 -1.2252993722989341e-05
39 -1.3566107774476272e-05
40 -1.3037451172464545e-05
41 -1.2528148275662754e-05
42 -1.2377798798353337e-05
43 -1.3506971181393172e-05
44 -1.2853913019541004e-05
45 -1.3224601168335499e-05
46 -1.2838354497827792e-05
47 -1.181378564153626e-05
48 -1.2299691380012333e-05
49 -1.2374470387456666e-05
50 -1.161550674431418e-05
51 -1.2050883571969305e-05
52 -1.2949721372663954e-05
53 -1.1774934261001564e-05
54 -1.2092856507153317e-05
55 -1.2067174310795781e-05
56 -1.3023892275269064e-05
57 -1.2097043416624113e-05
58 -1.174211114587134e-05
59 -1.2538072762620449e-05
60 -1.2082396265550691e-05
61 -1.2230412700744723e-05
62 -1.354580357652582e-05
63 -1.2415878588733949e-05
64 -1.308584881044653e-05
65 -1.2510455255641935e-05
66 -1.249486470766681e-05
67 -1.3060879945780458e-05
68 -1.2067419386965302e-05
69 -1.3248489171162275e-05
70 -1.3118759113541365e-05
71 -1.3045131794949098e-05
72 -1.2877661800115174e-05
73 -1.2479772059909375e-05
74 -1.1796878965012477e-05
75 -1.2092881256465277e-05
76 -1.2196030392563364e-05
77 -1.2720515070866716e-05
78 -1.3133636650155557e-05
79 -1.2294863398732756e-05
80 -1.2982050581807486e-05
81 -1.2356429717845175e-05
82 -1.271993290529425e-05
83 -1.3028794004895234e-05
84 -1.3672203007719175e-05
85 -1.2868244276756273e-05
86 -1.3088510815923964e-05
87 -1.2617953015610123e-05
88 -1.2539605547989552e-05
89 -1.1682162009919334e-05
90 -1.2407002973536566e-05
91 -1.296823117403253e-05
92 -1.2661453758544588e-05
93 -1.1919216412003578e-05
94 -1.2753911492048754e-05
95 -1.3744930706750988e-05
96 -1.2742270334609657e-05
97 -1.2565379120480112e-05
98 -1.2566731066619954e-05
99 -1.3915224941363269e-05
100 -1.2661962233386826e-05
101 -1.2857566743070516e-05
102 -1.256377023181336e-05
103 -1.214806498381614e-05
104 -1.2511180003416985e-05
105 -1.2411609370951846e-05
106 -1.3442461281066729e-05
107 -1.2889046156231879e-05
108 -1.3218705649434057e-05
109 -1.3384215079065405e-05
110 -1.294141974202527e-05
111 -1.3020986049908362e-05
112 -1.3767210087520279e-05
113 -1.2116143821884232e-05
114 -1.2263774935463737e-05
115 -1.2744644551357151e-05
116 -1.26705333132326e-05
117 -1.2044326576684144e-05
118 -1.3311192787981338e-05
119 -1.2607873760289053e-05
120 -1.2402032087347013e-05
121 -1.2733424861070067e-05
122 -1.2743763043723084e-05
123 -1.2450971842705602e-05
124 -1.3192121130714517e-05
125 -1.3226659461794712e-05
126 -1.2740003558438695e-05
127 -1.3893239785502659e-05
128 -1.2488109581588054e-05
129 -1.3431215485264134e-05
130 -1.327845401146954e-05
131 -1.213180740037842e-05
132 -1.1756474439960797e-05
133 -1.3083604265008932e-05
134 -1.2609581119431912e-05
135 -1.2541850635438787e-05
136 -1.3177179026773335e-05
137 -1.314801755712104e-05
138 -1.341119142497047e-05
139 -1.2717910673757328e-05
140 -1.2209228193045029e-05
141 -1.2645149823898928e-05
142 -1.1414515905528502e-05
143 -1.2496552520794286e-05
144 -1.2235420229805962e-05
145 -1.1625610581663476e-05
146 -1.2716189768571432e-05
147 -1.2737684371591082e-05
148 -1.2457410320659709e-05
149 -1.2200217171100161e-05
150 -1.1241590476308758e-05
151 -1.2196058275821956e-05
152 -1.3412424756532398e-05
153 -1.2343489758290276e-05
154 -1.3949129613997076e-05
155 -1.1885289766659901e-05
156 -1.174194969367154e-05
157 -1.2617300473072565e-05
158 -1.3460133753491969e-05
159 -1.2048340372035203e-05
160 -1.2764606531815341e-05
161 -1.2434220163481714e-05
162 -1.1716148226467224e-05
163 -1.3295625228170314e-05
164 -1.3065302127627262e-05
165 -1.3743431814135737e-05
166 -1.3095707253733349e-05
167 -1.2837066260603294e-05
168 -1.310913113913236e-05
169 -1.3700669395187546e-05
170 -1.3705585717499001e-05
171 -1.3475988148221833e-05
172 -1.2238857707499536e-05
173 -1.2427815931394514e-05
174 -1.2337958701905161e-05
175 -1.2167486654493546e-05
176 -1.3383200473809657e-05
177 -1.302710481645396e-05
178 -1.401095487979074e-05
179 -1.299650123088536e-05
180 -1.328808610080424e-05
181 -1.2407837694645142e-05
182 -1.3097553114479526e-05
183 -1.1648839107751635e-05
184 -1.1496832394446055e-05
185 -1.2284684792327516e-05
186 -1.3152355601657379e-05
187 -1.2811049558302152e-05
188 -1.3247231789134317e-05
189 -1.2602589261977487e-05
190 -1.1395192690974286e-05
191 -1.3063241314785019e-05
192 -1.277775184721606e-05
193 -1.3607944784323526e-05
194 -1.2086712090587011e-05
195 -1.3483549510613022e-05
196 -1.3863570493552234e-05
197 -1.2435192677887815e-05
198 -1.2181630532945867e-05
199 -1.2392162806715904e-05
200 -1.2798232785919332e-05
201 -1.1803998454165931e-05
202 -1.2505862561907531e-05
203 -1.3429093162241466e-05
204 -1.260168162120926e-05
205 -1.2296016125112742e-05
206 -1.3343348497989905e-05
207 -1.1928815666452668e-05
208 -1.1806738449519046e-05
209 -1.244203799314041e-05
210 -1.3702402642550756e-05
211 -1.2381703425692166e-05
212 -1.1953923803573498e-05
213 -1.2663154617441132e-05
214 -1.1168076864421953e-05
215 -1.1436120614353656e-05
216 -1.2230656421943872e-05
217 -1.336590293841815e-05
218 -1.3784920885168794e-05
219 -1.1842633844428473e-05
220 -1.3509991738510596e-05
221 -1.2277381081833783e-05
222 -1.3198138370240138e-05
223 -1.3123829776850615e-05
224 -1.2416770438549991e-05
225 -1.2913495419172464e-05
226 -1.2989511001808625e-05
227 -1.235822459254459e-05
228 -1.419310595771278e-05
229 -1.2610161278676938e-05
230 -1.2104384332042789e-05
231 -1.2257076880757956e-05
232 -1.19137601695958e-05
233 -1.1997146445150666e-05
234 -1.212977839184026e-05
235 -1.3951393954072615e-05
236 -1.3179168780155266e-05
237 -1.3637605295384643e-05
238 -1.2241420830192612e-05
239 -1.274347539702358e-05
240 -1.300930198515716e-05
241 -1.226334815747827e-05
242 -1.3788743301311095e-05
243 -1.2519969926627672e-05
244 -1.1988169331178036e-05
245 -1.2185312432174014e-05
246 -1.3219472176894658e-05
247 -1.1945304737031928e-05
248 -1.3667205126705355e-05
249 -1.1940331416753474e-05
250 -1.2470219796181483e-05
251 -1.3548566088948097e-05
252 -1.3474349541472677e-05
253 -1.2704435235058672e-05
254 -1.2716364006993428e-05
255 -1.1495552884885934e-05
256 -1.3113036461601148e-05
257 -1.1780725726277634e-05
258 -1.3239071079302212e-05
259 -1.2173221486663178e-05
260 -1.2829993222785842e-05
261 -1.2427572667898741e-05
262 -1.3636706025282982e-05
263 -1.2905293940946608e-05
264 -1.2358680920572127e-05
265 -1.2601843455317283e-05
266 -1.3008796337047658e-05
267 -1.2503811472255053e-05
268 -1.2579862468748181e-05
269 -1.3334321940378754e-05
270 -1.3011119099609174e-05
271 -1.2650815512104656e-05
272 -1.2785903680594768e-05
273 -1.3218649937157432e-05
274 -1.2784951024893571e-05
275 -1.2726836346403544e-05
276 -1.2440637643010085e-05
277 -1.1556377656221524e-05
278 -1.1441698242344848e-05
279 -1.1656896048792136e-05
280 -1.2608928169591723e-05
281 -1.16129073154965e-05
282 -1.2203555816244294e-05
283 -1.2714872386417829e-05
284 -1.369646515577444e-05
285 -1.2291027543686817e-05
286 -1.2290966464825139e-05
287 -1.2172998093921191e-05
288 -1.2326621756488102e-05
289 -1.3445910193071066e-05
290 -1.2105649997036743e-05
291 -1.3584339378690277e-05
292 -1.1276249277725042e-05
293 -1.2555754290040155e-05
294 -1.3689748422103568e-05
295 -1.342929640805562e-05
296 -1.3967280779366756e-05
297 -1.20055849526094e-05
298 -1.221592342203553e-05
299 -1.284363523190293e-05
