0 -1.1981850778526292e-05
1 -9.89063977332202e-06
2 -1.104036155308539e-05
3 -1.2806161502797375e-05
4 -9.533746367987381e-06
5 -1.1276305189922808e-05
6 -1.2916629412033746e-05
7 -1.3141950662644297e-05
8 -1.2953650545003454e-05
9 -1.3526284089505835e-05
10 -1.2042269488588142e-05
11 -1.1221763555998876e-05
12 -1.328115907688565e-05
13 -9.775278843912474e-06
14 -1.0077032206538833e-05
15 -1.3121603283590725e-05
16 -1.3313095690827337e-05
17 -1.1371427177763862e-05
18 -1.2517036494715628e-05
19 -9.207864021990507e-06
20 -1.1461537180150086e-05
21 -8.806629614724828e-06
22 -1.2727105082615105e-05
23 -1.0238551708669868e-05
24 -1.2054154081748246e-05
25 -1.11313437361525e-05
26 -1.146171725016451e-05
27 -1.1463141158438723e-05
28 -1.2362240792968299e-05
29 -1.1033814126606697e-05
30 -1.3781446201491195e-05
31 -1.2904050094095535e-05
32 -1.2620902619942664e-05
33 -1.0687313682307012e-05
34 -1.0390205199576263e-05
35 -1.433559443544354e-05
36 -1.1799695692313632e-05
37 -9.145723632692704e-06
38 -9.411213995646526e-06
39 -1.1702925355079989e-05
40 -1.1866427862946573e-05
41 -1.0097882277927691e-05
42 -9.118257394658164e-06
43 -1.1205407216159818e-05
44 -9.282478926632558e-06
45 -1.3828976300194106e-05
46 -9.472559293725684e-06
47 -1.1195299529965593e-05
48 -9.616769743804621e-06
49 -9.773630879604813e-06
50 -1.1029523423568281e-05
51 -1.2895257672283658e-05
52 -1.1424787544968761e-05
53 -1.0766142455483636e-05
54 -1.080011069376143e-05
55 -1.0639565758903817e-05
56 -8.89911587029651e-06
57 -1.4105993520404062e-05
58 -8.301697602526957e-06
59 -8.476863043086346e-06
60 -1.3150920875917638e-05
61 -1.3072822306683286e-05
62 -1.330428156550529e-05
63 -9.830220816847965e-06
64 -1.4558322445208966e-05
65 -1.1531284586318917e-05
66 -1.1404725108923088e-05
67 -1.0305369589030369e-05
68 -1.0337151445913979e-05
69 -9.466463539332031e-06
70 -9.844110086886283e-06
71 -1.0556342215343345e-05
72 -1.2939361439416416e-05
73 -1.2739598160513188e-05
74 -1.196026236562218e-05
75 -1.2930391848890609e-05
76 -8.89919118589496e-06
77 -1.242628198497795e-05
78 -1.0021320162737602e-05
79 -1.3396999449734496e-05
80 -1.0912983098632972e-05
81 -1.1825131419296084e-05
82 -1.205144786762849e-05
83 -7.854887380804555e-06
84 -1.2363804898913311e-05
85 -1.1379660483324277e-05
86 -1.2425193888383568e-05
87 -1.2228331913082744e-05
88 -1.1983781820323622e-05
89 -1.2490334703726322e-05
90 -9.929650318851229e-06
91 -1.1497727193230196e-05
92 -1.107562229264445e-05
93 -1.3019193636796796e-05
94 -1.1808295651969621e-05
95 -1.0239586705475674e-05
96 -1.455574366879476e-05
97 -1.1178120668228067e-05
98 -1.062767029347777e-05
99 -1.0890803270279303e-05
100 -1.1115307147164284e-05
101 -1.0176474596621196e-05
102 -1.2646493989228372e-05
103 -1.2613208991200713e-05
104 -1.2206791612141168e-05
105 -1.210494031882804e-05
106 -9.817602161405612e-06
107 -1.1444327437560584e-05
108 -1.1134323460180653e-05
109 -1.0588977517871734e-05
110 -1.262755234230533e-05
111 -1.1411312079112857e-05
112 -6.488392984218779e-06
113 -1.3010263296848975e-05
114 -1.1355716150453413e-05
115 -1.1929950189363218e-05
116 -9.675340191589832e-06
117 -1.0583875452093997e-05
118 -1.2880333387299938e-05
119 -1.1844268592325371e-05
120 -9.812203808897448e-06
121 -9.84636117303016e-06
122 -1.1239877076544474e-05
123 -1.055943733578527e-05
124 -7.872620294955722e-06
125 -9.483812072634502e-06
126 -1.0032983783362387e-05
127 -1.071509523591478e-05
128 -9.819839237088285e-06
129 -8.93114929408598e-06
130 -1.1786829415442494e-05
131 -8.670033695907084e-06
132 -1.3079838443294161e-05
133 -1.3189253387967205e-05
134 -1.2463000908335574e-05
135 -1.0473794789588413e-05
136 -1.1939401526136142e-05
137 -1.0684660252219112e-05
138 -1.0264677302085546e-05
139 -9.37093671165644e-06
140 -1.173035781638406e-05
141 -1.320988832999786e-05
142 -1.227718876652679e-05
143 -1.2383918318249305e-05
144 -1.0596626061263314e-05
145 -1.0190662818427587e-05
146 -1.504696932221038e-05
147 -9.91549728355663e-06
148 -1.0423174841126906e-05
149 -1.0552943722923004e-05
150 -9.065738020711332e-06
151 -1.1278340267123346e-05
152 -1.1276125673491531e-05
153 -1.092199059174623e-05
154 -1.0513187558894128e-05
155 -9.114666929724913e-06
156 -1.056081210137893e-05
157 -1.20919757846861e-05
158 -1.0858207970728277e-05
159 -1.0125634018764363e-05
160 -1.0378251411479815e-05
161 -9.675503347245977e-06
162 -1.3314092109328042e-05
163 -1.0608581059529621e-05
164 -8.202059833922998e-06
165 -9.736179003685775e-06
166 -1.0801556493690395e-05
167 -1.0451263806015002e-05
168 -1.3130054826779977e-05
169 -1.140754971910566e-05
170 -9.964450125480048e-06
171 -1.1044873726291383e-05
172 -1.102113595942999e-05
173 -1.0671951937130752e-05
174 -8.917178342063368e-06
175 -9.64121730829008e-06
176 -1.159835918244141e-05
177 -1.1769814528695354e-05
178 -1.1672661709847167e-05
179 -1.158755352219346e-05
180 -9.826942156363421e-06
181 -9.521024389900582e-06
182 -1.1797329195366773e-05
183 -1.2049449276750007e-05
184 -9.999675348267906e-06
185 -1.1983568972788633e-05
186 -9.302215623067444e-06
187 -1.1537589416548143e-05
188 -1.135306565225491e-05
189 -9.65097428398092e-06
190 -1.2072645287120967e-05
191 -1.3343162390647788e-05
192 -1.2678590842868932e-05
193 -1.1979265420776214e-05
194 -1.041029243297934e-05
195 -1.2097234358641112e-05
196 -1.3503723315282108e-05
197 -9.658756868239031e-06
198 -1.1036794496785846e-05
199 -9.700804380574002e-06
200 -1.2276420283810608e-05
201 -1.2734961711285817e-05
202 -1.1574627686495553e-05
203 -8.826009580704853e-06
204 -1.0161667818705397e-05
205 -1.0384591222807427e-05
206 -1.211850645230955e-05
207 -1.0115352551552473e-05
208 -1.0711749671833434e-05
209 -1.024977842385953e-05
210 -1.208447258266839e-05
211 -1.3139676854284201e-05
212 -9.092489689345538e-06
213 -1.0545702702007063e-05
214 -1.269009606143703e-05
215 -1.1673215864631617e-05
216 -9.845844239040696e-06
217 -1.1262576805857326e-05
218 -1.0035602277917432e-05
219 -8.229485607169773e-06
220 -9.366113761677424e-06
221 -1.0809281870261082e-05
222 -1.1259173098813151e-05
223 -1.0215337352603153e-05
224 -1.250476252686645e-05
225 -8.988532176763578e-06
226 -1.2046445417217893e-05
227 -1.0361972023557135e-05
228 -1.1757299039359421e-05
229 -1.0624530119342365e-05
230 -1.0807260659926913e-05
231 -1.3041174853592613e-05
232 -1.0760239339063813e-05
233 -1.0750674910192905e-05
234 -9.418282326993244e-06
235 -1.1009958213315939e-05
236 -1.1229499213692274e-05
237 -1.2020172921631609e-05
238 -1.1382164833930692e-05
239 -1.1271668463136448e-05
240 -1.2533703499351477e-05
241 -1.0070086328810684e-05
242 -1.3665342011440152e-05
243 -1.0896180832954361e-05
244 -1.0213617581161938e-05
245 -1.4166308633619309e-05
246 -1.1507442138213204e-05
247 -1.3179071314462697e-05
248 -1.1283616188118567e-05
249 -1.1308717909237943e-05
250 -1.1300691759957661e-05
251 -1.0949826404224772e-05
252 -9.700388856930133e-06
253 -1.1036114989222685e-05
254 -8.958365475286815e-06
255 -1.1343688855609064e-05
256 -9.895224420386421e-06
257 -1.16872086205144e-05
258 -1.0601328256396885e-05
259 -1.2124153974981853e-05
260 -9.47612849938738e-06
261 -1.2494130981105854e-05
262 -1.2894306716635897e-05
263 -9.937747521721103e-06
264 -1.1238785840057e-05
265 -1.1306054493275772e-05
266 -1.168157582497157e-05
267 -1.2557206622821902e-05
268 -9.809964127058802e-06
269 -1.044313854300769e-05
270 -1.025892014264397e-05
271 -1.0828025574198944e-05
272 -1.0171209259087422e-05
273 -1.0295279841559939e-05
274 -1.3563905520285957e-05
275 -1.2781863801343371e-05
276 -1.1872641403894343e-05
277 -1.1738155916626291e-05
278 -1.1671436692636984e-05
279 -1.329572206514974e-05
280 -9.837722579479885e-06
281 -9.331380412844957e-06
282 -9.76529213475567e-06
283 -9.978324388775705e-06
284 -1.3880573788442821e-05
285 -8.42811926843131e-06
286 -1.2996322112130933e-05
287 -1.2127616582113252e-05
288 -1.3012836057979568e-05
289 -1.1081446724393448e-05
290 -9.981237091927085e-06
291 -1.271406348854341e-05
292 -1.2247869112193705e-05
293 -1.2071661023419614e-05
294 -1.1598973507979524e-05
295 -1.2881992350679307e-05
296 -1.0070335901110404e-05
297 -9.676926556708796e-06
298 -1.0659827063889318e-05
299 -1.372311007837224e-05
