0 -3.807055809741728e-06
1 -3.367015265269077e-06
2 -3.637078490748125e-06
3 -4.149239587822902e-06
4 -3.1306021614296234e-06
5 -3.380890108320499e-06
6 -4.069916011745956e-06
7 -4.164396000746688e-06
8 -4.071902099410342e-06
9 -3.3653893837892955e-06
10 -3.78233914440114e-06
11 -3.4809322632777563e-06
12 -4.201515561389438e-06
13 -3.444396014328514e-06
14 -3.0315478993548745e-06
15 -3.945013877892023e-06
16 -3.7998306800633415e-06
17 -3.598674339583241e-06
18 -3.722070199977061e-06
19 -3.2181452232443724e-06
20 -3.80639168904938e-06
21 -2.9727310779525405e-06
22 -4.071281277508634e-06
23 -3.839101719519411e-06
24 -3.7712831300407836e-06
25 -3.58526512048017e-06
26 -3.7288913865531365e-06
27 -3.886533696859452e-06
28 -3.743858216783959e-06
29 -2.9447280774333057e-06
30 -4.099067557644089e-06
31 -3.785484975858949e-06
32 -3.6153370361218466e-06
33 -3.2083664522794674e-06
34 -3.48395618459962e-06
35 -4.24274154483373e-06
36 -3.451677133719009e-06
37 -3.132280972999355e-06
38 -3.3741384165290005e-06
39 -3.813325803841798e-06
40 -3.7268136552143753e-06
41 -3.5101035639753203e-06
42 -3.2918394249789895e-06
43 -3.7986529177266127e-06
44 -3.12473641571206e-06
45 -4.277771840153872e-06
46 -3.3831958751245554e-06
47 -3.4637877650088805e-06
48 -2.999277377152584e-06
49 -2.988625295921199e-06
50 -3.928227425803793e-06
51 -3.999650394179023e-06
52 -3.361180261608458e-06
53 -3.727773518396428e-06
54 -3.4268952502631614e-06
55 -3.50233798016383e-06
56 -2.7449686182640247e-06
57 -4.09163446148569e-06
58 -3.081237592547728e-06
59 -2.9367529194030932e-06
60 -4.2629545288769695e-06
61 -3.524121307092059e-06
62 -3.844966946711421e-06
63 -3.550439112532147e-06
64 -3.97251661986083e-06
65 -3.524419686123938e-06
66 -3.970414606915515e-06
67 -3.0303020464733974e-06
68 -3.699777895076497e-06
69 -3.333261338485139e-06
70 -2.978524017679235e-06
71 -3.5402859379963872e-06
72 -4.176171614217515e-06
73 -3.766508685643005e-06
74 -3.958378828736056e-06
75 -4.046537773861633e-06
76 -3.379447489137169e-06
77 -4.26847713826583e-06
78 -3.154293789490087e-06
79 -3.7531347786070866e-06
80 -3.7421444062413583e-06
81 -3.868591684077189e-06
82 -3.6730522779021308e-06
83 -2.9585465856696647e-06
84 -4.218946407255014e-06
85 -3.5522247064750335e-06
86 -4.1151621287358496e-06
87 -3.406095506138338e-06
88 -3.401775463810523e-06
89 -4.197500852095727e-06
90 -3.456329087764182e-06
91 -3.683751776840509e-06
92 -3.309090998173252e-06
93 -4.057062614852924e-06
94 -3.88723740121311e-06
95 -3.4531039359622646e-06
96 -4.277584612561591e-06
97 -3.6985904189031436e-06
98 -3.430662680780318e-06
99 -3.377960583051177e-06
100 -3.2576062562259157e-06
101 -3.30378348466162e-06
102 -3.951092067004833e-06
103 -3.9797251749059376e-06
104 -3.4541340227500825e-06
105 -3.462461486353148e-06
106 -2.8818552337104053e-06
107 -3.5391004439456227e-06
108 -3.5397199293962233e-06
109 -3.461837298620065e-06
110 -3.872149023836351e-06
111 -3.666198870473724e-06
112 -2.4394355184698002e-06
113 -3.7317487187495036e-06
114 -3.4675320310594106e-06
115 -3.3423710891372105e-06
116 -3.55431564508016e-06
117 -3.3505957456789213e-06
118 -4.029899537943063e-06
119 -3.6707704645232843e-06
120 -3.445264053790859e-06
121 -3.265356485633064e-06
122 -3.2460650138698433e-06
123 -3.276287805719249e-06
124 -2.9884868186082125e-06
125 -3.264548384253128e-06
126 -2.833180899260872e-06
127 -3.935020302405369e-06
128 -3.122835928087909e-06
129 -3.0325413730026764e-06
130 -3.784033360340901e-06
131 -3.12132160280982e-06
132 -4.048151434111819e-06
133 -4.341507169713356e-06
134 -3.44437457508347e-06
135 -3.5795647305126313e-06
136 -3.1746412901184505e-06
137 -3.7056750438814692e-06
138 -2.8844039650395426e-06
139 -2.9509327652011607e-06
140 -3.558524668727197e-06
141 -4.079546834096405e-06
142 -3.900435554836402e-06
143 -3.914664666331915e-06
144 -3.535613148181398e-06
145 -3.5217489306034537e-06
146 -4.383634140703578e-06
147 -3.012369707128904e-06
148 -3.100170029202728e-06
149 -3.3248868264863866e-06
150 -3.177542898834954e-06
151 -3.5515045853007024e-06
152 -3.516826068717506e-06
153 -3.534336534476834e-06
154 -3.5560290993523794e-06
155 -3.4099978955106085e-06
156 -3.1851869109726765e-06
157 -3.3133792751700976e-06
158 -3.025197348796379e-06
159 -3.5797568421650337e-06
160 -3.2443568708999834e-06
161 -3.416356311356572e-06
162 -4.449336596314454e-06
163 -3.549820569450872e-06
164 -3.0548768707895316e-06
165 -3.1445460580115795e-06
166 -3.166924326841878e-06
167 -2.974074874642487e-06
168 -3.7561531899329433e-06
169 -3.6407036435392177e-06
170 -3.5730833887182916e-06
171 -3.3120641684213714e-06
172 -3.386833219247101e-06
173 -3.478376801366255e-06
174 -2.9877387557508014e-06
175 -3.4310524701228556e-06
176 -3.411131136479962e-06
177 -4.329156617096717e-06
178 -3.6241042575388305e-06
179 -3.55936954778786e-06
180 -2.9862636497234837e-06
181 -3.3186433845407964e-06
182 -3.264049061160228e-06
183 -3.5962059682369897e-06
184 -3.1113682725296803e-06
185 -4.19564045328782e-06
186 -3.158868353824186e-06
187 -3.6893439058506992e-06
188 -3.7056883194220024e-06
189 -3.599257703321985e-06
190 -3.9225818932802805e-06
191 -4.186194336044801e-06
192 -4.221092436068786e-06
193 -3.6103324562396197e-06
194 -3.4469447859031405e-06
195 -3.923367902636247e-06
196 -4.216696352357003e-06
197 -2.9870593317770758e-06
198 -3.947831749057113e-06
199 -3.1444899904731484e-06
200 -3.884907800267916e-06
201 -4.144280738780637e-06
202 -3.480444086338932e-06
203 -3.223927918349846e-06
204 -3.529070706299959e-06
205 -3.4987975440236414e-06
206 -3.9116920317602914e-06
207 -3.822804622164273e-06
208 -3.306545560288246e-06
209 -3.186232057792629e-06
210 -3.5267394258467172e-06
211 -3.973746581762996e-06
212 -3.2936539493236725e-06
213 -3.3387176400712032e-06
214 -4.279790615123212e-06
215 -3.5270127396980932e-06
216 -3.4536194635506915e-06
217 -3.3438852370195737e-06
218 -3.571656937945091e-06
219 -2.742362757296044e-06
220 -3.0522981727574128e-06
221 -3.819860999275119e-06
222 -3.730409486374872e-06
223 -3.5245833366126024e-06
224 -3.5083621120114107e-06
225 -2.8380127795890077e-06
226 -4.039046827054164e-06
227 -3.224436247619125e-06
228 -3.674101051442471e-06
229 -3.1845099776653404e-06
230 -3.409071110730458e-06
231 -4.26546313056602e-06
232 -3.7255033581437557e-06
233 -3.6969830559159518e-06
234 -3.64891153052585e-06
235 -3.292445796945904e-06
236 -3.553928433874337e-06
237 -3.857563531324597e-06
238 -3.403453112908118e-06
239 -3.884102679589832e-06
240 -4.013512265878973e-06
241 -3.4839731417572202e-06
242 -3.879538037088455e-06
243 -3.5813356001815987e-06
244 -3.6846458006400265e-06
245 -4.840016767956192e-06
246 -3.594763958266522e-06
247 -3.6133306538416216e-06
248 -3.618841735284889e-06
249 -4.180686942088373e-06
250 -3.920716989687643e-06
251 -3.6600253075156564e-06
252 -3.08883274343477e-06
253 -3.7545353233920222e-06
254 -3.2486588265866155e-06
255 -3.4682623327021552e-06
256 -3.585378362373036e-06
257 -3.496208942902668e-06
258 -3.4394991872510326e-06
259 -3.7503956741812616e-06
260 -2.6141795075494857e-06
261 -4.092722589949152e-06
262 -3.826275410285588e-06
263 -3.0551542909202704e-06
264 -3.5004130354104937e-06
265 -3.5619841779772368e-06
266 -3.4609836199729943e-06
267 -4.197856589456487e-06
268 -3.3438031158861553e-06
269 -3.763393363077442e-06
270 -3.399003614936919e-06
271 -3.114487613239937e-06
272 -3.2997179790847342e-06
273 -3.2661342513562746e-06
274 -4.404555257424355e-06
275 -3.667968876082676e-06
276 -3.982238727888864e-06
277 -3.7811261838826993e-06
278 -3.5422034332295216e-06
279 -4.279041851894829e-06
280 -3.3959605696411855e-06
281 -3.1776329131609487e-06
282 -3.2371178565335857e-06
283 -3.3714737737499857e-06
284 -4.171341344543161e-06
285 -3.283526332936112e-06
286 -3.7465672721880495e-06
287 -4.206259878479245e-06
288 -3.6443203363288534e-06
289 -4.108849896652144e-06
290 -3.3005429493358027e-06
291 -4.187363371090598e-06
292 -3.524144796144706e-06
293 -4.07680407234492e-06
294 -3.674518042610325e-06
295 -3.3328083905801827e-06
296 -3.4740871066700458e-06
297 -3.3023859950126094e-06
298 -3.6868732994100406e-06
299 -3.971258958011987e-06
