0 -0.0001087752359227042
1 -0.00011034203477760919
2 -0.0001056477042754012
3 -0.00010906884214214726
4 -0.00010550806304213482
5 -0.00010916742446100282
6 -0.0001084868090448746
7 -0.00010975275195071467
8 -0.00010737051202809544
9 -0.00010802436735041974
10 -0.0001069207776939204
11 -0.00011018501972496529
12 -0.00010964025447559388
13 -0.00011036897436884763
14 -0.00011026784399094356
15 -0.00010992008890581862
16 -0.00010714734345105604
17 -0.00010722213700889297
18 -0.00010851945126298475
19 -0.0001123702849857064
20 -0.00011032375489015173
21 -0.00010834838526868366
22 -0.0001091438620857115
23 -0.00010685832473748296
24 -0.00010760464187107178
25 -0.00010627151371738718
26 -0.00010659212699399461
27 -0.00010813521448109576
28 -0.00010944143001500922
29 -0.00011136573328979887
30 -0.00010919181489723242
31 -0.00010587464684651119
32 -0.0001123560027022707
33 -0.00010738646442576598
34 -0.00011049078495187136
35 -0.00010757154467988738
36 -0.00010785610673666923
37 -0.00011078233263605654
38 -0.00010965281205363957
39 -0.00011031227040798989
40 -0.0001094568229265973
41 -0.00010927227378581708
42 -0.00010738569823359891
43 -0.00011176040191960388
44 -0.00011108454998582898
45 -0.00010825340513202292
46 -0.00010838349885767275
47 -0.00010844661978720563
48 -0.00011060884436490309
49 -0.00011103414807129696
50 -0.00010952637642603008
51 -0.00010441054475297884
52 -0.00010772788834726258
53 -0.00010874838760413204
54 -0.00010780353662562989
55 -0.00010706810117973011
56 -0.00011266184489401444
57 -0.00010700526658131595
58 -0.00011271781235771797
59 -0.0001102276497541141
60 -0.00010598968715191801
61 -0.00010854063198665039
62 -0.00011077088087744795
63 -0.00010851431485367396
64 -0.00011030969416228343
65 -0.00010957256852441997
66 -0.00011307207264393146
67 -0.00010747829871477776
68 -0.00011197948078304321
69 -0.00010982834907552092
70 -0.00010749025805972367
71 -0.00010834816237508194
72 -0.00010655227108126245
73 -0.00010834056143192962
74 -0.00010693215354752963
75 -0.00010856689390973911
76 -0.00010822420048983338
77 -0.00010498679028776761
78 -0.00010766225118278667
79 -0.00010974178625701738
80 -0.00010838551837686526
81 -0.00010832947828057876
82 -0.00011002701908587448
83 -0.000108144824229017
84 -0.00010747280389455222
85 -0.00010952164306365086
86 -0.00010916752061567577
87 -0.00010894862206133091
88 -0.00010722243850791006
89 -0.00011104592936045782
90 -0.00011143353511311146
91 -0.00010754347340012342
92 -0.0001095284362853111
93 -0.00010697339363470325
94 -0.00010956724333336933
95 -0.00011168047915752014
96 -0.00010913722664175134
97 -0.0001083066889391123
98 -0.00010691738555086751
99 -0.00010836628100696788
100 -0.00011198111843751388
101 -0.00010869400741276815
102 -0.00010808331121049703
103 -0.00010874752365539081
104 -0.00010911907639709135
105 -0.00010936883961256274
106 -0.00010806743283710925
107 -0.00010931026058703778
108 -0.00010713798644864683
109 -0.0001083786282144872
110 -0.00010724493354625407
111 -0.00010922617773268689
112 -0.0001093181850974648
113 -0.00010853344842859559
114 -0.00010925785619236987
115 -0.00011029391391424818
116 -0.00011001247656692614
117 -0.00011267867266308449
118 -0.00010978534721644073
119 -0.00010858618827193147
120 -0.00010941974582735824
121 -0.00010807335589810812
122 -0.00010840371703417203
123 -0.00010841560844208682
124 -0.00010921963780507924
125 -0.00010912471247662117
126 -0.0001085374969537964
127 -0.00010994622035174379
128 -0.00011008570894477891
129 -0.00010877438281712565
130 -0.00011048586186060217
131 -0.00011002424137874212
132 -0.00010818549772899533
133 -0.00010815660608477328
134 -0.00010951589276886452
135 -0.00010649936863322118
136 -0.00010806675802085297
137 -0.00010805744810204999
138 -0.00011079877301745607
139 -0.00010882515882069817
140 -0.00010634585775660213
141 -0.00010956201149681552
142 -0.00010755597987253466
143 -0.00010635537144506157
144 -0.00011036877274876954
145 -0.00010949553835526099
146 -0.00010666101834504966
147 -0.00010867842996222706
148 -0.00010955610509124314
149 -0.00010666169738094023
150 -0.00010671374079492023
151 -0.00010790417252756854
152 -0.00010850104493002385
153 -0.00010798267852570091
154 -0.00010909738419164051
155 -0.00010787430701143975
156 -0.00011056882233014159
157 -0.00011035654444741086
158 -0.00010653115118252875
159 -0.00010965152860072761
160 -0.00011150174961672938
161 -0.00010713722130276743
162 -0.00010882206161012943
163 -0.00010781422103292078
164 -0.00010923949349996773
165 -0.00010802721980278895
166 -0.00010966537471998707
167 -0.00010864885647777658
168 -0.00010883629824974673
169 -0.00010801277037093159
170 -0.00010964465094314053
171 -0.00011149829216738181
172 -0.0001082912040457091
173 -0.00010696727210833827
174 -0.00010834175860345884
175 -0.0001071782917488501
176 -0.00010816075714357111
177 -0.0001095971233051427
178 -0.00010682873454733856
179 -0.00010874212778913895
180 -0.00011061162868061747
181 -0.00011194945121389236
182 -0.00010683354614009078
183 -0.00010700678973050836
184 -0.00010819149884236754
185 -0.00010935446219763392
186 -0.00010635904941268189
187 -0.00010839190178868303
188 -0.00010665766867283709
189 -0.00010972064726722922
190 -0.00010545641967489479
191 -0.00010665821518181343
192 -0.00010969639542666724
193 -0.0001094293740396391
194 -0.00010854571886588494
195 -0.00010819187395503636
196 -0.00010828953737601666
197 -0.0001080814475290697
198 -0.00011079837179500982
199 -0.00010776963967420909
200 -0.00010951731541882337
201 -0.00010812023319087212
202 -0.00010811944295631948
203 -0.00011108385124286153
204 -0.00011142931981451669
205 -0.00010440089836119845
206 -0.00010701831489274928
207 -0.00010964304841022428
208 -0.00010888473316999463
209 -0.00010904448838177967
210 -0.00010915490900620933
211 -0.00010983030531352743
212 -0.00011144754094183304
213 -0.00011133050162645663
214 -0.000109488519284171
215 -0.00010878354751477095
216 -0.00010972151168048494
217 -0.00010864217954031822
218 -0.00010708908783510452
219 -0.0001104722437233065
220 -0.00010884698348404848
221 -0.00010733554718130825
222 -0.00011027969083358568
223 -0.00010891897322404278
224 -0.0001094542484243022
225 -0.00010939121168948765
226 -0.00010579602000040665
227 -0.00010992516495799637
228 -0.0001093695109160155
229 -0.00010944261984250699
230 -0.00011016345241913899
231 -0.000108675404205091
232 -0.00010921203624336411
233 -0.00010977718048506845
234 -0.00010754232356566745
235 -0.00011114147267106083
236 -0.00010710824958209885
237 -0.00010765566141118541
238 -0.00010791102599197847
239 -0.000108566038631182
240 -0.00010825570832681334
241 -0.00011051836961458181
242 -0.00010897701174638002
243 -0.00010774512836963089
244 -0.0001065740015937281
245 -0.00010724635192102811
246 -0.0001093385262120647
247 -0.00010971908100632128
248 -0.00010978484517301394
249 -0.0001094192724291247
250 -0.00010904000979678659
251 -0.000108831280766009
252 -0.00011298915380690628
253 -0.00010818957889383855
254 -0.00010682877052440551
255 -0.00010720006042107345
256 -0.0001090590703849948
257 -0.0001102721522507504
258 -0.00010997796420951213
259 -0.0001114722747646736
260 -0.00011027386454265289
261 -0.00011151213764788446
262 -0.00010617381056342435
263 -0.0001083833894705161
264 -0.00010822388419804497
265 -0.00010942330635915992
266 -0.0001082430908921424
267 -0.00010651250365139652
268 -0.00010925881017242154
269 -0.00010896450754605253
270 -0.00011009991627303072
271 -0.00010690823782544436
272 -0.00010939092857985717
273 -0.00011097480322224895
274 -0.0001071479230486874
275 -0.00010807952454288387
276 -0.00010856452931127209
277 -0.00011053946809095844
278 -0.00010718725271746924
279 -0.000107894759407028
280 -0.00010987335875250594
281 -0.0001085150756869357
282 -0.0001120443630710362
283 -0.00010931494111054777
284 -0.00010793565598278604
285 -0.00010773949476871851
286 -0.00010893671327485228
287 -0.00011021404677462398
288 -0.0001098055697897944
289 -0.0001092173439155617
290 -0.00010886818063372716
291 -0.00010900866124007578
292 -0.0001102852119833993
293 -0.00010803348898137117
294 -0.00010924868485137485
295 -0.00010677868702548654
296 -0.00010980101628433335
297 -0.00010925538479485404
298 -0.00010879911338133412
299 -0.00010742755188251114
