0 -0.00011836978660849686
1 -0.00012174133401806837
2 -0.00011794449359855798
3 -0.00011885525033450914
4 -0.00011841568242341747
5 -0.00012015589737386562
6 -0.00011860019615130245
7 -0.00011847873591502544
8 -0.00011689987817911651
9 -0.00011689482393507815
10 -0.00011799075982968504
11 -0.00012037094514248422
12 -0.00011987339499898428
13 -0.00012076759298881044
14 -0.00012138239966976736
15 -0.00011878967614121309
16 -0.00011613185245220186
17 -0.00011743096850163916
18 -0.00011815857684673604
19 -0.000123704077647865
20 -0.00012033333786730904
21 -0.00012089682241862905
22 -0.00011855455322534886
23 -0.00011869856546377443
24 -0.00011828905397874498
25 -0.00011857113890338821
26 -0.00011822015836293953
27 -0.00011920611363035187
28 -0.00011874987687304324
29 -0.00012032416477316729
30 -0.00011784364098980125
31 -0.00011566816748980798
32 -0.0001200579526465264
33 -0.00011769153536914671
34 -0.00012116109721517265
35 -0.00011704289707307215
36 -0.00011823435044597793
37 -0.00012267852998063065
38 -0.00012256465686778982
39 -0.00011895192140258817
40 -0.00011904465493425484
41 -0.00012160955940680592
42 -0.00012040996615819275
43 -0.00012108661378691249
44 -0.00012134300543112745
45 -0.000117712044642378
46 -0.00012108212943511688
47 -0.00011902805855133174
48 -0.00012152653059155144
49 -0.0001211851385672407
50 -0.00012030275721506295
51 -0.00011599246264892854
52 -0.00011834285922035636
53 -0.0001195710254291791
54 -0.00012008564255966274
55 -0.00011903072016564303
56 -0.00012250902892395395
57 -0.0001150076225150001
58 -0.00012419170774768436
59 -0.00012184238586989939
60 -0.00011552997651960323
61 -0.0001173373491052924
62 -0.0001197965794668413
63 -0.00012038573685931653
64 -0.00011755126601442148
65 -0.00011998905754690178
66 -0.00012338204901157012
67 -0.00011882537301672814
68 -0.0001217779498525957
69 -0.00012259730796097864
70 -0.00011909547974605085
71 -0.00011961167312136201
72 -0.00011767642132847728
73 -0.00011709133998966223
74 -0.00011844038047853923
75 -0.00011843324958471801
76 -0.00012161426559933264
77 -0.00011763244505747868
78 -0.00011982215732355564
79 -0.00011886841233392655
80 -0.00011986279885503518
81 -0.00011913484152279726
82 -0.00011878295785151257
83 -0.00012096332029454265
84 -0.00011784233977649095
85 -0.0001202003058484636
86 -0.00011956608386667868
87 -0.00011828525665227319
88 -0.00011734395468546292
89 -0.000120764603973582
90 -0.00012317939085850307
91 -0.00011889733891031811
92 -0.00012034353009179732
93 -0.00011772024942421595
94 -0.00011994761740472441
95 -0.00012210249268497506
96 -0.00011769926399248786
97 -0.00011915699743152532
98 -0.00011898202676608186
99 -0.00011978742202360364
100 -0.0001207774466362395
101 -0.0001198851497740892
102 -0.00011902259807695829
103 -0.00011899220882712915
104 -0.00011864701004232636
105 -0.00011882320620439504
106 -0.00011952453227783696
107 -0.00011936192546225971
108 -0.00011881807570047157
109 -0.00012028982439724277
110 -0.00011776324629409481
111 -0.00011979550345344099
112 -0.00012345562090195067
113 -0.0001171256056509653
114 -0.00012049665442688256
115 -0.0001195657968672007
116 -0.00012054306005176253
117 -0.00012172873569529632
118 -0.00011962051612876921
119 -0.00011887364282917891
120 -0.00012174328205511492
121 -0.00012002159935773176
122 -0.00011838329804202629
123 -0.00011957070187513277
124 -0.0001216435785830798
125 -0.00012130941263717646
126 -0.00011865159365369604
127 -0.00012034676221400538
128 -0.00012125652780564186
129 -0.00012135578522298415
130 -0.0001205498964565123
131 -0.00012239347228413763
132 -0.0001180397171586801
133 -0.00011917188602634198
134 -0.00011786076707465519
135 -0.0001190989027649274
136 -0.00011814933203357184
137 -0.00012010896657872839
138 -0.00012155678641237423
139 -0.00012067469571090184
140 -0.00011708908385558093
141 -0.00011880315385336812
142 -0.00011809655222458923
143 -0.00011812063708858778
144 -0.00012111070806714203
145 -0.00012215738669141976
146 -0.00011537716978515955
147 -0.00012014669490092422
148 -0.00012032179657785518
149 -0.00011807364563258909
150 -0.00011882628885639235
151 -0.00011847554907611241
152 -0.00011818118788346885
153 -0.00011942652460524376
154 -0.0001198522260900717
155 -0.0001203903340041623
156 -0.00012020939711263034
157 -0.00011903507607667157
158 -0.0001180718440477796
159 -0.00012117616474020113
160 -0.0001219156995934159
161 -0.00011912132803350342
162 -0.00011857066144178063
163 -0.00012025843477714625
164 -0.00012218242335719335
165 -0.00012075888933076428
166 -0.00011956400110440491
167 -0.00011925369239106151
168 -0.00011801213060305508
169 -0.00011806427949119619
170 -0.00012122787331439374
171 -0.00012188728740283687
172 -0.00011918588494128055
173 -0.00011786861141671349
174 -0.00012074963787175533
175 -0.00011900116523131121
176 -0.00011886430880606815
177 -0.00012066530795218332
178 -0.00011745144010783755
179 -0.00011930893581168692
180 -0.00012110794374390935
181 -0.00012213786455901062
182 -0.0001174641756001725
183 -0.0001167438066333739
184 -0.00011953890869637831
185 -0.00011987314083113305
186 -0.00011938425731666904
187 -0.00011862153463562299
188 -0.00011934597624291567
189 -0.00012112947321936178
190 -0.00011625337453982864
191 -0.000117152862858081
192 -0.00011914402778935743
193 -0.00011808534372751923
194 -0.00012112576131640509
195 -0.00011807817575784738
196 -0.00011815003558149039
197 -0.00012071262901513931
198 -0.00012168073562399697
199 -0.00011948385699617476
200 -0.00011889303889972317
201 -0.0001179221757078234
202 -0.00011853307866467206
203 -0.000122994591842828
204 -0.00012212051011994127
205 -0.00011702646598870491
206 -0.00011816217078097772
207 -0.00012091419432808157
208 -0.00011989971269131644
209 -0.00011977107465096038
210 -0.0001193923547375441
211 -0.00011815403257792111
212 -0.00012305739110043143
213 -0.0001214950920093108
214 -0.00012017118073581196
215 -0.00011907613070335265
216 -0.00012035390878024171
217 -0.00012008597980428062
218 -0.00012014489886199872
219 -0.0001231217570969704
220 -0.00012034795287219229
221 -0.00011917821059191864
222 -0.00011969352808691558
223 -0.00012020185265175112
224 -0.00011899517601118018
225 -0.00012065033219083623
226 -0.0001165268693471127
227 -0.00011980562382698235
228 -0.00011879312516145127
229 -0.00011928839460364457
230 -0.0001195937807324459
231 -0.00011895898369776598
232 -0.00012048575725060728
233 -0.00012027977989040096
234 -0.0001205120672641424
235 -0.00012087692327873974
236 -0.00011896406242092416
237 -0.00011761701892948702
238 -0.00011760205879754703
239 -0.0001197216374347957
240 -0.00011862966609277487
241 -0.00012204567917972696
242 -0.00011765569217013521
243 -0.00011975139065113901
244 -0.00011950330531788648
245 -0.00011694345870570579
246 -0.00012013137660045525
247 -0.00011682599913612137
248 -0.00011989177398631728
249 -0.0001208204225209369
250 -0.00012072496525279579
251 -0.00011864686197634676
252 -0.00012370949625667527
253 -0.00011877274742508205
254 -0.0001187715239893856
255 -0.00011819721543977644
256 -0.0001203859761528717
257 -0.00012060233068937474
258 -0.00012079572032507487
259 -0.00011956387378241609
260 -0.00012116179774765281
261 -0.00012016108564628052
262 -0.00011712938242593299
263 -0.00011868876229238527
264 -0.00011919115427549347
265 -0.00011897624873689575
266 -0.0001183314321314473
267 -0.00011654942859556518
268 -0.00012038835115306856
269 -0.00012079565676899467
270 -0.00012099454142516666
271 -0.00011879836835051915
272 -0.00012023327867920031
273 -0.00012109151289369575
274 -0.00011851442968064516
275 -0.00011801939446694916
276 -0.0001191433108832981
277 -0.0001210068856182205
278 -0.0001182771278195049
279 -0.00011806054812210519
280 -0.0001221956022167173
281 -0.000120630201780751
282 -0.00012297869256828138
283 -0.00012167879120244324
284 -0.00011732130833518636
285 -0.00012086932543841307
286 -0.00011783171192154625
287 -0.00012082910217692802
288 -0.00011825653615443121
289 -0.0001206714688186926
290 -0.00012094367930495622
291 -0.00011918965302050975
292 -0.00012018872392531357
293 -0.0001184760945457016
294 -0.00011943236126396521
295 -0.0001157881343275352
296 -0.00012127550283017757
297 -0.0001208156616384976
298 -0.0001196501801547047
299 -0.00011659509259179997
