0 -6.971403245988113e-05
1 -7.339304011770758e-05
2 -7.197059950660028e-05
3 -7.039035400474678e-05
4 -7.248886643552519e-05
5 -7.212663889720876e-05
6 -7.049807159103443e-05
7 -6.917107671216927e-05
8 -6.89350650311232e-05
9 -6.795011241414844e-05
10 -7.065079970378184e-05
11 -7.145429088919013e-05
12 -7.135044983685674e-05
13 -7.214288466361629e-05
14 -7.266998570595804e-05
15 -6.978460469599072e-05
16 -6.816539109088832e-05
17 -6.969570309984715e-05
18 -6.973236776228631e-05
19 -7.449049892013027e-05
20 -7.150658386618861e-05
21 -7.361387331970182e-05
22 -6.975922505793993e-05
23 -7.195566029432731e-05
24 -7.028986134137362e-05
25 -7.211069737112638e-05
26 -7.161693240946928e-05
27 -7.158531165897455e-05
28 -7.016877780424336e-05
29 -7.050911683883585e-05
30 -6.868499300004106e-05
31 -6.84261092847818e-05
32 -6.958934727323944e-05
33 -6.977585987226261e-05
34 -7.265135464284843e-05
35 -6.90144490091329e-05
36 -7.022690167826298e-05
37 -7.410563955758901e-05
38 -7.505169619902788e-05
39 -6.944671468832179e-05
40 -7.033461667280681e-05
41 -7.404865652278158e-05
42 -7.375547288817655e-05
43 -7.126480343728208e-05
44 -7.174832021744921e-05
45 -6.936009562490348e-05
46 -7.393735470938626e-05
47 -7.114018413371195e-05
48 -7.260637468927084e-05
49 -7.171104912010992e-05
50 -7.182420468570152e-05
51 -7.00538566559081e-05
52 -7.067960218551157e-05
53 -7.17996442826071e-05
54 -7.31087542550389e-05
55 -7.197946339941023e-05
56 -7.248668631218221e-05
57 -6.637276459536945e-05
58 -7.457305668326109e-05
59 -7.356206897833765e-05
60 -6.82162261188881e-05
61 -6.807069687827562e-05
62 -7.002606317767339e-05
63 -7.300286994630292e-05
64 -6.767359365396525e-05
65 -7.113313360211763e-05
66 -7.350315807377552e-05
67 -7.124149340516996e-05
68 -7.237708913012546e-05
69 -7.483863982425108e-05
70 -7.172183378928839e-05
71 -7.19698997907537e-05
72 -7.079638099955344e-05
73 -6.879224670523082e-05
74 -7.129060537750873e-05
75 -7.004370963088856e-05
76 -7.482623522429255e-05
77 -7.186096582845032e-05
78 -7.268922555761883e-05
79 -6.998993729248582e-05
80 -7.237380083932773e-05
81 -7.138809336535885e-05
82 -6.94974047415771e-05
83 -7.406630157125098e-05
84 -7.009563801757127e-05
85 -7.170115756418126e-05
86 -7.144971754590739e-05
87 -6.924870498564758e-05
88 -6.957213599935981e-05
89 -7.176720167783392e-05
90 -7.450916822692748e-05
91 -7.167021752975279e-05
92 -7.206117935941222e-05
93 -7.049982659788101e-05
94 -7.143391724744243e-05
95 -7.254974932810271e-05
96 -6.892990730592073e-05
97 -7.154738304586113e-05
98 -7.226251051742123e-05
99 -7.240895123128202e-05
100 -7.052516652590332e-05
101 -7.180928389384385e-05
102 -7.12741059201972e-05
103 -7.070739897968489e-05
104 -7.004930631120206e-05
105 -6.991044405350134e-05
106 -7.160509742244406e-05
107 -7.081460587436991e-05
108 -7.160214467242497e-05
109 -7.30543976712719e-05
110 -7.01035541065098e-05
111 -7.165944480989375e-05
112 -7.628387953209795e-05
113 -6.856658587393293e-05
114 -7.24764442274464e-05
115 -7.009955246867436e-05
116 -7.19796553606936e-05
117 -7.13441789108499e-05
118 -7.097227273907615e-05
119 -7.047707856881459e-05
120 -7.419056215638572e-05
121 -7.281095812813737e-05
122 -7.008848172782747e-05
123 -7.178586044878245e-05
124 -7.435688762408852e-05
125 -7.364172234495026e-05
126 -7.021769194444302e-05
127 -7.154455531590164e-05
128 -7.287387947118673e-05
129 -7.409891623742472e-05
130 -7.160928034292006e-05
131 -7.493975835959876e-05
132 -6.989178132224193e-05
133 -7.171511616885705e-05
134 -6.873955487087292e-05
135 -7.263878220402484e-05
136 -6.956850830886063e-05
137 -7.284344357973709e-05
138 -7.231328486774641e-05
139 -7.291588713777877e-05
140 -7.004916667747692e-05
141 -7.000554597810571e-05
142 -7.040266768247607e-05
143 -7.131157879864714e-05
144 -7.267393712739076e-05
145 -7.455659848953528e-05
146 -6.740121686349172e-05
147 -7.25153586173834e-05
148 -7.194092130392519e-05
149 -7.104912496812107e-05
150 -7.209420946655248e-05
151 -7.057803799263485e-05
152 -6.971229290680998e-05
153 -7.202158665049342e-05
154 -7.164982992604814e-05
155 -7.341548132142307e-05
156 -7.087827063261612e-05
157 -6.942188612406605e-05
158 -7.100061527265901e-05
159 -7.318270217883017e-05
160 -7.253359398220265e-05
161 -7.20858656710825e-05
162 -7.020921025923703e-05
163 -7.335695563691839e-05
164 -7.4904695012624e-05
165 -7.363398624664718e-05
166 -7.059747516703308e-05
167 -7.104535566683826e-05
168 -6.943174049800678e-05
169 -7.002236775916138e-05
170 -7.324818805041143e-05
171 -7.282928661976634e-05
172 -7.1373443862372e-05
173 -7.082274617850911e-05
174 -7.353242739263684e-05
175 -7.221875553883312e-05
176 -7.110860289330761e-05
177 -7.278154036896064e-05
178 -7.017352922051989e-05
179 -7.119847836150121e-05
180 -7.191211709503049e-05
181 -7.258905271043392e-05
182 -6.988526099556861e-05
183 -6.895539901009082e-05
184 -7.194097774604849e-05
185 -7.177472495814937e-05
186 -7.338436832475276e-05
187 -7.044337941451714e-05
188 -7.283323645839102e-05
189 -7.298649720076105e-05
190 -6.950914162143538e-05
191 -6.99816769872906e-05
192 -7.068245409574473e-05
193 -6.8943414523819e-05
194 -7.404852503042938e-05
195 -6.961759293993404e-05
196 -7.008292011532812e-05
197 -7.379400931345638e-05
198 -7.320396428907326e-05
199 -7.226495557189517e-05
200 -7.02721755235912e-05
201 -6.965381097835379e-05
202 -7.071328913950447e-05
203 -7.435792375470364e-05
204 -7.329542325725556e-05
205 -7.144846932273196e-05
206 -7.113373542373414e-05
207 -7.295766110028346e-05
208 -7.156488782751227e-05
209 -7.16599680794175e-05
210 -7.109166494666412e-05
211 -6.871548787475219e-05
212 -7.439149357901941e-05
213 -7.204451885618282e-05
214 -7.19437664401487e-05
215 -7.056768379283601e-05
216 -7.206922468448317e-05
217 -7.216797964049535e-05
218 -7.371505789449892e-05
219 -7.51191241283344e-05
220 -7.233983479132134e-05
221 -7.207488891405898e-05
222 -7.061574971731385e-05
223 -7.243044412579272e-05
224 -7.027485942633869e-05
225 -7.229256616095234e-05
226 -6.995482539578846e-05
227 -7.129737190753365e-05
228 -6.999813951338299e-05
229 -7.051970522548097e-05
230 -6.999259732581045e-05
231 -7.088502079733964e-05
232 -7.25535914171107e-05
233 -7.186572227953194e-05
234 -7.361020064243505e-05
235 -7.118854039036035e-05
236 -7.181800271628618e-05
237 -6.990090462420205e-05
238 -6.954445908276091e-05
239 -7.211790807918875e-05
240 -7.049148437230741e-05
241 -7.368420424023742e-05
242 -6.861895080519396e-05
243 -7.25143425780678e-05
244 -7.324205695518418e-05
245 -6.939849305480246e-05
246 -7.200958814853192e-05
247 -6.723092963671337e-05
248 -7.088130210162096e-05
249 -7.287260471007434e-05
250 -7.305899525549339e-05
251 -7.037566195035886e-05
252 -7.385917633915721e-05
253 -7.104594643422768e-05
254 -7.175430273165011e-05
255 -7.100199221008755e-05
256 -7.248653416575862e-05
257 -7.180462608826873e-05
258 -7.21102425420005e-05
259 -6.930669025212563e-05
260 -7.240134784658189e-05
261 -7.045702572903302e-05
262 -7.047794125867778e-05
263 -7.052179282111983e-05
264 -7.17626831215926e-05
265 -6.994882514867611e-05
266 -7.027165138914887e-05
267 -6.918493065642494e-05
268 -7.213547748146708e-05
269 -7.340148579961838e-05
270 -7.23601122204739e-05
271 -7.192667218012925e-05
272 -7.188809216300778e-05
273 -7.159585251962981e-05
274 -7.126389746656034e-05
275 -6.98562640773459e-05
276 -7.122128829677092e-05
277 -7.189053554267713e-05
278 -7.07342539724493e-05
279 -7.023583910412958e-05
280 -7.433553021251827e-05
281 -7.323510559228784e-05
282 -7.362874052946599e-05
283 -7.389299532669992e-05
284 -6.936799823962252e-05
285 -7.405034823350835e-05
286 -6.878007876359828e-05
287 -7.260990704234806e-05
288 -6.888328927517598e-05
289 -7.26740007071055e-05
290 -7.326704595993691e-05
291 -7.100559925018661e-05
292 -7.131537602492973e-05
293 -7.05568035629646e-05
294 -7.102791616382114e-05
295 -6.774146891258823e-05
296 -7.32639370215203e-05
297 -7.274198934330438e-05
298 -7.160121797987527e-05
299 -6.864095138046061e-05
