0 -2.6274977143802083e-05
1 -2.6259300160190774e-05
2 -2.752203575820068e-05
3 -2.642907795297029e-05
4 -2.8265841397820613e-05
5 -2.7061310749640545e-05
6 -2.6854414504327076e-05
7 -2.6146430006660972e-05
8 -2.674364259646064e-05
9 -2.7773782118877238e-05
10 -2.8053683029737374e-05
11 -2.6163512919455044e-05
12 -2.7074791396248043e-05
13 -2.48739827692072e-05
14 -2.7137114440516475e-05
15 -2.5949568496571922e-05
16 -2.668130337492354e-05
17 -2.6792878466128508e-05
18 -2.6726112710454547e-05
19 -2.562980156266441e-05
20 -2.5594884680899097e-05
21 -2.707046645873577e-05
22 -2.640863495864336e-05
23 -2.6528417055585336e-05
24 -2.7913140947316534e-05
25 -2.8177320973589438e-05
26 -2.7080742754047857e-05
27 -2.676951749735288e-05
28 -2.560389830451753e-05
29 -2.5626090866178976e-05
30 -2.6868525357085344e-05
31 -2.727369153043398e-05
32 -2.4514886024084138e-05
33 -2.6909859189579634e-05
34 -2.5383604257241636e-05
35 -2.728436833964959e-05
36 -2.741077800595166e-05
37 -2.6805316250698713e-05
38 -2.7145110553647625e-05
39 -2.5060601689862333e-05
40 -2.594837177362805e-05
41 -2.7122546324951037e-05
42 -2.751489634252794e-05
43 -2.484975928547321e-05
44 -2.6159016050817655e-05
45 -2.7305645931215843e-05
46 -2.7066634129630213e-05
47 -2.663337160130002e-05
48 -2.6420754864721316e-05
49 -2.6018785493257004e-05
50 -2.6843294485967648e-05
51 -2.8600917056943002e-05
52 -2.700710103871377e-05
53 -2.571405820308492e-05
54 -2.7803532334729697e-05
55 -2.796677281781553e-05
56 -2.4905438586853694e-05
57 -2.6948712952619552e-05
58 -2.5774153274087406e-05
59 -2.6168430456718367e-05
60 -2.6514287624326205e-05
61 -2.781247531040318e-05
62 -2.7118625150552815e-05
63 -2.6459853162590663e-05
64 -2.5709009964369615e-05
65 -2.782686191855528e-05
66 -2.5458309813719102e-05
67 -2.764752167372599e-05
68 -2.4006557413867834e-05
69 -2.751997811289903e-05
70 -2.7720089799346523e-05
71 -2.6430547218943792e-05
72 -2.784789939764505e-05
73 -2.5248254535369527e-05
74 -2.8070876199159967e-05
75 -2.7181594058529852e-05
76 -2.7512449409258366e-05
77 -2.8888051901044333e-05
78 -2.7637583460862842e-05
79 -2.6393905104817758e-05
80 -2.6654282301019115e-05
81 -2.6749184623946032e-05
82 -2.5684898361894952e-05
83 -2.615899132646123e-05
84 -2.6688899586028684e-05
85 -2.697922031797665e-05
86 -2.651450254613398e-05
87 -2.735464663155878e-05
88 -2.712578456166822e-05
89 -2.512113615450691e-05
90 -2.669593652505952e-05
91 -2.721011891019984e-05
92 -2.6754312758686572e-05
93 -2.7665271843344788e-05
94 -2.6520817079260463e-05
95 -2.6113068282977914e-05
96 -2.6108472074290894e-05
97 -2.6449695048768442e-05
98 -2.7349093127795313e-05
99 -2.676186910402216e-05
100 -2.5212306714082377e-05
101 -2.748680652250036e-05
102 -2.7870185487482808e-05
103 -2.693414731807406e-05
104 -2.672872327655877e-05
105 -2.6750376387954525e-05
106 -2.7674721111734103e-05
107 -2.626276454116778e-05
108 -2.798186618574167e-05
109 -2.6958380759297787e-05
110 -2.767177968966883e-05
111 -2.647900104643466e-05
112 -2.76812843561209e-05
113 -2.572156658259709e-05
114 -2.7190728733288478e-05
115 -2.6770012250778526e-05
116 -2.5238942328825053e-05
117 -2.5096139022288647e-05
118 -2.6561749818465346e-05
119 -2.724994799272921e-05
120 -2.6726262009501817e-05
121 -2.6749111286349802e-05
122 -2.6826386544256924e-05
123 -2.7135659308887237e-05
124 -2.586126204958545e-05
125 -2.7012327649451517e-05
126 -2.6538579554734975e-05
127 -2.6212902824973458e-05
128 -2.6410040677056836e-05
129 -2.689853500252429e-05
130 -2.6399624745702114e-05
131 -2.568715392293966e-05
132 -2.699106203653138e-05
133 -2.7118121981028875e-05
134 -2.5666585515685864e-05
135 -2.7895292923946478e-05
136 -2.843001141034944e-05
137 -2.7457304825856954e-05
138 -2.739037479727738e-05
139 -2.6993622669176607e-05
140 -2.7361444571073237e-05
141 -2.6186662707659816e-05
142 -2.7580828292257387e-05
143 -2.8456001485997276e-05
144 -2.5553417927351273e-05
145 -2.7638738086517972e-05
146 -2.708068562754515e-05
147 -2.6860833151863923e-05
148 -2.673720035796027e-05
149 -2.7156257702021054e-05
150 -2.7100032707596503e-05
151 -2.6930973939441517e-05
152 -2.609360617208053e-05
153 -2.712159738780352e-05
154 -2.620897604087338e-05
155 -2.6879086683324335e-05
156 -2.588878425224398e-05
157 -2.6184771429254537e-05
158 -2.809022452565279e-05
159 -2.6215184775355338e-05
160 -2.6287034806040155e-05
161 -2.7020393935620603e-05
162 -2.6472350190649956e-05
163 -2.7632795772439252e-05
164 -2.6725121611235627e-05
165 -2.814180152164108e-05
166 -2.6716412696368754e-05
167 -2.712516394034602e-05
168 -2.6405298352525837e-05
169 -2.623533992953298e-05
170 -2.635647933377248e-05
171 -2.577145411844428e-05
172 -2.699883636454454e-05
173 -2.6245850011383993e-05
174 -2.7173510949802476e-05
175 -2.63107299222116e-05
176 -2.7146359460409562e-05
177 -2.6119412448459675e-05
178 -2.7212801433951443e-05
179 -2.706092667663834e-05
180 -2.6640883077644588e-05
181 -2.4791514996832374e-05
182 -2.806525344433727e-05
183 -2.6843232298386117e-05
184 -2.666247973595476e-05
185 -2.6151754178027782e-05
186 -2.7605887710499283e-05
187 -2.6798631040917444e-05
188 -2.8340617950362965e-05
189 -2.5996443283201263e-05
190 -2.7102837992640437e-05
191 -2.7492789543008955e-05
192 -2.533349366920677e-05
193 -2.5545871510386817e-05
194 -2.769146126989479e-05
195 -2.6890849252162546e-05
196 -2.6927084998080834e-05
197 -2.7364842000213457e-05
198 -2.5642349280848977e-05
199 -2.674176120940253e-05
200 -2.5440583816497892e-05
201 -2.6666624262347292e-05
202 -2.6709251378977368e-05
203 -2.6333028044723926e-05
204 -2.5462923361612534e-05
205 -2.8219013810917496e-05
206 -2.7288221135422816e-05
207 -2.567999796239471e-05
208 -2.7531533052401482e-05
209 -2.65302276552505e-05
210 -2.6591745862233053e-05
211 -2.5758118278560306e-05
212 -2.5746052757104794e-05
213 -2.596800653898659e-05
214 -2.70421962746002e-05
215 -2.719699199187491e-05
216 -2.484498588521779e-05
217 -2.808467368896495e-05
218 -2.7946059077186268e-05
219 -2.6712468195980234e-05
220 -2.6902258777268617e-05
221 -2.766376093557571e-05
222 -2.5116999511800645e-05
223 -2.642679352931817e-05
224 -2.6979495691379436e-05
225 -2.7017387844371432e-05
226 -2.669996806375434e-05
227 -2.476961081945484e-05
228 -2.6174016936242146e-05
229 -2.602866281289494e-05
230 -2.6429797757624436e-05
231 -2.6668402856788e-05
232 -2.6393470595343177e-05
233 -2.5661013517974186e-05
234 -2.78474311709087e-05
235 -2.6519664992680897e-05
236 -2.852357786365251e-05
237 -2.5999540206629127e-05
238 -2.6219874568164532e-05
239 -2.6643035560599935e-05
240 -2.7512732092923152e-05
241 -2.64776164928771e-05
242 -2.6599602121881818e-05
243 -2.7708807339691356e-05
244 -2.768550812630491e-05
245 -2.6278126030562747e-05
246 -2.67801584724679e-05
247 -2.4450535058346538e-05
248 -2.6714811961973306e-05
249 -2.6622084254118585e-05
250 -2.731344271601509e-05
251 -2.504983538679276e-05
252 -2.6129569964034906e-05
253 -2.5911047817784952e-05
254 -2.7060294910165172e-05
255 -2.6582024400255752e-05
256 -2.599432240874816e-05
257 -2.705822986650148e-05
258 -2.6885077582460354e-05
259 -2.4989169089203123e-05
260 -2.678691820257077e-05
261 -2.512106550499028e-05
262 -2.7576916133695695e-05
263 -2.6231033049657585e-05
264 -2.630586495965672e-05
265 -2.6203376572066986e-05
266 -2.6798129496985793e-05
267 -2.6855187565197616e-05
268 -2.660210862525286e-05
269 -2.6521818173577536e-05
270 -2.6454396292734327e-05
271 -2.800815602829904e-05
272 -2.6624743448489055e-05
273 -2.635361454241784e-05
274 -2.858164906509974e-05
275 -2.7350669886701717e-05
276 -2.651650957291511e-05
277 -2.721383572564893e-05
278 -2.799402807660223e-05
279 -2.6912183666450934e-05
280 -2.72612777429768e-05
281 -2.6906404703806477e-05
282 -2.6114119208867354e-05
283 -2.7532167646923325e-05
284 -2.671825651968726e-05
285 -2.7193452393580556e-05
286 -2.6934883634968815e-05
287 -2.5732302314336373e-05
288 -2.5842055066923322e-05
289 -2.689973054381922e-05
290 -2.734935340885006e-05
291 -2.6624141881319666e-05
292 -2.634997502273352e-05
293 -2.6598540209284022e-05
294 -2.6445598462784065e-05
295 -2.7041318243993828e-05
296 -2.6264489588936095e-05
297 -2.6723769295619576e-05
298 -2.6531090646783737e-05
299 -2.6819484744086192e-05
