0 1.278355462214803e-06
1 1.1165052547351253e-06
2 1.3249069414098872e-06
3 1.3641750118302751e-06
4 1.0492948696477822e-06
5 1.1946177676051755e-06
6 1.3540158302192955e-06
7 1.3216879787382237e-06
8 1.3594213284405869e-06
9 1.0345195483630205e-06
10 1.291494693502048e-06
11 1.1953594103580696e-06
12 1.4505862384364195e-06
13 1.1122697465188827e-06
14 1.056760530255331e-06
15 1.1509451539114325e-06
16 1.139044108561985e-06
17 1.051231006554494e-06
18 1.2097969515837233e-06
19 1.0745863981340712e-06
20 1.2608907184092828e-06
21 1.0624764753859746e-06
22 1.3088247133502007e-06
23 1.256026915349071e-06
24 1.2643030153826723e-06
25 1.2475803639225666e-06
26 1.2744419875070347e-06
27 1.3135508339165712e-06
28 1.145176895451419e-06
29 8.778369140496812e-07
30 1.2177215857039954e-06
31 1.257195608950164e-06
32 1.0529132551465026e-06
33 1.0167958951153858e-06
34 1.1317479314180396e-06
35 1.4746696169867105e-06
36 1.1442422303146843e-06
37 1.0581475533560178e-06
38 1.275219599410379e-06
39 1.1773777349808128e-06
40 1.1917012992353302e-06
41 1.2291810616567735e-06
42 1.2194964969270908e-06
43 1.1750643131496155e-06
44 8.82369521453566e-07
45 1.3749988613176439e-06
46 1.238487495815912e-06
47 1.1594163600129563e-06
48 1.0085270995994601e-06
49 9.78526092432798e-07
50 1.2757103272550192e-06
51 1.4403027030454143e-06
52 1.1154652400957156e-06
53 1.2619871092871908e-06
54 1.2898227330337912e-06
55 1.2111400511037334e-06
56 7.763720824035544e-07
57 1.1663327702801591e-06
58 9.272531008687401e-07
59 8.981180416475145e-07
60 1.3880352974877742e-06
61 1.098579088972254e-06
62 1.1755647798277545e-06
63 1.233529977852691e-06
64 1.1335896399343886e-06
65 1.1003269029718973e-06
66 1.3774087369986782e-06
67 1.080172709649962e-06
68 1.179448769781726e-06
69 1.1675285501091127e-06
70 1.00707975044039e-06
71 1.2273080955241977e-06
72 1.4749410628749303e-06
73 1.2070705035779114e-06
74 1.4063489169919586e-06
75 1.2979385324783918e-06
76 1.3078007419766593e-06
77 1.5874754868565962e-06
78 1.1176920819909634e-06
79 1.2126692371491946e-06
80 1.2925387883495491e-06
81 1.3385091385245915e-06
82 1.0885035899036573e-06
83 1.0476946424924438e-06
84 1.4380384933790242e-06
85 1.1825227801158802e-06
86 1.3518047044563007e-06
87 1.010567124405149e-06
88 1.1263617429600628e-06
89 1.532766702027969e-06
90 1.1150563121336978e-06
91 1.3102216600174705e-06
92 1.132205240557362e-06
93 1.3804879342393823e-06
94 1.2800733498827725e-06
95 1.0266891030263374e-06
96 1.4420462688655966e-06
97 1.2176529596970352e-06
98 1.232775069232377e-06
99 1.2159462719283876e-06
100 9.435391910386886e-07
101 1.0557864046760879e-06
102 1.40924234655031e-06
103 1.3442762172622806e-06
104 1.008915772458138e-06
105 1.0839823868606939e-06
106 9.56437840649326e-07
107 1.1023657829509364e-06
108 1.2292947532799759e-06
109 1.1941224633757629e-06
110 1.3125770845360533e-06
111 1.2167012744763494e-06
112 9.068737443866125e-07
113 1.1915184038341577e-06
114 1.2651787576970879e-06
115 1.0193954211492008e-06
116 1.1548511427024003e-06
117 9.993421826825565e-07
118 1.345953177053351e-06
119 1.160918235816839e-06
120 1.2162470994192906e-06
121 1.1427090158852556e-06
122 1.052673098264739e-06
123 1.0667936857014904e-06
124 9.913830136331119e-07
125 1.1471155297669433e-06
126 8.565153855966625e-07
127 1.1959665118148345e-06
128 1.0254067626224438e-06
129 1.1256461538600843e-06
130 1.1817221378298826e-06
131 1.0821000311671291e-06
132 1.3381499982775651e-06
133 1.5418174502616332e-06
134 1.0089463283187134e-06
135 1.2326673068909445e-06
136 9.954737965549557e-07
137 1.3191092742108174e-06
138 9.097311884963253e-07
139 1.0769015648437373e-06
140 1.175546046722574e-06
141 1.2837297653729983e-06
142 1.2842272057855437e-06
143 1.42059283267952e-06
144 1.1665949277072392e-06
145 1.2524978912452016e-06
146 1.411762103608097e-06
147 1.0137761686892367e-06
148 9.714279298472503e-07
149 1.1850076063722533e-06
150 1.0568598123389787e-06
151 1.2209123850498377e-06
152 1.143952600397478e-06
153 1.1846263636516505e-06
154 1.1674703600998538e-06
155 1.1779901755492837e-06
156 9.743056283270706e-07
157 1.015555353870309e-06
158 1.0423498126025998e-06
159 1.2709870889997601e-06
160 1.0623511326926455e-06
161 1.2226280771735222e-06
162 1.5516963637567123e-06
163 1.3148065715001127e-06
164 1.0812109875066556e-06
165 1.1003413239339463e-06
166 9.643067090085583e-07
167 8.96234770044882e-07
168 1.1926758390704113e-06
169 1.1540016100489015e-06
170 1.1765906657167997e-06
171 1.1435564638243933e-06
172 1.1403188367622162e-06
173 1.0973816325693306e-06
174 1.024608402368482e-06
175 1.1986214389482846e-06
176 1.1600001901299695e-06
177 1.4750247212177345e-06
178 1.1998641859043256e-06
179 1.25506647638853e-06
180 9.268429755427882e-07
181 1.0086216619234968e-06
182 1.0399295091166233e-06
183 1.1386986661063484e-06
184 9.768849572938108e-07
185 1.4395247839285003e-06
186 1.0590913824987805e-06
187 1.2147790612185107e-06
188 1.450609464664976e-06
189 1.2238910123640737e-06
190 1.4121211598452103e-06
191 1.4229972021533303e-06
192 1.3275960029877926e-06
193 1.0283097198284371e-06
194 1.2266176389367668e-06
195 1.2838264941980251e-06
196 1.4102031873365333e-06
197 1.024552806288267e-06
198 1.3008378716255276e-06
199 9.712933012832411e-07
200 1.2489024115768173e-06
201 1.3846459571654605e-06
202 1.1333765839581638e-06
203 1.1205740111250322e-06
204 1.143632899321209e-06
205 1.2302696117972686e-06
206 1.3550323980568223e-06
207 1.2815442660780166e-06
208 1.135761524823018e-06
209 9.561050295525069e-07
210 1.1307916560190087e-06
211 1.0899582061875085e-06
212 1.078463612803337e-06
213 1.0620471590592061e-06
214 1.486722513323736e-06
215 1.2315428515660542e-06
216 1.156412571513161e-06
217 1.1564632091205837e-06
218 1.2701917807763383e-06
219 9.824294935349526e-07
220 1.0011010123518119e-06
221 1.3126393366205513e-06
222 1.1757610450973485e-06
223 1.1140749751922835e-06
224 1.037375902271575e-06
225 8.88658892080852e-07
226 1.313345137657156e-06
227 1.0245515839938446e-06
228 1.0909545722782632e-06
229 9.534306433455733e-07
230 1.0369677632348196e-06
231 1.4183693403486267e-06
232 1.223802878457203e-06
233 1.2915297865887113e-06
234 1.2599399964533666e-06
235 1.0198126651072757e-06
236 1.251150330801729e-06
237 1.2441601736770793e-06
238 1.0328701958081085e-06
239 1.3242225883684207e-06
240 1.3650949609277954e-06
241 1.1955198907860978e-06
242 1.3057192970578473e-06
243 1.3131893562778957e-06
244 1.3730653139387942e-06
245 1.6493829914002204e-06
246 1.207214603776683e-06
247 1.0521340698830063e-06
248 1.2271050094658765e-06
249 1.4525885823960984e-06
250 1.3395479689530285e-06
251 1.2006005677469395e-06
252 1.0179858163774244e-06
253 1.3055974199186296e-06
254 1.0793742270882003e-06
255 1.2281336357416717e-06
256 1.1989193439409317e-06
257 1.0378887165297947e-06
258 1.1763256455930707e-06
259 1.093867299769691e-06
260 8.598399742516357e-07
261 1.1907370015517936e-06
262 1.3522921859549651e-06
263 8.860405558575558e-07
264 1.1929418114754138e-06
265 1.157000274326406e-06
266 1.1460601993184446e-06
267 1.2328479681229214e-06
268 1.1075892966532434e-06
269 1.2633300279073864e-06
270 1.1157225902296126e-06
271 1.0795588534135553e-06
272 1.0039266279414656e-06
273 9.781641113504935e-07
274 1.5533321155873228e-06
275 1.1737195509908044e-06
276 1.3885453839526907e-06
277 1.227137623183455e-06
278 1.2508743904540971e-06
279 1.5279015282719645e-06
280 1.1565355974068146e-06
281 1.073600183457148e-06
282 9.688573916573796e-07
283 1.2415459284084154e-06
284 1.3156780993452153e-06
285 1.184659104934849e-06
286 1.1843723142473715e-06
287 1.4497408610911833e-06
288 1.1201118121061628e-06
289 1.4340358706399065e-06
290 1.1386025242286445e-06
291 1.3789521449511438e-06
292 1.2037675755617978e-06
293 1.417717905606501e-06
294 1.2270880848219204e-06
295 9.993063629878942e-07
296 1.1858077266822749e-06
297 1.1069644096982301e-06
298 1.2453101528289149e-06
299 1.2674677984141072e-06
