0 1.202285967896756e-05
1 1.3528837309524842e-05
2 1.9967207620721576e-05
3 1.5120784858049934e-05
4 1.8178568457446555e-05
5 1.37744272693921e-05
6 1.3772086222334293e-05
7 1.596625549989379e-05
8 1.5093384948280943e-05
9 1.289190174108659e-05
10 1.594498860010612e-05
11 1.5540669764148006e-05
12 1.6607558947406597e-05
13 1.489604215557316e-05
14 1.7133208826056338e-05
15 1.490093414401311e-05
16 1.6268250395333385e-05
17 1.543537904320752e-05
18 8.678240548587734e-06
19 1.3801070469065947e-05
20 1.2761814495253854e-05
21 1.45528954305306e-05
22 1.626082335010515e-05
23 1.2637511620346528e-05
24 1.3799243962283976e-05
25 1.3921535289168747e-05
26 1.6863336330095075e-05
27 1.210342241792873e-05
28 1.555927569478291e-05
29 1.6656228816188207e-05
30 1.5409590035383102e-05
31 1.6718045488311897e-05
32 1.6699881021128265e-05
33 1.9475442540376993e-05
34 1.645800630228013e-05
35 1.7593806630308526e-05
36 1.6477822326601542e-05
37 1.6116172440563208e-05
38 1.3126133450868292e-05
39 1.9227965620847043e-05
40 1.3948388626261498e-05
41 1.4812579952896731e-05
42 1.2636192353161059e-05
43 1.613120619203229e-05
44 1.6534313677348085e-05
45 1.6710604054131016e-05
46 8.415258250397278e-06
47 1.4497759701317768e-05
48 1.4628412561359818e-05
49 2.109592768577921e-05
50 1.2990596002647615e-05
51 1.564295138941764e-05
52 1.7243596576390553e-05
53 1.0394660962775901e-05
54 1.3784922843689487e-05
55 1.386578384120085e-05
56 1.1226600163953219e-05
57 9.568914953474227e-06
58 1.468606834991008e-05
59 1.633334092275075e-05
60 1.6834640505753302e-05
61 1.187615129754626e-05
62 1.5986530589395356e-05
63 1.2692233307948917e-05
64 1.3051770947529417e-05
65 1.2978092440212989e-05
66 1.7785964165413853e-05
67 1.604074850314135e-05
68 1.5559057962144573e-05
69 1.4078078878194152e-05
70 1.2968286430191087e-05
71 1.8024020748789286e-05
72 1.6234880866426856e-05
73 7.200023343599404e-06
74 1.3857854161887001e-05
75 1.423998270614901e-05
76 1.645988196811417e-05
77 1.7924886360785763e-05
78 1.4605603896943931e-05
79 1.5230476633518584e-05
80 1.338050752721975e-05
81 1.4786400070290378e-05
82 1.4037722742246618e-05
83 1.0304168870680531e-05
84 1.2839842684347109e-05
85 1.6802679772093832e-05
86 1.2985506370147536e-05
87 1.5873183272919937e-05
88 1.7627065528773518e-05
89 1.3241390248602443e-05
90 1.2222106233858466e-05
91 1.5725069013795393e-05
92 1.7946873046109962e-05
93 1.8957697295459815e-05
94 1.6358468174421226e-05
95 1.7288035055675977e-05
96 1.919700888509096e-05
97 1.846772864833649e-05
98 1.4329164998135061e-05
99 1.5072042232547685e-05
100 1.5204554762200662e-05
101 1.251920965813665e-05
102 1.4300071151383928e-05
103 1.3411013319532362e-05
104 1.410948299554916e-05
105 1.3017065218626961e-05
106 1.5940187042170838e-05
107 1.3558345490726197e-05
108 1.3431183385339895e-05
109 1.2965900430259907e-05
110 1.512735781785093e-05
111 1.4413268761513025e-05
112 1.5771776138556055e-05
113 1.9683116193337593e-05
114 1.16714021102435e-05
115 1.6465295258704678e-05
116 1.2693523735565338e-05
117 1.6153494026667952e-05
118 1.346037152953221e-05
119 1.7122546496095725e-05
120 1.3920873653316045e-05
121 1.4953642382573549e-05
122 1.453557195866656e-05
123 1.4067968249394693e-05
124 1.2636699214051852e-05
125 1.4807558109550739e-05
126 1.4263189089464464e-05
127 1.4875954417050695e-05
128 1.53326987350782e-05
129 1.0654998638393601e-05
130 9.871540200146174e-06
131 1.3435193099410477e-05
132 1.448795531316029e-05
133 1.3444644317211317e-05
134 1.0113720364215025e-05
135 1.3672817854425573e-05
136 7.533095686115138e-06
137 1.372146609503769e-05
138 1.1488257370172118e-05
139 1.495514465971742e-05
140 1.4773718181510878e-05
141 1.449071825637672e-05
142 1.2770939807347387e-05
143 1.6011182747076708e-05
144 1.3106699044621052e-05
145 1.3903673364948465e-05
146 1.5125093998170137e-05
147 1.7746344018566688e-05
148 1.5030855497439222e-05
149 1.2123472743556856e-05
150 1.593957909682095e-05
151 1.7056034179465306e-05
152 1.1841601136482474e-05
153 1.6454718889979076e-05
154 1.1188020606201538e-05
155 1.426627658249145e-05
156 9.10851732717571e-06
157 1.3492092159656773e-05
158 1.771289106621108e-05
159 1.2572130644622442e-05
160 1.8636342854312716e-05
161 1.5105643889909942e-05
162 1.2186862740831051e-05
163 1.4789291065527854e-05
164 1.8684601771027393e-05
165 1.7233782770837172e-05
166 1.5010255804702677e-05
167 1.4813427206318732e-05
168 1.6092102567059827e-05
169 1.3065935297685191e-05
170 1.8245083096419667e-05
171 1.4299514631719734e-05
172 1.758001888644912e-05
173 1.3459612788291606e-05
174 1.2875716984925154e-05
175 1.231274535811361e-05
176 1.4781094207456758e-05
177 1.5030045798424283e-05
178 1.4684278182409744e-05
179 1.595913554191232e-05
180 1.3667515270971603e-05
181 1.3160688832885627e-05
182 1.7096722950182274e-05
183 1.1952295332050004e-05
184 1.6196853572660875e-05
185 1.5209599544393855e-05
186 1.7656851450348525e-05
187 1.3623048938828682e-05
188 1.4879236940953968e-05
189 1.1987446283977557e-05
190 9.766199225299187e-06
191 1.4460735657390415e-05
192 1.217488753622565e-05
193 1.9172420625982323e-05
194 1.4775871148601029e-05
195 1.6098888883775356e-05
196 1.564686522929693e-05
197 1.7736134316262042e-05
198 1.041470165616936e-05
199 1.7191198209609606e-05
200 1.2791305810638787e-05
201 1.4726632918020356e-05
202 1.4594169289522594e-05
203 1.4183278850602583e-05
204 1.3596333673407882e-05
205 1.0683369986115093e-05
206 1.3826350129966181e-05
207 1.531657714477641e-05
208 1.5335593457064335e-05
209 1.6015083013795133e-05
210 1.5292359228418827e-05
211 1.2740387079222448e-05
212 1.3207023318873663e-05
213 1.4318580047241136e-05
214 1.5473160703999698e-05
215 1.5894456865463613e-05
216 1.671998387761559e-05
217 1.4935041070653902e-05
218 1.753534394052276e-05
219 1.3530961349668128e-05
220 1.3325431627242867e-05
221 1.6206794517231967e-05
222 1.6051801161309053e-05
223 1.6717966534949965e-05
224 1.50882489763973e-05
225 1.4929707847290538e-05
226 1.6618879387638466e-05
227 1.623235860860251e-05
228 1.24849909960817e-05
229 1.3552322543719157e-05
230 1.0155257365479182e-05
231 1.4806958512843375e-05
232 1.0411778920236781e-05
233 1.1794496963297273e-05
234 1.579913579734943e-05
235 1.4265240861100416e-05
236 1.6394300122094703e-05
237 1.7701158354582196e-05
238 1.371725527462961e-05
239 1.3610792303849028e-05
240 1.60313157028186e-05
241 1.2787497219990158e-05
242 1.3925505740429376e-05
243 1.6486887304377235e-05
244 1.4984959335689458e-05
245 1.294842753569268e-05
246 1.625402723519137e-05
247 1.6294118416504138e-05
248 1.8582881049652766e-05
249 1.3780963142738387e-05
250 1.4696126900288645e-05
251 1.685728839715386e-05
252 1.4208049532901877e-05
253 1.0860480723428982e-05
254 1.4125455159463865e-05
255 1.422861142541079e-05
256 1.4742725642309748e-05
257 1.3668039464176527e-05
258 1.3469406646006565e-05
259 1.4688444406448123e-05
260 1.747469444613308e-05
261 1.425337115696372e-05
262 1.786969016072247e-05
263 1.4279594381618057e-05
264 1.291626106453761e-05
265 1.4410576748745506e-05
266 1.6377807958998645e-05
267 1.0941563009027378e-05
268 1.2549786119786872e-05
269 1.1613905263763145e-05
270 1.5586731106051638e-05
271 1.550032446486574e-05
272 1.8356767135155853e-05
273 1.5626774635672687e-05
274 1.2584534218363631e-05
275 1.761255841017924e-05
276 1.6660720082389264e-05
277 1.6144283601819637e-05
278 1.4154874340587936e-05
279 1.4143207297412365e-05
280 1.3588629711201092e-05
281 1.7653760766633418e-05
282 1.3258927442744718e-05
283 1.3520039799109059e-05
284 1.802621442455495e-05
285 1.3568132969136388e-05
286 1.5827394548733497e-05
287 1.0573828031675483e-05
288 1.4139395883698273e-05
289 1.5236761819118517e-05
290 1.3143450913294031e-05
291 1.5809625377482087e-05
292 1.2652960343073078e-05
293 1.2780594503883618e-05
294 1.2522975080941849e-05
295 1.760370429293581e-05
296 1.701081483776669e-05
297 1.5183056498266725e-05
298 1.2847133143026788e-05
299 1.318332426952403e-05
