0 0.00011483555712755957
1 0.00010880007985077922
2 0.00010675307055355558
3 0.000112190824305535
4 0.00011261601479892399
5 0.0001136290264469781
6 0.00011378754383052162
7 0.00011374458725486648
8 0.00011436210001312396
9 0.00011445674139068173
10 0.00011192049538016344
11 0.00011387847402800912
12 0.0001128950389382457
13 0.00011362199971748104
14 0.00011250555857281418
15 0.00011153282021120007
16 0.00011427154877430737
17 0.00011278484993983972
18 0.00011622593869772398
19 0.0001125564233331884
20 0.00011415520984091417
21 0.0001145433676092925
22 0.00011214101050077089
23 0.00011149196422673092
24 0.00011128091396519249
25 0.00011172879829382171
26 0.00011142987918969321
27 0.00011361479318164574
28 0.00011159681846617307
29 0.00011195076151937546
30 0.00010806404971843965
31 0.00011293607338674626
32 0.00010794824157700278
33 0.00011083520185726252
34 0.00011400945398187926
35 0.00011175324015571624
36 0.00011215210756960213
37 0.00010999988296956103
38 0.00011256574095524547
39 0.0001110356278112655
40 0.00011497837778987047
41 0.00010888451702117621
42 0.0001155261118674942
43 0.00011224355390682011
44 0.00011062584954517536
45 0.00011232829540580556
46 0.00011561470073174362
47 0.00011383174654702356
48 0.00011132727298423645
49 0.00011070190325590594
50 0.00011215626936792344
51 0.00010978260959418897
52 0.00011378206415783752
53 0.00011248607509647913
54 0.00011161834928767092
55 0.00010921868542691576
56 0.00011687202918738383
57 0.0001141323710962172
58 0.00011284752681032709
59 0.00011317063004887703
60 0.00011202644805185555
61 0.00011460735345900422
62 0.00011501311451608617
63 0.00011280091811224823
64 0.0001136167940212342
65 0.00011658381980802959
66 0.00011479775553782423
67 0.00011244341849906383
68 0.00011341185555318353
69 0.00011261694422590875
70 0.00011196867673063404
71 0.00011133689216493184
72 0.00011428834688993346
73 0.00011645337030134439
74 0.00010980967663933334
75 0.0001116918978733891
76 0.00011313002955622068
77 0.00011347378470159384
78 0.00011133661867301898
79 0.00011193473798640731
80 0.00011165841135957923
81 0.00011248045601385829
82 0.00011335709450179953
83 0.00011491620088528243
84 0.00011212420102227383
85 0.0001129887254682827
86 0.0001115624425278805
87 0.00011282507888677946
88 0.00011222655252032078
89 0.00011294286064920916
90 0.00011494938174144638
91 0.00011442651481144909
92 0.00011171717564423311
93 0.00011268841195110077
94 0.00011233186457312317
95 0.00011086307680130823
96 0.0001085462799216907
97 0.00011400893208226739
98 0.00011539302802544635
99 0.00011266410181226502
100 0.00011265757211959243
101 0.00011794973251305716
102 0.00011278232300856192
103 0.0001164719758095036
104 0.00011229516327010139
105 0.00011320305051782153
106 0.00011194576627498104
107 0.00011305833330112621
108 0.00011251369288470209
109 0.00011432588501690708
110 0.00010943286911354761
111 0.00011143974167123914
112 0.00010935982944387785
113 0.0001092873626065254
114 0.00011536378432060171
115 0.00010980204694848949
116 0.00011228488394263136
117 0.00011100339013099792
118 0.0001134247077732875
119 0.00011140229544913442
120 0.00011264733365603257
121 0.00011551986670433743
122 0.0001124755827091203
123 0.00010855105881540888
124 0.00011352163683511986
125 0.00011223387776839705
126 0.00011396101032585618
127 0.00011292037487077454
128 0.00011405252679395245
129 0.000113921054992884
130 0.00011447075446314173
131 0.000112073966143776
132 0.00011180386882331292
133 0.00011791700619771761
134 0.00011384140610742454
135 0.00011184729066380938
136 0.00011728043177631819
137 0.00011179820462313124
138 0.0001141484859599315
139 0.00011247780431380089
140 0.00011009686810657553
141 0.00011198857790235988
142 0.00011489663186321112
143 0.000114000192452245
144 0.00011179247899976855
145 0.00011296999275184751
146 0.00011422757369477108
147 0.00011116973813349747
148 0.00011161161825746821
149 0.00011286452432833734
150 0.00011315371970719201
151 0.00011143894912189487
152 0.00011333378915740457
153 0.00011329995244595647
154 0.00011804325586118845
155 0.00011346743193636176
156 0.00011348493588749493
157 0.00011336496828871938
158 0.00011247191608824609
159 0.00011348435829756427
160 0.00011042919767416261
161 0.000115151331191167
162 0.00011299278467666512
163 0.00011174231497370279
164 0.0001131277368524292
165 0.00011337058455122953
166 0.0001118445471600188
167 0.00011174808534342604
168 0.00010989723342364095
169 0.00011256895188739697
170 0.00011286319047968225
171 0.00011468957042894587
172 0.00010996056308995026
173 0.00011292988139228196
174 0.0001128287715913642
175 0.00011216732983147905
176 0.00011127460596903559
177 0.00011410775744917261
178 0.00011269811220787385
179 0.00011040854930136196
180 0.00011187457363213755
181 0.00011039213793623466
182 0.00010912974783827722
183 0.0001143615995836274
184 0.00010945964156625018
185 0.00011016740250898616
186 0.00010926162239324355
187 0.00011126555291674551
188 0.00010782302763186351
189 0.00011484751764108895
190 0.00011745341436738393
191 0.00011101356341715531
192 0.00011288342627092452
193 0.00010993750735828687
194 0.00011422799996039274
195 0.00011016784650573369
196 0.00011289474272449232
197 0.00011238635878222544
198 0.00011404274998668439
199 0.00011087426255524841
200 0.00011438894325686571
201 0.00011526454475970775
202 0.00011112282956863081
203 0.00011156016205419685
204 0.0001138992490299815
205 0.00011585408303426193
206 0.00011443325976739467
207 0.00011103728752734578
208 0.0001107445068862886
209 0.00011290169331376422
210 0.00011222275936675807
211 0.00011278002373810359
212 0.00011407354937003594
213 0.00011346467327974695
214 0.0001125324010224191
215 0.00011347635911550708
216 0.00011599418140810303
217 0.00011091864181747143
218 0.00011452101728441657
219 0.00011445686162077782
220 0.00011275901412950682
221 0.00011326011641886811
222 0.00011455080991181802
223 0.00011208423187931144
224 0.00010949327350875852
225 0.00011258184966582369
226 0.00011180687107719033
227 0.00011357889479900684
228 0.00011507347434790126
229 0.00011450891703505733
230 0.00011493542956829878
231 0.00011469291551886935
232 0.00011413280107697065
233 0.000112330150491003
234 0.00011246238715223575
235 0.00011511131200785768
236 0.00011342761857979952
237 0.00011296021216475694
238 0.00011531721873492806
239 0.00011013864099862574
240 0.00011204365853624837
241 0.00011261288536685414
242 0.00011213874197625922
243 0.00011123721477115653
244 0.00011340215874766564
245 0.00011193198510729313
246 0.00011516784206732848
247 0.00011607901943136676
248 0.00011160525238960879
249 0.0001124523952995825
250 0.00010833471862408745
251 0.00011521737365662398
252 0.00011589642101326954
253 0.00011582050889124707
254 0.00010829207885382124
255 0.0001117690162162519
256 0.00011137935193829992
257 0.00011186748491846388
258 0.00011156194750691562
259 0.00011270270181661012
260 0.00011099184502288734
261 0.00011388151528716529
262 0.00010931864104113468
263 0.00011327840283952192
264 0.00011112748888769824
265 0.00011258896216476961
266 0.00010924507714328529
267 0.0001130351712959689
268 0.00011321003736312515
269 0.00011390958383446798
270 0.00010768666070454716
271 0.0001132780403019348
272 0.00011070922007657427
273 0.00011391140204577332
274 0.00011312068864879664
275 0.00011205873648232187
276 0.00010947751921187573
277 0.00011093364356654302
278 0.0001130188641830984
279 0.0001085195198026863
280 0.0001147856715065442
281 0.00011226836712070133
282 0.00011310425162531781
283 0.00011399921602912097
284 0.0001114636810032397
285 0.0001126123856470983
286 0.00011204116213874966
287 0.00011535455092383279
288 0.00011181641883342577
289 0.00011415985155818622
290 0.00011213916257774149
291 0.00011225726043800648
292 0.00011312312368058634
293 0.0001141121994168665
294 0.00011321845457533496
295 0.00011330123774220815
296 0.00011463383961302789
297 0.0001117573611811652
298 0.00011393805196555104
299 0.00011569380105275532
