0 0.00013401634146578396
1 0.00012565512189116563
2 0.00013030283049955907
3 0.00013335715238049344
4 0.00013544568570759177
5 0.00013408471591290985
6 0.0001345905558218855
7 0.00013568664899347036
8 0.00013406967482345377
9 0.00013423855041357055
10 0.0001334736879320516
11 0.00013618992556130928
12 0.0001353606847517254
13 0.00013433788909202
14 0.00013577911777541343
15 0.00013165273589534852
16 0.0001353859119403752
17 0.00013482794733954154
18 0.00013110674520677978
19 0.0001319318463506375
20 0.00013328306096610602
21 0.0001350118032595266
22 0.0001341755557859254
23 0.00012941990636526225
24 0.00012934155531614167
25 0.00013009998867042982
26 0.00013340173743097095
27 0.00013152483252505627
28 0.00013240806148056707
29 0.0001334545031675051
30 0.00012790358079137301
31 0.00013547978666184204
32 0.0001294720987681677
33 0.00013554823417909944
34 0.00013595997830821978
35 0.0001359129726272292
36 0.0001322846103037231
37 0.0001320913264731933
38 0.00013071531074250836
39 0.00013489630149053823
40 0.0001344636143986331
41 0.00012822667778370422
42 0.00013414223119908344
43 0.00013429816087190863
44 0.00013182477685807521
45 0.0001347175956261157
46 0.00013101618626405035
47 0.0001348228515196517
48 0.00013014185024376834
49 0.00013618750487545778
50 0.00013018870921220022
51 0.00013090550020704718
52 0.00013816731831038239
53 0.00013053458078008466
54 0.00013141383875627777
55 0.00012824683591403126
56 0.0001356225826200211
57 0.000129557688260943
58 0.00013407848280194888
59 0.00013408043499661874
60 0.00013391528453894226
61 0.00013501768072127573
62 0.0001358752280254431
63 0.00013214858726330394
64 0.00013423045308076016
65 0.00013637830598367445
66 0.0001390726816697543
67 0.00013458699173444214
68 0.00013484066576756042
69 0.0001324115821978228
70 0.0001309885005139617
71 0.00013500474131756106
72 0.00013725922989988698
73 0.00013031556031621916
74 0.0001289180493818599
75 0.00013165646671876876
76 0.00013533998572442407
77 0.0001376748127111125
78 0.00013166142465025456
79 0.0001327172271991157
80 0.00013113716748061556
81 0.00013267084222114497
82 0.00013277329622350646
83 0.0001323511597239332
84 0.0001301438358512726
85 0.00013555762669046985
86 0.00013214117451744317
87 0.00013498441271870954
88 0.0001353479654399001
89 0.00013259341374663927
90 0.00013268370504390946
91 0.00013702820007268227
92 0.00013523617613597452
93 0.00013671520039451363
94 0.0001329115702002709
95 0.00013408046211838917
96 0.00013216508366058376
97 0.00013847850495415402
98 0.0001375669318231316
99 0.0001324440988810768
100 0.00013255520358934218
101 0.00013822068883270384
102 0.00013239918160866073
103 0.00013616566100287857
104 0.000133182946244226
105 0.00013353714877557986
106 0.00013357987615582616
107 0.0001317260428210963
108 0.00013133694445009687
109 0.00013392740953972385
110 0.00012877091869429124
111 0.00013127887854454224
112 0.00013037077244445314
113 0.00013393254651854197
114 0.00013272973894199648
115 0.00013099694723656428
116 0.00013123613095171634
117 0.00013302886070615052
118 0.00013346689255203272
119 0.00013441277351655548
120 0.00013341167776143067
121 0.00013667497341393362
122 0.00013346806497507835
123 0.0001280336452767833
124 0.00013182907915374882
125 0.00013313909435577176
126 0.00013424390762874124
127 0.0001346832178343372
128 0.00013553614065103185
129 0.0001315725521091514
130 0.00013023183920627491
131 0.00013018764465720273
132 0.00013118433358865023
133 0.00013877261555417475
134 0.0001319430975490926
135 0.0001306878540468052
136 0.0001339315872545603
137 0.00013288110222767126
138 0.00013293712611037775
139 0.00013369333874953837
140 0.0001313019281571508
141 0.00013172501172654296
142 0.00013393710956829317
143 0.00013498448214990715
144 0.0001308256942179537
145 0.0001331228252387441
146 0.0001358205466470244
147 0.000133419564337476
148 0.00013264870466046702
149 0.0001318398442089596
150 0.00013557409075780474
151 0.00013338763807115223
152 0.00013101126020689165
153 0.00013461708446443275
154 0.00013731777166587294
155 0.00013429351810439582
156 0.00013034740823739075
157 0.00013168880123237022
158 0.00013578963427066438
159 0.0001322581242137858
160 0.00013341393562538723
161 0.00013764638428931226
162 0.00013087379168946208
163 0.00013126826142713176
164 0.0001366454153733591
165 0.0001368857482387677
166 0.00013343365926497485
167 0.0001316424907591885
168 0.0001300816175007082
169 0.00013212874193839656
170 0.00013572433685903775
171 0.0001348958690626041
172 0.00013301084285442016
173 0.0001316961442989893
174 0.00013270847942109776
175 0.00013128460770525985
176 0.00013177887428364213
177 0.0001364171269383726
178 0.0001327531309089235
179 0.00013140490960527812
180 0.00013142758679533445
181 0.00013001274408930272
182 0.00013131621903017998
183 0.00013341889304175665
184 0.00013053632178268914
185 0.00013048976647171923
186 0.00013193184919278213
187 0.00012960789132380514
188 0.0001278273463978558
189 0.00013503898447725997
190 0.0001352024723560264
191 0.00013010486461856557
192 0.00013164892788971244
193 0.0001341221585922656
194 0.00013559445551136057
195 0.00013176444618399018
196 0.00013557225449089782
197 0.0001359691499927797
198 0.0001319526781213209
199 0.00013238439044122198
200 0.00013322847561604012
201 0.00013719393537713835
202 0.00013022710211328813
203 0.00013099519570171304
204 0.00013340379904920377
205 0.00013359627707459624
206 0.00013463729207286923
207 0.00013129744798597747
208 0.00013132380312157516
209 0.00013559150552071734
210 0.00013280049751601426
211 0.00013028663315922686
212 0.0001348253391762093
213 0.0001328389119349489
214 0.00013269930160453734
215 0.0001331632777265318
216 0.0001388623443479555
217 0.00013165684012425143
218 0.00013842390596094666
219 0.0001338704989453584
220 0.00013232215962611036
221 0.00013562105967714717
222 0.00013733948195576254
223 0.00013449081401971472
224 0.0001307601205820423
225 0.000131349069668935
226 0.00013374228345706092
227 0.00013677050152581549
228 0.00013359644661754792
229 0.00013439641814309356
230 0.0001323624277553403
231 0.00013557773029195094
232 0.00013111990644979745
233 0.00013033472221128436
234 0.0001348668209224634
235 0.0001352463912408539
236 0.00013622471997786384
237 0.00013713369453220752
238 0.00013440141535280188
239 0.00012931639539255128
240 0.0001340837312283345
241 0.00013043712048691614
242 0.00013208471144581912
243 0.00013229447423359082
244 0.00013588905228156188
245 0.00013113318353680868
246 0.00013784256236648744
247 0.00013983388124987336
248 0.0001355700320223567
249 0.00013171195214380595
250 0.00012791259234498504
251 0.00013751516123421023
252 0.0001375271267047239
253 0.00013205908840188107
254 0.00012756375773563167
255 0.0001307705123072196
256 0.0001321280741167988
257 0.0001315223953350488
258 0.00013078447221096426
259 0.00013261403430144333
260 0.0001355253930081135
261 0.00013443986097589215
262 0.0001307804387958684
263 0.00013331005748779942
264 0.00012862514252612832
265 0.00013226895729086894
266 0.00013034322334306726
267 0.00013114803786487894
268 0.0001315825009076132
269 0.00013228390965733372
270 0.0001285041022886882
271 0.00013500754306083933
272 0.00013422024736975874
273 0.0001354103008914719
274 0.0001325221207330748
275 0.00013529144728845348
276 0.0001310871636718199
277 0.00013234821071540542
278 0.0001309397846858136
279 0.00012835991461713442
280 0.00013518220383360296
281 0.00013605416916894424
282 0.00013218580688045942
283 0.0001337760713126037
284 0.00013478410943154064
285 0.0001313302909852423
286 0.00013406319400322553
287 0.00013177633139263011
288 0.00013216359713021949
289 0.00013511382218965267
290 0.000130329971137274
291 0.000133843598174219
292 0.0001307130818962087
293 0.00013288575026344093
294 0.00013178661548963926
295 0.0001369007747285515
296 0.00013732351142901558
297 0.00013205302309800984
298 0.0001343935521271172
299 0.00013574944788016615
