0 7.010899853817435e-05
1 7.202456801787925e-05
2 6.677597951570368e-05
3 6.953471923893958e-05
4 6.886931181027128e-05
5 6.95576179289689e-05
6 6.852893689607298e-05
7 6.876767273803669e-05
8 7.098838027268341e-05
9 7.033115075462185e-05
10 6.888521635789444e-05
11 6.944717681327244e-05
12 6.830979157973824e-05
13 6.875023740343245e-05
14 6.823584842140693e-05
15 7.00040627404563e-05
16 6.913853479275789e-05
17 6.96713059872279e-05
18 7.312839225740784e-05
19 7.058168637748846e-05
20 7.112242318957767e-05
21 7.094580756174732e-05
22 6.794865007737002e-05
23 7.055534172658331e-05
24 7.209793381196615e-05
25 7.20995134254544e-05
26 6.841253989894987e-05
27 7.112406747894986e-05
28 6.916878278807606e-05
29 6.875698893064952e-05
30 6.983198761657786e-05
31 6.815473327951545e-05
32 6.88726868184185e-05
33 6.803306735697607e-05
34 6.888931110554033e-05
35 6.762721993797947e-05
36 7.172036509875269e-05
37 6.902696930496454e-05
38 7.188456710124371e-05
39 6.804929678761018e-05
40 6.99969483420975e-05
41 7.064904170209395e-05
42 7.227372162016794e-05
43 6.809575516207369e-05
44 6.913703649636108e-05
45 6.801018075718481e-05
46 7.257104894670398e-05
47 6.99225565672196e-05
48 7.046461969833762e-05
49 6.673006167033222e-05
50 7.129960345544459e-05
51 6.914430680989537e-05
52 6.705715365766319e-05
53 7.081239804405419e-05
54 6.9624056689234e-05
55 7.0440733376183e-05
56 7.112457491921779e-05
57 7.306486880533256e-05
58 6.856882135226773e-05
59 7.072853550268553e-05
60 6.774261500310678e-05
61 7.004824619572188e-05
62 6.992119412276414e-05
63 6.987910789852708e-05
64 6.932097469759822e-05
65 7.066961507802348e-05
66 6.735723351222952e-05
67 6.731004011953084e-05
68 6.966865678210397e-05
69 7.013126844503825e-05
70 7.03265589932853e-05
71 6.886415578125662e-05
72 6.90577518770058e-05
73 7.396174812215363e-05
74 7.028814264914837e-05
75 7.021021307221336e-05
76 6.912923538867983e-05
77 6.619264455240103e-05
78 7.00477655476782e-05
79 6.940085254508254e-05
80 7.019168089040217e-05
81 6.94895319299414e-05
82 7.031509409483032e-05
83 6.98219186510299e-05
84 7.065590112798432e-05
85 6.84693274492739e-05
86 6.839605527018132e-05
87 6.96635888624049e-05
88 6.909362279132644e-05
89 7.179610030196877e-05
90 7.254523535590929e-05
91 6.762011387453802e-05
92 6.798817125241943e-05
93 6.769281276570484e-05
94 7.030398983839842e-05
95 6.710147424243156e-05
96 6.744213185161202e-05
97 6.83764829541088e-05
98 6.987283094333329e-05
99 7.100218578427845e-05
100 7.07450469014908e-05
101 6.923198203575369e-05
102 7.000890312593108e-05
103 7.11899049043764e-05
104 6.877719024922402e-05
105 6.919942216983908e-05
106 6.825736864982023e-05
107 7.11698872079019e-05
108 7.1466881934527e-05
109 7.0641338557304e-05
110 7.009977728340852e-05
111 6.90158977906391e-05
112 6.860611610906962e-05
113 6.767604831241269e-05
114 7.197172623415181e-05
115 6.971447843209985e-05
116 7.094965212225098e-05
117 6.845086114673335e-05
118 6.927403239155591e-05
119 6.800094798951558e-05
120 6.946630887826775e-05
121 6.827986435582586e-05
122 6.942418273246874e-05
123 7.051498513728244e-05
124 7.181135517802173e-05
125 6.913813224087187e-05
126 7.071246802142603e-05
127 6.822366796473876e-05
128 6.954352125008444e-05
129 7.226130347798099e-05
130 7.341905150385875e-05
131 7.172402795062224e-05
132 7.072709834707736e-05
133 6.997993721962273e-05
134 7.035200567828275e-05
135 7.009965641343413e-05
136 7.203899611493974e-05
137 6.801544171377106e-05
138 7.059938649801223e-05
139 6.950552715884183e-05
140 6.827648579699632e-05
141 6.999822011600526e-05
142 7.17076301015706e-05
143 6.879476707589761e-05
144 7.116656450141161e-05
145 7.004801116882845e-05
146 6.96764341718666e-05
147 6.828169897532102e-05
148 7.048209814525609e-05
149 7.082507500101272e-05
150 6.801816312231183e-05
151 6.809185465030548e-05
152 7.257416361543456e-05
153 6.857287314178565e-05
154 7.116187926627258e-05
155 6.993369643032261e-05
156 7.110335217580267e-05
157 7.15370864778653e-05
158 6.82375465089892e-05
159 7.135293040900371e-05
160 6.750785837396483e-05
161 6.844885844225296e-05
162 7.165097030572316e-05
163 6.97496392900542e-05
164 6.837973951576498e-05
165 6.760210225216575e-05
166 6.730834709755835e-05
167 7.043036586832687e-05
168 7.01746907800307e-05
169 7.038635108664982e-05
170 6.821863542341553e-05
171 7.02849556228738e-05
172 6.713658172486349e-05
173 7.08960213201888e-05
174 6.944783972005613e-05
175 6.993433437558286e-05
176 7.032066658510526e-05
177 6.818738115186452e-05
178 7.126492495252435e-05
179 6.859912696308714e-05
180 6.930380541496077e-05
181 7.0236744648762e-05
182 6.781995001712792e-05
183 6.992170203361173e-05
184 6.845520831488372e-05
185 6.952327400965343e-05
186 6.918172957043846e-05
187 7.02380954794135e-05
188 6.825169362507138e-05
189 6.950781583605537e-05
190 7.043344382547574e-05
191 7.143775453719687e-05
192 7.10767529876901e-05
193 6.695479698389328e-05
194 6.980592085652105e-05
195 6.934589836181047e-05
196 6.823317199362756e-05
197 6.756864531552038e-05
198 7.001961767427906e-05
199 6.937905541103251e-05
200 7.116052444578236e-05
201 6.852527407725865e-05
202 7.050113400056459e-05
203 7.109604167257343e-05
204 7.13441486235294e-05
205 7.063866428221026e-05
206 6.936930370044907e-05
207 6.902430053715989e-05
208 6.875287397878392e-05
209 6.86194213519218e-05
210 6.998234400101365e-05
211 7.18584554327303e-05
212 6.902907992538928e-05
213 7.098687599298721e-05
214 7.04167189870678e-05
215 7.04563436715845e-05
216 6.983121086685206e-05
217 7.044611314709561e-05
218 6.798068115275457e-05
219 6.967829361128822e-05
220 7.088293484923534e-05
221 6.755455108805413e-05
222 6.863956343039933e-05
223 6.891012788817058e-05
224 6.873734280870208e-05
225 7.182264956328451e-05
226 6.817789346755096e-05
227 6.885833999199205e-05
228 7.044811828424487e-05
229 7.037227139577495e-05
230 7.143301617498475e-05
231 6.918957779274802e-05
232 7.064048982873515e-05
233 7.061974568941886e-05
234 6.827318985094596e-05
235 7.079168522283176e-05
236 6.804457796237562e-05
237 6.714662659833284e-05
238 7.14739250004093e-05
239 6.954857429633804e-05
240 6.820394045011364e-05
241 7.155496676898777e-05
242 6.93933111715318e-05
243 6.914689029087865e-05
244 6.770797617189036e-05
245 6.9769748513221e-05
246 6.872674707904439e-05
247 6.818565159017491e-05
248 6.801179057017409e-05
249 7.146865745850108e-05
250 6.955358202548769e-05
251 6.943878585597689e-05
252 6.936082852234651e-05
253 7.328824331460655e-05
254 7.027483256305177e-05
255 7.081717968098161e-05
256 6.98666075673015e-05
257 7.043395633158006e-05
258 7.096461234795059e-05
259 6.945275212289773e-05
260 6.736687322027776e-05
261 6.988953777290206e-05
262 6.919793830284208e-05
263 7.078517609870897e-05
264 7.229536462274161e-05
265 7.087050883700181e-05
266 6.742628298761338e-05
267 7.052514643718037e-05
268 7.248388244589122e-05
269 7.014365484011063e-05
270 6.913208235382556e-05
271 6.886461457262827e-05
272 6.738778936640599e-05
273 6.923749934724408e-05
274 6.988703532949343e-05
275 6.916186758824866e-05
276 6.970764361143837e-05
277 7.023269996498224e-05
278 7.146889591311124e-05
279 7.051926863525271e-05
280 7.060418166040385e-05
281 6.825988667960035e-05
282 7.133103826035173e-05
283 7.119472242885049e-05
284 6.730137181520143e-05
285 7.11062538860517e-05
286 6.795824332241246e-05
287 7.303333709711155e-05
288 6.952845972876146e-05
289 7.00162224319666e-05
290 7.204848954142832e-05
291 6.87027863120322e-05
292 7.167443989523878e-05
293 7.23489004503496e-05
294 7.065567127122585e-05
295 6.841941612788371e-05
296 6.750429200190441e-05
297 6.938417146281381e-05
298 6.931816262516366e-05
299 6.931503233234894e-05
