0 4.4111280756403434e-07
1 4.470370867683932e-07
2 4.42817047273909e-07
3 4.429213873914939e-07
4 4.51759903155691e-07
5 4.423377531319082e-07
6 4.2860323802102395e-07
7 4.474453159674431e-07
8 4.411043863849693e-07
9 4.4474138039457227e-07
10 4.3050863193307637e-07
11 4.3150746961551386e-07
12 4.31592661185737e-07
13 4.583047106871199e-07
14 4.4042116266136354e-07
15 4.352668329161612e-07
16 4.466760431715863e-07
17 4.522756716063309e-07
18 4.359837223568614e-07
19 4.2769392791656174e-07
20 4.413122248858552e-07
21 4.3907104040874527e-07
22 4.396218837877461e-07
23 4.351219677870287e-07
24 4.3259431907217894e-07
25 4.4528907305030726e-07
26 4.318840525254909e-07
27 4.4599264318122883e-07
28 4.2662726147647924e-07
29 4.513876725508573e-07
30 4.348322208219184e-07
31 4.4054155143688653e-07
32 4.4050544588150683e-07
33 4.461012164870959e-07
34 4.457010531773294e-07
35 4.400898376934164e-07
36 4.4626828747632804e-07
37 4.371883686761444e-07
38 4.4161324215554056e-07
39 4.433212401178126e-07
40 4.4552410764912063e-07
41 4.2904980275921545e-07
42 4.39673986278531e-07
43 4.3492854631256994e-07
44 4.3460581954808254e-07
45 4.3891990127603303e-07
46 4.4582305265183183e-07
47 4.3363655592435055e-07
48 4.5016731344999293e-07
49 4.338078452495576e-07
50 4.479030015691715e-07
51 4.360368720718845e-07
52 4.492731153905469e-07
53 4.442953179281691e-07
54 4.485841887690462e-07
55 4.3956793957022734e-07
56 4.502642531130119e-07
57 4.397358465867952e-07
58 4.411363266485748e-07
59 4.32356771490358e-07
60 4.5062598142329914e-07
61 4.4946643832950186e-07
62 4.371656573810667e-07
63 4.3858794690191287e-07
64 4.3328558085675995e-07
65 4.3933706876700085e-07
66 4.335060459920079e-07
67 4.347959857763583e-07
68 4.4314124215912773e-07
69 4.459973102839346e-07
70 4.4283614422450116e-07
71 4.4500563691824236e-07
72 4.481053585407205e-07
73 4.420800989387051e-07
74 4.282740650508925e-07
75 4.5014560824389794e-07
76 4.5304600888501387e-07
77 4.394185679829477e-07
78 4.4643741654076316e-07
79 4.4142154127036426e-07
80 4.4771941212823213e-07
81 4.425478556147214e-07
82 4.422653247359936e-07
83 4.4138649025554426e-07
84 4.3717231326124875e-07
85 4.302026390862066e-07
86 4.4753584377992777e-07
87 4.390953877078014e-07
88 4.5682667703975693e-07
89 4.3830085245448905e-07
90 4.3892232457524117e-07
91 4.5212347320509574e-07
92 4.42228728676582e-07
93 4.362006155501132e-07
94 4.428856919590016e-07
95 4.365345608258152e-07
96 4.35979465428996e-07
97 4.4737739526284676e-07
98 4.410008172947409e-07
99 4.3767149568594215e-07
100 4.3988056786570556e-07
101 4.506344427745786e-07
102 4.2266506439082974e-07
103 4.423819271043903e-07
104 4.3775758676710454e-07
105 4.248035738850552e-07
106 4.3759876761097405e-07
107 4.3509526606565967e-07
108 4.325117339349145e-07
109 4.38467228729867e-07
110 4.457964386550889e-07
111 4.493176099352182e-07
112 4.4036355570654966e-07
113 4.2923938708602345e-07
114 4.42794141140268e-07
115 4.498044079071346e-07
116 4.3831961929422184e-07
117 4.4294539294408783e-07
118 4.222865804228465e-07
119 4.4187375098490616e-07
120 4.497149605213736e-07
121 4.3819849261665447e-07
122 4.441641508929094e-07
123 4.300108374079798e-07
124 4.4487950091289694e-07
125 4.3035915255648677e-07
126 4.442654582153035e-07
127 4.3706997920048837e-07
128 4.3396907016870067e-07
129 4.4298089914949575e-07
130 4.469607786181872e-07
131 4.397250392882736e-07
132 4.448785755732737e-07
133 4.368344069455593e-07
134 4.397484871163805e-07
135 4.3763127311217246e-07
136 4.2632610786717867e-07
137 4.4175631346312567e-07
138 4.6112477228442005e-07
139 4.3315131627446016e-07
140 4.4312814550132806e-07
141 4.4674610082561613e-07
142 4.421748787543158e-07
143 4.44811838817859e-07
144 4.380138455454104e-07
145 4.3001558625927934e-07
146 4.3368371235387466e-07
147 4.415746305767639e-07
148 4.4375787920412047e-07
149 4.404865728264028e-07
150 4.5214329694520297e-07
151 4.4149459079064585e-07
152 4.3573114633453897e-07
153 4.545549540147328e-07
154 4.432913337220638e-07
155 4.4786804419182347e-07
156 4.3248149601828675e-07
157 4.3903164753834124e-07
158 4.4503376927179415e-07
159 4.4345101581231327e-07
160 4.440935957542138e-07
161 4.46639175546731e-07
162 4.2370593077621774e-07
163 4.4449653661384e-07
164 4.494277467037603e-07
165 4.5389713073391723e-07
166 4.473289112521641e-07
167 4.343526048683318e-07
168 4.5281231218538207e-07
169 4.47050187730213e-07
170 4.496909712193803e-07
171 4.4896252210524623e-07
172 4.5092273572608415e-07
173 4.4063448416397526e-07
174 4.482630426023471e-07
175 4.483716240961857e-07
176 4.4444130909382045e-07
177 4.4144848296722366e-07
178 4.4864800099763544e-07
179 4.454178363807561e-07
180 4.450717967089828e-07
181 4.2256954110663396e-07
182 4.514193731460778e-07
183 4.3244845971454827e-07
184 4.308169056879155e-07
185 4.370917270621334e-07
186 4.391011204878163e-07
187 4.43329373880838e-07
188 4.3416353720461096e-07
189 4.4343511748548654e-07
190 4.4597302550904407e-07
191 4.4237704220970893e-07
192 4.4390358221098e-07
193 4.44595559414047e-07
194 4.5658349051203474e-07
195 4.4025752984638934e-07
196 4.470097799192779e-07
197 4.489145371303445e-07
198 4.435061653638733e-07
199 4.499676839709477e-07
200 4.33852246666109e-07
201 4.357274559179455e-07
202 4.3245701748907664e-07
203 4.309593420118465e-07
204 4.4980368728284473e-07
205 4.3933812410689126e-07
206 4.4754554072532996e-07
207 4.3669260668929324e-07
208 4.4919152213035755e-07
209 4.382403333398286e-07
210 4.483557428273553e-07
211 4.4331008641079765e-07
212 4.4854400741508897e-07
213 4.440017006500718e-07
214 4.3864247480730206e-07
215 4.463054213286686e-07
216 4.375236113194124e-07
217 4.3272318047508015e-07
218 4.617570938016698e-07
219 4.477835922905465e-07
220 4.320365253073096e-07
221 4.3097269927110676e-07
222 4.573701023300815e-07
223 4.378546847001763e-07
224 4.399850463853361e-07
225 4.4434202448819914e-07
226 4.451223799284636e-07
227 4.368701042093506e-07
228 4.363682533796309e-07
229 4.4129700147938945e-07
230 4.340908593275225e-07
231 4.456457317764314e-07
232 4.4107641675345465e-07
233 4.4342360983357497e-07
234 4.500710818284823e-07
235 4.4718600548052876e-07
236 4.4469560049478337e-07
237 4.4990117377988647e-07
238 4.372379478697812e-07
239 4.408721963966514e-07
240 4.437605970174959e-07
241 4.3603804323090926e-07
242 4.4906987169216366e-07
243 4.4014919959415427e-07
244 4.5750496259644864e-07
245 4.330572917460731e-07
246 4.3043610279627066e-07
247 4.4278278465886245e-07
248 4.434987805001515e-07
249 4.4601991589759047e-07
250 4.365814084126892e-07
251 4.59665451168097e-07
252 4.3377735104534235e-07
253 4.5040740900088223e-07
254 4.441003071953189e-07
255 4.520551220584059e-07
256 4.368424984570943e-07
257 4.437972206809179e-07
258 4.457759577581216e-07
259 4.3055698527080187e-07
260 4.4620676757105574e-07
261 4.4711777024162526e-07
262 4.6014811227483464e-07
263 4.4153427440616077e-07
264 4.4241202933493367e-07
265 4.5835952529067096e-07
266 4.391792926607183e-07
267 4.226622827320646e-07
268 4.4530816091642846e-07
269 4.610818385392915e-07
270 4.422277225416145e-07
271 4.284936896719044e-07
272 4.4586619510997317e-07
273 4.403713923724746e-07
274 4.3774465499029284e-07
275 4.3810025305782366e-07
276 4.314867292624809e-07
277 4.370452818271836e-07
278 4.3929483122119123e-07
279 4.4824757258844923e-07
280 4.4198022364131263e-07
281 4.4399396686601907e-07
282 4.3924839799879746e-07
283 4.527587456711567e-07
284 4.512914886091519e-07
285 4.4284149390405306e-07
286 4.414015840097584e-07
287 4.412510363541783e-07
288 4.3188218552404606e-07
289 4.6016294311845914e-07
290 4.4162146120047206e-07
291 4.408709379066765e-07
292 4.356461830550909e-07
293 4.4367284277809933e-07
294 4.3774854876336545e-07
295 4.340193585296875e-07
296 4.460988844503155e-07
297 4.4151444692786347e-07
298 4.4529294392817634e-07
299 4.342512031599908e-07
