0 7.87765911393545e-07
1 7.012906322988319e-07
2 5.935836539791256e-07
3 6.494077951443475e-07
4 6.178646364836727e-07
5 5.62976367288856e-07
6 5.525763259421038e-07
7 7.819022495942276e-07
8 7.47880001022149e-07
9 6.64751989926314e-07
10 5.545668210151412e-07
11 5.045833046575882e-07
12 5.763513667133757e-07
13 7.32237079773797e-07
14 7.030244921948013e-07
15 5.702153332030442e-07
16 6.471901542902771e-07
17 5.965605617375987e-07
18 6.696517405301032e-07
19 5.465052969894102e-07
20 6.391205134884164e-07
21 6.692692083286995e-07
22 5.838412729054325e-07
23 6.349376638766805e-07
24 5.830458938658644e-07
25 6.437182872030067e-07
26 5.924938721805203e-07
27 6.596626922391968e-07
28 5.499698440307843e-07
29 7.935784879295824e-07
30 6.761524982492077e-07
31 5.134987668373692e-07
32 6.880369139174306e-07
33 6.063368303277965e-07
34 5.652803243492016e-07
35 5.623881678999334e-07
36 6.755676497394197e-07
37 5.697334606920044e-07
38 5.784331971701597e-07
39 6.242453123857079e-07
40 6.850989679818624e-07
41 4.789256969876202e-07
42 7.325626764417323e-07
43 6.323122819863105e-07
44 5.509689518379051e-07
45 4.946962508815371e-07
46 6.532731983465828e-07
47 6.728467550479727e-07
48 6.582972574679493e-07
49 5.791679343023937e-07
50 7.447819212017719e-07
51 5.376447547208528e-07
52 6.658431515122121e-07
53 5.615248115691302e-07
54 7.198717729930542e-07
55 6.687288725635531e-07
56 7.012872951027381e-07
57 6.200985470665343e-07
58 6.312865714838263e-07
59 5.532238386657865e-07
60 6.904379560017836e-07
61 7.631680228055956e-07
62 6.24480340559316e-07
63 6.311774548379172e-07
64 5.103446480117285e-07
65 6.18045003637652e-07
66 5.455092883388361e-07
67 6.758351448683843e-07
68 6.123477511589426e-07
69 6.266874511765329e-07
70 6.461557447885611e-07
71 6.546876948192668e-07
72 7.12934093951016e-07
73 6.382492478337332e-07
74 4.899690769473856e-07
75 6.578085535676342e-07
76 7.445759382440098e-07
77 6.072020864632849e-07
78 7.046512775122073e-07
79 5.98703531873721e-07
80 6.512540130629248e-07
81 7.480856526932083e-07
82 6.867865952196223e-07
83 5.754450209741373e-07
84 6.701777005677043e-07
85 5.898442188862621e-07
86 7.791244277718228e-07
87 6.597844856578741e-07
88 7.007453102633426e-07
89 5.260659611578403e-07
90 6.765702124434061e-07
91 6.582613647901492e-07
92 7.165463983650138e-07
93 6.269192794960504e-07
94 6.476010318929724e-07
95 5.845590129724736e-07
96 6.111740067207176e-07
97 6.573240710962376e-07
98 5.663578577579504e-07
99 5.363367454230989e-07
100 6.467097950575437e-07
101 7.046312658706326e-07
102 4.907430075774214e-07
103 5.404674415239461e-07
104 5.283578711737013e-07
105 5.288123824890273e-07
106 6.452964750006808e-07
107 5.907025931024343e-07
108 5.383638656476585e-07
109 6.370765707435824e-07
110 6.966173119430965e-07
111 6.644837611524505e-07
112 5.328638136034933e-07
113 6.139224198795883e-07
114 7.32806352380032e-07
115 6.530466830773991e-07
116 6.617178617552608e-07
117 5.875196183716628e-07
118 5.164165573673879e-07
119 5.491517793597827e-07
120 6.856875365950081e-07
121 6.267721652163087e-07
122 6.868929325631143e-07
123 5.6445762317023e-07
124 7.085786250711822e-07
125 6.467817448667735e-07
126 6.551499311641145e-07
127 5.728659950035783e-07
128 5.931432445104943e-07
129 6.670514455676599e-07
130 7.629053294401195e-07
131 6.39451262806437e-07
132 6.817036255857704e-07
133 6.14830612159063e-07
134 5.76805668622444e-07
135 5.438578517396121e-07
136 4.1865942921393253e-07
137 6.307747729081496e-07
138 6.337319930913716e-07
139 5.018802960587735e-07
140 7.273614269442449e-07
141 7.321511050993654e-07
142 6.235153758619396e-07
143 6.508139018491894e-07
144 5.73256163273106e-07
145 5.801672815593427e-07
146 6.940866010029803e-07
147 7.284001983910664e-07
148 6.032442931844998e-07
149 5.218266170211249e-07
150 7.652537261352172e-07
151 6.587805770244448e-07
152 6.180582810203808e-07
153 7.240989377558343e-07
154 6.65386077120635e-07
155 6.388854645789533e-07
156 5.172470065674181e-07
157 5.938011467899613e-07
158 6.094533044099159e-07
159 6.577941451322094e-07
160 6.353190614924414e-07
161 6.849056965961574e-07
162 5.680276885063267e-07
163 6.427763981581242e-07
164 7.329246811085091e-07
165 6.280597048513243e-07
166 6.625561153678547e-07
167 5.79982014086094e-07
168 7.956098859939318e-07
169 6.864691809598616e-07
170 7.07767002748799e-07
171 6.043241348033868e-07
172 6.866174145803838e-07
173 6.214828637771972e-07
174 6.130204975118246e-07
175 5.627812588120434e-07
176 6.867802757121398e-07
177 5.886514835069415e-07
178 6.040891139302957e-07
179 6.687869331004392e-07
180 6.515946610083209e-07
181 4.296723642225487e-07
182 6.301721506710752e-07
183 5.282027972884189e-07
184 5.360428961854889e-07
185 6.432127947214342e-07
186 5.928285230398859e-07
187 5.912821121174327e-07
188 6.410857810105911e-07
189 6.210292644949092e-07
190 6.893216025238596e-07
191 5.142806667917764e-07
192 6.023996511604214e-07
193 6.957161380651396e-07
194 7.171006291408306e-07
195 7.150570996885678e-07
196 6.094150351840841e-07
197 6.681930922273055e-07
198 5.880013452283156e-07
199 7.244281265969592e-07
200 5.880665517733622e-07
201 4.870366500207794e-07
202 5.247110475972646e-07
203 5.979778119319964e-07
204 7.415205810823977e-07
205 6.754673664500196e-07
206 5.845144184182333e-07
207 6.340093763711354e-07
208 6.977587481418718e-07
209 6.689119231235783e-07
210 6.538707566827306e-07
211 6.406848802433645e-07
212 6.741938627742878e-07
213 5.768630239402754e-07
214 7.318745150060532e-07
215 6.440364445131448e-07
216 5.713644131191399e-07
217 5.86012781171201e-07
218 8.095870163186205e-07
219 6.923478273805104e-07
220 5.656538716279724e-07
221 5.502199224103824e-07
222 6.928033577946802e-07
223 5.533988236691766e-07
224 7.13568017354342e-07
225 5.785459379733643e-07
226 5.865587611795469e-07
227 6.23989644913252e-07
228 6.816614649526888e-07
229 7.383407752165518e-07
230 5.624244686255609e-07
231 6.669707690618401e-07
232 6.480687995700677e-07
233 6.14790299068053e-07
234 6.672408775012277e-07
235 6.25139921227646e-07
236 6.310170578797952e-07
237 7.535661733271805e-07
238 6.275557924127009e-07
239 6.603891660389165e-07
240 7.23169727427725e-07
241 5.19212731841172e-07
242 7.11090408733491e-07
243 6.458256206167655e-07
244 7.597239699550632e-07
245 5.664158480093315e-07
246 5.477361582344429e-07
247 7.314595464603502e-07
248 6.129904364755705e-07
249 6.94830488620512e-07
250 5.742846675007767e-07
251 8.66700630094177e-07
252 5.693410497910526e-07
253 7.008188055447152e-07
254 5.850502909275764e-07
255 7.394101205459569e-07
256 6.20768237644575e-07
257 5.313000565578023e-07
258 5.720217170734634e-07
259 5.083913629686616e-07
260 6.990279294590818e-07
261 7.125989949298226e-07
262 8.055807177977438e-07
263 6.450893231891722e-07
264 6.572423021529479e-07
265 7.228168851747129e-07
266 7.496304455502757e-07
267 5.714032570439804e-07
268 6.579344354150807e-07
269 7.629602380647031e-07
270 6.766702437912896e-07
271 4.804172740940405e-07
272 7.611146451715001e-07
273 6.470642107862116e-07
274 6.530947716708215e-07
275 5.953656097496499e-07
276 6.109439889628011e-07
277 6.83401490910218e-07
278 5.442874164090389e-07
279 6.492789120824945e-07
280 6.05936097096903e-07
281 6.951007100320524e-07
282 6.792317395321849e-07
283 6.938950059154264e-07
284 6.774259206059883e-07
285 6.645603434451065e-07
286 6.311633952372269e-07
287 6.50059009733326e-07
288 5.610701163318449e-07
289 7.243142595463747e-07
290 7.036090295094259e-07
291 6.184675722515327e-07
292 5.435407062713659e-07
293 6.196737843870791e-07
294 6.041636024402361e-07
295 6.99412057995093e-07
296 6.431057801056759e-07
297 6.193265211533539e-07
298 5.379754794236926e-07
299 5.591773329703117e-07
