0 2.464302303453553e-07
1 2.500461678938549e-07
2 2.495710147838555e-07
3 2.4817848340168017e-07
4 2.475159591014713e-07
5 2.4846362277535956e-07
6 2.456205906332492e-07
7 2.527315682577793e-07
8 2.456857894682856e-07
9 2.4807917664121544e-07
10 2.459913823849969e-07
11 2.466736552166065e-07
12 2.44112096814408e-07
13 2.548314521093514e-07
14 2.496108072073501e-07
15 2.4711404133574257e-07
16 2.5051281353724544e-07
17 2.516495909331594e-07
18 2.475706624307797e-07
19 2.4536692400081516e-07
20 2.5054436296300384e-07
21 2.4658214633594823e-07
22 2.4482331429797835e-07
23 2.456387278863698e-07
24 2.4416176915271543e-07
25 2.475919547914683e-07
26 2.4512824693510464e-07
27 2.4933255461862207e-07
28 2.4239501305717876e-07
29 2.5172809782472953e-07
30 2.460228455269084e-07
31 2.4613004755350607e-07
32 2.4821002530085923e-07
33 2.4880400622335886e-07
34 2.4973717913715475e-07
35 2.431101400396649e-07
36 2.480462648732488e-07
37 2.4786263602616287e-07
38 2.4502666669760855e-07
39 2.4766097299310136e-07
40 2.5020861433388283e-07
41 2.4850471130681325e-07
42 2.473142179657007e-07
43 2.4846344423262674e-07
44 2.4639241812054047e-07
45 2.482432782446482e-07
46 2.5205554890833425e-07
47 2.4864661721783803e-07
48 2.488290647441392e-07
49 2.4911824641588236e-07
50 2.5137929192471713e-07
51 2.444783711762853e-07
52 2.527552668595502e-07
53 2.4602045361103223e-07
54 2.512077650273206e-07
55 2.445506636589971e-07
56 2.498420790557321e-07
57 2.476085303752719e-07
58 2.459354718629243e-07
59 2.444407382650305e-07
60 2.520402211195856e-07
61 2.507972205245491e-07
62 2.462331675321867e-07
63 2.488061247817842e-07
64 2.456505560291435e-07
65 2.4800022177517047e-07
66 2.447139837534733e-07
67 2.453082429578627e-07
68 2.4684826626004745e-07
69 2.475548586605806e-07
70 2.472116182979282e-07
71 2.5290619921612563e-07
72 2.483603008693921e-07
73 2.433197619690507e-07
74 2.4994187008767266e-07
75 2.5215475404853497e-07
76 2.541949682034079e-07
77 2.440812707146998e-07
78 2.490029281289472e-07
79 2.4866928382592135e-07
80 2.4904965526301574e-07
81 2.519998165535959e-07
82 2.537910644993117e-07
83 2.516026038380879e-07
84 2.4712058108039216e-07
85 2.4546229834324644e-07
86 2.545621687412652e-07
87 2.4579237538987785e-07
88 2.4976293466051236e-07
89 2.460641173080157e-07
90 2.4744163313737995e-07
91 2.504695506146496e-07
92 2.4873802399041145e-07
93 2.462972823705994e-07
94 2.4797154944060163e-07
95 2.504088329429687e-07
96 2.4798233475876695e-07
97 2.471319130077211e-07
98 2.4876178104678085e-07
99 2.5086732520837175e-07
100 2.502549765627961e-07
101 2.5148812342509487e-07
102 2.449504665011183e-07
103 2.452717380901088e-07
104 2.4750211197632977e-07
105 2.4116940986258723e-07
106 2.4440527790083534e-07
107 2.462391410374525e-07
108 2.4806083350631015e-07
109 2.4546985104009126e-07
110 2.456819068627924e-07
111 2.465222962864646e-07
112 2.494428565207183e-07
113 2.439978287545076e-07
114 2.4831872109772463e-07
115 2.47043537909513e-07
116 2.509861206276382e-07
117 2.501343035761003e-07
118 2.45171381269928e-07
119 2.478107699037743e-07
120 2.477546967609493e-07
121 2.456731269903536e-07
122 2.4940224809785803e-07
123 2.4361560860249873e-07
124 2.5463385662058606e-07
125 2.45977433215124e-07
126 2.4847546146278763e-07
127 2.4834018897278807e-07
128 2.469374859609616e-07
129 2.499457793742334e-07
130 2.4874789685827857e-07
131 2.4635118551304695e-07
132 2.4807531552706385e-07
133 2.5149098172939e-07
134 2.4617729677498526e-07
135 2.503416037114726e-07
136 2.497125117268394e-07
137 2.514669705436755e-07
138 2.539719480496118e-07
139 2.468618801835236e-07
140 2.512303775791178e-07
141 2.5193101441924116e-07
142 2.4968462020173665e-07
143 2.522855623275531e-07
144 2.441762071048411e-07
145 2.4573652350444064e-07
146 2.4826038155277395e-07
147 2.437973405905811e-07
148 2.4765097098590675e-07
149 2.47712324476947e-07
150 2.5606886934311665e-07
151 2.492201757977757e-07
152 2.4892234709107883e-07
153 2.498540632328671e-07
154 2.4681219062223096e-07
155 2.4765734531990474e-07
156 2.418417670227182e-07
157 2.48343575700337e-07
158 2.437822305418582e-07
159 2.53281245799527e-07
160 2.4960389994316e-07
161 2.4952510836883597e-07
162 2.4403273743660363e-07
163 2.5104817390689266e-07
164 2.5060012617683964e-07
165 2.499080019420631e-07
166 2.495816356190308e-07
167 2.457470892137286e-07
168 2.536172960505043e-07
169 2.4857447015162496e-07
170 2.52238533721478e-07
171 2.486118748550574e-07
172 2.4999387062242796e-07
173 2.5058166123690606e-07
174 2.5523643757522277e-07
175 2.491731906929494e-07
176 2.5245562864955706e-07
177 2.4913754179121887e-07
178 2.498999500790463e-07
179 2.4809952991558644e-07
180 2.474931766283235e-07
181 2.452905472099835e-07
182 2.5238307342065717e-07
183 2.49105090977571e-07
184 2.444572752146251e-07
185 2.510769243130575e-07
186 2.4795893813407316e-07
187 2.4350492476039836e-07
188 2.478102687900785e-07
189 2.524033677788316e-07
190 2.5193563662322844e-07
191 2.4562622880313026e-07
192 2.4736899223491905e-07
193 2.459429068878596e-07
194 2.522412814807612e-07
195 2.499495780616717e-07
196 2.507750820914646e-07
197 2.523699066082741e-07
198 2.5131228633722057e-07
199 2.479048723429545e-07
200 2.444449049702443e-07
201 2.4809306847044285e-07
202 2.407355902072007e-07
203 2.4543523680530544e-07
204 2.477038358682178e-07
205 2.477924526610041e-07
206 2.499815034683404e-07
207 2.4935276441598213e-07
208 2.495403708903132e-07
209 2.445200355088388e-07
210 2.5181948783169147e-07
211 2.4605408365087716e-07
212 2.5004763259529563e-07
213 2.499578612352536e-07
214 2.4653606182586913e-07
215 2.4789422167368346e-07
216 2.4621829292731917e-07
217 2.4875444747201195e-07
218 2.542292424478739e-07
219 2.541490098004701e-07
220 2.4666544490513503e-07
221 2.506486832152671e-07
222 2.4685420293773987e-07
223 2.469878419328824e-07
224 2.4748720282938646e-07
225 2.477459692885189e-07
226 2.5171597804066394e-07
227 2.4655646327172053e-07
228 2.508837272207779e-07
229 2.515196061152592e-07
230 2.4474041943654076e-07
231 2.5079817313312413e-07
232 2.4534967323955133e-07
233 2.546402956767457e-07
234 2.493320572316643e-07
235 2.487206543408579e-07
236 2.4287958678214657e-07
237 2.5167257465245513e-07
238 2.5099843812546253e-07
239 2.510693092328017e-07
240 2.5078420899711574e-07
241 2.5150798427940853e-07
242 2.4802219976351704e-07
243 2.490057368357615e-07
244 2.51653206426748e-07
245 2.4703037016897643e-07
246 2.4872582757262025e-07
247 2.464858314008861e-07
248 2.484118540154369e-07
249 2.4673399875206084e-07
250 2.447157954802337e-07
251 2.538751120577681e-07
252 2.4421404253578485e-07
253 2.4654060830136693e-07
254 2.465891294807239e-07
255 2.493686140651347e-07
256 2.4717031892123547e-07
257 2.5099360229937637e-07
258 2.4739872905573895e-07
259 2.4791027168686593e-07
260 2.488452858546438e-07
261 2.5218821107650307e-07
262 2.5446136609241875e-07
263 2.4742440644172945e-07
264 2.511826751471352e-07
265 2.5249298655606404e-07
266 2.4718356131365775e-07
267 2.434570987773369e-07
268 2.473242402929081e-07
269 2.5368205452301237e-07
270 2.5312962398508407e-07
271 2.425591115352074e-07
272 2.4848163245917545e-07
273 2.472902560083244e-07
274 2.474030182389635e-07
275 2.449895447587886e-07
276 2.4858418502843125e-07
277 2.5085011429964324e-07
278 2.46441540231424e-07
279 2.485299416944967e-07
280 2.4945990982914155e-07
281 2.4940333750757113e-07
282 2.4943090954315034e-07
283 2.519412457270418e-07
284 2.4981087562574525e-07
285 2.5187504849992603e-07
286 2.4687800763050615e-07
287 2.440479392013912e-07
288 2.454184562404295e-07
289 2.524576696360091e-07
290 2.4820116545026435e-07
291 2.4722380608493184e-07
292 2.470461277415106e-07
293 2.47691630763901e-07
294 2.4896417570803905e-07
295 2.47959043107534e-07
296 2.5182095385000196e-07
297 2.4906753790719823e-07
298 2.469313153151012e-07
299 2.432008828103998e-07
