0 -3.5330593857843733e-07
1 -4.6612916282471705e-07
2 -5.387021336991615e-07
3 -4.6735074016347624e-07
4 -4.922815779362981e-07
5 -5.599548379290918e-07
6 -5.628815851168888e-07
7 -3.8918474751793546e-07
8 -4.268607479711035e-07
9 -4.6718161774977686e-07
10 -5.576041889264511e-07
11 -5.884570831734341e-07
12 -5.790408817063294e-07
13 -4.098713575539626e-07
14 -5.220501613115843e-07
15 -5.511389687853512e-07
16 -4.844976691299654e-07
17 -5.458988931774092e-07
18 -4.896442456044993e-07
19 -6.223696741592551e-07
20 -5.172872316641032e-07
21 -4.4234322389932693e-07
22 -5.565799970868744e-07
23 -4.610019222665055e-07
24 -5.472494166085603e-07
25 -4.947628600448886e-07
26 -5.108906339558327e-07
27 -4.723489416706774e-07
28 -5.780779531291806e-07
29 -4.2353942625490454e-07
30 -4.775038807314932e-07
31 -5.809819074832275e-07
32 -5.068065346444523e-07
33 -4.7394887190818456e-07
34 -5.710658135968905e-07
35 -4.960249778819214e-07
36 -4.6458648836560946e-07
37 -5.762148575822608e-07
38 -5.468310809369938e-07
39 -4.606861474389303e-07
40 -5.297069521207663e-07
41 -6.846050132112448e-07
42 -4.3280085220186757e-07
43 -5.04549056063035e-07
44 -5.318634733154025e-07
45 -5.943916898422992e-07
46 -5.057052773464662e-07
47 -5.459023765237834e-07
48 -4.4908174698287033e-07
49 -5.658652685040404e-07
50 -4.111591823310938e-07
51 -5.613815259309545e-07
52 -5.334955527056166e-07
53 -5.088862980946625e-07
54 -4.952522788572126e-07
55 -4.862071570168215e-07
56 -4.7257644749718366e-07
57 -5.367197606421304e-07
58 -4.95763195310368e-07
59 -5.604068492513193e-07
60 -4.69988201252365e-07
61 -4.4079993322276596e-07
62 -5.323961575301435e-07
63 -4.913103814743393e-07
64 -5.936728211068744e-07
65 -5.442273881917956e-07
66 -5.868963009641576e-07
67 -5.280073388909464e-07
68 -5.064849202441481e-07
69 -4.983302454505057e-07
70 -5.099449536506398e-07
71 -4.916366415386091e-07
72 -3.97287317761462e-07
73 -4.3265478223825066e-07
74 -6.41866405037752e-07
75 -4.666376409650371e-07
76 -4.717088418901879e-07
77 -4.78423946554811e-07
78 -4.4788098264172897e-07
79 -5.372887285051114e-07
80 -4.914780117824747e-07
81 -4.4578016939529597e-07
82 -5.42935348351019e-07
83 -5.816163450634783e-07
84 -5.174996383867795e-07
85 -5.554835172730904e-07
86 -4.6064569099693403e-07
87 -4.826109880259585e-07
88 -4.5470298544749867e-07
89 -5.668300625196638e-07
90 -4.967177657477818e-07
91 -4.2929019450944936e-07
92 -5.004195770707551e-07
93 -5.19004056286227e-07
94 -5.08435755694767e-07
95 -5.610764053421891e-07
96 -5.317556993165679e-07
97 -4.917946981605662e-07
98 -5.355646876568466e-07
99 -5.73447325193683e-07
100 -4.904290220026166e-07
101 -4.740036035017824e-07
102 -6.577127144715432e-07
103 -5.348468436101184e-07
104 -6.056548924150177e-07
105 -5.437589065918409e-07
106 -5.205492898919337e-07
107 -5.229019732668349e-07
108 -5.473667765961548e-07
109 -4.988287313078496e-07
110 -4.2574277647595656e-07
111 -4.6050198005958565e-07
112 -6.081444657916052e-07
113 -5.604696533408183e-07
114 -4.4971483123521864e-07
115 -4.562647223711787e-07
116 -5.227261235086469e-07
117 -5.293971883293833e-07
118 -6.187984444810195e-07
119 -5.3104359745383e-07
120 -4.944186305114902e-07
121 -4.73635407909401e-07
122 -4.4980134363038947e-07
123 -5.261822567325144e-07
124 -4.837908080672481e-07
125 -5.3993944813987e-07
126 -4.856320065508637e-07
127 -5.518256149503411e-07
128 -5.566445610990179e-07
129 -5.040346685161734e-07
130 -4.236558239248031e-07
131 -5.166755985625124e-07
132 -4.4979108367370255e-07
133 -5.71116997932746e-07
134 -4.985627922482217e-07
135 -5.632034541356967e-07
136 -7.043693912497819e-07
137 -5.324901604894025e-07
138 -4.857997788824964e-07
139 -5.853204246305542e-07
140 -4.3757929002264627e-07
141 -4.505174474309675e-07
142 -5.273447190300568e-07
143 -5.443621803177347e-07
144 -5.13243487154551e-07
145 -5.514565260324417e-07
146 -4.750011751680663e-07
147 -4.102494475833866e-07
148 -5.7606292788162e-07
149 -5.455797631312046e-07
150 -4.4490962291031503e-07
151 -5.077485219487387e-07
152 -5.38875277772532e-07
153 -4.0094831169181534e-07
154 -4.996296878004225e-07
155 -4.836091640272638e-07
156 -5.287283441267687e-07
157 -5.344765406276314e-07
158 -5.003252540087091e-07
159 -5.482121525355819e-07
160 -5.29705157821862e-07
161 -4.3620901449192337e-07
162 -5.78484344566843e-07
163 -5.298079359231665e-07
164 -4.643675255216393e-07
165 -4.861294024549622e-07
166 -4.769063029633177e-07
167 -5.221622388442464e-07
168 -4.0681627465542723e-07
169 -4.2935460306644146e-07
170 -4.97480037339731e-07
171 -4.90605385463397e-07
172 -4.867509735888311e-07
173 -5.36885331268462e-07
174 -5.68950030264778e-07
175 -5.113871323780833e-07
176 -5.328271603322711e-07
177 -5.208659540867359e-07
178 -5.180662678724582e-07
179 -5.306900544166336e-07
180 -4.5213748372620433e-07
181 -6.849851235970241e-07
182 -5.304995427506489e-07
183 -6.214714048300707e-07
184 -5.758001208923183e-07
185 -5.504920223525439e-07
186 -4.95526782681563e-07
187 -5.012542736886644e-07
188 -4.908058597503045e-07
189 -5.788984948200509e-07
190 -4.865359194670411e-07
191 -5.773056030850889e-07
192 -5.28660902583239e-07
193 -4.594813600225745e-07
194 -4.184307502462017e-07
195 -4.484606495902708e-07
196 -5.238894427346885e-07
197 -4.976255643906892e-07
198 -5.69943361694396e-07
199 -4.4936376956250146e-07
200 -5.43046976032157e-07
201 -6.243278761117877e-07
202 -4.994352490828008e-07
203 -5.617584606200719e-07
204 -4.1067589379415384e-07
205 -4.898912618476699e-07
206 -4.95591632526872e-07
207 -5.595579185806666e-07
208 -4.771758591983755e-07
209 -4.4104841256742383e-07
210 -5.498134525060332e-07
211 -4.70317998252941e-07
212 -4.887975540134091e-07
213 -5.265099244427515e-07
214 -4.610167920316165e-07
215 -4.916508028086875e-07
216 -5.647993022244667e-07
217 -5.799371108324399e-07
218 -3.605161032473439e-07
219 -5.347265026255586e-07
220 -5.655588497194447e-07
221 -5.801035400499828e-07
222 -4.2911421286323313e-07
223 -5.673646671995003e-07
224 -4.976393061702118e-07
225 -5.016089743969967e-07
226 -5.207835775971496e-07
227 -5.114205229161522e-07
228 -5.303180423773513e-07
229 -4.801748153528193e-07
230 -5.408942225967379e-07
231 -4.4629726585628276e-07
232 -4.977903233810005e-07
233 -5.46363109184796e-07
234 -4.4645219830619194e-07
235 -5.20459135276277e-07
236 -4.361616420764088e-07
237 -4.428275969688579e-07
238 -5.611549526920044e-07
239 -5.277310049251847e-07
240 -4.2932221929018537e-07
241 -6.320515665441799e-07
242 -4.808820718306693e-07
243 -5.24166814020216e-07
244 -4.44170004058134e-07
245 -5.58445627787343e-07
246 -5.611458147620785e-07
247 -4.793369179655336e-07
248 -5.145306804856452e-07
249 -4.5133683244339587e-07
250 -5.284733486817201e-07
251 -3.3814638868981947e-07
252 -5.41885376604756e-07
253 -4.4039905919506626e-07
254 -5.121085965634548e-07
255 -4.275421114062523e-07
256 -5.287424447348755e-07
257 -5.379818149498206e-07
258 -5.44812337595285e-07
259 -6.003798031454198e-07
260 -4.809762247839588e-07
261 -5.294653189181778e-07
262 -3.813519318410264e-07
263 -4.709702317420482e-07
264 -4.79455498585165e-07
265 -4.098516730864434e-07
266 -4.1746907105472093e-07
267 -5.838538661331408e-07
268 -4.528798793076781e-07
269 -4.511926586691331e-07
270 -4.89520078701038e-07
271 -6.226756363724851e-07
272 -4.4467927065216945e-07
273 -5.331720599474895e-07
274 -4.999106228302608e-07
275 -5.460678714758381e-07
276 -5.919453217485013e-07
277 -5.468617021000631e-07
278 -5.330356786056619e-07
279 -4.877255434116262e-07
280 -5.648784532196465e-07
281 -5.038622622976701e-07
282 -5.123842150176762e-07
283 -4.5368106350273784e-07
284 -4.730710537977335e-07
285 -5.082635429328661e-07
286 -5.133303493026436e-07
287 -5.055319639380981e-07
288 -5.619213012511194e-07
289 -4.476665818827114e-07
290 -4.641291863557856e-07
291 -4.959329533059809e-07
292 -5.689457237206188e-07
293 -5.290271029830371e-07
294 -5.124595536404595e-07
295 -5.548243526125444e-07
296 -4.893906303107217e-07
297 -5.392100520738153e-07
298 -5.692406628774064e-07
299 -5.381376609007686e-07
