0 8.87302685512938e-07
1 9.330282150926707e-07
2 9.063341524171646e-07
3 8.67646089333225e-07
4 8.417800492553078e-07
5 8.886532810511659e-07
6 8.888315767199157e-07
7 9.23199672459777e-07
8 9.350853664509734e-07
9 8.845523003213377e-07
10 9.047171037504235e-07
11 8.712881050288949e-07
12 9.400756650769754e-07
13 8.75570078226673e-07
14 1.0137985966794495e-06
15 9.01759450963148e-07
16 9.013044549104813e-07
17 9.03135974624915e-07
18 9.308127954511023e-07
19 9.653521310799936e-07
20 9.225141645253001e-07
21 8.689867296953287e-07
22 9.031250948463522e-07
23 8.546520768616845e-07
24 9.016486932230446e-07
25 8.909902005294442e-07
26 8.781251673591318e-07
27 8.956089902261488e-07
28 9.030188088845995e-07
29 9.807094160187855e-07
30 9.284200558023956e-07
31 8.650775435451001e-07
32 9.655633433644313e-07
33 8.147571853540475e-07
34 9.0652181995627e-07
35 7.928053133982823e-07
36 8.88819951914277e-07
37 9.272723060522837e-07
38 8.833234542817325e-07
39 8.37037408096536e-07
40 9.960156909355598e-07
41 9.682559658453386e-07
42 9.216489599664153e-07
43 9.139027982158867e-07
44 8.481835168995161e-07
45 8.550982667085228e-07
46 9.368613064886029e-07
47 1.0141809234070183e-06
48 8.534031318799683e-07
49 9.381269704182998e-07
50 9.128824120026286e-07
51 8.644639776710748e-07
52 9.730447907906562e-07
53 8.102126328088237e-07
54 9.792165279500355e-07
55 9.271161105444324e-07
56 9.307067995527258e-07
57 9.271334538917331e-07
58 8.916922985992868e-07
59 8.885295234189333e-07
60 9.220475129540076e-07
61 9.651601698210658e-07
62 9.219527528480705e-07
63 8.86277308173391e-07
64 8.92939933158264e-07
65 9.399032809420173e-07
66 9.009913647309806e-07
67 9.840320852943506e-07
68 8.710980389449749e-07
69 8.757731547147076e-07
70 9.139106771862119e-07
71 9.164042823515486e-07
72 8.44027571873518e-07
73 7.967677382805662e-07
74 9.359976454177537e-07
75 8.879614357927011e-07
76 9.785145312620012e-07
77 8.378585860894841e-07
78 9.138586567492758e-07
79 9.148451515510706e-07
80 8.985224333218647e-07
81 9.601462679917377e-07
82 1.0357771748687647e-06
83 9.311342144976625e-07
84 9.596139681213042e-07
85 9.277836326590316e-07
86 1.0183782126269456e-06
87 8.985945483489939e-07
88 8.976522427593421e-07
89 8.475327488533713e-07
90 9.392757023084568e-07
91 8.281744755931546e-07
92 1.0013053188819515e-06
93 9.197598870229593e-07
94 9.133568048801791e-07
95 9.220951327290477e-07
96 9.189186246386056e-07
97 8.996943314480334e-07
98 8.623224553869231e-07
99 8.874751046538886e-07
100 9.071629108213169e-07
101 9.289604356893963e-07
102 9.566044058076526e-07
103 8.342296503342313e-07
104 9.159399372835513e-07
105 8.373242200303805e-07
106 9.255490499560493e-07
107 8.93865285056375e-07
108 8.685093536312307e-07
109 8.937261596765683e-07
110 8.598426756876618e-07
111 8.586834188296348e-07
112 9.295286374402055e-07
113 9.625822929255553e-07
114 9.4515461198106e-07
115 8.35572259831326e-07
116 9.73788439791583e-07
117 8.871576513990009e-07
118 9.29353545764764e-07
119 8.397783536939791e-07
120 9.449060167462153e-07
121 8.446652333251736e-07
122 8.911203985185967e-07
123 8.61238084297566e-07
124 9.706999597930266e-07
125 9.753196736870014e-07
126 8.975069215770671e-07
127 9.176342084284165e-07
128 9.443408245680321e-07
129 9.458373137164537e-07
130 9.443631185748803e-07
131 9.075490779671658e-07
132 8.74163372194987e-07
133 9.82843212880491e-07
134 8.354045936664805e-07
135 8.883049411452626e-07
136 9.317796649560047e-07
137 9.371483673788621e-07
138 8.575705445813258e-07
139 8.638892595790972e-07
140 9.26380253621816e-07
141 9.367933828202789e-07
142 9.245685751089318e-07
143 9.8535016103111e-07
144 8.401525494989793e-07
145 9.20874674378653e-07
146 9.49133679762614e-07
147 8.767235947269208e-07
148 9.49314945911907e-07
149 8.272481860414989e-07
150 9.684180957983044e-07
151 9.37395820496503e-07
152 9.444838663747931e-07
153 8.604712901459075e-07
154 9.347589368991245e-07
155 8.544526003184436e-07
156 7.964211627255686e-07
157 9.002625333557551e-07
158 8.529573385725592e-07
159 9.86689243038667e-07
160 9.388402520548215e-07
161 8.87868329785375e-07
162 9.452254826073538e-07
163 9.484214596748693e-07
164 9.629214020516015e-07
165 8.532298141772075e-07
166 8.901796817202414e-07
167 8.76521624067542e-07
168 9.649376011066133e-07
169 8.589788260322772e-07
170 9.793603200349805e-07
171 8.476540514563668e-07
172 9.31810960258448e-07
173 9.371889783493776e-07
174 9.776420581280918e-07
175 8.201291351726954e-07
176 1.0098367308712273e-06
177 8.691222569292167e-07
178 8.676542494633418e-07
179 9.797629078348663e-07
180 8.563089968025927e-07
181 9.214393040836763e-07
182 9.273155379701722e-07
183 9.413799122086059e-07
184 9.077131679653671e-07
185 9.813682772228462e-07
186 8.599531030693253e-07
187 8.226113193008081e-07
188 9.047123364326108e-07
189 9.989790398273832e-07
190 9.560910149241505e-07
191 8.525582141712301e-07
192 8.838997797038698e-07
193 9.137895903150397e-07
194 8.855140318261005e-07
195 9.330181440293184e-07
196 9.04282106059693e-07
197 9.29381176067109e-07
198 9.423512977996872e-07
199 9.259013843729482e-07
200 8.991833485394282e-07
201 8.941598133368622e-07
202 7.683312933825068e-07
203 9.528373345560327e-07
204 8.908315944569524e-07
205 9.353563839819991e-07
206 8.321638267590621e-07
207 9.777057784177155e-07
208 9.288428755120912e-07
209 8.580182119531656e-07
210 9.89617760435891e-07
211 8.51915230484975e-07
212 9.301559342370135e-07
213 8.66380982133682e-07
214 9.621054939979011e-07
215 8.808086369147524e-07
216 9.030341030408204e-07
217 9.606495384463822e-07
218 9.04432194155938e-07
219 1.0124026760974736e-06
220 9.175451731014593e-07
221 9.27892756627603e-07
222 8.457454314865421e-07
223 8.992488275894734e-07
224 9.855215154824098e-07
225 8.333371206071517e-07
226 8.691079813279753e-07
227 9.031412325753892e-07
228 1.0054110556419143e-06
229 1.0133387029725769e-06
230 8.617663056022522e-07
231 8.678775207508492e-07
232 9.030051193992888e-07
233 9.428495599196967e-07
234 8.588248471758846e-07
235 9.082545622553777e-07
236 8.029607347548751e-07
237 9.656957211571883e-07
238 9.86323261204518e-07
239 9.901998767943545e-07
240 9.047409214972295e-07
241 9.544562748419056e-07
242 9.609266881149758e-07
243 9.435628619161203e-07
244 9.665481931223459e-07
245 9.063887842774759e-07
246 9.020894536224203e-07
247 9.730480543640762e-07
248 8.875153695402789e-07
249 8.850751323113787e-07
250 8.667674755599165e-07
251 9.583134073000898e-07
252 8.826076951738065e-07
253 8.816899160142702e-07
254 8.513099679928392e-07
255 9.080794892861986e-07
256 9.176737260254204e-07
257 8.280763861604755e-07
258 8.590481129116426e-07
259 9.069277841106245e-07
260 9.352433075756191e-07
261 1.0209832236306038e-06
262 9.398959817626427e-07
263 8.722714146060834e-07
264 8.954756389662997e-07
265 8.718133903569394e-07
266 9.189797282415534e-07
267 9.628262992078993e-07
268 8.553005543868667e-07
269 9.720217420713492e-07
270 9.515467274125188e-07
271 8.732921140716055e-07
272 9.719580257928062e-07
273 9.482481564954266e-07
274 9.411201513727439e-07
275 9.107499125078248e-07
276 1.0142689021369994e-06
277 1.0251481492162568e-06
278 8.341826152955402e-07
279 8.885659784381659e-07
280 9.431392705958087e-07
281 9.762906815124277e-07
282 9.817107547404708e-07
283 8.940202588563144e-07
284 9.019522529871693e-07
285 9.567380137112915e-07
286 8.963835453972289e-07
287 9.215689961948426e-07
288 8.987504480906438e-07
289 9.171765741087394e-07
290 9.324453875898341e-07
291 8.697021768962852e-07
292 8.858165884484936e-07
293 9.21317310023132e-07
294 8.787180256758943e-07
295 1.0575456493398473e-06
296 8.947292790776564e-07
297 9.322289430712862e-07
298 8.787825333990986e-07
299 8.622206181302105e-07
