0 6.187258187391071e-07
1 6.121645338136337e-07
2 6.052039808264554e-07
3 6.167686928369267e-07
4 6.357285274094528e-07
5 6.057528116245923e-07
6 5.927009855628209e-07
7 6.150135538718044e-07
8 6.0918515466184e-07
9 6.15844516095491e-07
10 5.911739536902923e-07
11 6.014416847614626e-07
12 5.915115801632839e-07
13 6.339521041330769e-07
14 5.85029634610109e-07
15 5.94698482422875e-07
16 6.125666658764462e-07
17 6.171616687027562e-07
18 5.976681923356389e-07
19 5.798853893324981e-07
20 6.075560205973935e-07
21 6.12857263164519e-07
22 6.108276177991162e-07
23 6.090422636826441e-07
24 6.011356655802331e-07
25 6.172941177811999e-07
26 5.965777845664826e-07
27 6.109612854171324e-07
28 5.936204276184809e-07
29 6.066763531741677e-07
30 5.969673204244803e-07
31 6.070085178962807e-07
32 5.995722989558835e-07
33 6.34031399519711e-07
34 6.079460331235495e-07
35 6.291741488272147e-07
36 6.203837951591505e-07
37 5.943692425796786e-07
38 6.16192639821901e-07
39 6.231264217795339e-07
40 5.985352013631452e-07
41 5.731900984217394e-07
42 6.074050524239039e-07
43 5.936601562181544e-07
44 6.073849211916583e-07
45 6.06869709356847e-07
46 6.025301028933986e-07
47 5.766456596950143e-07
48 6.288448368170836e-07
49 5.870787788565324e-07
50 6.163997498402993e-07
51 6.078280119501957e-07
52 6.04953205971438e-07
53 6.297699250466062e-07
54 6.076374512010996e-07
55 6.024936967765238e-07
56 6.173899368203165e-07
57 6.020520621307907e-07
58 6.067524268575e-07
59 6.010321948236278e-07
60 6.139822112292243e-07
61 6.117797084020519e-07
62 6.048410052903541e-07
63 6.086973606516011e-07
64 5.934811094957142e-07
65 5.924878724539503e-07
66 6.000354025565364e-07
67 5.907290571125916e-07
68 6.190568782512273e-07
69 6.202781263032598e-07
70 6.101826482997167e-07
71 6.09107583005744e-07
72 6.325321487076543e-07
73 6.383829921679391e-07
74 5.760927737230729e-07
75 6.140839578656015e-07
76 6.125569274640456e-07
77 6.195872702074458e-07
78 6.130830539084454e-07
79 5.970070480476191e-07
80 6.147573666642313e-07
81 6.01140923093579e-07
82 5.774377251817715e-07
83 6.004173592255017e-07
84 5.981058816485782e-07
85 5.910129240220106e-07
86 5.975968573446104e-07
87 6.125008334017995e-07
88 6.305043670307695e-07
89 6.152348421054587e-07
90 6.042238536977362e-07
91 6.338840289370816e-07
92 5.892863455124819e-07
93 6.02546627522328e-07
94 6.121373931479427e-07
95 5.953992453042767e-07
96 6.002203054076048e-07
97 6.193545144179805e-07
98 6.112901617000154e-07
99 6.005568622769912e-07
100 6.0295323941947e-07
101 6.201543350767984e-07
102 5.707105667976265e-07
103 6.178340912284204e-07
104 5.956861554376217e-07
105 6.032178663843108e-07
106 6.069009051735842e-07
107 5.994403795728269e-07
108 5.898001678521745e-07
109 6.111233422030615e-07
110 6.273734719881861e-07
111 6.338556167915406e-07
112 5.945842402883771e-07
113 5.831020567115594e-07
114 6.078873591628445e-07
115 6.38503188129269e-07
116 5.857967536719238e-07
117 6.050510395612917e-07
118 5.795183390155356e-07
119 6.184283829524051e-07
120 6.111767796387793e-07
121 6.191812548441472e-07
122 6.20517325294464e-07
123 6.005832474904722e-07
124 5.954367384589444e-07
125 5.84884596446106e-07
126 6.160627432376539e-07
127 5.88197009302638e-07
128 5.871805478680464e-07
129 6.008332532379995e-07
130 6.134218535384337e-07
131 6.158861907323842e-07
132 6.227109210375281e-07
133 5.83498102561559e-07
134 6.117699672148734e-07
135 5.980519122051769e-07
136 5.734763527617735e-07
137 5.987214807395071e-07
138 6.3659742585782e-07
139 5.971396057137599e-07
140 6.087549163931293e-07
141 6.162942155572727e-07
142 6.007901434098015e-07
143 5.891035138333217e-07
144 6.143044175891561e-07
145 5.849904429542276e-07
146 5.895578799503437e-07
147 6.261149956052004e-07
148 6.014423858762403e-07
149 6.142806269836332e-07
150 6.152439627898807e-07
151 6.016566588935881e-07
152 5.91517320785326e-07
153 6.388800102941442e-07
154 6.05766298469967e-07
155 6.315486072256e-07
156 6.181359338990246e-07
157 6.006741816273466e-07
158 6.276187583141977e-07
159 5.959165472414502e-07
160 6.015191727364715e-07
161 6.153428959722396e-07
162 5.74029010992624e-07
163 6.00104943363003e-07
164 6.058104692834727e-07
165 6.305436350095489e-07
166 6.176613123857451e-07
167 6.02500282215021e-07
168 6.110840328533284e-07
169 6.261919396883118e-07
170 6.051710561563933e-07
171 6.230886507794286e-07
172 6.160138098216464e-07
173 5.945863607796048e-07
174 5.895420726761633e-07
175 6.284587772636313e-07
176 5.886444765930516e-07
177 6.131937204415573e-07
178 6.223487699466731e-07
179 5.954527892058581e-07
180 6.18664302023404e-07
181 5.699614751748993e-07
182 6.102250269908437e-07
183 5.835130932878506e-07
184 5.841455604924358e-07
185 5.879765587557785e-07
186 6.094527624309485e-07
187 6.35463638532194e-07
188 6.009688159248466e-07
189 5.863729556576666e-07
190 6.018575372420975e-07
191 6.157990167494973e-07
192 6.169843632193218e-07
193 6.099551913769938e-07
194 6.2506169489483e-07
195 6.058459519293541e-07
196 6.048089510952168e-07
197 6.089714689996217e-07
198 5.932836975889965e-07
199 6.169529560493782e-07
200 6.039008560097756e-07
201 5.954458361116509e-07
202 6.237931102727018e-07
203 5.823425620856133e-07
204 6.278210621902316e-07
205 5.979882384286413e-07
206 6.263353363241208e-07
207 5.876728003855736e-07
208 6.162519941268294e-07
209 6.200200709469474e-07
210 5.931287992927108e-07
211 6.257231854233598e-07
212 6.146085373282961e-07
213 6.139441215733274e-07
214 5.947793666888387e-07
215 6.214664323274133e-07
216 6.031098165913653e-07
217 5.833127178230721e-07
218 6.381987171553773e-07
219 5.914158792431119e-07
220 5.90146796695935e-07
221 5.83020552967455e-07
222 6.406374350877887e-07
223 6.004149500123743e-07
224 5.955889236827825e-07
225 6.223805118455665e-07
226 6.123149483373819e-07
227 6.009088910561819e-07
228 5.814422830293927e-07
229 5.869001356595944e-07
230 6.098177467268858e-07
231 6.22029351540385e-07
232 6.081319309430808e-07
233 6.008431146407771e-07
234 6.25748403870393e-07
235 6.097903821667175e-07
236 6.340627598946994e-07
237 6.068798523834459e-07
238 5.830332419394854e-07
239 5.78194237223542e-07
240 6.176039726963781e-07
241 5.793207972622004e-07
242 6.058868516011116e-07
243 5.969724348307561e-07
244 6.124998577179819e-07
245 5.941892686811222e-07
246 5.878965393730284e-07
247 6.039038973847018e-07
248 6.108022685939616e-07
249 6.284771103839796e-07
250 6.066125066226414e-07
251 6.199655312846504e-07
252 5.991718507426692e-07
253 6.280715313025056e-07
254 6.207638458660975e-07
255 6.260847794665881e-07
256 6.060446226162268e-07
257 6.188501433723564e-07
258 6.247528843373324e-07
259 5.847075276951172e-07
260 6.137226872339224e-07
261 5.955631467750959e-07
262 6.213059314491116e-07
263 6.169374594396508e-07
264 6.083531410368671e-07
265 6.377407036909683e-07
266 6.133506869352427e-07
267 5.699675365135471e-07
268 6.251570637639532e-07
269 6.157320133271691e-07
270 5.916520514396006e-07
271 5.993310532343337e-07
272 6.053147964275014e-07
273 6.011958798246375e-07
274 5.919178743570623e-07
275 6.013712398187038e-07
276 5.672754028440014e-07
277 5.795038083697867e-07
278 6.173554312005885e-07
279 6.191548595009108e-07
280 6.005926950855169e-07
281 5.977124534781764e-07
282 5.830737985788516e-07
283 6.260186229365279e-07
284 6.182969108446705e-07
285 5.944736546290304e-07
286 6.131656693032687e-07
287 6.054193122534683e-07
288 5.975029015760244e-07
289 6.254725661899193e-07
290 6.042838275797943e-07
291 6.163897844554422e-07
292 6.024190584266534e-07
293 6.048787429282884e-07
294 6.132673831646187e-07
295 5.702423835906693e-07
296 6.129699615531054e-07
297 5.981997394410048e-07
298 6.046962158673861e-07
299 6.057527481520691e-07
