0 -9.724739198160419e-07
1 -1.0587224466505582e-06
2 -1.092324866469582e-06
3 -1.0411190495614073e-06
4 -1.057620056163207e-06
5 -1.104041425373535e-06
6 -1.106424581278625e-06
7 -1.0087123613062403e-06
8 -1.0361162819850822e-06
9 -1.0448514685849678e-06
10 -1.0962185908746715e-06
11 -1.1153997458986899e-06
12 -1.1325068819925513e-06
13 -1.0116845787644235e-06
14 -1.1174664545340932e-06
15 -1.0940233023529168e-06
16 -1.0547595783395553e-06
17 -1.102512258651245e-06
18 -1.0728751435656031e-06
19 -1.1693562921210425e-06
20 -1.0943574320695764e-06
21 -1.0189179624511073e-06
22 -1.1140815933162547e-06
23 -1.0251538000069659e-06
24 -1.101616597163126e-06
25 -1.0681661845478037e-06
26 -1.0598378650982861e-06
27 -1.0458591440449347e-06
28 -1.1241394870981935e-06
29 -1.0477551004606442e-06
30 -1.0602857195503855e-06
31 -1.1045766893509092e-06
32 -1.1014456624451541e-06
33 -1.033507785022706e-06
34 -1.1175775438891958e-06
35 -1.0361266079995488e-06
36 -1.049256653879213e-06
37 -1.1234198673038052e-06
38 -1.099079529097644e-06
39 -1.020936411377976e-06
40 -1.1232450574586334e-06
41 -1.208441778397501e-06
42 -1.0373222994162296e-06
43 -1.0705133117357678e-06
44 -1.0694966537607535e-06
45 -1.115115826821201e-06
46 -1.0800129364614995e-06
47 -1.134192772903994e-06
48 -1.0236046951700364e-06
49 -1.115969267370918e-06
50 -1.0171608037190856e-06
51 -1.0963202173065806e-06
52 -1.1220708523896146e-06
53 -1.0515551337554803e-06
54 -1.1020717646634405e-06
55 -1.064666349995226e-06
56 -1.0680429499264936e-06
57 -1.104357090153481e-06
58 -1.0586220248229056e-06
59 -1.1034359654115443e-06
60 -1.0571175438777474e-06
61 -1.0589540258939399e-06
62 -1.1064540441838037e-06
63 -1.0593619338889406e-06
64 -1.1156828498695853e-06
65 -1.107085813507821e-06
66 -1.1313032059357575e-06
67 -1.1208346576788198e-06
68 -1.0699944751338438e-06
69 -1.064119316007968e-06
70 -1.0868121322125581e-06
71 -1.0685222564993861e-06
72 -9.908200415174413e-07
73 -1.0031261115387366e-06
74 -1.1644264719983202e-06
75 -1.0356039809336843e-06
76 -1.086203284471404e-06
77 -1.032274010344048e-06
78 -1.0384943018865026e-06
79 -1.0907331817727301e-06
80 -1.0667469184295618e-06
81 -1.05888508971427e-06
82 -1.1330661091068039e-06
83 -1.1384159928969253e-06
84 -1.1073794122216946e-06
85 -1.1134776292951358e-06
86 -1.0887926759246723e-06
87 -1.0642342844582804e-06
88 -1.0470761666356574e-06
89 -1.101384855674764e-06
90 -1.086687963538751e-06
91 -9.992284914177372e-07
92 -1.0997131117261292e-06
93 -1.0887033432668825e-06
94 -1.0860384205611986e-06
95 -1.118270136076467e-06
96 -1.0949002018948042e-06
97 -1.0714255065193648e-06
98 -1.0792127982089207e-06
99 -1.1088768269319703e-06
100 -1.0627240971997275e-06
101 -1.073894146736416e-06
102 -1.18196205313898e-06
103 -1.0643396479128998e-06
104 -1.1401057745598162e-06
105 -1.076340363280698e-06
106 -1.1013414365779174e-06
107 -1.0731107964066469e-06
108 -1.074493079863981e-06
109 -1.0720627340503381e-06
110 -1.0147493676021225e-06
111 -1.0434019785669492e-06
112 -1.1437077333446125e-06
113 -1.127442711275657e-06
114 -1.0570548541368957e-06
115 -1.034773714556957e-06
116 -1.1018287213651863e-06
117 -1.0776288734485737e-06
118 -1.1551945896413339e-06
119 -1.0686233216207507e-06
120 -1.0812205457113292e-06
121 -1.0407657536459262e-06
122 -1.040169668792291e-06
123 -1.0677890195828462e-06
124 -1.0816665763641255e-06
125 -1.119959958229045e-06
126 -1.064719385715674e-06
127 -1.0913349923369437e-06
128 -1.1088560806869511e-06
129 -1.0874457936758907e-06
130 -1.0389697597762888e-06
131 -1.099668006279059e-06
132 -1.0384654929089657e-06
133 -1.1386451495197917e-06
134 -1.0371741271539125e-06
135 -1.0990719798664447e-06
136 -1.2041632361237357e-06
137 -1.1031947470756699e-06
138 -1.0531386152738793e-06
139 -1.10602460274941e-06
140 -1.039630832839656e-06
141 -1.0601968595438775e-06
142 -1.0922930441683432e-06
143 -1.120362127562035e-06
144 -1.0568520049748699e-06
145 -1.0982596340745004e-06
146 -1.0642731595303056e-06
147 -1.014204751661553e-06
148 -1.139940094401463e-06
149 -1.0700639042792118e-06
150 -1.069743542994393e-06
151 -1.0871181865883462e-06
152 -1.102848301628766e-06
153 -9.983557957086029e-07
154 -1.0799773669909069e-06
155 -1.0591281562952448e-06
156 -1.0544639196924254e-06
157 -1.0878160589934881e-06
158 -1.062242656447066e-06
159 -1.1351855484720977e-06
160 -1.1008439090235986e-06
161 -1.0132307335858458e-06
162 -1.1243268197425554e-06
163 -1.104023192828531e-06
164 -1.0671277677917905e-06
165 -1.0510507863558402e-06
166 -1.0559659322160756e-06
167 -1.0688506127794855e-06
168 -1.0323760511500831e-06
169 -1.01476946436882e-06
170 -1.0977224942995714e-06
171 -1.0399647021191424e-06
172 -1.0763321424123855e-06
173 -1.1003762714357937e-06
174 -1.1293680771068774e-06
175 -1.0502591784850217e-06
176 -1.1252837985575789e-06
177 -1.0727143487737928e-06
178 -1.0786648107120186e-06
179 -1.112558178733283e-06
180 -1.0183045932891596e-06
181 -1.1849313968329443e-06
182 -1.0987674250819325e-06
183 -1.1598254791900662e-06
184 -1.1023180271823851e-06
185 -1.1314613047525285e-06
186 -1.0420602916923999e-06
187 -1.0597859648752312e-06
188 -1.0621901144549119e-06
189 -1.1467666689090349e-06
190 -1.0750944846467855e-06
191 -1.102022374876176e-06
192 -1.0900638962719497e-06
193 -1.0469274757780075e-06
194 -1.008384104056898e-06
195 -1.0474419310638668e-06
196 -1.078999760939784e-06
197 -1.0792733454959185e-06
198 -1.1208266231501042e-06
199 -1.0506677423711805e-06
200 -1.1007188030773797e-06
201 -1.143861365571176e-06
202 -1.023766093139969e-06
203 -1.1182814124751604e-06
204 -1.017585723355091e-06
205 -1.073683940588396e-06
206 -1.0420473368101473e-06
207 -1.134729786853714e-06
208 -1.0713284963531486e-06
209 -1.0212878860035001e-06
210 -1.1275435747473531e-06
211 -1.0423627387480153e-06
212 -1.072826411527158e-06
213 -1.0719596755264926e-06
214 -1.0654082079308039e-06
215 -1.0661786016803066e-06
216 -1.1163880657706588e-06
217 -1.1369706954734255e-06
218 -9.900654726529516e-07
219 -1.1311705718306763e-06
220 -1.1112696777473017e-06
221 -1.1198193105425238e-06
222 -1.0148243895901953e-06
223 -1.1075145435211933e-06
224 -1.102138882602584e-06
225 -1.0447151404178505e-06
226 -1.0723520127118885e-06
227 -1.0762809428139058e-06
228 -1.1222201299539676e-06
229 -1.0878635723784907e-06
230 -1.0886099273942466e-06
231 -1.0239072444579112e-06
232 -1.0727127750463202e-06
233 -1.114254528956943e-06
234 -1.0226226207878775e-06
235 -1.08449419647105e-06
236 -9.950567182275405e-07
237 -1.0533072153576094e-06
238 -1.129680322238523e-06
239 -1.0977570972167617e-06
240 -1.0335711338416976e-06
241 -1.1611977210827745e-06
242 -1.0751823812593537e-06
243 -1.1011285340399358e-06
244 -1.053144559960041e-06
245 -1.1055336395913236e-06
246 -1.0977299824950988e-06
247 -1.0891756202598315e-06
248 -1.0747875202575396e-06
249 -1.047906521485389e-06
250 -1.0745759816070194e-06
251 -9.800316553207096e-07
252 -1.0846462204270066e-06
253 -1.0318282033519703e-06
254 -1.0609573126824538e-06
255 -1.03590652041882e-06
256 -1.1006095652139878e-06
257 -1.0676286540449664e-06
258 -1.0978865110388708e-06
259 -1.1222554654197789e-06
260 -1.077847659703363e-06
261 -1.1356279367708304e-06
262 -1.0033111421224807e-06
263 -1.043046942947707e-06
264 -1.0579948741917002e-06
265 -1.0060353095983388e-06
266 -1.0311249451833898e-06
267 -1.131013198623113e-06
268 -1.0275196732104977e-06
269 -1.0648331623978988e-06
270 -1.0700333305262833e-06
271 -1.144624160897962e-06
272 -1.058966947022502e-06
273 -1.1120641856748251e-06
274 -1.070083208328174e-06
275 -1.1019397691677893e-06
276 -1.155635092946891e-06
277 -1.1421225487343218e-06
278 -1.0696828063764405e-06
279 -1.0617596832657355e-06
280 -1.131057336631484e-06
281 -1.0956930109529995e-06
282 -1.0941567100237298e-06
283 -1.0474390620100606e-06
284 -1.0549097523539391e-06
285 -1.0869260973878679e-06
286 -1.0871043744917436e-06
287 -1.0791681122334301e-06
288 -1.109794822068185e-06
289 -1.0454893833342292e-06
290 -1.056069970742791e-06
291 -1.0619515514910515e-06
292 -1.1079951413384761e-06
293 -1.0915921116949293e-06
294 -1.076540978214843e-06
295 -1.1555142227443689e-06
296 -1.061001737980097e-06
297 -1.1030844910201596e-06
298 -1.0949259569706676e-06
299 -1.0780941210905286e-06
