0 2.8553095016892076e-07
1 1.6885255220772715e-07
2 6.6940509182381e-08
3 1.4281864060035516e-07
4 1.1269381198328522e-07
5 3.864563611284564e-08
6 3.225860873856585e-08
7 2.5961262213441324e-07
8 2.1812479262586668e-07
9 1.50036957072858e-07
10 3.375274975154826e-08
11 -8.563921578269892e-09
12 3.3456211005389945e-08
13 2.221380974619593e-07
14 1.3270016758693013e-07
15 4.607032557885587e-08
16 1.2849866293995522e-07
17 6.501651880743132e-08
18 1.380252830036304e-07
19 -9.103253817500512e-09
20 1.0654868234108956e-07
21 1.6740805986072266e-07
22 5.3448570488619895e-08
23 1.379660654969744e-07
24 5.785562383993127e-08
25 1.2258802222927148e-07
26 8.323477778987513e-08
27 1.426163141354423e-07
28 2.2099160716955632e-08
29 2.424496850007963e-07
30 1.4813910014846237e-07
31 -1.05903805383628e-09
32 1.3754261491574702e-07
33 1.1829504319588074e-07
34 3.276470263554336e-08
35 8.080469862069748e-08
36 1.5830977415309805e-07
37 3.090420915052499e-08
38 5.6381018313298316e-08
39 1.3305164573225776e-07
40 1.2049807345030736e-07
41 -8.379087300166905e-08
42 2.0708118111986625e-07
43 1.0810042831535013e-07
44 5.040038342486547e-08
45 -1.765672107469107e-08
46 1.1787319473981719e-07
47 1.0283271582185187e-07
48 1.5856799755622211e-07
49 4.149466513769443e-08
50 2.2626275462888769e-07
51 2.5141879287657477e-08
52 1.092813458760354e-07
53 7.242404863571203e-08
54 1.6170747222821217e-07
55 1.382714592635358e-07
56 1.6595201250172035e-07
57 8.320639738661836e-08
58 1.1301161088161867e-07
59 3.386682771858295e-08
60 1.605600942879376e-07
61 2.1758581345351783e-07
62 9.010670501659884e-08
63 1.1767483588122981e-07
64 -1.1967871699262915e-08
65 7.551355135832116e-08
66 1.4387809349477995e-08
67 1.1790640844485597e-07
68 9.96209552666374e-08
69 1.1133904744353256e-07
70 1.1436624507601158e-07
71 1.289138323578918e-07
72 2.203630969396139e-07
73 1.6154749790498007e-07
74 -5.2018225997823386e-08
75 1.4418678995393986e-07
76 1.8908163757937345e-07
77 1.129703985283363e-07
78 1.8164151906476192e-07
79 6.935797938975367e-08
80 1.278355046020882e-07
81 2.0674455844423e-07
82 1.0993357528067914e-07
83 3.2952634036285634e-08
84 1.22165020112869e-07
85 5.557357493333383e-08
86 2.130137621822732e-07
87 1.3914607617343275e-07
88 1.7714629973266827e-07
89 1.7540057157406805e-08
90 1.3855246011404228e-07
91 1.7035397769863533e-07
92 1.5340396731304212e-07
93 9.786692542939039e-08
94 1.1628949166407927e-07
95 4.9903329418268895e-08
96 8.134005785417372e-08
97 1.317638502589317e-07
98 5.6120396664331404e-08
99 1.620341464207788e-08
100 1.251852825504335e-07
101 1.6818287307911196e-07
102 -6.161620569354665e-08
103 4.20934500953097e-08
104 -8.502866712661848e-09
105 3.266461431253939e-08
106 1.0835437659422393e-07
107 7.472463584700451e-08
108 3.095240239727719e-08
109 1.1702149561832145e-07
110 1.9390269470281774e-07
111 1.5695783657037746e-07
112 -8.48877268841307e-09
113 6.413796548265649e-08
114 1.9660846275411464e-07
115 1.543667077596526e-07
116 1.1100323180978679e-07
117 6.914458274800023e-08
118 -2.1596744195986582e-08
119 5.0435342502968056e-08
120 1.424632700691904e-07
121 1.28335073585012e-07
122 1.7387410504012657e-07
123 6.03192753725585e-08
124 1.6101183087938215e-07
125 9.441915396766985e-08
126 1.34474710435904e-07
127 4.475427811160032e-08
128 5.349982207457541e-08
129 1.2731744696494738e-07
130 2.2807168396735225e-07
131 1.0975652810139898e-07
132 1.7194604889523895e-07
133 5.715035852994548e-08
134 8.268108003922298e-08
135 2.5660886585620892e-08
136 -1.277626491376401e-07
137 9.084109481161053e-08
138 1.2317683329389864e-07
139 -9.539603887196863e-09
140 2.0085859758268424e-07
141 1.9714837450188321e-07
142 8.951614654957055e-08
143 9.14155255918421e-08
144 7.374491201704721e-08
145 5.052893962803315e-08
146 1.5854436898953418e-07
147 2.211264173934228e-07
148 4.978688527826533e-08
149 2.6259672822433274e-08
150 2.1805639561584844e-07
151 1.2074331045076653e-07
152 7.890281317024262e-08
153 2.2343381522728896e-07
154 1.2891791715811692e-07
155 1.2983110740050466e-07
156 3.648064746208708e-08
157 6.980203792255959e-08
158 1.0250086274367484e-07
159 9.581586751736007e-08
160 9.446985263036315e-08
161 1.769752570241368e-07
162 2.737636994981148e-08
163 9.820070708298489e-08
164 1.854171577836377e-07
165 1.200587581215243e-07
166 1.433634363843088e-07
167 7.02575859883214e-08
168 2.5455768402356016e-07
169 1.8602338768525836e-07
170 1.5268881938788418e-07
171 1.0238025008191197e-07
172 1.490622651613354e-07
173 8.182608413292105e-08
174 5.544775165658685e-08
175 6.980306430016408e-08
176 1.1816811031803825e-07
177 7.707988642744666e-08
178 8.826251511222346e-08
179 1.0977171014990345e-07
180 1.510561303158697e-07
181 -1.107805710546629e-07
182 9.137887484935001e-08
183 -1.8203635604039006e-08
184 1.0667698206842147e-08
185 8.637852872948429e-08
186 9.27726247544149e-08
187 9.46679874727378e-08
188 1.2242447161875283e-07
189 5.432352679931794e-08
190 1.486687428105742e-07
191 2.676647057442903e-09
192 8.063388158399615e-08
193 1.6969324622716365e-07
194 2.0590805803884643e-07
195 1.8756639185428883e-07
196 8.329206447105973e-08
197 1.3204340116728238e-07
198 4.289196659879516e-08
199 1.9213111789806633e-07
200 6.371523386120715e-08
201 -4.149143450932214e-08
202 5.8443789691090846e-08
203 5.3521321219118205e-08
204 2.2663925072722697e-07
205 1.402435249356968e-07
206 9.052624010586057e-08
207 7.5364835734856e-08
208 1.614419797623489e-07
209 1.6988241127824325e-07
210 8.9819087426984e-08
211 1.376337276132485e-07
212 1.407041932471906e-07
213 6.649681415747492e-08
214 1.8754941143972595e-07
215 1.2551418551988575e-07
216 4.113828739481711e-08
217 3.7064481776876766e-08
218 2.930172252628922e-07
219 1.2051619846175627e-07
220 3.542142901352961e-08
221 1.747728708361378e-08
222 1.897303283251309e-07
223 2.8147218863546384e-08
224 1.5633810211776903e-07
225 8.324318679667446e-08
226 7.582913003149433e-08
227 1.0051420371562233e-07
228 1.1762796939352304e-07
229 1.7706854954100962e-07
230 5.257536032991304e-08
231 1.6442618335260565e-07
232 1.2239947685196227e-07
233 7.423661930204593e-08
234 1.643282053703685e-07
235 9.49283190399661e-08
236 1.5225365508061906e-07
237 2.096148752810559e-07
238 6.892605999700877e-08
239 1.0350403604039754e-07
240 2.058486055846663e-07
241 -3.221595921949414e-08
242 1.6325923233337183e-07
243 1.0402738457614662e-07
244 2.1094158794719914e-07
245 4.1092773949846104e-08
246 2.8098580071835614e-08
247 1.7757051890249219e-07
248 9.310580840510872e-08
249 1.7882485617776016e-07
250 6.432680620402802e-08
251 3.3254527941903956e-07
252 5.2314355641144356e-08
253 1.8642642289711435e-07
254 8.06307757792927e-08
255 2.151036083270489e-07
256 9.021210255131421e-08
257 3.657242685378399e-08
258 5.6286094314848256e-08
259 -1.7707218334442152e-08
260 1.6026538544680764e-07
261 1.3543982071830203e-07
262 2.743704353379692e-07
263 1.3798883440429837e-07
264 1.3898958661798008e-07
265 2.164856370036469e-07
266 2.2697414569253072e-07
267 2.5059628647399204e-08
268 1.562554858251275e-07
269 2.0928355963567358e-07
270 1.3901264942065514e-07
271 -4.1330580813979194e-08
272 2.1290582864954666e-07
273 9.971725610127362e-08
274 1.197462380656092e-07
275 6.385594511138187e-08
276 4.001787219017252e-08
277 1.0844940061295759e-07
278 4.717291960489219e-08
279 1.2945299352781745e-07
280 5.8698132848001374e-08
281 1.4094444355390146e-07
282 1.2526138327882478e-07
283 1.7536202691596888e-07
284 1.5237797437075903e-07
285 1.2159857616441757e-07
286 1.0577129629383154e-07
287 1.1722071844980357e-07
288 3.730231270351815e-08
289 1.9235276296362813e-07
290 1.7100014772853496e-07
291 1.094788551682777e-07
292 2.332255982877572e-08
293 8.624767437730594e-08
294 9.227614974426432e-08
295 1.1067682211737064e-07
296 1.2461439116586143e-07
297 7.98412822211458e-08
298 1.669712310485066e-08
299 5.028109499984036e-08
