0 4.2699958393039504e-07
1 4.961771217723798e-07
2 5.475398494705891e-07
3 4.946010841801878e-07
4 4.931290920537639e-07
5 5.485824580414207e-07
6 5.770175031632675e-07
7 4.3962985370507475e-07
8 4.7342612304260395e-07
9 4.884361992559168e-07
10 5.863429286330724e-07
11 6.068138802899123e-07
12 5.903179380857652e-07
13 4.3038321032344595e-07
14 5.307280135621906e-07
15 5.587352167335013e-07
16 5.106500626488718e-07
17 5.315912235278104e-07
18 5.211741183558371e-07
19 6.283868309043476e-07
20 5.430059397950295e-07
21 4.874162192172812e-07
22 5.621007283034395e-07
23 5.028425046096975e-07
24 5.683979306584835e-07
25 5.078040892358181e-07
26 5.385620587145043e-07
27 4.916057268191107e-07
28 5.950807388297633e-07
29 4.482108648250208e-07
30 5.160213856255402e-07
31 5.690195204114343e-07
32 5.263238199956403e-07
33 4.978693557839449e-07
34 5.598542743735812e-07
35 5.080608362493212e-07
36 4.876657807695378e-07
37 5.746768418743524e-07
38 5.519483236977753e-07
39 4.971453253477759e-07
40 5.404532765193804e-07
41 6.618442183153954e-07
42 4.7330999816185e-07
43 5.319551421800963e-07
44 5.53678250772548e-07
45 5.813793409385143e-07
46 5.231017375235124e-07
47 5.600446507504318e-07
48 4.767804613138765e-07
49 5.819348889659054e-07
50 4.5889202298379947e-07
51 5.670963935139826e-07
52 5.379849930113287e-07
53 5.195024438854511e-07
54 5.086228412807584e-07
55 5.106894583984969e-07
56 4.90366247716333e-07
57 5.453711189062652e-07
58 5.086240650479931e-07
59 5.794371423968008e-07
60 4.865656782658962e-07
61 4.716997824135038e-07
62 5.531492574009405e-07
63 5.254628742043264e-07
64 5.968807933867845e-07
65 5.386436615228622e-07
66 5.854270504696287e-07
67 5.502993164060932e-07
68 5.241122437033719e-07
69 5.083772748109013e-07
70 5.190729688151877e-07
71 5.209694748245257e-07
72 4.4206686261124517e-07
73 4.7544218070186166e-07
74 6.401720801013392e-07
75 4.823212558204006e-07
76 4.894493827261193e-07
77 5.076146022677807e-07
78 4.797125919216636e-07
79 5.387350705499047e-07
80 4.989896694643662e-07
81 4.859536007530475e-07
82 5.528382331426327e-07
83 5.800270732375106e-07
84 5.426905095559166e-07
85 5.779469224381814e-07
86 4.971818657277863e-07
87 5.148975215739371e-07
88 4.6031624549279373e-07
89 5.656984654646691e-07
90 5.254245144212211e-07
91 4.5912385126620064e-07
92 5.134901813693555e-07
93 5.490084724849432e-07
94 5.224303480020822e-07
95 5.713019311804423e-07
96 5.562517753942173e-07
97 5.011250823407866e-07
98 5.402985196991995e-07
99 5.809265712574499e-07
100 5.197091804977288e-07
101 4.907082812720213e-07
102 6.556077166115771e-07
103 5.372371829933342e-07
104 5.943211795622857e-07
105 5.772128325585745e-07
106 5.371981674939196e-07
107 5.510060268337731e-07
108 5.555967252740958e-07
109 5.234332328947815e-07
110 4.5948049783774723e-07
111 4.811251633383532e-07
112 5.969524587809856e-07
113 5.763180575960009e-07
114 4.895486692118218e-07
115 4.750016802956992e-07
116 5.409666532489988e-07
117 5.327784255565595e-07
118 6.364137535793497e-07
119 5.473215725206773e-07
120 4.980279935716874e-07
121 5.050035371296621e-07
122 4.97606989904119e-07
123 5.548011268675382e-07
124 5.081736478244811e-07
125 5.688847855941808e-07
126 5.130922362932479e-07
127 5.559209744013147e-07
128 5.718446260366786e-07
129 5.233509398829916e-07
130 4.6333751247626544e-07
131 5.40814201517886e-07
132 4.804722187186004e-07
133 5.836848930955154e-07
134 5.111821829866855e-07
135 5.732718966848608e-07
136 6.864085802020211e-07
137 5.404785676902397e-07
138 4.756218975040261e-07
139 5.852544505945553e-07
140 4.802177468306099e-07
141 4.888735072081672e-07
142 5.329755492707428e-07
143 5.419271009699875e-07
144 5.246941537226482e-07
145 5.673092059698274e-07
146 5.149392598959924e-07
147 4.616895820242637e-07
148 5.553937414474862e-07
149 5.491982995353483e-07
150 4.842245231484569e-07
151 5.223569749953792e-07
152 5.602738435180164e-07
153 4.4170313880961547e-07
154 5.142999930628719e-07
155 4.95264102609329e-07
156 5.51598321963847e-07
157 5.413723445747048e-07
158 5.126546217690218e-07
159 5.574869223106545e-07
160 5.33938163947318e-07
161 4.7606796542261246e-07
162 5.950731025428922e-07
163 5.358200779664716e-07
164 4.758060689926163e-07
165 4.838289035565589e-07
166 4.919379933675612e-07
167 5.475844913908129e-07
168 4.4600098640611066e-07
169 4.661515502315334e-07
170 5.130367965400496e-07
171 4.965009457323969e-07
172 4.947427705411782e-07
173 5.406527716643925e-07
174 5.562159346061838e-07
175 5.166879845153806e-07
176 5.406974057832432e-07
177 5.354831764459111e-07
178 5.140599142238522e-07
179 5.24732017203434e-07
180 4.746219821378251e-07
181 6.651811537173058e-07
182 5.210936817271519e-07
183 6.154401493643793e-07
184 5.809621832376629e-07
185 5.68895534434416e-07
186 5.284582076810525e-07
187 5.165701570059606e-07
188 5.331666497203959e-07
189 5.74290350746412e-07
190 5.151067129883902e-07
191 5.635356324278425e-07
192 5.324207922796777e-07
193 4.7672506315630044e-07
194 4.381916253336845e-07
195 5.0171302932968e-07
196 5.200915477278516e-07
197 5.026879432424308e-07
198 5.562888649143798e-07
199 4.656634635693735e-07
200 5.635746729396785e-07
201 6.107115096963017e-07
202 5.311992300982158e-07
203 5.744324580976294e-07
204 4.458063513602651e-07
205 5.080595828797676e-07
206 5.125630891079385e-07
207 5.643013000846386e-07
208 4.908860691990164e-07
209 4.905746340100144e-07
210 5.377015530856387e-07
211 4.959980436086535e-07
212 5.12544413358517e-07
213 5.350318936927059e-07
214 4.870362036628177e-07
215 5.012166728274311e-07
216 5.645630550745685e-07
217 5.930303533620965e-07
218 4.0375903375034816e-07
219 5.326313876233398e-07
220 5.793075091767576e-07
221 5.98767282785357e-07
222 4.322927949658336e-07
223 5.706914409851633e-07
224 5.207525893031415e-07
225 5.177200899505248e-07
226 5.29303524201341e-07
227 5.29183719920035e-07
228 5.538961691948452e-07
229 5.173937468791671e-07
230 5.592898831075398e-07
231 4.897027068606443e-07
232 5.07211133747912e-07
233 5.649413252384681e-07
234 4.676374435604435e-07
235 5.127697075708094e-07
236 4.67984042657703e-07
237 4.711809615092637e-07
238 5.707604055768244e-07
239 5.283989628900413e-07
240 4.814904462935047e-07
241 6.15250361295369e-07
242 4.869613480934249e-07
243 5.334539600505552e-07
244 4.4782520324684056e-07
245 5.77411471379169e-07
246 5.878194852130136e-07
247 4.964969838294422e-07
248 5.188149407143285e-07
249 4.863753737450491e-07
250 5.39423947149016e-07
251 3.796817805080015e-07
252 5.516010547197427e-07
253 4.5948219939946483e-07
254 5.241688863198971e-07
255 4.5374794969395574e-07
256 5.582351349553477e-07
257 5.480301689494412e-07
258 5.386568396509966e-07
259 6.067598601425081e-07
260 4.990061866360907e-07
261 5.316363155046472e-07
262 4.0796084290553613e-07
263 5.068307886055476e-07
264 5.040795619021634e-07
265 4.4161265351709983e-07
266 4.770027813247054e-07
267 6.051434042194829e-07
268 4.829765657907957e-07
269 4.4589734777343367e-07
270 5.132368187518203e-07
271 6.181541741893316e-07
272 4.7487687947778295e-07
273 5.375639010638407e-07
274 5.285570019631739e-07
275 5.466404026599299e-07
276 5.944924989879649e-07
277 5.6106861612709e-07
278 5.480778798148092e-07
279 4.960737859712017e-07
280 5.603880692982741e-07
281 5.16234115994848e-07
282 5.215973684515181e-07
283 4.784787820638486e-07
284 4.767208986647697e-07
285 5.261527124525125e-07
286 5.247693023591958e-07
287 5.141742273247007e-07
288 5.787862101695104e-07
289 4.431915157669561e-07
290 4.91174811867049e-07
291 5.241416733936299e-07
292 5.778382564849329e-07
293 5.341738011131983e-07
294 5.516714609394055e-07
295 5.658365746947313e-07
296 5.113325744474566e-07
297 5.363973204317311e-07
298 5.400233821436138e-07
299 5.497780201328645e-07
