0 6.051205590873511e-07
1 6.894081148078788e-07
2 7.171735237138288e-07
3 6.509706323978404e-07
4 6.339953293991922e-07
5 7.103808353041737e-07
6 7.274117539639994e-07
7 6.388154867686838e-07
8 6.702029734567263e-07
9 6.56870165836422e-07
10 7.450129711096889e-07
11 7.385049002563972e-07
12 7.660019897355824e-07
13 6.073382130059552e-07
14 7.663046409228299e-07
15 7.25096958459939e-07
16 6.852422397458386e-07
17 7.044901618670671e-07
18 7.074626818968904e-07
19 8.096665003489405e-07
20 7.164200664963961e-07
21 6.453534784571667e-07
22 7.213506828481145e-07
23 6.495907823515119e-07
24 7.250664503668562e-07
25 6.742956119302323e-07
26 6.938979947945191e-07
27 6.693463085653916e-07
28 7.459484133212528e-07
29 6.826055065495501e-07
30 7.024330688102198e-07
31 7.131681506779127e-07
32 7.30218556678966e-07
33 6.204178188823425e-07
34 7.279575892179665e-07
35 6.180428782067566e-07
36 6.565878122164827e-07
37 7.505854319387487e-07
38 7.026178988214915e-07
39 6.350072050931072e-07
40 7.602341484586324e-07
41 8.425034292475097e-07
42 6.637674360378138e-07
43 7.089912878077883e-07
44 6.862566875440335e-07
45 7.153764528709104e-07
46 7.166105241161206e-07
47 7.879120093504087e-07
48 6.295140354319673e-07
49 7.621527873741818e-07
50 6.483782318408671e-07
51 7.060962429809994e-07
52 7.459008713599451e-07
53 6.367232712941654e-07
54 7.240155239762963e-07
55 6.994226113167435e-07
56 6.835766075819554e-07
57 7.252398847242465e-07
58 6.797111275327616e-07
59 7.276982947295051e-07
60 6.789904154084174e-07
61 6.880239619199443e-07
62 7.235114110629498e-07
63 6.839146276310134e-07
64 7.494414654382839e-07
65 7.332175831183907e-07
66 7.397944268168034e-07
67 7.58616917660923e-07
68 6.738887642098629e-07
69 6.667169833008274e-07
70 6.96269764576502e-07
71 6.996104211260414e-07
72 5.940231593936213e-07
73 5.893316842206285e-07
74 8.078059076427204e-07
75 6.596707946046589e-07
76 7.096145904931543e-07
77 6.435479614141723e-07
78 6.668775376912317e-07
79 7.194395213279196e-07
80 6.749446093512977e-07
81 6.957313391031069e-07
82 7.987524112469351e-07
83 7.540015464659348e-07
84 7.373453401660021e-07
85 7.491640700425324e-07
86 7.378455966979066e-07
87 6.805083790274072e-07
88 6.437975968705562e-07
89 6.942746780894169e-07
90 7.127641743971822e-07
91 6.023782962514265e-07
92 7.461733338343207e-07
93 7.207411719274883e-07
94 6.968879604632288e-07
95 7.424807293924119e-07
96 7.271526287876324e-07
97 6.742382115720936e-07
98 6.861829682800589e-07
99 7.318838714374072e-07
100 6.942397942447829e-07
101 6.810569881079487e-07
102 8.294254960249552e-07
103 6.689353968368369e-07
104 7.60103691224973e-07
105 6.935927689224373e-07
106 7.133845000902957e-07
107 7.117650922485192e-07
108 7.076488743477478e-07
109 6.859927996997872e-07
110 6.168391272943591e-07
111 6.315501638731652e-07
112 7.711339317982579e-07
113 7.690630146632931e-07
114 6.884921086120526e-07
115 6.136445706614015e-07
116 7.515664284779116e-07
117 6.977470141896599e-07
118 7.942740630206338e-07
119 6.763582231729589e-07
120 7.012867946544128e-07
121 6.426342921063336e-07
122 6.616419113139803e-07
123 6.940533824459088e-07
124 7.235884721686698e-07
125 7.68213977007033e-07
126 6.79792705286112e-07
127 7.368310945124912e-07
128 7.588440345137513e-07
129 7.201459367762648e-07
130 6.688448766332176e-07
131 7.022413220171374e-07
132 6.412198570878423e-07
133 7.882977069950815e-07
134 6.512390664944096e-07
135 7.281759748434816e-07
136 8.408644436266898e-07
137 7.289513736534289e-07
138 6.354445085315286e-07
139 7.239543498582223e-07
140 6.720898611020203e-07
141 6.808990044202246e-07
142 7.17824136900837e-07
143 7.623720871260325e-07
144 6.604544762522675e-07
145 7.424599907682921e-07
146 7.14379368392204e-07
147 6.235611378659814e-07
148 7.48693209943705e-07
149 6.739532542707122e-07
150 6.956825260150577e-07
151 7.144842655545786e-07
152 7.478584269117787e-07
153 6.028303356842131e-07
154 7.070118527704848e-07
155 6.40150864086306e-07
156 6.525619366201282e-07
157 7.101333726464213e-07
158 6.544131583841868e-07
159 7.675351763028514e-07
160 7.258752935085964e-07
161 6.514698094147969e-07
162 7.766027317680204e-07
163 7.324071705003201e-07
164 6.951151099942654e-07
165 6.372163904497386e-07
166 6.626212431242704e-07
167 6.992083710002334e-07
168 6.700478612276228e-07
169 6.226122445880264e-07
170 7.304321693197326e-07
171 6.457097264674381e-07
172 6.896814148728958e-07
173 7.315015297788251e-07
174 7.719311592474086e-07
175 6.42959272879384e-07
176 7.719624623185285e-07
177 6.838991961755838e-07
178 6.676114144985733e-07
179 7.446048803371622e-07
180 6.327570829988793e-07
181 8.214157126040256e-07
182 7.114833358564591e-07
183 7.902685233907311e-07
184 7.487295293615903e-07
185 7.735059276398082e-07
186 6.752496392976207e-07
187 6.361861827213348e-07
188 7.001950184952039e-07
189 7.942071509481342e-07
190 7.196948239702756e-07
191 6.996346745485584e-07
192 6.889185127818887e-07
193 6.668872451719912e-07
194 6.233785609149876e-07
195 6.902704265430081e-07
196 6.99672436287895e-07
197 6.96675544138521e-07
198 7.498473829503057e-07
199 6.635521925879612e-07
200 7.197735648528288e-07
201 7.607729443260909e-07
202 6.206034780201738e-07
203 7.652605927339239e-07
204 6.236752266282365e-07
205 7.031998035419093e-07
206 6.465536974291653e-07
207 7.696790856246684e-07
208 6.826519218009095e-07
209 6.372836995535395e-07
210 7.617647051097487e-07
211 6.398395890844161e-07
212 7.002000126446371e-07
213 6.846035695080613e-07
214 7.010746015768054e-07
215 6.627301856917605e-07
216 7.262452600857391e-07
217 7.823137891864246e-07
218 5.996707659944302e-07
219 7.684514976067941e-07
220 7.479643271407776e-07
221 7.69540051002028e-07
222 5.922920792931457e-07
223 7.31779041096053e-07
224 7.376028971266111e-07
225 6.507338544727029e-07
226 6.82510384335283e-07
227 6.997695415782097e-07
228 7.769282464553204e-07
229 7.543682367504978e-07
230 6.949010828737963e-07
231 6.455376010919945e-07
232 6.828161804457548e-07
233 7.48778834199221e-07
234 6.272050210571234e-07
235 6.944997292606474e-07
236 5.926325039919425e-07
237 6.916093054437001e-07
238 7.822355789570463e-07
239 7.595866637989614e-07
240 6.567441578662623e-07
241 8.028041731264746e-07
242 7.033722730379114e-07
243 7.274283193934537e-07
244 6.785533472243253e-07
245 7.382189877777945e-07
246 7.458907757642631e-07
247 7.115847018195464e-07
248 6.846434790193381e-07
249 6.47627455717631e-07
250 6.879959533716659e-07
251 6.186407382434119e-07
252 7.066872389274489e-07
253 6.318732455654588e-07
254 6.653803651509724e-07
255 6.405378029353281e-07
256 7.239208651219038e-07
257 6.721184501439032e-07
258 6.783557159362292e-07
259 7.665418996576246e-07
260 6.910483126514221e-07
261 7.684032525506443e-07
262 6.307537331678395e-07
263 6.611698421455459e-07
264 6.752761732150528e-07
265 6.118454240234885e-07
266 6.589875332098758e-07
267 7.943911140450272e-07
268 6.332109955115316e-07
269 6.804478657316235e-07
270 7.197588841480982e-07
271 7.484387687387933e-07
272 6.952800982369011e-07
273 7.307316303331601e-07
274 7.236214937771317e-07
275 7.18734663379459e-07
276 8.189570530330685e-07
277 7.941346316411529e-07
278 6.735365703237164e-07
279 6.659877786005714e-07
280 7.468345288240272e-07
281 7.326309789855977e-07
282 7.448457829676424e-07
283 6.523636770665022e-07
284 6.609254518929761e-07
285 7.310540124642294e-07
286 6.887447108761961e-07
287 6.997320743070783e-07
288 7.336558657444774e-07
289 6.455995077787149e-07
290 6.863677135041176e-07
291 6.726843269066689e-07
292 7.267449030688432e-07
293 7.159308183374417e-07
294 6.957916399017907e-07
295 8.171388747814103e-07
296 6.807515141106179e-07
297 7.255955615150167e-07
298 7.045823209589448e-07
299 6.922932852250477e-07
