0 -1.4701530292456462e-06
1 -1.5208347024927718e-06
2 -1.5169141719220937e-06
3 -1.4912688058570093e-06
4 -1.4978530713492397e-06
5 -1.5187163847808298e-06
6 -1.5232928819765917e-06
7 -1.5005082255293915e-06
8 -1.515965288350306e-06
9 -1.4958553102045782e-06
10 -1.5093307511843776e-06
11 -1.5184046040750773e-06
12 -1.552969702027266e-06
13 -1.4877092389185465e-06
14 -1.5715047287769913e-06
15 -1.5084423116145551e-06
16 -1.4989263914281577e-06
17 -1.5272981204153146e-06
18 -1.5264429461423003e-06
19 -1.580783791616047e-06
20 -1.541365621155899e-06
21 -1.4735972084574029e-06
22 -1.5411933890597707e-06
23 -1.468669181187995e-06
24 -1.527576446228805e-06
25 -1.5128444243520237e-06
26 -1.4849581428932155e-06
27 -1.4929798398074182e-06
28 -1.541616985792288e-06
29 -1.5355725193959232e-06
30 -1.5145755161096094e-06
31 -1.501803692473626e-06
32 -1.561068942763463e-06
33 -1.4737970990511385e-06
34 -1.532863064587855e-06
35 -1.457324968451092e-06
36 -1.506995377089752e-06
37 -1.5376674243076844e-06
38 -1.5222762474594346e-06
39 -1.4620738675091643e-06
40 -1.5777919915099602e-06
41 -1.59455504872284e-06
42 -1.5132596671037682e-06
43 -1.5084735677037255e-06
44 -1.4856333573292216e-06
45 -1.5100634699132498e-06
46 -1.5234345455660566e-06
47 -1.5824494609232193e-06
48 -1.4764275435032481e-06
49 -1.5353900175064525e-06
50 -1.4970583615454982e-06
51 -1.5055367893824857e-06
52 -1.5743383820725848e-06
53 -1.474544224030375e-06
54 -1.570567958030907e-06
55 -1.5131491892889314e-06
56 -1.5318954485089003e-06
57 -1.5400507595090275e-06
58 -1.4939165174404422e-06
59 -1.5201844743473492e-06
60 -1.5137806285857218e-06
61 -1.5434263569798727e-06
62 -1.5500270481032595e-06
63 -1.502553474798017e-06
64 -1.5101968988480923e-06
65 -1.5359264492810033e-06
66 -1.5451567476937703e-06
67 -1.5773871495324686e-06
68 -1.5079548638589146e-06
69 -1.502489838454323e-06
70 -1.5325944547540738e-06
71 -1.5175343087344509e-06
72 -1.4641411649312275e-06
73 -1.4579023678061033e-06
74 -1.5558342688970903e-06
75 -1.4784527747175764e-06
76 -1.56354206607689e-06
77 -1.4650693506257978e-06
78 -1.5009794573639235e-06
79 -1.514842603147509e-06
80 -1.5135455828038613e-06
81 -1.539896357682853e-06
82 -1.5821360721522102e-06
83 -1.5622970605104775e-06
84 -1.56313935870047e-06
85 -1.5416840138143082e-06
86 -1.579107909827873e-06
87 -1.5187561973714667e-06
88 -1.5098917231374314e-06
89 -1.5112556945690662e-06
90 -1.5450598526270594e-06
91 -1.4499436372950193e-06
92 -1.5601465473237903e-06
93 -1.5299426973149933e-06
94 -1.5323255618978841e-06
95 -1.5451023560128015e-06
96 -1.5287080119589502e-06
97 -1.5214024598268427e-06
98 -1.4974198362786766e-06
99 -1.5175297559763555e-06
100 -1.5081111278514484e-06
101 -1.5414173682760024e-06
102 -1.571654823298657e-06
103 -1.4712496458491249e-06
104 -1.5425886052986229e-06
105 -1.488858060009611e-06
106 -1.5500806592512025e-06
107 -1.4983758894592645e-06
108 -1.4784540635760108e-06
109 -1.5180921789418144e-06
110 -1.480030340558584e-06
111 -1.501526398561768e-06
112 -1.5467123895350384e-06
113 -1.5601784062083785e-06
114 -1.5336034444164895e-06
115 -1.4903869984055022e-06
116 -1.5461033338577477e-06
117 -1.4985366142064139e-06
118 -1.5616209482476159e-06
119 -1.4851475050180012e-06
120 -1.5333845234023422e-06
121 -1.486178027079349e-06
122 -1.5064224592779402e-06
123 -1.4872088427228071e-06
124 -1.546121682424098e-06
125 -1.5655316171904843e-06
126 -1.5166955582074337e-06
127 -1.501769039014468e-06
128 -1.5293708858721554e-06
129 -1.5394206086771082e-06
130 -1.523082782504488e-06
131 -1.5533985682876567e-06
132 -1.5027725485981541e-06
133 -1.570388192111076e-06
134 -1.4544731971779102e-06
135 -1.509147149355204e-06
136 -1.5708002907977905e-06
137 -1.5413405839445412e-06
138 -1.493931754456397e-06
139 -1.502057495658014e-06
140 -1.5131921352140214e-06
141 -1.5387305296573235e-06
142 -1.5261241703583041e-06
143 -1.5591450603113858e-06
144 -1.4776071683030798e-06
145 -1.5156536753941066e-06
146 -1.5229281234957478e-06
147 -1.4939295112513746e-06
148 -1.5660160373117411e-06
149 -1.4731591460457186e-06
150 -1.5612615016380595e-06
151 -1.5343694281661372e-06
152 -1.5353811943811321e-06
153 -1.4728822157185866e-06
154 -1.5285712945707311e-06
155 -1.5086996531747382e-06
156 -1.4636407801741787e-06
157 -1.5127626620841475e-06
158 -1.4994794270473667e-06
159 -1.5843889157569342e-06
160 -1.5391529281538076e-06
161 -1.4665237193534074e-06
162 -1.5385210498357024e-06
163 -1.5443253014965315e-06
164 -1.5341145312995857e-06
165 -1.4899980491115444e-06
166 -1.507046861192436e-06
167 -1.4921287264684318e-06
168 -1.5256677366283738e-06
169 -1.4783696023669001e-06
170 -1.562110254448339e-06
171 -1.4647043363234806e-06
172 -1.5332276547205573e-06
173 -1.5308491735898231e-06
174 -1.552892692769065e-06
175 -1.4673983512883253e-06
176 -1.578310185168703e-06
177 -1.4986673524757897e-06
178 -1.51169707064576e-06
179 -1.5560409917969383e-06
180 -1.4613996439136768e-06
181 -1.5532039007841217e-06
182 -1.533895813413051e-06
183 -1.5649553757042895e-06
184 -1.5003535364061094e-06
185 -1.5770720118825585e-06
186 -1.4672455043108471e-06
187 -1.4958424126845297e-06
188 -1.507941998522041e-06
189 -1.5757687996843122e-06
190 -1.5322928290778955e-06
191 -1.4999518874717428e-06
192 -1.5226443595596132e-06
193 -1.5048376047556766e-06
194 -1.4726933442277162e-06
195 -1.51882813312048e-06
196 -1.5042842103817237e-06
197 -1.5286946481831753e-06
198 -1.5369139614705475e-06
199 -1.5207648109579322e-06
200 -1.530514116361535e-06
201 -1.5340644514447363e-06
202 -1.4350554227596923e-06
203 -1.5416979642429807e-06
204 -1.4979213158667216e-06
205 -1.5264361006345331e-06
206 -1.4676825673047814e-06
207 -1.5722319661844407e-06
208 -1.5326708851435538e-06
209 -1.480209505290052e-06
210 -1.565994965203513e-06
211 -1.4907130809524682e-06
212 -1.5262863163582856e-06
213 -1.4920490025173118e-06
214 -1.5361083752755997e-06
215 -1.5122828906629008e-06
216 -1.5375690943697617e-06
217 -1.5605876258097216e-06
218 -1.4929353354360685e-06
219 -1.5872845429444954e-06
220 -1.5282142727315785e-06
221 -1.5306928207889934e-06
222 -1.475101535086347e-06
223 -1.519315956305962e-06
224 -1.5700591947050357e-06
225 -1.4660507436332507e-06
226 -1.4996607234932497e-06
227 -1.5127897665625045e-06
228 -1.5764893841314948e-06
229 -1.5594582117431018e-06
230 -1.5120395467754455e-06
231 -1.4793845519257873e-06
232 -1.5182911558788345e-06
233 -1.550966892371131e-06
234 -1.475526835482554e-06
235 -1.5171521122738208e-06
236 -1.4362224724458331e-06
237 -1.530600723340529e-06
238 -1.5611321713112532e-06
239 -1.5303904735869388e-06
240 -1.5124422144568844e-06
241 -1.555220313349745e-06
242 -1.5336980582874404e-06
243 -1.5455027833302966e-06
244 -1.5256361998528967e-06
245 -1.5252884510136251e-06
246 -1.5093578869865467e-06
247 -1.5622238001834343e-06
248 -1.5069946008405278e-06
249 -1.5180951168226325e-06
250 -1.4960966394266638e-06
251 -1.4899560358827557e-06
252 -1.5002330184947009e-06
253 -1.4962984135808245e-06
254 -1.4858673591069816e-06
255 -1.5151038288897023e-06
256 -1.5434759507238715e-06
257 -1.4766746221312124e-06
258 -1.5232036837237674e-06
259 -1.5166552228625085e-06
260 -1.5416899013934209e-06
261 -1.5989025104097656e-06
262 -1.49393914234902e-06
263 -1.4918237333483574e-06
264 -1.5103200713001752e-06
265 -1.4775574411836136e-06
266 -1.5173526349202998e-06
267 -1.5457612398289547e-06
268 -1.479039684051523e-06
269 -1.5407198572406732e-06
270 -1.519678195854513e-06
271 -1.5387651824080942e-06
272 -1.5378386772490236e-06
273 -1.5554407722304347e-06
274 -1.5103249329066621e-06
275 -1.5266141831989575e-06
276 -1.5797014063106833e-06
277 -1.5967214164305266e-06
278 -1.4853668441181844e-06
279 -1.5076287090011586e-06
280 -1.5626203196815102e-06
281 -1.5506147758923544e-06
282 -1.5395555194121374e-06
283 -1.515013884692534e-06
284 -1.5065112769766135e-06
285 -1.5330075386711326e-06
286 -1.5314982920866341e-06
287 -1.521414820872632e-06
288 -1.530893344105033e-06
289 -1.5108783237540038e-06
290 -1.5166330608201236e-06
291 -1.5044440273500545e-06
292 -1.5201300536813824e-06
293 -1.5228042808901096e-06
294 -1.5171091413429188e-06
295 -1.6117921968745105e-06
296 -1.5061747366606464e-06
297 -1.5337094773726767e-06
298 -1.490396351401731e-06
299 -1.4931988691003115e-06
