0 -9.085119486553876e-06
1 -8.882665098496496e-06
2 -8.912533234580234e-06
3 -9.126917422329347e-06
4 -8.70896860730114e-06
5 -8.903824211103258e-06
6 -8.926796917755861e-06
7 -9.09355097678625e-06
8 -8.846278069513146e-06
9 -8.921914378305794e-06
10 -8.788352381072018e-06
11 -9.04733824649336e-06
12 -9.010927899121399e-06
13 -8.920974372536392e-06
14 -9.004959909556429e-06
15 -8.89372957542488e-06
16 -8.825377043594454e-06
17 -8.83671909170694e-06
18 -8.726500355880942e-06
19 -9.038917200488044e-06
20 -8.96744209987609e-06
21 -8.89533300330389e-06
22 -8.938257446596805e-06
23 -9.051899269888459e-06
24 -9.126490274047582e-06
25 -8.950735307791811e-06
26 -8.988012989263342e-06
27 -8.82234976309346e-06
28 -8.876906874220968e-06
29 -8.843834310903812e-06
30 -8.893879512909131e-06
31 -9.018479624243456e-06
32 -8.793895746719535e-06
33 -8.917768534213123e-06
34 -8.696129076067608e-06
35 -8.798876570767846e-06
36 -8.8786649444296e-06
37 -9.049432344188592e-06
38 -8.89412589200493e-06
39 -8.789284881755986e-06
40 -8.605755178468336e-06
41 -9.101154033124392e-06
42 -9.32005631312749e-06
43 -8.979073257461576e-06
44 -8.991224558154282e-06
45 -8.906544197390492e-06
46 -8.932820428869264e-06
47 -8.833874019638932e-06
48 -8.791195169407619e-06
49 -8.909289617353063e-06
50 -9.024979346420651e-06
51 -8.98437178117669e-06
52 -8.995042680168957e-06
53 -8.824929266599287e-06
54 -8.796069539501907e-06
55 -8.795252590923073e-06
56 -8.852116924015147e-06
57 -8.823097100362849e-06
58 -8.969630265651306e-06
59 -9.173549811230085e-06
60 -8.69023301406768e-06
61 -8.79951337280322e-06
62 -8.83800362097806e-06
63 -8.78243059417948e-06
64 -8.881796288444787e-06
65 -8.988088128487475e-06
66 -8.813705069720946e-06
67 -9.145167306237679e-06
68 -8.764917958525309e-06
69 -8.700531525025851e-06
70 -8.875416309094755e-06
71 -8.725208667384948e-06
72 -8.83579167313866e-06
73 -8.613982407706192e-06
74 -8.874199168407717e-06
75 -8.970839240543795e-06
76 -9.027341518498953e-06
77 -8.687963384705555e-06
78 -8.735277099727309e-06
79 -9.098589016572308e-06
80 -8.943786273342622e-06
81 -8.685944736601804e-06
82 -8.881448818812138e-06
83 -8.838055483822713e-06
84 -8.72473725574908e-06
85 -8.864759191788256e-06
86 -8.851266056951798e-06
87 -8.945972555887044e-06
88 -8.849089449120426e-06
89 -8.987982953347654e-06
90 -8.977131381449306e-06
91 -8.908407107368916e-06
92 -8.814440087211689e-06
93 -8.923004647741082e-06
94 -8.90278266926875e-06
95 -8.616174977613379e-06
96 -8.764121958874431e-06
97 -9.014444033658262e-06
98 -8.91718397815294e-06
99 -9.03838126494696e-06
100 -8.967869892579472e-06
101 -8.896280341899213e-06
102 -8.806079634700713e-06
103 -8.98942925799137e-06
104 -8.943584332004557e-06
105 -8.701390831255563e-06
106 -9.080309314321062e-06
107 -9.002048933455655e-06
108 -8.966513532805654e-06
109 -8.98784828973792e-06
110 -8.698946785470315e-06
111 -8.79159198788393e-06
112 -8.925310786813733e-06
113 -9.047864390977905e-06
114 -8.972051549747425e-06
115 -8.942597787443959e-06
116 -9.154303922225517e-06
117 -8.663418984923657e-06
118 -9.010065690155577e-06
119 -8.695153964504568e-06
120 -8.91841437941318e-06
121 -8.998272798923907e-06
122 -8.983179091377945e-06
123 -9.001767605536351e-06
124 -8.79986866574774e-06
125 -9.062647847992124e-06
126 -8.776789496174301e-06
127 -8.836106053319584e-06
128 -8.94694214937697e-06
129 -9.07628966533097e-06
130 -8.987628326778438e-06
131 -8.922933015265096e-06
132 -8.978781834185935e-06
133 -9.024925339566332e-06
134 -8.78438117006765e-06
135 -8.696461835393102e-06
136 -8.71882637574413e-06
137 -8.956030789864182e-06
138 -8.927615414001703e-06
139 -8.952150203179096e-06
140 -8.941331032903734e-06
141 -8.982431902608021e-06
142 -8.995693342432e-06
143 -8.853930407777979e-06
144 -9.007029100929681e-06
145 -9.07222553716693e-06
146 -8.993764638796433e-06
147 -8.852327482398681e-06
148 -9.026099646095748e-06
149 -9.155724188964956e-06
150 -9.06960331890184e-06
151 -8.944576390771535e-06
152 -8.836455366026162e-06
153 -8.89234251238744e-06
154 -8.641639545552056e-06
155 -8.99568652252467e-06
156 -9.116013134504639e-06
157 -9.104098222651446e-06
158 -9.087367478939617e-06
159 -8.916204471610978e-06
160 -8.94624267376249e-06
161 -8.875262019034866e-06
162 -8.948789811686325e-06
163 -8.965432228107673e-06
164 -9.097238227117357e-06
165 -8.98592800582447e-06
166 -9.020735938413161e-06
167 -8.919584852302173e-06
168 -8.635648435226611e-06
169 -8.820648267126995e-06
170 -8.879059544709117e-06
171 -8.5916200691393e-06
172 -9.015440313350258e-06
173 -8.792627617073158e-06
174 -9.22314791068877e-06
175 -9.016728596493457e-06
176 -9.051201040520103e-06
177 -9.048283286310805e-06
178 -8.933768684738946e-06
179 -9.052897573946506e-06
180 -8.894002809548226e-06
181 -8.851414957018681e-06
182 -9.080741060431056e-06
183 -8.922183692223437e-06
184 -9.02051847267339e-06
185 -9.207200984079142e-06
186 -8.90708185448667e-06
187 -8.785456395371545e-06
188 -8.862172583000245e-06
189 -8.757147856928968e-06
190 -8.741333656947008e-06
191 -8.981493201777862e-06
192 -9.04443705604423e-06
193 -9.018089790119973e-06
194 -9.047449455265545e-06
195 -8.8303705421149e-06
196 -8.757719444682497e-06
197 -8.94740803343219e-06
198 -8.94745438468145e-06
199 -8.88298973841935e-06
200 -8.779660601284988e-06
201 -8.85114735616156e-06
202 -8.920076325755131e-06
203 -9.210731737715659e-06
204 -8.765943063720497e-06
205 -9.01542565558628e-06
206 -8.912792781450678e-06
207 -8.965975918196683e-06
208 -8.639403281611023e-06
209 -9.190634262741248e-06
210 -9.16117961241855e-06
211 -8.90737356417284e-06
212 -9.211573522286478e-06
213 -9.02886164070994e-06
214 -8.746135898508623e-06
215 -8.87189823689546e-06
216 -9.131105429780088e-06
217 -8.87674339915154e-06
218 -8.937683596718824e-06
219 -9.05785972227785e-06
220 -8.952339443037475e-06
221 -8.81871476326169e-06
222 -8.959792770471863e-06
223 -9.0493324331216e-06
224 -8.892827652350237e-06
225 -8.87948169828898e-06
226 -8.89838249843084e-06
227 -8.810120708336634e-06
228 -9.096281988703178e-06
229 -8.828686989827538e-06
230 -8.83497215272406e-06
231 -8.949911181649699e-06
232 -9.122453770442596e-06
233 -8.854504602319981e-06
234 -8.857470883913577e-06
235 -8.871642407239241e-06
236 -9.003066198414096e-06
237 -8.971991831944436e-06
238 -9.088278474829645e-06
239 -8.913131156360076e-06
240 -9.02787838641599e-06
241 -8.929018096559785e-06
242 -8.79162151670436e-06
243 -8.592862652756901e-06
244 -9.06011292319682e-06
245 -8.982936599306244e-06
246 -9.063035890447265e-06
247 -8.72303908125818e-06
248 -8.94987215928267e-06
249 -8.910778616615228e-06
250 -8.996448992364142e-06
251 -8.953101279380726e-06
252 -9.064677007530115e-06
253 -9.014817757818482e-06
254 -8.776649446909547e-06
255 -9.034758226274618e-06
256 -9.024285959051645e-06
257 -8.942089489868378e-06
258 -8.876076180519425e-06
259 -8.969688622761707e-06
260 -8.834629209471512e-06
261 -8.746334182704525e-06
262 -9.020165818887589e-06
263 -9.094735916698207e-06
264 -8.790345121603407e-06
265 -8.922553545315471e-06
266 -8.93064612954495e-06
267 -8.904928052122715e-06
268 -9.062919104034482e-06
269 -8.591646616364558e-06
270 -8.748589345456504e-06
271 -8.984261625555173e-06
272 -9.121258077035802e-06
273 -8.749579415878772e-06
274 -9.154712737368483e-06
275 -8.689972508011085e-06
276 -8.968099856838767e-06
277 -8.923026177992505e-06
278 -9.050345289846916e-06
279 -8.885506063085374e-06
280 -9.102103568160358e-06
281 -8.945510694188434e-06
282 -8.90259449031877e-06
283 -8.686735445964314e-06
284 -9.18926703584097e-06
285 -8.976304539200752e-06
286 -8.91752198465644e-06
287 -8.895363756373337e-06
288 -8.740512048731726e-06
289 -8.763872185646574e-06
290 -8.832258669170577e-06
291 -9.028514294658654e-06
292 -8.88952645831439e-06
293 -8.933243168442e-06
294 -8.893188444713182e-06
295 -8.919718663966221e-06
296 -9.086368635833243e-06
297 -8.924919674767767e-06
298 -8.840575098496907e-06
299 -8.768152298558267e-06
