0 1.3856576896786244e-06
1 1.3068952448768515e-06
2 1.242782199821883e-06
3 1.3697024872702634e-06
4 1.2920543938823332e-06
5 1.2576130933419089e-06
6 1.2805922400204326e-06
7 1.3678800331034324e-06
8 1.3218238677523635e-06
9 1.3787736473591435e-06
10 1.3118024543926028e-06
11 1.323046652397112e-06
12 1.3020642989632652e-06
13 1.346238773218177e-06
14 1.2309199048013513e-06
15 1.3087571261059092e-06
16 1.3513609020746932e-06
17 1.2887209248184603e-06
18 1.3437128910642955e-06
19 1.2812274612833364e-06
20 1.3276100410438667e-06
21 1.3724157332255837e-06
22 1.334975913357738e-06
23 1.3316387480141802e-06
24 1.3202581527572029e-06
25 1.3539809671806433e-06
26 1.323441875347777e-06
27 1.2546688377397388e-06
28 1.3355789055491249e-06
29 1.3331406203803114e-06
30 1.3547763942567321e-06
31 1.3777943131069491e-06
32 1.333111097301448e-06
33 1.3362290108301395e-06
34 1.211830790773292e-06
35 1.3284419588768864e-06
36 1.2803058565681047e-06
37 1.3634455117221832e-06
38 1.346357510414044e-06
39 1.2627835342566173e-06
40 1.3401988822735754e-06
41 1.324236132807542e-06
42 1.3086501880757368e-06
43 1.3167591927319671e-06
44 1.3676170459491406e-06
45 1.2887793093020554e-06
46 1.3464757025695734e-06
47 1.2543102441602268e-06
48 1.2403497997255988e-06
49 1.3653015967514554e-06
50 1.2945268947790753e-06
51 1.2763051568912646e-06
52 1.3823188860980112e-06
53 1.3187556194902544e-06
54 1.3084649343697755e-06
55 1.3176956577819477e-06
56 1.3229613851620608e-06
57 1.292274180538924e-06
58 1.273119414907935e-06
59 1.3240761223128535e-06
60 1.3495732402466415e-06
61 1.3379073874609476e-06
62 1.360495498115485e-06
63 1.3672043255996817e-06
64 1.3242704820369862e-06
65 1.3044958005746627e-06
66 1.293500961730278e-06
67 1.4002371340694008e-06
68 1.2892419743794706e-06
69 1.249969010924993e-06
70 1.3419050943991199e-06
71 1.3426831427206028e-06
72 1.3875099261122866e-06
73 1.3287648777084607e-06
74 1.271161244100069e-06
75 1.3540204377019853e-06
76 1.3087769303201886e-06
77 1.2770663295859314e-06
78 1.372299663093383e-06
79 1.3555709066348083e-06
80 1.2915322067606966e-06
81 1.3485227733261937e-06
82 1.3034380404671006e-06
83 1.2457019744643868e-06
84 1.42966530825043e-06
85 1.2762639693331997e-06
86 1.2524315516227006e-06
87 1.3123440105240776e-06
88 1.3434198918788644e-06
89 1.3257839946034242e-06
90 1.3520013850149279e-06
91 1.3834393235660958e-06
92 1.366374447013188e-06
93 1.2877508938490961e-06
94 1.313224479655957e-06
95 1.3312650501068876e-06
96 1.294027425465302e-06
97 1.3982043936129928e-06
98 1.1888008126817886e-06
99 1.3413875294485564e-06
100 1.2947529433465006e-06
101 1.318566946661161e-06
102 1.3010222404109748e-06
103 1.4379625796280077e-06
104 1.3599476809515816e-06
105 1.2895635517899403e-06
106 1.3312103546906778e-06
107 1.261475235738434e-06
108 1.3354254994077926e-06
109 1.3478487029925662e-06
110 1.3053657195580936e-06
111 1.3290470675900798e-06
112 1.4277052386137925e-06
113 1.3704683184336266e-06
114 1.2957367198392835e-06
115 1.240190057878457e-06
116 1.3968966474954327e-06
117 1.2628560667814428e-06
118 1.4869787339394745e-06
119 1.285159331927994e-06
120 1.3517537053065844e-06
121 1.3410046794333544e-06
122 1.2968630876425086e-06
123 1.334872659368592e-06
124 1.3494758498154097e-06
125 1.3601933337133095e-06
126 1.3160553631885084e-06
127 1.2952780969447082e-06
128 1.2447183942887588e-06
129 1.2918768247545345e-06
130 1.2449977486138742e-06
131 1.2691249313912786e-06
132 1.4127987439519308e-06
133 1.3100840195639125e-06
134 1.2489055285837164e-06
135 1.3343031165190677e-06
136 1.3107813124162176e-06
137 1.3599535582247509e-06
138 1.290470667638389e-06
139 1.28307061057144e-06
140 1.3429729950003148e-06
141 1.3709129857432454e-06
142 1.3214179117205072e-06
143 1.3273841957205734e-06
144 1.3563328479243061e-06
145 1.3458355330868238e-06
146 1.2544836195121182e-06
147 1.28818541074944e-06
148 1.2890891282568992e-06
149 1.2609880048198673e-06
150 1.3418881375536657e-06
151 1.335589870306394e-06
152 1.30442659487169e-06
153 1.3594374438079026e-06
154 1.2862649023418456e-06
155 1.3457885612423296e-06
156 1.2912284108938056e-06
157 1.3295686339291432e-06
158 1.2665368045845414e-06
159 1.315296468416686e-06
160 1.3682826952140633e-06
161 1.368363690432711e-06
162 1.35106686274709e-06
163 1.3243870986022635e-06
164 1.3342010920376485e-06
165 1.2942751920702642e-06
166 1.2856552024851184e-06
167 1.3430050077957273e-06
168 1.340045985403847e-06
169 1.3938373555082195e-06
170 1.2991763632627766e-06
171 1.3154870868395302e-06
172 1.3324485921112447e-06
173 1.295651436446737e-06
174 1.3600417672021166e-06
175 1.3005135587723248e-06
176 1.2755962404862584e-06
177 1.325748458316684e-06
178 1.2746645956917956e-06
179 1.3390164401512728e-06
180 1.2906184881675693e-06
181 1.2878502855171208e-06
182 1.3314934996355253e-06
183 1.2768871777094813e-06
184 1.3156458970893951e-06
185 1.2628136119757448e-06
186 1.3366317458572923e-06
187 1.2753150366261388e-06
188 1.391750609652662e-06
189 1.3506243213264226e-06
190 1.2796358036844532e-06
191 1.3226976810608468e-06
192 1.3819975167346416e-06
193 1.329608271427184e-06
194 1.317331068472942e-06
195 1.3612861684482327e-06
196 1.371348192123074e-06
197 1.4546871318470343e-06
198 1.3829666236180893e-06
199 1.296661306287166e-06
200 1.2990126785981565e-06
201 1.3725723303897031e-06
202 1.353860317911566e-06
203 1.3382722594175799e-06
204 1.297645894120644e-06
205 1.370823085347894e-06
206 1.2777627725806065e-06
207 1.3521300724263203e-06
208 1.194599732283427e-06
209 1.2702879064525008e-06
210 1.382918456531325e-06
211 1.258642692250175e-06
212 1.3234575282105468e-06
213 1.3828294601555155e-06
214 1.3067361256972665e-06
215 1.3222390900451932e-06
216 1.2966417705415096e-06
217 1.2981372621420072e-06
218 1.3465871315235053e-06
219 1.2817487531688684e-06
220 1.3505234883753822e-06
221 1.3204414386153064e-06
222 1.3079617471556316e-06
223 1.2657146313094743e-06
224 1.4063978699964682e-06
225 1.3711009555080276e-06
226 1.3440165714506576e-06
227 1.3133406211970619e-06
228 1.3440548655966674e-06
229 1.2982808763888394e-06
230 1.3033139751346135e-06
231 1.27071045101959e-06
232 1.3336368486981013e-06
233 1.3681296546844967e-06
234 1.3180440005440589e-06
235 1.3301026573818132e-06
236 1.3016811034540475e-06
237 1.2995726008136687e-06
238 1.3179242316285563e-06
239 1.3442790864540613e-06
240 1.3142096493948656e-06
241 1.3876147199298145e-06
242 1.340927794702977e-06
243 1.459879890391995e-06
244 1.3640236000095014e-06
245 1.2995275714910976e-06
246 1.398625729464256e-06
247 1.3261362579342572e-06
248 1.317100533047894e-06
249 1.2942003950022265e-06
250 1.3307557021205784e-06
251 1.3134224945428652e-06
252 1.345807294535789e-06
253 1.3365378235128138e-06
254 1.3514789970385659e-06
255 1.3715083609784554e-06
256 1.2859362933266603e-06
257 1.4057398092304502e-06
258 1.2729640256805643e-06
259 1.288709439209677e-06
260 1.3021974581983864e-06
261 1.1694160038823772e-06
262 1.4003733352953817e-06
263 1.3415260090128042e-06
264 1.3876516294246136e-06
265 1.2841113698221564e-06
266 1.3629412727688333e-06
267 1.3068787738612914e-06
268 1.3126709419492864e-06
269 1.2964269261207495e-06
270 1.2871500870405136e-06
271 1.3716056276974206e-06
272 1.3055306227678567e-06
273 1.3159840964588664e-06
274 1.3958393357725513e-06
275 1.2721584081231024e-06
276 1.3100875877083687e-06
277 1.393638824522806e-06
278 1.3558244057004949e-06
279 1.26006251272272e-06
280 1.368291501333822e-06
281 1.4208414480509355e-06
282 1.3321464617594154e-06
283 1.2172508333471982e-06
284 1.4240222002412317e-06
285 1.2925916459508061e-06
286 1.2662385536279085e-06
287 1.3825277155920048e-06
288 1.2640932506995547e-06
289 1.3362060833886115e-06
290 1.2725077712160906e-06
291 1.2967583833763667e-06
292 1.2881088150893341e-06
293 1.2545696606169433e-06
294 1.256444543871546e-06
295 1.2815984474389e-06
296 1.3418077166235832e-06
297 1.3559596878511218e-06
298 1.3985985606641042e-06
299 1.3101361216080579e-06
