0 6.462121558807998e-06
1 6.749050289627221e-06
2 6.73354586785844e-06
3 6.6231230241464146e-06
4 6.676496599017145e-06
5 7.053350193985491e-06
6 6.883013311921343e-06
7 6.335076517059061e-06
8 6.349322924182687e-06
9 6.236858845637567e-06
10 6.501582207130339e-06
11 6.560667507323472e-06
12 6.763366955412606e-06
13 6.277572774568907e-06
14 7.027276334278133e-06
15 6.630370189582658e-06
16 6.299671704200967e-06
17 6.454192492891256e-06
18 6.574209156308528e-06
19 6.53688670497507e-06
20 6.295432625214929e-06
21 6.63428512670158e-06
22 6.791991797789752e-06
23 6.447699214730835e-06
24 6.571657319312189e-06
25 6.568963772920355e-06
26 6.287942551158398e-06
27 6.8753443705666e-06
28 6.603252313786016e-06
29 6.281253209877426e-06
30 6.401055699697858e-06
31 6.523548270359969e-06
32 6.592176452517031e-06
33 6.557302723545006e-06
34 6.493301490696052e-06
35 6.419842164402678e-06
36 7.201891559141665e-06
37 6.294339280048308e-06
38 6.481325678000588e-06
39 6.4625463301057255e-06
40 6.197227345224795e-06
41 6.839612697065589e-06
42 6.892471086829067e-06
43 6.834991954585561e-06
44 6.5982958060250665e-06
45 6.514297220387116e-06
46 6.030224728482113e-06
47 6.975330203430306e-06
48 6.792647126104434e-06
49 6.329200907886673e-06
50 6.814188765018959e-06
51 6.664417530091316e-06
52 6.510600597431235e-06
53 6.530159748751832e-06
54 6.226734697068605e-06
55 6.643019296835156e-06
56 6.648920385465581e-06
57 6.542684067212226e-06
58 6.6392051610393695e-06
59 6.45217365454664e-06
60 6.448436245916838e-06
61 6.600170796802407e-06
62 5.970724670347484e-06
63 6.07055400407016e-06
64 6.6223311515769685e-06
65 6.846272793837219e-06
66 6.567620697844704e-06
67 6.3928851469600885e-06
68 6.282146385207895e-06
69 6.849621646886117e-06
70 6.242578584924331e-06
71 6.460425024246151e-06
72 6.352428764441053e-06
73 6.51012425390647e-06
74 6.812447281288443e-06
75 6.460680820306748e-06
76 6.4027152755878495e-06
77 6.530361308689604e-06
78 6.394866292928746e-06
79 6.646439528101124e-06
80 6.6538276703388085e-06
81 6.463598093456861e-06
82 6.377658240163356e-06
83 6.734174130885925e-06
84 6.06546663471346e-06
85 6.716558693645326e-06
86 6.708915147026819e-06
87 6.579219245716479e-06
88 6.071871264818396e-06
89 6.732833397980186e-06
90 6.509990135834065e-06
91 6.368780939341867e-06
92 6.547731875815195e-06
93 6.331127225764986e-06
94 6.7834886948965134e-06
95 6.629767507205216e-06
96 6.73599990135787e-06
97 6.60151916513015e-06
98 7.031924456823116e-06
99 6.374594777606757e-06
100 6.651759601031072e-06
101 6.526562792604049e-06
102 6.456750053517144e-06
103 6.083122407028784e-06
104 6.347016698336242e-06
105 6.88165007234018e-06
106 6.2675590915927425e-06
107 7.035279814654088e-06
108 6.492215407792211e-06
109 6.700387229916609e-06
110 6.2438227658972134e-06
111 6.3917975358246565e-06
112 6.439932608759874e-06
113 6.679549311638694e-06
114 6.6622939271827095e-06
115 7.190311968630528e-06
116 6.383296857089037e-06
117 6.449151509371109e-06
118 6.047285951112442e-06
119 6.383324070150893e-06
120 6.248881451173024e-06
121 6.679238865356544e-06
122 6.520244319339553e-06
123 6.651580124099375e-06
124 6.591217811016635e-06
125 6.49024848569713e-06
126 6.3983480428377755e-06
127 6.429731807603188e-06
128 6.409139900018823e-06
129 6.8503337161519e-06
130 6.779376067000518e-06
131 6.9645464615098595e-06
132 6.258011491576108e-06
133 6.502052351604129e-06
134 6.751435352122747e-06
135 6.444970968469424e-06
136 6.4408876535500924e-06
137 6.194487843695453e-06
138 6.836138065476454e-06
139 6.268263276782933e-06
140 6.335788283475946e-06
141 6.45933682902819e-06
142 6.676546066514552e-06
143 6.910968486434991e-06
144 6.8046454677486415e-06
145 6.3387735633474e-06
146 6.516286284929277e-06
147 6.7050934093529126e-06
148 6.9441382524148035e-06
149 6.876810028979433e-06
150 6.5887397847397965e-06
151 6.558187533890175e-06
152 6.512384244361971e-06
153 6.4678458616116615e-06
154 6.496488386711675e-06
155 6.787350787123052e-06
156 6.634186635920919e-06
157 6.576280075217939e-06
158 7.037827922447994e-06
159 6.3572590811231325e-06
160 6.16289383265188e-06
161 6.284142803445748e-06
162 6.663442899199039e-06
163 6.485694536703124e-06
164 6.885907382373365e-06
165 6.7304591770776515e-06
166 6.643942396376176e-06
167 6.213763009554419e-06
168 6.315011374616539e-06
169 6.342187412945395e-06
170 6.98803287240566e-06
171 6.341011086790225e-06
172 6.378259995747123e-06
173 6.5400935294517015e-06
174 6.377569256175864e-06
175 6.5043171615257445e-06
176 6.828968403275796e-06
177 6.450030348437036e-06
178 6.679546104261942e-06
179 6.3890044519033745e-06
180 6.626336335290365e-06
181 6.698086328344155e-06
182 6.457635891764264e-06
183 6.4579466928258275e-06
184 6.6549557226496776e-06
185 6.576203713075749e-06
186 6.522586638239451e-06
187 6.7003652182392615e-06
188 6.342484666481253e-06
189 6.511616773378277e-06
190 6.4670427811827035e-06
191 6.263859871511039e-06
192 6.285330536308703e-06
193 6.420829339917649e-06
194 6.913441010792602e-06
195 6.441971216126178e-06
196 6.260560366241442e-06
197 6.41454631660803e-06
198 6.399703518506892e-06
199 6.638290623809254e-06
200 6.4162996034401906e-06
201 6.269648410279288e-06
202 6.4824957738034844e-06
203 6.533428924605893e-06
204 6.427464839564148e-06
205 6.545049522891465e-06
206 6.89847492153603e-06
207 6.393154688126532e-06
208 6.77474965115236e-06
209 6.834185576757819e-06
210 6.630735323456881e-06
211 6.6929446708454705e-06
212 6.4403494121925815e-06
213 6.460812611404757e-06
214 6.489381748370221e-06
215 6.436890406082103e-06
216 6.300997705315552e-06
217 6.278099547376194e-06
218 6.513802871982613e-06
219 6.598317992209063e-06
220 6.524395477315002e-06
221 6.494171258624372e-06
222 6.756451358916691e-06
223 6.694208929069612e-06
224 6.236777384291717e-06
225 6.527605777989593e-06
226 6.499393130391789e-06
227 6.220425449417352e-06
228 6.733747376686643e-06
229 6.525124356169018e-06
230 6.405313144413467e-06
231 6.735969077326063e-06
232 6.825941576593395e-06
233 6.1491102468149535e-06
234 6.187469967541022e-06
235 6.828311970798625e-06
236 6.44139471928522e-06
237 6.858047673255315e-06
238 6.613286033939857e-06
239 6.2537553716195234e-06
240 6.723348653526089e-06
241 6.300305565560804e-06
242 6.138706138112993e-06
243 5.8644511343460616e-06
244 6.527043669461878e-06
245 6.816200172067798e-06
246 6.295059660892172e-06
247 6.224611080403791e-06
248 6.785608264700531e-06
249 6.490859367989331e-06
250 6.604790823879323e-06
251 6.406111798736746e-06
252 6.668691116451716e-06
253 6.2074413604997945e-06
254 6.569860750548987e-06
255 6.511315555103641e-06
256 6.917746863199357e-06
257 6.520366560260816e-06
258 6.49436888611695e-06
259 6.506723265860574e-06
260 6.169983985331877e-06
261 7.093252311095789e-06
262 6.3243626977344255e-06
263 6.8259687546722345e-06
264 6.040855383952263e-06
265 6.84569747384008e-06
266 6.2241403720895125e-06
267 6.742818227744851e-06
268 6.692991257281851e-06
269 6.458852622084466e-06
270 6.664993701057105e-06
271 6.119924843948906e-06
272 6.81880678871655e-06
273 6.487398776761875e-06
274 6.619520696477123e-06
275 7.005458071715493e-06
276 6.465542061649695e-06
277 6.4189501847382125e-06
278 6.505678041872359e-06
279 6.3649657189157015e-06
280 6.528281308291554e-06
281 5.970320199900228e-06
282 6.373592494088716e-06
283 6.58885979500878e-06
284 6.111341052232151e-06
285 6.808135554797507e-06
286 6.5454997115639755e-06
287 5.9092165162184814e-06
288 6.299139381381896e-06
289 6.359843401033257e-06
290 7.002819722093657e-06
291 6.7529366857734946e-06
292 6.5161435211072055e-06
293 6.718637934116313e-06
294 6.718640835031256e-06
295 6.4764251279931314e-06
296 6.7921010394934854e-06
297 6.682777171654518e-06
298 6.331065694311476e-06
299 6.319366282529149e-06
