0 2.8430636498862295e-07
1 2.822370633177413e-07
2 2.882151532534664e-07
3 2.8133175974932216e-07
4 2.8125433925029117e-07
5 2.815750344507643e-07
6 2.8467229856118214e-07
7 2.8842921858880634e-07
8 2.727489953961742e-07
9 2.8395286464124006e-07
10 2.862415639520808e-07
11 2.8516797468252646e-07
12 2.8986823126437315e-07
13 2.853596178097527e-07
14 2.8303886830690867e-07
15 2.841652195680946e-07
16 2.845882743158147e-07
17 2.863114061347291e-07
18 2.88836152394624e-07
19 2.835582866680658e-07
20 2.8676098032074535e-07
21 2.894078250595045e-07
22 2.8182177762082275e-07
23 2.8578720124777337e-07
24 2.7985730471146917e-07
25 2.7557661187344965e-07
26 2.8799436549610585e-07
27 2.773742779034365e-07
28 2.7795528333960433e-07
29 2.8510294446238016e-07
30 2.817627443167362e-07
31 2.823608044154851e-07
32 2.800336722234927e-07
33 2.8691720194645486e-07
34 2.8377461956056755e-07
35 2.821612001478071e-07
36 2.803167135245196e-07
37 2.857091625969896e-07
38 2.8536115043930257e-07
39 2.8511843505253985e-07
40 2.9134626036207933e-07
41 2.7887484326030927e-07
42 2.871546047162312e-07
43 2.8273983585648953e-07
44 2.887075047604745e-07
45 2.8881632006502085e-07
46 2.8226242680138544e-07
47 2.900805599971319e-07
48 2.7785059218014013e-07
49 2.9069151726125944e-07
50 2.847237984751523e-07
51 2.888146852642067e-07
52 2.693350919922797e-07
53 2.798748863334858e-07
54 2.8709996800838416e-07
55 2.8070184346094414e-07
56 2.867321682603685e-07
57 2.817456669225521e-07
58 2.7603908294360866e-07
59 2.8626926403646547e-07
60 2.8552590095262253e-07
61 2.8602025284988684e-07
62 2.892134225148517e-07
63 2.9264455570460384e-07
64 2.82224668855236e-07
65 2.854542005935431e-07
66 2.816686279605891e-07
67 2.884054212585863e-07
68 2.8306066272150914e-07
69 2.8365138074659057e-07
70 2.921778680802564e-07
71 2.87388765917772e-07
72 2.8607103572978984e-07
73 2.9151365776034466e-07
74 2.789825178351694e-07
75 2.84457680714415e-07
76 2.888969977804481e-07
77 2.866623024766699e-07
78 2.8751730303110393e-07
79 2.79025006486369e-07
80 2.853376470775246e-07
81 2.8710127427003573e-07
82 2.841688004491758e-07
83 2.7967538406263773e-07
84 2.8633265477011986e-07
85 2.776257069255201e-07
86 2.730699264739209e-07
87 2.8456086457371226e-07
88 2.8737188501921184e-07
89 2.802678798647698e-07
90 2.75829544570374e-07
91 2.835229720078694e-07
92 2.799260117129273e-07
93 2.838864503156192e-07
94 2.7951700270032603e-07
95 2.8115000287393837e-07
96 2.852606223979094e-07
97 2.879921143779478e-07
98 2.754297667787281e-07
99 2.8423811348975545e-07
100 2.836221495683851e-07
101 2.8399359457929764e-07
102 2.911078476824566e-07
103 2.8321141907713915e-07
104 2.886667962252401e-07
105 2.880675403997695e-07
106 2.895700958566432e-07
107 2.781037693300106e-07
108 2.830511393830223e-07
109 2.8164785412407676e-07
110 2.8339314626308926e-07
111 2.784884105884937e-07
112 2.814181799779356e-07
113 2.8704502007027515e-07
114 2.8327348509566444e-07
115 2.839350246883404e-07
116 2.8832626823597036e-07
117 2.789234077635484e-07
118 2.8732144421474784e-07
119 2.880430156544184e-07
120 2.8642083339691344e-07
121 2.8124292035568083e-07
122 2.8679723936309925e-07
123 2.803602553715435e-07
124 2.8265684657348383e-07
125 2.8508972999631524e-07
126 2.846453772708789e-07
127 2.8001001152457245e-07
128 2.8532492006755434e-07
129 2.801677538044584e-07
130 2.8240989676379247e-07
131 2.8366993693982824e-07
132 2.8587454481174203e-07
133 2.8777588710436564e-07
134 2.829439679530377e-07
135 2.80815258234834e-07
136 2.8342425455648477e-07
137 2.843298985559143e-07
138 2.8435490218356376e-07
139 2.736982306686375e-07
140 2.833853620460058e-07
141 2.7889255258758916e-07
142 2.841285652260948e-07
143 2.9281194296823705e-07
144 2.8475709375837825e-07
145 2.801863687693535e-07
146 2.8474539291031877e-07
147 2.767978246806078e-07
148 2.823371934900966e-07
149 2.857452819668483e-07
150 2.862890868202708e-07
151 2.809558110727391e-07
152 2.855018731274813e-07
153 2.868023899254927e-07
154 2.835800458066063e-07
155 2.838175694815277e-07
156 2.778515828656365e-07
157 2.861242468752176e-07
158 2.820791827394602e-07
159 2.9036173197776056e-07
160 2.844399972108928e-07
161 2.8301506811124677e-07
162 2.9033956355323956e-07
163 2.8628510907143913e-07
164 2.8502623655629774e-07
165 2.8431726798795226e-07
166 2.847464805850237e-07
167 2.8531610521342014e-07
168 2.8117163447763126e-07
169 2.817569363411054e-07
170 2.871143240299692e-07
171 2.7961588678969884e-07
172 2.8018368112630974e-07
173 2.8328585208755253e-07
174 2.8088296459067193e-07
175 2.8547699497876255e-07
176 2.830599153809734e-07
177 2.8051016359199966e-07
178 2.907299993138154e-07
179 2.771016517113852e-07
180 2.8744316419144403e-07
181 2.9192042614333486e-07
182 2.750344657009185e-07
183 2.8542140523978506e-07
184 2.823795074908096e-07
185 2.863517248260033e-07
186 2.8259640590698937e-07
187 2.804534528288179e-07
188 2.853479081368693e-07
189 2.8908674127392356e-07
190 2.8416743885092756e-07
191 2.831875788487496e-07
192 2.811611024017841e-07
193 2.8751685171300405e-07
194 2.8076645951319827e-07
195 2.8711447615588325e-07
196 2.915174080524089e-07
197 2.80269681421672e-07
198 2.842941364382446e-07
199 2.765537748497819e-07
200 2.7915686686242235e-07
201 2.8035576969475533e-07
202 2.8083887073863734e-07
203 2.8103897381269446e-07
204 2.819589009078619e-07
205 2.850028943978346e-07
206 2.881860823747247e-07
207 2.8440298768290783e-07
208 2.858561957707106e-07
209 2.862736774259981e-07
210 2.738146619864733e-07
211 2.894921858592219e-07
212 2.8447907243159424e-07
213 2.859757156517999e-07
214 2.8211955121439113e-07
215 2.8557943426282517e-07
216 2.852328124745619e-07
217 2.868524131193823e-07
218 2.819630612485567e-07
219 2.784554677769402e-07
220 2.742090623152382e-07
221 2.83009516978939e-07
222 2.8421658601677156e-07
223 2.8235491775115473e-07
224 2.8037208566307646e-07
225 2.791738684657762e-07
226 2.9246556979600016e-07
227 2.8779155625667416e-07
228 2.804388274223671e-07
229 2.8637634617981295e-07
230 2.829435305057628e-07
231 2.912123446563756e-07
232 2.8440569169591706e-07
233 2.8810223374810076e-07
234 2.8820262408251296e-07
235 2.903087123373139e-07
236 2.822711846179293e-07
237 2.8323698428790836e-07
238 2.874865035934656e-07
239 2.79240954069335e-07
240 2.864458114525468e-07
241 2.8480085208255514e-07
242 2.8811372468017515e-07
243 2.868075991341787e-07
244 2.8235937004011557e-07
245 2.760976430825181e-07
246 2.8316453992205545e-07
247 2.9152909641201723e-07
248 2.909343560432388e-07
249 2.7997915085205075e-07
250 2.824311209965819e-07
251 2.837071309763691e-07
252 2.848887409919827e-07
253 2.8710585437549604e-07
254 2.851080684066477e-07
255 2.8637036798247854e-07
256 2.924356926124571e-07
257 2.875179892703237e-07
258 2.8498476955826215e-07
259 2.8060434679706806e-07
260 2.8191627004383125e-07
261 2.8621639000858136e-07
262 2.7667309110947386e-07
263 2.8464986126475595e-07
264 2.892322282026408e-07
265 2.789442992797571e-07
266 2.838438749798699e-07
267 2.878027696190359e-07
268 2.8397575107586824e-07
269 2.795642358570758e-07
270 2.8595742883457975e-07
271 2.8607631309310655e-07
272 2.882949903515381e-07
273 2.7864663699637263e-07
274 2.79277262991122e-07
275 2.79148023251179e-07
276 2.8269553311605914e-07
277 2.823601661188013e-07
278 2.882273986594622e-07
279 2.802968530477227e-07
280 2.8119074511754006e-07
281 2.871918118534129e-07
282 2.844508078324758e-07
283 2.8697136674048696e-07
284 2.8649769625821173e-07
285 2.855845692769022e-07
286 2.820805104236954e-07
287 2.859528713357529e-07
288 2.878063105855988e-07
289 2.8480519835949044e-07
290 2.85758675570501e-07
291 2.875957829017646e-07
292 2.912569911635523e-07
293 2.8536769149396056e-07
294 2.9007653746707827e-07
295 2.8379349873584517e-07
296 2.858613436119256e-07
297 2.8848558015233773e-07
298 2.8665794690761874e-07
299 2.873971194330969e-07
