0 -4.1619353633352094e-06
1 -4.097571680308512e-06
2 -4.195818101898116e-06
3 -4.074891527479877e-06
4 -3.9980591789700414e-06
5 -4.1915002058422805e-06
6 -4.180598691044894e-06
7 -4.221013471789449e-06
8 -4.009743754129955e-06
9 -3.972465243602511e-06
10 -4.0664806707173915e-06
11 -4.04580951885802e-06
12 -4.198283279052096e-06
13 -4.081308107892447e-06
14 -4.07990071013656e-06
15 -4.199921672645581e-06
16 -4.263151207283115e-06
17 -4.1496524154723625e-06
18 -4.018183716228497e-06
19 -4.2533004479461375e-06
20 -4.232794504561655e-06
21 -4.1252774148724005e-06
22 -4.115721030448852e-06
23 -4.253270640451168e-06
24 -3.996594220149447e-06
25 -4.144923531385696e-06
26 -4.256117889753946e-06
27 -4.038049679067421e-06
28 -3.892525513512316e-06
29 -4.1712862585691664e-06
30 -4.082679619734801e-06
31 -4.077400055542461e-06
32 -4.047908330306152e-06
33 -4.0577763497449655e-06
34 -4.187173922483803e-06
35 -4.132926563690844e-06
36 -4.001438558374546e-06
37 -4.1182425609988094e-06
38 -3.906143282112394e-06
39 -4.090483393031106e-06
40 -4.191911139754885e-06
41 -4.131583208971566e-06
42 -4.147629356231137e-06
43 -4.154436624981056e-06
44 -4.059702839772807e-06
45 -3.955877129208702e-06
46 -3.953349435959473e-06
47 -4.040954616566116e-06
48 -3.894282235870118e-06
49 -3.9727188976417845e-06
50 -4.163932613453603e-06
51 -4.113538016722103e-06
52 -4.192441099047271e-06
53 -4.146832750983681e-06
54 -4.161876539598067e-06
55 -4.006158483081252e-06
56 -4.1299030179270906e-06
57 -3.979908829382839e-06
58 -4.218453430365117e-06
59 -4.058743954259192e-06
60 -3.993836856595141e-06
61 -4.2252887170812885e-06
62 -4.0673961473433955e-06
63 -3.970353205189687e-06
64 -3.983344219435951e-06
65 -4.073495685799279e-06
66 -4.06825841024836e-06
67 -4.051948456491823e-06
68 -4.047847819900728e-06
69 -4.257674662234847e-06
70 -4.20475859505855e-06
71 -4.211993519479771e-06
72 -4.142781938334306e-06
73 -4.2497544113624245e-06
74 -4.101814348991829e-06
75 -4.350682607796543e-06
76 -4.135141810574305e-06
77 -4.216036077357521e-06
78 -4.161199908705217e-06
79 -3.9724053255228015e-06
80 -4.317366091221216e-06
81 -4.2671806251524125e-06
82 -4.061473508234714e-06
83 -4.03566417340113e-06
84 -4.093045422922958e-06
85 -4.1220656224554e-06
86 -3.952387347610111e-06
87 -4.076504442447713e-06
88 -4.119307966572573e-06
89 -4.242788107370611e-06
90 -4.196738669833039e-06
91 -4.009919789092249e-06
92 -4.038547031976441e-06
93 -4.1355312054122264e-06
94 -4.029492024884969e-06
95 -3.9151671482823085e-06
96 -4.069125457130212e-06
97 -4.178579882772262e-06
98 -4.1816167075775075e-06
99 -4.195390229860906e-06
100 -4.148618365093449e-06
101 -4.118199558534404e-06
102 -3.875208980546478e-06
103 -3.94943727576477e-06
104 -4.056889241083171e-06
105 -4.185245467226471e-06
106 -4.027150521778979e-06
107 -4.168099718688758e-06
108 -4.1731600493165205e-06
109 -3.998035723520151e-06
110 -3.868275490776482e-06
111 -4.1561679779828245e-06
112 -4.096154511771394e-06
113 -4.179597148745587e-06
114 -3.997938136903006e-06
115 -4.1626327257458385e-06
116 -4.107862313325421e-06
117 -4.099308417598512e-06
118 -4.1650027799223096e-06
119 -4.1797404711200575e-06
120 -4.053462511864103e-06
121 -3.9855769549488874e-06
122 -3.993696180504576e-06
123 -4.184882626105751e-06
124 -4.013659473442601e-06
125 -4.048888851573272e-06
126 -4.066707715802367e-06
127 -4.10715928332378e-06
128 -3.920391257697634e-06
129 -4.292418066311555e-06
130 -4.130004107436807e-06
131 -4.091595405623536e-06
132 -4.214553663776569e-06
133 -3.9908246172666864e-06
134 -4.11667590865596e-06
135 -4.147462430693853e-06
136 -4.197505503332818e-06
137 -4.01003879135717e-06
138 -4.080282552268332e-06
139 -4.175365351276284e-06
140 -4.077443309048601e-06
141 -4.1735458732657445e-06
142 -4.042540544308833e-06
143 -4.096245030179563e-06
144 -4.1271104373749225e-06
145 -4.2392161808246855e-06
146 -4.034916766908531e-06
147 -4.170841870446668e-06
148 -4.064037379983945e-06
149 -4.034316255399228e-06
150 -4.181144925697632e-06
151 -4.239062955551248e-06
152 -4.175077512482333e-06
153 -4.127998352947344e-06
154 -4.095904953145561e-06
155 -4.278586196131257e-06
156 -4.1194739696245555e-06
157 -4.141217763151827e-06
158 -4.105253164375892e-06
159 -4.1389545313976625e-06
160 -4.08079588223263e-06
161 -4.119965255037474e-06
162 -4.202502338736512e-06
163 -4.111775143461935e-06
164 -4.041783460725957e-06
165 -4.0859727176517024e-06
166 -4.1897690496199036e-06
167 -4.04892704719554e-06
168 -4.043950281181624e-06
169 -4.121854277022257e-06
170 -4.146987756606293e-06
171 -4.076467735568537e-06
172 -4.153222208116343e-06
173 -4.224052665228825e-06
174 -4.277891830230378e-06
175 -4.065239381046936e-06
176 -4.015913796550535e-06
177 -4.1581741119047464e-06
178 -4.181184277848634e-06
179 -4.051371208196478e-06
180 -4.051519620982301e-06
181 -4.063975354890108e-06
182 -4.023180818999846e-06
183 -4.009523991472806e-06
184 -4.113362739318099e-06
185 -4.196195152671559e-06
186 -3.998612381733572e-06
187 -4.026236223222433e-06
188 -4.247738191745935e-06
189 -4.189647100402311e-06
190 -4.09546619092719e-06
191 -4.164586084410947e-06
192 -4.057116649728107e-06
193 -4.230231269806533e-06
194 -4.054877628234655e-06
195 -4.063624666365935e-06
196 -4.021366312036895e-06
197 -4.098998117849992e-06
198 -4.107954489262746e-06
199 -3.975278215860354e-06
200 -4.094514037379414e-06
201 -4.125160759290254e-06
202 -4.009183791421941e-06
203 -4.0848298316387574e-06
204 -4.101192520334746e-06
205 -3.958768267417692e-06
206 -4.107764464076819e-06
207 -3.9902133733687436e-06
208 -4.022804417463833e-06
209 -3.9344239129693245e-06
210 -4.101332177945432e-06
211 -4.167510471677569e-06
212 -4.246143779874801e-06
213 -3.884662424945066e-06
214 -4.2150975655738225e-06
215 -3.895764332459886e-06
216 -4.107657807731061e-06
217 -4.016620278700421e-06
218 -4.0983426222228315e-06
219 -4.13658638866032e-06
220 -4.2212644876857386e-06
221 -4.205279841320551e-06
222 -4.158754358481515e-06
223 -4.1424595412753774e-06
224 -4.174722315790621e-06
225 -4.152711880031873e-06
226 -4.097213384173479e-06
227 -4.062362381060651e-06
228 -4.215920825700296e-06
229 -4.144865630790973e-06
230 -4.160310257943513e-06
231 -4.325160620718203e-06
232 -3.998900135176971e-06
233 -4.205613318264058e-06
234 -3.798420731895921e-06
235 -4.1741787874455995e-06
236 -3.913715428588038e-06
237 -4.1231128731307564e-06
238 -4.155967800787477e-06
239 -4.1110792882392145e-06
240 -4.191345609377024e-06
241 -4.270385944307976e-06
242 -4.252501782634337e-06
243 -3.899382414383446e-06
244 -4.010857132677141e-06
245 -4.115679739064144e-06
246 -4.276509896311848e-06
247 -4.3316474892673845e-06
248 -4.3216686959872306e-06
249 -4.097670958045255e-06
250 -4.025947313371069e-06
251 -4.077242694291784e-06
252 -4.088153808692823e-06
253 -3.989638345414102e-06
254 -4.109673434653116e-06
255 -4.137669962281519e-06
256 -4.036707880020571e-06
257 -3.971386168205677e-06
258 -4.17080366809581e-06
259 -4.154013097918456e-06
260 -4.159640683418459e-06
261 -4.152706382296421e-06
262 -4.205548195991665e-06
263 -4.126721805786481e-06
264 -4.206942909309862e-06
265 -4.098726973698962e-06
266 -4.065155118276515e-06
267 -4.264977425562075e-06
268 -4.021388096984651e-06
269 -4.148167354467081e-06
270 -4.014401822106071e-06
271 -3.993675270806869e-06
272 -4.045073636017283e-06
273 -4.099058911336441e-06
274 -4.014809026225871e-06
275 -4.093670911299263e-06
276 -4.10962344077635e-06
277 -4.06522901820366e-06
278 -3.984079888146991e-06
279 -4.006854875563034e-06
280 -4.052357786662779e-06
281 -4.150102768267701e-06
282 -4.081447236158822e-06
283 -4.14045912056611e-06
284 -4.3150271446578214e-06
285 -4.1451768997026425e-06
286 -4.25391502928453e-06
287 -4.105206190208575e-06
288 -4.06135867845715e-06
289 -4.015702690039007e-06
290 -4.048298562479276e-06
291 -4.155634287345999e-06
292 -4.069797283201354e-06
293 -3.966951751859872e-06
294 -4.000066624388846e-06
295 -4.033160572142196e-06
296 -3.872437882096283e-06
297 -4.139573419444376e-06
298 -4.024127239704019e-06
299 -4.04338735714171e-06
