0 -2.787732398886982e-06
1 -2.7187672460810917e-06
2 -2.8472256664409016e-06
3 -2.7189829796361225e-06
4 -2.683661203140868e-06
5 -2.907058964939414e-06
6 -2.7240501942923228e-06
7 -2.8575020565609573e-06
8 -2.6187514877660398e-06
9 -2.585851052566512e-06
10 -2.8215845645271723e-06
11 -2.668541024552318e-06
12 -2.818143167183501e-06
13 -2.77556103534358e-06
14 -2.6063744105373482e-06
15 -2.8521134821707463e-06
16 -2.9133660082302353e-06
17 -2.8845981816731497e-06
18 -2.638596343992866e-06
19 -2.8641425023012947e-06
20 -2.8819267303548417e-06
21 -2.6854426912655454e-06
22 -2.749379708269963e-06
23 -2.9066417194498567e-06
24 -2.6319033705051326e-06
25 -2.7855842761466e-06
26 -2.9582586953553277e-06
27 -2.7953687880325284e-06
28 -2.6200858991647847e-06
29 -2.9105150988674827e-06
30 -2.673257490031417e-06
31 -2.5903472993947997e-06
32 -2.7135822303210232e-06
33 -2.653751678175782e-06
34 -2.7528943095195166e-06
35 -2.8747451643038694e-06
36 -2.6483194725220218e-06
37 -2.7152013458102497e-06
38 -2.474306114989195e-06
39 -2.749387974267792e-06
40 -2.8244663833851518e-06
41 -2.7737777089771665e-06
42 -2.857539578338162e-06
43 -2.7497805757303095e-06
44 -2.7008047398887705e-06
45 -2.5037540394931793e-06
46 -2.49158278750563e-06
47 -2.601891721834028e-06
48 -2.5083724214730173e-06
49 -2.5732583694375235e-06
50 -2.7130202402482385e-06
51 -2.8124093594502274e-06
52 -2.780822576817793e-06
53 -2.7968088366038074e-06
54 -2.8199862394690363e-06
55 -2.604165472014045e-06
56 -2.784183840606814e-06
57 -2.527362889736669e-06
58 -2.8719092995555794e-06
59 -2.591175870637692e-06
60 -2.7362439339934466e-06
61 -2.804502226238787e-06
62 -2.7883219350784697e-06
63 -2.6391739757773656e-06
64 -2.563594803174154e-06
65 -2.711559781604362e-06
66 -2.70874992472334e-06
67 -2.6636329913955205e-06
68 -2.8073746439329784e-06
69 -2.8977502787748063e-06
70 -2.8023018702152947e-06
71 -2.870233751648857e-06
72 -2.767363782741363e-06
73 -2.7789027129934547e-06
74 -2.648051564002502e-06
75 -3.0500398369687525e-06
76 -2.8449682354938345e-06
77 -2.8352015632684974e-06
78 -2.7297617726703604e-06
79 -2.5034290287538245e-06
80 -2.991034964715739e-06
81 -2.854294443823097e-06
82 -2.7541887487753097e-06
83 -2.6239182918250164e-06
84 -2.6068631847215546e-06
85 -2.8584300468120072e-06
86 -2.699853803678812e-06
87 -2.8218610740212454e-06
88 -2.686122422413157e-06
89 -2.920208652951398e-06
90 -2.873557234033387e-06
91 -2.763139484685065e-06
92 -2.7618387084148172e-06
93 -2.7382334385030603e-06
94 -2.7033559599850687e-06
95 -2.6123974471442767e-06
96 -2.7564107134100095e-06
97 -2.7526578578428484e-06
98 -2.893432201234526e-06
99 -2.6815098840289697e-06
100 -2.833712024454772e-06
101 -2.8670544499988927e-06
102 -2.4615857853088323e-06
103 -2.526610474626408e-06
104 -2.781629568273594e-06
105 -2.8221922562807577e-06
106 -2.5535478070420053e-06
107 -2.856644134159605e-06
108 -2.871157289123015e-06
109 -2.6405437535325675e-06
110 -2.5505266127998045e-06
111 -2.7816286405796627e-06
112 -2.7473490274515584e-06
113 -2.6136711877800016e-06
114 -2.635142459209744e-06
115 -2.812438973980029e-06
116 -2.697935661498834e-06
117 -2.7729188910482705e-06
118 -2.78439188291545e-06
119 -2.852847094499264e-06
120 -2.5501661625463587e-06
121 -2.609961102942908e-06
122 -2.5943732900618114e-06
123 -2.9333601184608784e-06
124 -2.726571839196378e-06
125 -2.6806637771524132e-06
126 -2.73886217685573e-06
127 -2.769757857928783e-06
128 -2.568584824915935e-06
129 -2.9637782334281587e-06
130 -2.856913576196966e-06
131 -2.6858758268881854e-06
132 -2.7916052701480774e-06
133 -2.5380432128584215e-06
134 -2.726674782908077e-06
135 -2.735932585544527e-06
136 -2.8645092345796514e-06
137 -2.517150550903681e-06
138 -2.559502268729345e-06
139 -2.8285609745777595e-06
140 -2.720218569439613e-06
141 -2.8653119231096523e-06
142 -2.663703500660041e-06
143 -2.74357902886461e-06
144 -2.7943141635325367e-06
145 -2.7446938713734713e-06
146 -2.7149189089085005e-06
147 -2.921998137399654e-06
148 -2.735562714544707e-06
149 -2.6658946287552304e-06
150 -2.8171385844431654e-06
151 -2.8471975069299508e-06
152 -2.8562008616422063e-06
153 -2.822378552117178e-06
154 -2.760239584463265e-06
155 -2.972962640391695e-06
156 -2.797122235689684e-06
157 -2.6520718805879243e-06
158 -2.657548471907175e-06
159 -2.7604226535674894e-06
160 -2.87066649630859e-06
161 -2.658380992714954e-06
162 -2.827388637237388e-06
163 -2.7784181442297646e-06
164 -2.6309674821836764e-06
165 -2.753389060196081e-06
166 -2.8116402458867305e-06
167 -2.641798725028405e-06
168 -2.735195733102339e-06
169 -2.630619432964475e-06
170 -2.76813986058306e-06
171 -2.819536275196637e-06
172 -2.8754558293427104e-06
173 -2.988536072930209e-06
174 -2.818354000153682e-06
175 -2.5988548881088747e-06
176 -2.792145904896448e-06
177 -2.6894432952992433e-06
178 -2.7620603524331607e-06
179 -2.7119053562156904e-06
180 -2.7470541345753346e-06
181 -2.699528682449086e-06
182 -2.6541276367371275e-06
183 -2.6735012980714533e-06
184 -2.7957706782231747e-06
185 -2.900583049084102e-06
186 -2.6678580626030528e-06
187 -2.7442805970605035e-06
188 -2.8862157828252895e-06
189 -2.6844935451790607e-06
190 -2.665969434326339e-06
191 -2.904866273048247e-06
192 -2.6063733857620756e-06
193 -2.9288888975652406e-06
194 -2.6152344619408685e-06
195 -2.8814491352682923e-06
196 -2.594252708581524e-06
197 -2.805048457712975e-06
198 -2.7838469118069005e-06
199 -2.701133672619557e-06
200 -2.787702717099743e-06
201 -2.750950855633115e-06
202 -2.7677008577471684e-06
203 -2.892960392692144e-06
204 -2.7886146677362574e-06
205 -2.6930220629460728e-06
206 -2.8341604115651577e-06
207 -2.5946705899998456e-06
208 -2.7146026228676512e-06
209 -2.584431033947193e-06
210 -2.779498171378163e-06
211 -2.9127593877677617e-06
212 -2.9808127041256965e-06
213 -2.467411978279422e-06
214 -2.835299945800269e-06
215 -2.5818479584057856e-06
216 -2.894969491649194e-06
217 -2.6190757512961264e-06
218 -2.7241243013799157e-06
219 -2.7965032193179806e-06
220 -2.810063234608476e-06
221 -2.8640921249953815e-06
222 -2.7383950857071384e-06
223 -2.8914074532850497e-06
224 -2.9656084564909833e-06
225 -2.766039021174808e-06
226 -2.7088724351244894e-06
227 -2.7732163671723006e-06
228 -2.9193741159045187e-06
229 -2.729363534796109e-06
230 -2.875524868057563e-06
231 -2.947777897850597e-06
232 -2.621564485408006e-06
233 -2.954046949201921e-06
234 -2.4035789473371226e-06
235 -2.808130557038272e-06
236 -2.5949394442253674e-06
237 -2.7192003181249757e-06
238 -2.8198968875689e-06
239 -2.786647198521243e-06
240 -2.9019032257385e-06
241 -3.0850147632294608e-06
242 -2.878640407486977e-06
243 -2.5223096583047693e-06
244 -2.631273083805649e-06
245 -2.788990731767195e-06
246 -2.9405106735046386e-06
247 -2.7839052530892638e-06
248 -3.0048482258134116e-06
249 -2.6515555638460987e-06
250 -2.6954292974013517e-06
251 -2.633428794187219e-06
252 -2.7342892492905417e-06
253 -2.5927653112726955e-06
254 -2.7956745797846824e-06
255 -2.6880454448623177e-06
256 -2.7342558853222577e-06
257 -2.6261774782622293e-06
258 -2.7296125306939877e-06
259 -2.7661408458119653e-06
260 -2.9228393367423233e-06
261 -2.783635994726486e-06
262 -2.84158559157783e-06
263 -2.8417934834518144e-06
264 -2.759145585750354e-06
265 -2.8045447556650177e-06
266 -2.8163510513556393e-06
267 -2.775488032189252e-06
268 -2.551637924196118e-06
269 -2.745730313749912e-06
270 -2.6332836435009276e-06
271 -2.5460273169514656e-06
272 -2.7550020139509604e-06
273 -2.7205026178912054e-06
274 -2.850645115364579e-06
275 -2.889208800420771e-06
276 -2.802100608438686e-06
277 -2.7677120846183412e-06
278 -2.5939555042807377e-06
279 -2.6432239851587594e-06
280 -2.6677835205059747e-06
281 -2.708407147384001e-06
282 -2.7564988529195176e-06
283 -2.8288919073409254e-06
284 -2.9403386344650535e-06
285 -2.7149455384715562e-06
286 -2.912223135028675e-06
287 -2.827184084978695e-06
288 -2.617172925032887e-06
289 -2.6524552197890395e-06
290 -2.6478397980890363e-06
291 -2.8090351296585486e-06
292 -2.6409356156980497e-06
293 -2.5986837456991342e-06
294 -2.5499801874787934e-06
295 -2.6988455237959102e-06
296 -2.53161231147232e-06
297 -2.743097590420875e-06
298 -2.7095233363747854e-06
299 -2.6924124424810256e-06
