0 2.983266250263521e-06
1 2.799083407159714e-06
2 2.9794496082908438e-06
3 2.8268715912100595e-06
4 2.708122970074026e-06
5 2.9437946338975017e-06
6 2.9284198946136383e-06
7 3.0867029456716633e-06
8 2.8582188746639253e-06
9 2.851242211881679e-06
10 2.926938490299945e-06
11 2.8643642261817048e-06
12 3.047985785488159e-06
13 2.934718717742065e-06
14 2.9014103538551844e-06
15 3.0366515237394404e-06
16 3.105052351281966e-06
17 2.9328581010264264e-06
18 2.8114914172741695e-06
19 3.113277208028102e-06
20 2.948921512194749e-06
21 2.9884840796946155e-06
22 2.857216059411781e-06
23 3.095260863199816e-06
24 2.7672045679039473e-06
25 2.8258513768729404e-06
26 3.0919076312888868e-06
27 2.7111904145773636e-06
28 2.5259749338754476e-06
29 3.005077853884995e-06
30 2.823625622241237e-06
31 2.9455414282413607e-06
32 2.76629883869766e-06
33 2.7818537966989e-06
34 2.9699273075042546e-06
35 2.8510051522866113e-06
36 2.7614316209230803e-06
37 2.960327945954037e-06
38 2.6001128259717794e-06
39 2.899717542375506e-06
40 2.9448359660088227e-06
41 2.9439646136434536e-06
42 2.8769677844512955e-06
43 3.0121084465389623e-06
44 2.7960280062776876e-06
45 2.6509344909952026e-06
46 2.7606697329785102e-06
47 2.810048216807795e-06
48 2.689828127118651e-06
49 2.7006774364770144e-06
50 2.946678593972876e-06
51 2.9350255621678735e-06
52 2.890167912475478e-06
53 2.9423218130349672e-06
54 3.0256860657562076e-06
55 2.770623351584011e-06
56 2.850489622843227e-06
57 2.7144512963328958e-06
58 2.964687485561212e-06
59 2.8881060767003403e-06
60 2.7608137905191983e-06
61 3.0440124071810776e-06
62 2.8532642317538985e-06
63 2.6621892380516023e-06
64 2.7939934149862723e-06
65 2.7352903784635243e-06
66 2.878736363116325e-06
67 2.898801419983001e-06
68 2.786834027987906e-06
69 3.0881298025191287e-06
70 3.051855492968709e-06
71 3.050470801300321e-06
72 2.8876642844741694e-06
73 3.1211368537610102e-06
74 3.065192340343554e-06
75 3.0788926589498938e-06
76 2.917036514965574e-06
77 3.1159202716795864e-06
78 3.010642705852794e-06
79 2.7733634335600694e-06
80 3.2246042303901903e-06
81 3.089438329252324e-06
82 2.7838023327150296e-06
83 2.855919580326276e-06
84 2.99445188462565e-06
85 2.847631105881641e-06
86 2.6896803743772427e-06
87 2.872452716105461e-06
88 2.8316626123894317e-06
89 2.9743217335982835e-06
90 2.8607290871890346e-06
91 2.752866949482787e-06
92 2.798661804122451e-06
93 2.858783779809392e-06
94 2.756592553438569e-06
95 2.6408913123394957e-06
96 2.771182914181119e-06
97 2.983193068081917e-06
98 2.9103583169185023e-06
99 3.044705343142159e-06
100 2.874447069906541e-06
101 2.8262869392910512e-06
102 2.6040229091153286e-06
103 2.871306934065177e-06
104 2.83145651694527e-06
105 2.9963502227796026e-06
106 2.8331611957575526e-06
107 3.006391193023386e-06
108 2.960027588238666e-06
109 2.747077996075791e-06
110 2.582113182393364e-06
111 3.0326482726984792e-06
112 2.967589935120635e-06
113 3.064616560490953e-06
114 2.7567921250889183e-06
115 2.8469531853162892e-06
116 2.9531880030577144e-06
117 2.8921408445761672e-06
118 2.879549713011493e-06
119 2.990254564202538e-06
120 2.893121100146824e-06
121 2.6946995426750235e-06
122 2.851580105966458e-06
123 3.0188126165169843e-06
124 2.873037418966512e-06
125 2.8380337162417175e-06
126 2.753111555070847e-06
127 2.891744333303088e-06
128 2.642601344886633e-06
129 3.094083145296381e-06
130 2.836314410769172e-06
131 2.8843119168665347e-06
132 3.0021643025599135e-06
133 2.798182331142657e-06
134 2.9309787814239866e-06
135 2.885365439086853e-06
136 2.939541537295458e-06
137 2.703320911368135e-06
138 2.901281899931547e-06
139 2.941739817737315e-06
140 2.8707111617892285e-06
141 2.977850284648385e-06
142 2.8696662708205908e-06
143 2.913147557143033e-06
144 2.9866251428684945e-06
145 3.09352631087527e-06
146 2.7815954124862677e-06
147 2.967404722791582e-06
148 2.7728997141798753e-06
149 2.790381481104566e-06
150 3.01310509026141e-06
151 3.037455062334754e-06
152 2.9708594476373586e-06
153 2.832685688487984e-06
154 2.9654336577538695e-06
155 3.0453214890236045e-06
156 2.934505483227949e-06
157 2.9539699675896747e-06
158 2.9119259887784875e-06
159 2.8996931995696444e-06
160 2.909136432728014e-06
161 2.9342293559618763e-06
162 3.0372430438132476e-06
163 2.885710725408449e-06
164 2.854546274798809e-06
165 2.9086097011897984e-06
166 3.152796425004664e-06
167 2.791209679217856e-06
168 2.7793393776747806e-06
169 2.9267957565885447e-06
170 2.9772802753403234e-06
171 2.776172913176553e-06
172 2.901597876740459e-06
173 3.046531254586484e-06
174 3.157862538036539e-06
175 2.8952164922127297e-06
176 2.6811922460689496e-06
177 3.0257673499741746e-06
178 2.950160883090131e-06
179 2.795865004328938e-06
180 2.847037475466979e-06
181 2.8282099245219018e-06
182 2.769021521340806e-06
183 2.8213924708859768e-06
184 2.873889699066447e-06
185 2.9860163646307375e-06
186 2.795127163505803e-06
187 2.799051776044117e-06
188 3.0586859840873147e-06
189 3.0254045609828063e-06
190 2.888804855667014e-06
191 2.9883145081554237e-06
192 2.9330195611707303e-06
193 3.0587114384750595e-06
194 2.7958237221396396e-06
195 2.79834391105498e-06
196 2.8200713679097256e-06
197 2.871763038422268e-06
198 2.881917673250915e-06
199 2.6500436829203313e-06
200 2.824666145136412e-06
201 2.900186393171204e-06
202 2.863736075475029e-06
203 2.822796199435289e-06
204 2.882891700226143e-06
205 2.7049107043476477e-06
206 2.8930542626366255e-06
207 2.7654111917687775e-06
208 2.796700275183046e-06
209 2.7506876984777167e-06
210 2.8247634902676835e-06
211 2.9194298715154043e-06
212 3.0486839759915327e-06
213 2.692617877190509e-06
214 2.9522929964304093e-06
215 2.6217749242907412e-06
216 2.794343435732851e-06
217 2.7419794811886776e-06
218 2.8825751982664446e-06
219 2.970273004095863e-06
220 3.120313447255533e-06
221 3.020441251361172e-06
222 3.007733899126739e-06
223 2.8494847506132522e-06
224 2.860507000722486e-06
225 2.8750933340336733e-06
226 2.912149189355524e-06
227 2.8921190032639035e-06
228 2.9233198081103564e-06
229 3.015835095505589e-06
230 2.898119481158919e-06
231 3.1053002104204878e-06
232 2.8409773423076006e-06
233 2.953422323262909e-06
234 2.579542518744768e-06
235 3.041462100464771e-06
236 2.638858996550163e-06
237 2.838779730939731e-06
238 2.9528045198542775e-06
239 2.8337055966595257e-06
240 2.936479987839779e-06
241 3.0044495026868855e-06
242 3.0683351528166566e-06
243 2.6192051645053893e-06
244 2.6684882720606338e-06
245 2.851832639796628e-06
246 3.0564587727103598e-06
247 3.362127393416465e-06
248 3.0646558425686558e-06
249 2.8322847814086846e-06
250 2.7931176577321744e-06
251 2.9182348633703006e-06
252 2.803145608334569e-06
253 2.826037770382855e-06
254 2.9436278881829896e-06
255 3.102568702020001e-06
256 2.9051161083706226e-06
257 2.714461183630481e-06
258 2.9832483207800746e-06
259 3.0107100973513462e-06
260 2.767008068945725e-06
261 2.9125291281842045e-06
262 3.004449596371991e-06
263 2.892937440144937e-06
264 3.020824314588694e-06
265 2.9399211386514567e-06
266 2.7470769643077557e-06
267 3.1336864217471033e-06
268 2.8064896360113077e-06
269 2.9250292102911763e-06
270 2.726066947574977e-06
271 2.8186850063386127e-06
272 2.7966895210814823e-06
273 2.857424926210111e-06
274 2.7544701704307637e-06
275 2.8034123906312746e-06
276 2.9784243270179787e-06
277 2.8411179045073697e-06
278 2.8360923338485558e-06
279 2.830157571237078e-06
280 2.9091590469670778e-06
281 2.849966394168842e-06
282 2.8544191824391778e-06
283 2.8801068035178268e-06
284 3.1078842830971303e-06
285 2.941164466698011e-06
286 3.1036401113313633e-06
287 2.9349231770783795e-06
288 2.943368330605837e-06
289 2.728845923588832e-06
290 2.820861283574555e-06
291 2.8297609156659413e-06
292 2.8655588426700866e-06
293 2.7767282305340125e-06
294 2.7984171885356648e-06
295 2.7619018153295853e-06
296 2.6374352633651945e-06
297 2.9101142920545723e-06
298 2.8240716856273277e-06
299 2.840004821273119e-06
