0 1.5136990686076009e-06
1 1.5970880931331612e-06
2 1.5529734225753617e-06
3 1.5704126786840806e-06
4 1.6907159254424288e-06
5 1.6282379602162644e-06
6 1.5530217619287918e-06
7 1.4988929209329247e-06
8 1.559776409378156e-06
9 1.4498859241196735e-06
10 1.5758148543815764e-06
11 1.5110758718746723e-06
12 1.5144849897582433e-06
13 1.5664758324866477e-06
14 1.5269024572473085e-06
15 1.586198795536524e-06
16 1.5240071361202365e-06
17 1.6274346121739588e-06
18 1.5590842201170978e-06
19 1.4979729749542454e-06
20 1.6031505870143324e-06
21 1.494787103862536e-06
22 1.5740983971404405e-06
23 1.544190640782465e-06
24 1.553925012229544e-06
25 1.6032796892247802e-06
26 1.5171807965323486e-06
27 1.766806912570126e-06
28 1.73808833294712e-06
29 1.6020994136679934e-06
30 1.559611388166568e-06
31 1.4616752613346668e-06
32 1.6347484131971877e-06
33 1.6284954258039876e-06
34 1.556882446420801e-06
35 1.6648429072168286e-06
36 1.5949585166212352e-06
37 1.4850211873526768e-06
38 1.613047832318339e-06
39 1.5764789012485837e-06
40 1.609376222090954e-06
41 1.5739222963024076e-06
42 1.653037085467334e-06
43 1.4828380376288053e-06
44 1.5869286904728922e-06
45 1.629817113457376e-06
46 1.5344980486543355e-06
47 1.5122134580559332e-06
48 1.6182263486260292e-06
49 1.6449613412208113e-06
50 1.5580483281310554e-06
51 1.5352310943379605e-06
52 1.6403736870118239e-06
53 1.6211332618656781e-06
54 1.543608949819904e-06
55 1.6634807909529462e-06
56 1.667367951008624e-06
57 1.5609762348043359e-06
58 1.5838750389766638e-06
59 1.4962302949469343e-06
60 1.6501004587183947e-06
61 1.5520158054607247e-06
62 1.5963981819479234e-06
63 1.6612572975420887e-06
64 1.4959784333033131e-06
65 1.74984195255759e-06
66 1.5653600196749989e-06
67 1.487026633689535e-06
68 1.676570778008898e-06
69 1.5620225060052657e-06
70 1.4765236016291406e-06
71 1.525957193292095e-06
72 1.635479367550943e-06
73 1.459971789448889e-06
74 1.4565643148665673e-06
75 1.630922175294667e-06
76 1.6048403697612699e-06
77 1.4458710158365437e-06
78 1.4631856009898644e-06
79 1.5006725476429911e-06
80 1.4675716385073814e-06
81 1.5370256185056247e-06
82 1.667448312628947e-06
83 1.5327676565161882e-06
84 1.4339466527622885e-06
85 1.6808740725564952e-06
86 1.674334209824002e-06
87 1.6407608630406076e-06
88 1.5381160938219324e-06
89 1.6940041705410352e-06
90 1.6900940037299674e-06
91 1.63710712426438e-06
92 1.6715592509157345e-06
93 1.5996133423149211e-06
94 1.6297682341465236e-06
95 1.6763319169618422e-06
96 1.6507105543156363e-06
97 1.5808878636676291e-06
98 1.666527403846254e-06
99 1.4165283616227865e-06
100 1.6780035768232802e-06
101 1.7057593274554725e-06
102 1.5943450578012385e-06
103 1.474505581110318e-06
104 1.6177401863179608e-06
105 1.5984753692131208e-06
106 1.5353489888576227e-06
107 1.5639160918666104e-06
108 1.5095234278550305e-06
109 1.6637540593098772e-06
110 1.6861412957310972e-06
111 1.5269259971433215e-06
112 1.5157706363831144e-06
113 1.4143026780844533e-06
114 1.6136863500002672e-06
115 1.6684597262132355e-06
116 1.5300637022570303e-06
117 1.6351484574976744e-06
118 1.6900121616395803e-06
119 1.5751731118854198e-06
120 1.4595366142106361e-06
121 1.6307966233836346e-06
122 1.542652031034192e-06
123 1.553077615828195e-06
124 1.571390448510675e-06
125 1.5701559319987153e-06
126 1.673807293506576e-06
127 1.5769877103947965e-06
128 1.6208413723474651e-06
129 1.5366565935246605e-06
130 1.6456555871641763e-06
131 1.5251661293033294e-06
132 1.5424851512565678e-06
133 1.506329205653483e-06
134 1.5746110764091183e-06
135 1.5251969316883039e-06
136 1.611645303442647e-06
137 1.6261913055460585e-06
138 1.4703036558514853e-06
139 1.5767272323073067e-06
140 1.5842227387676974e-06
141 1.6041795017171698e-06
142 1.5693424623182307e-06
143 1.5423361656545706e-06
144 1.5486440851722529e-06
145 1.4841475094429885e-06
146 1.640802837325741e-06
147 1.6556836495248506e-06
148 1.7110389421883168e-06
149 1.5792690426410498e-06
150 1.5125690592833637e-06
151 1.505002333443859e-06
152 1.5510731453098779e-06
153 1.6598519639186895e-06
154 1.4950306081086408e-06
155 1.6253496677701857e-06
156 1.6077757846494997e-06
157 1.5066416829324718e-06
158 1.501897690863985e-06
159 1.5911224325857063e-06
160 1.5920752693101614e-06
161 1.478651552502822e-06
162 1.5239673302670862e-06
163 1.5726703612999642e-06
164 1.5026176376138077e-06
165 1.5924353190768705e-06
166 1.4239486097892002e-06
167 1.6032727048571474e-06
168 1.6729598357801735e-06
169 1.5166520558597904e-06
170 1.5114021470030401e-06
171 1.6852872078642957e-06
172 1.6786140137171314e-06
173 1.6074336032830599e-06
174 1.4675012149159978e-06
175 1.5044902240048131e-06
176 1.7526916033118194e-06
177 1.487359759832428e-06
178 1.5642386344675964e-06
179 1.653778673469599e-06
180 1.5847759528043485e-06
181 1.5869800619674738e-06
182 1.6062219630542405e-06
183 1.5696222242257732e-06
184 1.6164853421078638e-06
185 1.658991035781065e-06
186 1.5843570711569904e-06
187 1.5897854114601813e-06
188 1.5315438862089652e-06
189 1.462402131765052e-06
190 1.522115616379327e-06
191 1.5978642819113633e-06
192 1.5287468704412695e-06
193 1.576789940078049e-06
194 1.6207041653017605e-06
195 1.7228218030589127e-06
196 1.5567748374896494e-06
197 1.6203928678483482e-06
198 1.612124876771244e-06
199 1.7357838178947864e-06
200 1.6721257230333867e-06
201 1.6042646695656049e-06
202 1.5555780070073789e-06
203 1.661181851524981e-06
204 1.5745036076970113e-06
205 1.6778992947230435e-06
206 1.646085546269489e-06
207 1.5491752510766716e-06
208 1.637136908841569e-06
209 1.586252092603579e-06
210 1.6529718410165429e-06
211 1.6919503749879587e-06
212 1.60068664649824e-06
213 1.5410633852508677e-06
214 1.6393793140630458e-06
215 1.627286734733153e-06
216 1.6880333882831768e-06
217 1.6002967751531071e-06
218 1.5869436104025967e-06
219 1.5693344090565445e-06
220 1.4826482684950626e-06
221 1.564759245126008e-06
222 1.5172436940904387e-06
223 1.7320922760354086e-06
224 1.7726266421086206e-06
225 1.6432102771725608e-06
226 1.5263500463483414e-06
227 1.5787013454433662e-06
228 1.6657812092110469e-06
229 1.4799373867677683e-06
230 1.5776342002196127e-06
231 1.6086835760933412e-06
232 1.5349149705892148e-06
233 1.6276559416548857e-06
234 1.603673092736675e-06
235 1.527227575291979e-06
236 1.6606751706341087e-06
237 1.5735917563727225e-06
238 1.576127844581584e-06
239 1.6111899324834227e-06
240 1.6244295929527457e-06
241 1.6660813567234328e-06
242 1.5295512346784461e-06
243 1.5936182050234503e-06
244 1.677332630514346e-06
245 1.6375184555256808e-06
246 1.5862084224790929e-06
247 1.2975626042169621e-06
248 1.6191734517104748e-06
249 1.614095384494244e-06
250 1.6430076463886102e-06
251 1.5236443843512281e-06
252 1.620801896509319e-06
253 1.535838213023003e-06
254 1.5626328176265647e-06
255 1.4505829085119319e-06
256 1.5320653900108451e-06
257 1.6602357860157408e-06
258 1.4957201948050611e-06
259 1.5392783448812374e-06
260 1.783120053654865e-06
261 1.569302019146146e-06
262 1.562465308188922e-06
263 1.6475471297487505e-06
264 1.544425056347826e-06
265 1.5897386250385311e-06
266 1.662430764298306e-06
267 1.4243436317662123e-06
268 1.5276395978313423e-06
269 1.5762826444463595e-06
270 1.6492225729565053e-06
271 1.5336846333938734e-06
272 1.6197831230809063e-06
273 1.5954320043552876e-06
274 1.715379728338164e-06
275 1.7233327527881727e-06
276 1.548876103306582e-06
277 1.5687370211718588e-06
278 1.5712008532637236e-06
279 1.5606684591569795e-06
280 1.5102427958255743e-06
281 1.6063740851997559e-06
282 1.5879423077371106e-06
283 1.6493273627861772e-06
284 1.5729343419064948e-06
285 1.5717545519071188e-06
286 1.580848491828544e-06
287 1.5755041402454549e-06
288 1.4312995754201345e-06
289 1.6131819661906736e-06
290 1.5959609345936877e-06
291 1.6666467016293687e-06
292 1.5738514074118993e-06
293 1.5577796843049619e-06
294 1.5217212835528044e-06
295 1.646772533581851e-06
296 1.608616749496868e-06
297 1.5816413872579782e-06
298 1.596216266689777e-06
299 1.5855673050078647e-06
