0 -1.0145136608807338e-06
1 -9.579473113951876e-07
2 -1.0962786577768268e-06
3 -9.802826415080063e-07
4 -1.0111033034541337e-06
5 -1.2303650601349713e-06
6 -8.782381528001467e-07
7 -1.0801145283509048e-06
8 -8.558885887513173e-07
9 -8.144315171857484e-07
10 -1.188604671614469e-06
11 -9.046572144307171e-07
12 -1.0248000146090914e-06
13 -1.0831391409790299e-06
14 -7.541618362876822e-07
15 -1.1084583819965666e-06
16 -1.1431157898104957e-06
17 -1.232340117439026e-06
18 -8.888696377417435e-07
19 -1.0611751767327824e-06
20 -1.1280991409640723e-06
21 -8.508658253180619e-07
22 -9.929149666417875e-07
23 -1.1475321572996077e-06
24 -8.933081917666111e-07
25 -1.0391998374813272e-06
26 -1.239458239273119e-06
27 -1.1929170110027552e-06
28 -1.0048254524594994e-06
29 -1.247599240756825e-06
30 -8.835324588547106e-07
31 -7.160652751826813e-07
32 -1.0122703784403074e-06
33 -8.790352363375494e-07
34 -9.293878003491433e-07
35 -1.2316031426609654e-06
36 -9.261934350194095e-07
37 -9.132099172289347e-07
38 -7.00402918047676e-07
39 -1.0286610469488083e-06
40 -1.0639550361512177e-06
41 -1.0251384706821401e-06
42 -1.1788234237992222e-06
43 -9.446986350638203e-07
44 -9.673962703672564e-07
45 -7.068464610896812e-07
46 -6.656679424662278e-07
47 -7.879784012587183e-07
48 -7.751610266412576e-07
49 -8.252946669281036e-07
50 -8.746151733154607e-07
51 -1.1177596412133508e-06
52 -9.81487090484952e-07
53 -1.0644635962381493e-06
54 -1.0725185691860974e-06
55 -8.493912418634947e-07
56 -1.0559924147549661e-06
57 -7.106399168963258e-07
58 -1.1215943571077027e-06
59 -7.421612611816067e-07
60 -1.1139196585815866e-06
61 -9.821099782385997e-07
62 -1.1254095772799088e-06
63 -9.457294716572395e-07
64 -7.71396351188423e-07
65 -9.934122183264447e-07
66 -9.723126304135618e-07
67 -8.832838563282239e-07
68 -1.193563882013881e-06
69 -1.1331098816687903e-06
70 -9.903422438717173e-07
71 -1.1201397486277427e-06
72 -1.015109239662712e-06
73 -8.985441368726773e-07
74 -7.960707005985619e-07
75 -1.3366263915520096e-06
76 -1.1633654680738717e-06
77 -1.0338812118779942e-06
78 -8.940125284012614e-07
79 -6.641489396800482e-07
80 -1.230036870070977e-06
81 -1.0284114166075173e-06
82 -1.0816907129752398e-06
83 -8.387324869415286e-07
84 -7.257585468927254e-07
85 -1.2121985242632716e-06
86 -1.0884461613252436e-06
87 -1.1898808776354323e-06
88 -8.657645291059969e-07
89 -1.2102816792691496e-06
90 -1.1682172629476611e-06
91 -1.1418575004901106e-06
92 -1.114285336451854e-06
93 -9.587520583591773e-07
94 -1.0061463251863627e-06
95 -9.61979542955504e-07
96 -1.0725781553895297e-06
97 -9.3629441008904e-07
98 -1.216673149182431e-06
99 -7.576979621816744e-07
100 -1.1389035050848334e-06
101 -1.238460871180499e-06
102 -7.011457699393804e-07
103 -7.292528226474139e-07
104 -1.1261864041849974e-06
105 -1.0678066061276955e-06
106 -7.12295479772077e-07
107 -1.1405824522233135e-06
108 -1.1585102055137082e-06
109 -9.303900619978178e-07
110 -8.971895622960399e-07
111 -1.0053261656288007e-06
112 -1.005574859427971e-06
113 -6.452370307945573e-07
114 -9.057434437202397e-07
115 -1.0855133793055298e-06
116 -9.060300420586127e-07
117 -1.0696624212581482e-06
118 -1.034347243935846e-06
119 -1.1276902511171888e-06
120 -6.616139034771815e-07
121 -8.75639265004777e-07
122 -8.219339967562865e-07
123 -1.265489666429936e-06
124 -1.0572403554205497e-06
125 -9.311446210331581e-07
126 -1.045307502685527e-06
127 -1.0443626280275147e-06
128 -8.652772114348724e-07
129 -1.214087563957831e-06
130 -1.1960870693742595e-06
131 -8.908565537815869e-07
132 -9.69793226914898e-07
133 -7.169711643206518e-07
134 -9.572458842468878e-07
135 -9.287980520072452e-07
136 -1.1326423636084862e-06
137 -6.738870685036741e-07
138 -6.582926311230024e-07
139 -1.0814590180570813e-06
140 -9.860031441359845e-07
141 -1.1610010451948528e-06
142 -9.102494105220543e-07
143 -1.004867423990151e-06
144 -1.064915430378573e-06
145 -8.424012742893897e-07
146 -1.0308080569271897e-06
147 -1.2747050363275636e-06
148 -1.0488625321494933e-06
149 -9.218820409728475e-07
150 -1.049054019489472e-06
151 -1.045985774998328e-06
152 -1.1379435903131471e-06
153 -1.1406423321418833e-06
154 -1.0311108535679306e-06
155 -1.259073080593334e-06
156 -1.094309093361279e-06
157 -7.711743174925837e-07
158 -8.227764951586459e-07
159 -1.0014987254262517e-06
160 -1.2666216464054463e-06
161 -8.074525267334552e-07
162 -1.0489110531146887e-06
163 -1.0609814510665188e-06
164 -8.391411877901877e-07
165 -1.0408101862277392e-06
166 -1.0144459859263932e-06
167 -8.656889152288756e-07
168 -1.0589224843035344e-06
169 -7.574945153740111e-07
170 -9.921540025814013e-07
171 -1.187591889942481e-06
172 -1.2114809034043583e-06
173 -1.3470781570133247e-06
174 -9.40702759477307e-07
175 -7.510566904770485e-07
176 -1.2113676162431844e-06
177 -8.235932242795023e-07
178 -9.503834005973271e-07
179 -1.002234151912661e-06
180 -1.0664260397530017e-06
181 -9.589337531675041e-07
182 -9.139010242161116e-07
183 -9.638212240234072e-07
184 -1.094107531927522e-06
185 -1.2126349767753366e-06
186 -9.659253851171974e-07
187 -1.082264909321855e-06
188 -1.1058951429490132e-06
189 -7.805476510410743e-07
190 -8.480252407975279e-07
191 -1.247806822918337e-06
192 -7.80529634164613e-07
193 -1.2235812136752032e-06
194 -8.100570746177653e-07
195 -1.320735068935804e-06
196 -7.953686025266711e-07
197 -1.127476871359168e-06
198 -1.075837347725203e-06
199 -1.0715927409134498e-06
200 -1.1060452637251833e-06
201 -1.0002130119433038e-06
202 -1.143413593411332e-06
203 -1.31846805567034e-06
204 -1.0886255029875468e-06
205 -1.0691206051533136e-06
206 -1.176971828480722e-06
207 -8.324054827246367e-07
208 -1.0365339540209e-06
209 -8.743683849601612e-07
210 -1.0777470469132384e-06
211 -1.2680904460970217e-06
212 -1.3081268245188936e-06
213 -6.996151969878136e-07
214 -1.0627340952349592e-06
215 -9.108536185417003e-07
216 -1.298293760844442e-06
217 -8.519345086545212e-07
218 -9.675154912748904e-07
219 -1.0631434052328877e-06
220 -9.894880474774352e-07
221 -1.1219183907242915e-06
222 -9.210022673851278e-07
223 -1.2621306979575754e-06
224 -1.3779368758441107e-06
225 -1.0016752009150566e-06
226 -9.33932333606972e-07
227 -1.1029840838551145e-06
228 -1.231145275495568e-06
229 -9.175851341518815e-07
230 -1.1917093763945554e-06
231 -1.1609735300338168e-06
232 -8.666837924339613e-07
233 -1.2971651651970982e-06
234 -6.769141903286937e-07
235 -1.0414322263762305e-06
236 -9.302114208961707e-07
237 -9.329348279671168e-07
238 -1.092918778086654e-06
239 -1.07988658954376e-06
240 -1.2117858950884808e-06
241 -1.4917359370238894e-06
242 -1.0896424149700124e-06
243 -7.942729957181209e-07
244 -9.002513787046614e-07
245 -1.0836949428328305e-06
246 -1.1972041168671102e-06
247 -7.969711737763108e-07
248 -1.2709557129056333e-06
249 -8.313262573576257e-07
250 -9.99674684139227e-07
251 -8.127029250933495e-07
252 -1.0072770917582936e-06
253 -8.219210884252597e-07
254 -1.0954511330676055e-06
255 -8.343276418016585e-07
256 -1.045005225762287e-06
257 -9.285527020322449e-07
258 -8.903007080062098e-07
259 -9.84770728981987e-07
260 -1.3135782051303934e-06
261 -1.0205844808881435e-06
262 -1.072795505522877e-06
263 -1.1753896677130913e-06
264 -9.144665375554389e-07
265 -1.1247502401314904e-06
266 -1.1932723013771146e-06
267 -8.635682484997372e-07
268 -7.066539474713141e-07
269 -9.563127456959943e-07
270 -8.913381066562104e-07
271 -7.306336999058937e-07
272 -1.0840794535866112e-06
273 -9.59637668595069e-07
274 -1.3224098552414892e-06
275 -1.3119091278086304e-06
276 -1.097659313294632e-06
277 -1.08347109976527e-06
278 -8.372894188655011e-07
279 -9.0927877250035e-07
280 -8.912797826838312e-07
281 -8.896328903501341e-07
282 -1.049630719244237e-06
283 -1.1364713296653907e-06
284 -1.1540299640483973e-06
285 -8.973954156672281e-07
286 -1.1627941528090665e-06
287 -1.1550096522105002e-06
288 -7.772827823815052e-07
289 -9.236899213317855e-07
290 -8.787624358621773e-07
291 -1.0820034754233922e-06
292 -8.413312524097246e-07
293 -8.667724701688642e-07
294 -7.317099109015043e-07
295 -1.0013284804753755e-06
296 -8.393964303262665e-07
297 -9.59349611959761e-07
298 -1.021942642125833e-06
299 -9.644569573919237e-07
