0 2.4189378381075186e-06
1 2.359141823907255e-06
2 2.3368791918664305e-06
3 2.3341594458947393e-06
4 2.153914246648692e-06
5 2.1224952403671995e-06
6 2.557082715081813e-06
7 2.4321432747565703e-06
8 2.4422481470999037e-06
9 2.515260353482578e-06
10 2.1067532496366723e-06
11 2.4400134555475498e-06
12 2.4772471904748586e-06
13 2.245591190637841e-06
14 2.6332013205086985e-06
15 2.3188248578966348e-06
16 2.3901339310039473e-06
17 2.0865164410396277e-06
18 2.3886562852837304e-06
19 2.4783400004971824e-06
20 2.3040571183363205e-06
21 2.599507859678723e-06
22 2.3624681069851556e-06
23 2.3558049469264308e-06
24 2.3716024153261816e-06
25 2.299794191849566e-06
26 2.26555292744793e-06
27 1.9421143077318868e-06
28 2.01992676225066e-06
29 2.135571298394506e-06
30 2.453661221941396e-06
31 2.7186692106427365e-06
32 2.2183131938130236e-06
33 2.4050441298348257e-06
34 2.505850881818488e-06
35 2.049145568653323e-06
36 2.312703712181907e-06
37 2.5227681142813784e-06
38 2.440776545722809e-06
39 2.291782103216297e-06
40 2.33899454697041e-06
41 2.3567998848947442e-06
42 2.138236013674765e-06
43 2.5163090436198475e-06
44 2.3118388497700608e-06
45 2.471292228178909e-06
46 2.6106934852434405e-06
47 2.5408658574858596e-06
48 2.3766808316911802e-06
49 2.352705079327706e-06
50 2.5523316209090735e-06
51 2.240212992762032e-06
52 2.408208131647342e-06
53 2.285693581962682e-06
54 2.372591173705381e-06
55 2.366534840272893e-06
56 2.260649143099924e-06
57 2.5514454675339616e-06
58 2.3122542701025653e-06
59 2.6437987033503846e-06
60 2.06000057978765e-06
61 2.5069922783170534e-06
62 2.1570837364526607e-06
63 2.2242090447653747e-06
64 2.5247173035530913e-06
65 2.207883959206447e-06
66 2.3389209550659196e-06
67 2.4959475841525506e-06
68 2.0107221049762993e-06
69 2.3534723522266263e-06
70 2.5185781151484237e-06
71 2.3521290148482195e-06
72 2.316860156105456e-06
73 2.6744410482036314e-06
74 2.689328819518144e-06
75 2.1509643291669637e-06
76 2.1758850521917206e-06
77 2.515629594073632e-06
78 2.5953598035967412e-06
79 2.6415406349684037e-06
80 2.381716668502836e-06
81 2.5133972213952907e-06
82 2.1350374676954017e-06
83 2.4800689554979532e-06
84 2.748296487776432e-06
85 2.059238577818554e-06
86 2.0356429131697507e-06
87 2.0629714034373533e-06
88 2.514037237026097e-06
89 2.1646400403681438e-06
90 2.147825186645742e-06
91 2.053992531580727e-06
92 2.101238142387593e-06
93 2.394055237419705e-06
94 2.2268415085986226e-06
95 2.1338141517364558e-06
96 2.1633853651168046e-06
97 2.49689550719336e-06
98 2.114657107799896e-06
99 2.8096465830071886e-06
100 2.164792912941495e-06
101 2.0042959813976944e-06
102 2.4377623120664237e-06
103 2.5889548766418514e-06
104 2.1326483871672297e-06
105 2.3388997628364738e-06
106 2.6142811763767183e-06
107 2.2789941887217235e-06
108 2.2672066551200286e-06
109 2.255174482158522e-06
110 2.14526583475061e-06
111 2.4445988733077282e-06
112 2.3801503314588534e-06
113 2.9320853928798e-06
114 2.3275427215688068e-06
115 2.2254234207896365e-06
116 2.4782519781976303e-06
117 2.2310074856184834e-06
118 2.2794528384598938e-06
119 2.2817156651671514e-06
120 2.75634837847185e-06
121 2.3197008255150756e-06
122 2.478149393040539e-06
123 2.1656571459933746e-06
124 2.218986705559199e-06
125 2.381234359564389e-06
126 2.1761323869324335e-06
127 2.2958302648560015e-06
128 2.271852436176573e-06
129 2.315251269521108e-06
130 2.098107084957739e-06
131 2.489413260086199e-06
132 2.5035354135312636e-06
133 2.586156088931645e-06
134 2.4024227107958807e-06
135 2.4844764845005007e-06
136 2.2679947893899915e-06
137 2.565678616746778e-06
138 2.763004370209609e-06
139 2.3279102676593608e-06
140 2.3212850220411597e-06
141 2.2223783180965647e-06
142 2.3964708566845894e-06
143 2.346946590342487e-06
144 2.3345706722226985e-06
145 2.7249822074859052e-06
146 2.18510723658029e-06
147 2.076525076163539e-06
148 2.1528049184806525e-06
149 2.358502444107104e-06
150 2.4068492039300234e-06
151 2.4560803890250573e-06
152 2.2652231461729805e-06
153 2.134363759082934e-06
154 2.3498092318040715e-06
155 2.195938578106926e-06
156 2.230643519498802e-06
157 2.688171758149215e-06
158 2.584165908819892e-06
159 2.3482265340288213e-06
160 2.0255584085180344e-06
161 2.626574044150257e-06
162 2.419910371604524e-06
163 2.26868293984271e-06
164 2.505778267675385e-06
165 2.2757967717800455e-06
166 2.5342696973089304e-06
167 2.416815319674619e-06
168 2.1595767732432996e-06
169 2.66439348610389e-06
170 2.434813657332801e-06
171 2.0304812945699757e-06
172 2.097977623261981e-06
173 2.0571154146970823e-06
174 2.6643199891226737e-06
175 2.636111009954817e-06
176 1.895218874303077e-06
177 2.6676932211106485e-06
178 2.4786332049922013e-06
179 2.246648712584767e-06
180 2.203260116676261e-06
181 2.337524201720428e-06
182 2.3443445644525943e-06
183 2.2990171673235226e-06
184 2.219080143672238e-06
185 2.158619333073008e-06
186 2.2776939779576477e-06
187 2.1664586730760727e-06
188 2.413258213697335e-06
189 2.742089811469002e-06
190 2.545269190137973e-06
191 2.1191892340099557e-06
192 2.5885219244287653e-06
193 2.215737124919668e-06
194 2.4811031741042017e-06
195 1.869678979188727e-06
196 2.512861831343076e-06
197 2.1672375989720097e-06
198 2.2448082348326165e-06
199 2.0398345521886308e-06
200 2.153118539108987e-06
201 2.332637918274885e-06
202 2.1099902816825382e-06
203 1.903662134248368e-06
204 2.2378095619589085e-06
205 2.0633386076580046e-06
206 2.1147419067705006e-06
207 2.4253659531394218e-06
208 2.1908382326059157e-06
209 2.3226631430925024e-06
210 2.2083621819626502e-06
211 2.047803826826425e-06
212 2.121183998064299e-06
213 2.482123941168137e-06
214 2.3486919223552907e-06
215 2.210410339195247e-06
216 1.93507038136984e-06
217 2.40972869625822e-06
218 2.37366758434662e-06
219 2.323939801458484e-06
220 2.543634376883688e-06
221 2.3151500352167676e-06
222 2.5349541819507814e-06
223 1.990547914982566e-06
224 1.8614251468567747e-06
225 2.336566090302551e-06
226 2.439127063743059e-06
227 2.1892022843035435e-06
228 2.125534271948943e-06
229 2.5382320574903006e-06
230 2.1672145415096406e-06
231 2.3620794719118983e-06
232 2.4348085516393275e-06
233 2.0815672368997733e-06
234 2.386820816657331e-06
235 2.4101392164209605e-06
236 2.170004593091619e-06
237 2.417221049343051e-06
238 2.2842265657187153e-06
239 2.2247916374283343e-06
240 2.1677439149821523e-06
241 1.885845177827325e-06
242 2.430705163496104e-06
243 2.3468202794887157e-06
244 2.2730830984362904e-06
245 2.2132064801422033e-06
246 2.2778204155400645e-06
247 2.994725108617102e-06
248 2.232551601838196e-06
249 2.505271304140038e-06
250 2.225785395243745e-06
251 2.559836377656645e-06
252 2.2708885808725564e-06
253 2.4761053453367224e-06
254 2.2471213181593808e-06
255 2.68404326293868e-06
256 2.27091466002827e-06
257 2.233293903270333e-06
258 2.578528304516844e-06
259 2.4429695155568664e-06
260 1.893435762120764e-06
261 2.370639933117705e-06
262 2.38255722476484e-06
263 2.1192059812986765e-06
264 2.5689800758656953e-06
265 2.2007398672424533e-06
266 2.009943163944572e-06
267 2.764994006334783e-06
268 2.631421561199529e-06
269 2.4341514184664107e-06
270 2.3270466648894216e-06
271 2.57348761823728e-06
272 2.1729725329556472e-06
273 2.3762841835589083e-06
274 1.7948894786189197e-06
275 1.8806283031138413e-06
276 2.283062589830759e-06
277 2.214451584733707e-06
278 2.4304432141125172e-06
279 2.360280471565622e-06
280 2.487344080643771e-06
281 2.4712151604907083e-06
282 2.2538532235382458e-06
283 2.172975407805506e-06
284 2.377517555888294e-06
285 2.5115592680056026e-06
286 2.3251274124458382e-06
287 2.1845970678919734e-06
288 2.658525484444758e-06
289 2.302920382787752e-06
290 2.4090753745898735e-06
291 2.2304452626717733e-06
292 2.4884071806488166e-06
293 2.362883041042726e-06
294 2.5712143398343127e-06
295 2.2115606078877202e-06
296 2.280311369654942e-06
297 2.4230854212728565e-06
298 2.2311271145342237e-06
299 2.326442837586463e-06
