0 -5.042709693170028e-06
1 -4.989115763706932e-06
2 -5.053532435263093e-06
3 -4.9488275529126915e-06
4 -4.852414065711764e-06
5 -5.003217897735134e-06
6 -5.133077706336475e-06
7 -5.085190155136074e-06
8 -4.920339183418049e-06
9 -4.87039801260173e-06
10 -4.849739066149244e-06
11 -4.935183463955936e-06
12 -5.075175322014334e-06
13 -4.914084256051978e-06
14 -5.052705016070644e-06
15 -5.062611494857425e-06
16 -5.111495125210909e-06
17 -4.949629710405835e-06
18 -4.920157283267636e-06
19 -5.13886549923937e-06
20 -5.090902410300747e-06
21 -5.0617405198827975e-06
22 -4.993059054094655e-06
23 -5.1044534743192615e-06
24 -4.88303562771196e-06
25 -5.018172547656861e-06
26 -5.062722764798908e-06
27 -4.833384350939438e-06
28 -4.719671560170577e-06
29 -4.958515841589011e-06
30 -5.001354331475245e-06
31 -5.056378192955546e-06
32 -4.9138682431943904e-06
33 -4.977190630627656e-06
34 -5.122534553014074e-06
35 -4.926970948267248e-06
36 -4.88114100928395e-06
37 -5.021779765764153e-06
38 -4.864777612489465e-06
39 -4.95644548703009e-06
40 -5.070361683130918e-06
41 -5.004055619402947e-06
42 -4.96484126315211e-06
43 -5.059247255200008e-06
44 -4.9409677880941115e-06
45 -4.929111046623015e-06
46 -4.923902982729813e-06
47 -4.987366301285665e-06
48 -4.813936560172291e-06
49 -4.902437505023584e-06
50 -5.113053287709891e-06
51 -4.939004375410331e-06
52 -5.107827059406123e-06
53 -5.018330083191017e-06
54 -5.0127466672848575e-06
55 -4.936230671492593e-06
56 -4.995309070378075e-06
57 -4.941744766626222e-06
58 -5.072880586796292e-06
59 -5.024426928627894e-06
60 -4.800242228000855e-06
61 -5.142206473805463e-06
62 -4.879467602952316e-06
63 -4.834429632989083e-06
64 -4.91524580129372e-06
65 -4.967690589727679e-06
66 -4.95019860327808e-06
67 -4.947371609817478e-06
68 -4.834603335246677e-06
69 -5.12506116813897e-06
70 -5.102740047922994e-06
71 -5.061943450004781e-06
72 -5.0373823686050134e-06
73 -5.2040342384534205e-06
74 -5.048615217277724e-06
75 -5.16391019509748e-06
76 -4.952107042152861e-06
77 -5.090154852407472e-06
78 -5.0849308466759345e-06
79 -4.944447177169797e-06
80 -5.140443678086022e-06
81 -5.1712297823014586e-06
82 -4.907209411563566e-06
83 -4.9615345062629015e-06
84 -5.066902045815159e-06
85 -4.921637840020248e-06
86 -4.756849610502066e-06
87 -4.873552664656375e-06
88 -5.0523659949746e-06
89 -5.089548067262195e-06
90 -5.044138215743618e-06
91 -4.800127986659589e-06
92 -4.85597484496148e-06
93 -5.043689947244113e-06
94 -4.885845810745279e-06
95 -4.76648936704346e-06
96 -4.9149686820928704e-06
97 -5.10636396711377e-06
98 -4.9981678350729915e-06
99 -5.182107364169038e-06
100 -4.992039081096682e-06
101 -4.910961132268545e-06
102 -4.815531854005721e-06
103 -4.883890859348228e-06
104 -4.867742880388978e-06
105 -5.062133713299648e-06
106 -5.0063249547969084e-06
107 -4.994617184631224e-06
108 -4.987280941934937e-06
109 -4.8923377624246415e-06
110 -4.7385746587082525e-06
111 -5.035505971928865e-06
112 -4.960458082722279e-06
113 -5.214215708606395e-06
114 -4.8867721540666555e-06
115 -5.036454557592227e-06
116 -5.028819411443145e-06
117 -4.954890256257943e-06
118 -5.069020517092074e-06
119 -5.023165321612368e-06
120 -5.045328170102374e-06
121 -4.888434117160065e-06
122 -4.909519683277671e-06
123 -4.9555823270467575e-06
124 -4.8335927167079984e-06
125 -4.933503516462651e-06
126 -4.927847700339281e-06
127 -4.963286667497703e-06
128 -4.808544986489993e-06
129 -5.123954179035876e-06
130 -4.93394467424641e-06
131 -5.002053242467938e-06
132 -5.135025549482522e-06
133 -4.952096025995024e-06
134 -5.0229041550614266e-06
135 -5.058491975285338e-06
136 -5.043910745027124e-06
137 -5.0129857417680555e-06
138 -5.089980118530071e-06
139 -5.0318206936725715e-06
140 -4.956924112989625e-06
141 -5.002502427623471e-06
142 -4.941198039198051e-06
143 -4.967324160367367e-06
144 -4.976987103014646e-06
145 -5.212424678666633e-06
146 -4.891715661120599e-06
147 -4.949624369272218e-06
148 -4.931154389118661e-06
149 -4.922309935387234e-06
150 -5.051024030170332e-06
151 -5.127715500841372e-06
152 -5.01108024316438e-06
153 -4.966053088365943e-06
154 -4.949387455262524e-06
155 -5.098304303825105e-06
156 -4.97020164460584e-06
157 -5.118302971002617e-06
158 -5.051775483543001e-06
159 -5.0341200045520825e-06
160 -4.83163108173848e-06
161 -5.07700823157679e-06
162 -5.08207912774912e-06
163 -4.968119251692154e-06
164 -4.962136917811884e-06
165 -4.944738463307844e-06
166 -5.063110392184868e-06
167 -4.972156278190902e-06
168 -4.888883230947501e-06
169 -5.107357729247084e-06
170 -5.032909052114694e-06
171 -4.874586848788152e-06
172 -4.962722752162396e-06
173 -4.989853197087482e-06
174 -5.2171726495345845e-06
175 -5.029901687946198e-06
176 -4.797678152287773e-06
177 -5.11733777323022e-06
178 -5.101350571634008e-06
179 -4.919278215457188e-06
180 -4.889444450626253e-06
181 -4.949247281841904e-06
182 -4.914010212573035e-06
183 -4.873570563456773e-06
184 -4.956018256827429e-06
185 -5.018058043675625e-06
186 -4.859858390574741e-06
187 -4.841845900160131e-06
188 -5.105595305074544e-06
189 -5.176925210893151e-06
190 -5.025886539180548e-06
191 -4.954803412844523e-06
192 -5.014782305445657e-06
193 -5.0504129818688495e-06
194 -5.006833341368502e-06
195 -4.799559117121934e-06
196 -4.95979254618003e-06
197 -4.9227262497412565e-06
198 -4.956717426545733e-06
199 -4.797597830373853e-06
200 -4.933405353526576e-06
201 -5.019598452750027e-06
202 -4.792481159111215e-06
203 -4.826781181176694e-06
204 -4.938503873084994e-06
205 -4.774352625022202e-06
206 -4.915962441747621e-06
207 -4.906064660788039e-06
208 -4.866011054583123e-06
209 -4.817912385290232e-06
210 -4.949112995258568e-06
211 -4.9563143608786754e-06
212 -5.034774249813295e-06
213 -4.827794039233177e-06
214 -5.103236615997759e-06
215 -4.748720984730389e-06
216 -4.8647852292912846e-06
217 -4.931189045349812e-06
218 -4.988381421296674e-06
219 -4.99339393285082e-06
220 -5.127402108817951e-06
221 -5.058635043387562e-06
222 -5.077918640919788e-06
223 -4.9347922829637205e-06
224 -4.93339577586409e-06
225 -5.055430476244838e-06
226 -4.996570140394296e-06
227 -4.885919285349339e-06
228 -5.03778611096291e-06
229 -5.061728248084316e-06
230 -4.9671816450640356e-06
231 -5.203166004601709e-06
232 -4.89408851415573e-06
233 -4.981906782221207e-06
234 -4.733792625778592e-06
235 -5.048439109787417e-06
236 -4.7793502078348575e-06
237 -5.035925432698795e-06
238 -5.0111079967411055e-06
239 -4.960453203414664e-06
240 -5.00130386683993e-06
241 -4.993214600561942e-06
242 -5.123378983369989e-06
243 -4.807833288810655e-06
244 -4.921911265001929e-06
245 -4.969269977106139e-06
246 -5.12216905710982e-06
247 -5.3328965953299336e-06
248 -5.145279557535056e-06
249 -5.049165725138905e-06
250 -4.89039275028804e-06
251 -5.028170725084796e-06
252 -4.966354087102583e-06
253 -4.903213179007002e-06
254 -4.950453702414614e-06
255 -5.077978901406622e-06
256 -4.8671014870424765e-06
257 -4.8546251478528825e-06
258 -5.105854183840873e-06
259 -5.0498136414160865e-06
260 -4.9428572304443075e-06
261 -5.030976308148966e-06
262 -5.07400270269841e-06
263 -4.945436351241135e-06
264 -5.149008500084108e-06
265 -4.923779284540597e-06
266 -4.8568555443287205e-06
267 -5.225423147219971e-06
268 -4.99129581918445e-06
269 -5.058368501498885e-06
270 -4.920930444415411e-06
271 -4.951758483938843e-06
272 -4.866506622978566e-06
273 -4.991935770365806e-06
274 -4.745610572684573e-06
275 -4.851680045132912e-06
276 -4.938455518570843e-06
277 -4.889936692543736e-06
278 -4.89637218463878e-06
279 -4.89576239157994e-06
280 -4.944942554309662e-06
281 -5.097094558104847e-06
282 -4.9317761144209655e-06
283 -4.981457456215341e-06
284 -5.190180161128728e-06
285 -5.07762117049724e-06
286 -5.104823268209843e-06
287 -4.910549150135911e-06
288 -4.999904837162408e-06
289 -4.905070667518981e-06
290 -4.967558221431781e-06
291 -5.023241509405837e-06
292 -5.011983824027475e-06
293 -4.8628215222709135e-06
294 -4.959468397807498e-06
295 -4.901190460699524e-06
296 -4.751392442821117e-06
297 -5.044372960384344e-06
298 -4.871800388806564e-06
299 -4.9175409926706624e-06
