0 2.2837402184383678e-06
1 2.148501420802634e-06
2 2.3182935259744754e-06
3 2.1774673945312887e-06
4 2.1864556924128396e-06
5 2.4037732801692213e-06
6 2.1922751459221924e-06
7 2.369463767088645e-06
8 2.183144117323715e-06
9 2.093804590169256e-06
10 2.3789789753556108e-06
11 2.1544343193850143e-06
12 2.314773926556258e-06
13 2.3297180172801574e-06
14 2.1392823817300996e-06
15 2.4134835684604915e-06
16 2.409974606788907e-06
17 2.4090410598199945e-06
18 2.149397720159346e-06
19 2.3819593949702446e-06
20 2.309717934287401e-06
21 2.218894054871991e-06
22 2.1940671948171624e-06
23 2.428538536957207e-06
24 2.0979267966002267e-06
25 2.195397655512419e-06
26 2.437723399912573e-06
27 2.297530603383696e-06
28 2.06809831802908e-06
29 2.4466034547635304e-06
30 2.12537397767781e-06
31 2.1239373739004448e-06
32 2.198235984433803e-06
33 2.134505878611868e-06
34 2.261986396517598e-06
35 2.3452463453766695e-06
36 2.1384366478141725e-06
37 2.205562608201278e-06
38 1.941726906002137e-06
39 2.2834471977900497e-06
40 2.3077923491163826e-06
41 2.2921891956312646e-06
42 2.33282355081695e-06
43 2.2682703211807604e-06
44 2.1673271473446407e-06
45 1.996773885525941e-06
46 2.0072275910197772e-06
47 2.0667895804082734e-06
48 2.0687185546214155e-06
49 2.0992099037496155e-06
50 2.2211920250607913e-06
51 2.3085443507244446e-06
52 2.243777656806857e-06
53 2.3502613156594958e-06
54 2.349253330512086e-06
55 2.1741343201718037e-06
56 2.2675656436167917e-06
57 1.9865841051063945e-06
58 2.3209879350737434e-06
59 2.1054117005549187e-06
60 2.2561827940042052e-06
61 2.331935910179565e-06
62 2.279759799665624e-06
63 2.0888726977193457e-06
64 2.054168886950547e-06
65 2.2220502176719068e-06
66 2.24456753224214e-06
67 2.154083472450501e-06
68 2.30429115057035e-06
69 2.4375376215806135e-06
70 2.2948408054082624e-06
71 2.3748729794571905e-06
72 2.285153103078794e-06
73 2.308644312494282e-06
74 2.2573069790991024e-06
75 2.521494703774551e-06
76 2.3405393855873525e-06
77 2.346546189335062e-06
78 2.2213273623345003e-06
79 1.992982409707646e-06
80 2.5078884809692754e-06
81 2.3559789108115104e-06
82 2.263159610187825e-06
83 2.1550669563509748e-06
84 2.1487014360148455e-06
85 2.3477843750032856e-06
86 2.202329243560864e-06
87 2.367720823409052e-06
88 2.0945821144794096e-06
89 2.4479186069370813e-06
90 2.3378113946259916e-06
91 2.2351801319513877e-06
92 2.2885165246673036e-06
93 2.201250728442577e-06
94 2.173960617370475e-06
95 2.1267345434725647e-06
96 2.2239017155171517e-06
97 2.2897197925061196e-06
98 2.3851302402149052e-06
99 2.1540842775262225e-06
100 2.339452663983955e-06
101 2.3577440118472163e-06
102 1.938811659666503e-06
103 2.1099875711008584e-06
104 2.2804838533241152e-06
105 2.3701939679262907e-06
106 2.0850975941563006e-06
107 2.376385072673915e-06
108 2.2970334879877135e-06
109 2.189384050583909e-06
110 2.075542007853696e-06
111 2.335637671089857e-06
112 2.2895260597353115e-06
113 2.1366605748244656e-06
114 2.137522885124311e-06
115 2.2821657772350442e-06
116 2.253493785551301e-06
117 2.3207553868413303e-06
118 2.3158923117533307e-06
119 2.3627042363993637e-06
120 2.0506582686108195e-06
121 2.0883139377268136e-06
122 2.1562262815181984e-06
123 2.4104978267243673e-06
124 2.278355663420965e-06
125 2.1765201447305e-06
126 2.2119528320317457e-06
127 2.2668811751067307e-06
128 2.0520742754807863e-06
129 2.425516177727364e-06
130 2.2966124015145235e-06
131 2.1589656489081065e-06
132 2.2793238389722674e-06
133 2.0436553902515935e-06
134 2.2757684759017894e-06
135 2.154066197727023e-06
136 2.3227571382727067e-06
137 2.0129704827342267e-06
138 2.0658318518331685e-06
139 2.2914550208327544e-06
140 2.2503023379433116e-06
141 2.39133839973039e-06
142 2.2152219163923138e-06
143 2.2564195742280918e-06
144 2.330905785030579e-06
145 2.27021989794454e-06
146 2.2347681195650322e-06
147 2.4507730850987585e-06
148 2.2693360980630878e-06
149 2.1411911621762877e-06
150 2.31228319614529e-06
151 2.315350084752197e-06
152 2.340371899067862e-06
153 2.3003655092439325e-06
154 2.291538428649864e-06
155 2.467905502760367e-06
156 2.3586764963510467e-06
157 2.155257357153578e-06
158 2.1518727895856017e-06
159 2.266538873977869e-06
160 2.3836623922753104e-06
161 2.1441441760341813e-06
162 2.3405855326461728e-06
163 2.2689372974906024e-06
164 2.1192341164474126e-06
165 2.3056768142207196e-06
166 2.37839785301282e-06
167 2.1361697183242303e-06
168 2.2475313372774238e-06
169 2.1485910546404603e-06
170 2.270856948940316e-06
171 2.2879362564662086e-06
172 2.3902406950483274e-06
173 2.5197195789204557e-06
174 2.347219179476746e-06
175 2.1203369807857066e-06
176 2.278695215570019e-06
177 2.2269178727608167e-06
178 2.2482891036117675e-06
179 2.2234842725290886e-06
180 2.262678495298616e-06
181 2.191929676850499e-06
182 2.1367706271971028e-06
183 2.19718494171769e-06
184 2.293148484822389e-06
185 2.444388998267532e-06
186 2.1830859099310336e-06
187 2.2216479432679724e-06
188 2.350279031482374e-06
189 2.186865132826697e-06
190 2.1413164038701443e-06
191 2.432958531733157e-06
192 2.198445957995278e-06
193 2.463073647545522e-06
194 2.127452431688832e-06
195 2.3815905982987313e-06
196 2.1086111210356245e-06
197 2.314852480347607e-06
198 2.2851110940794557e-06
199 2.1858422284096173e-06
200 2.295110714557407e-06
201 2.2838996275623726e-06
202 2.3020433663940055e-06
203 2.373058398037841e-06
204 2.271774282847633e-06
205 2.21329893464513e-06
206 2.364536986921925e-06
207 2.0844062216607284e-06
208 2.2405321410136923e-06
209 2.129590972545076e-06
210 2.256957866685615e-06
211 2.426163569377163e-06
212 2.491386667954503e-06
213 2.0013358002539537e-06
214 2.3257177575736056e-06
215 2.0476771827464473e-06
216 2.331487101872762e-06
217 2.077592992968339e-06
218 2.232694535579289e-06
219 2.3312300120049495e-06
220 2.3691985195778102e-06
221 2.3803481975948968e-06
222 2.2721742800436073e-06
223 2.4010500519078338e-06
224 2.4750399490311085e-06
225 2.2652489210402966e-06
226 2.213155452051131e-06
227 2.308471791489555e-06
228 2.3888143715310457e-06
229 2.265581319904641e-06
230 2.305489218627307e-06
231 2.463308768304412e-06
232 2.1498292341870292e-06
233 2.4108149931542146e-06
234 1.9552896219608285e-06
235 2.3543917579257e-06
236 2.106847115837741e-06
237 2.16075974196795e-06
238 2.332333019589539e-06
239 2.2390983836101386e-06
240 2.3612396264618654e-06
241 2.552723866919849e-06
242 2.356286703112072e-06
243 1.9851337894706055e-06
244 2.0992721737048116e-06
245 2.282559613551501e-06
246 2.4354983922946517e-06
247 2.365013517192676e-06
248 2.455207011684525e-06
249 2.1473972571042393e-06
250 2.230958732435837e-06
251 2.1857568930849033e-06
252 2.2045752241649376e-06
253 2.117281129977199e-06
254 2.3365742416900043e-06
255 2.2903338569672035e-06
256 2.269683946841396e-06
257 2.163175724660176e-06
258 2.215406056252369e-06
259 2.3237477097744283e-06
260 2.3684998949012944e-06
261 2.2463458688744175e-06
262 2.3306322260150187e-06
263 2.3677939470379494e-06
264 2.2791784571954243e-06
265 2.3599631284969063e-06
266 2.256116662147385e-06
267 2.257900046078183e-06
268 2.034217380017056e-06
269 2.249038268173462e-06
270 2.1216290094279636e-06
271 2.080599447426333e-06
272 2.222832677899563e-06
273 2.2055735525889135e-06
274 2.3825555261312085e-06
275 2.393735990341048e-06
276 2.3412579908897656e-06
277 2.232719670556665e-06
278 2.1755384615169216e-06
279 2.1880651587737043e-06
280 2.176436575307621e-06
281 2.170931374958473e-06
282 2.24716979846891e-06
283 2.3271949864587253e-06
284 2.442459838360669e-06
285 2.2370013403944485e-06
286 2.468688858658441e-06
287 2.347809545535969e-06
288 2.119029886460658e-06
289 2.115679519874668e-06
290 2.1697550415353776e-06
291 2.2561872438425544e-06
292 2.1737781275016542e-06
293 2.1344439551887513e-06
294 2.0545800321820983e-06
295 2.207916429876752e-06
296 2.0404714433224392e-06
297 2.235280722864644e-06
298 2.2344346619587837e-06
299 2.2090158325799353e-06
