0 1.3974673035047531e-06
1 1.4935207998653438e-06
2 1.4200645974218245e-06
3 1.4633762741365258e-06
4 1.5248035922009926e-06
5 1.42075585232442e-06
6 1.46244927605529e-06
7 1.3762020568792256e-06
8 1.4452380571696872e-06
9 1.4062048140446542e-06
10 1.379007139620445e-06
11 1.4341138886237522e-06
12 1.4099440866598455e-06
13 1.4069910088423807e-06
14 1.4520201353154828e-06
15 1.3985818800350407e-06
16 1.3794941917073262e-06
17 1.4152028003213378e-06
18 1.4598883695936528e-06
19 1.3705541620692428e-06
20 1.468458029050916e-06
21 1.4148275590314204e-06
22 1.4689016807241191e-06
23 1.3815770825191924e-06
24 1.4765764629385497e-06
25 1.4852978995208796e-06
26 1.3612623954414419e-06
27 1.5306057337886397e-06
28 1.5806286431529286e-06
29 1.3955479438343308e-06
30 1.4806356830139009e-06
31 1.4156918433938163e-06
32 1.481478224707569e-06
33 1.521900544062616e-06
34 1.4369409836473507e-06
35 1.4647409011544458e-06
36 1.4822834495849099e-06
37 1.41418957356967e-06
38 1.558597218232554e-06
39 1.4239674208198913e-06
40 1.4646491656097357e-06
41 1.4343508608007265e-06
42 1.4687038072350046e-06
43 1.382365241022751e-06
44 1.4741262580491e-06
45 1.5459306041917066e-06
46 1.4951038935239133e-06
47 1.4652691971597554e-06
48 1.508783839545833e-06
49 1.5178739150659648e-06
50 1.4531046113296292e-06
51 1.3976471236637046e-06
52 1.4940428523563241e-06
53 1.4308323437031924e-06
54 1.410432142190407e-06
55 1.5110924230729407e-06
56 1.5074271106263182e-06
57 1.5200040289817881e-06
58 1.4386677233923804e-06
59 1.4463176606460957e-06
60 1.4731389979663405e-06
61 1.41485598255035e-06
62 1.4503158078265165e-06
63 1.5509626543453301e-06
64 1.4503275302200228e-06
65 1.552647054519872e-06
66 1.4217291968311766e-06
67 1.4302115636172587e-06
68 1.4800902308983544e-06
69 1.3832574960056738e-06
70 1.3832422222302386e-06
71 1.386056685650569e-06
72 1.468903262260521e-06
73 1.373560059005057e-06
74 1.370609872528414e-06
75 1.3992102767770603e-06
76 1.4375373217772512e-06
77 1.347088515699543e-06
78 1.3978419926089547e-06
79 1.4753797001376445e-06
80 1.3178881019572487e-06
81 1.4147688059775332e-06
82 1.4812521309100625e-06
83 1.4392434578333569e-06
84 1.3953524774045075e-06
85 1.4726911062951946e-06
86 1.4998785731982486e-06
87 1.4291203497534983e-06
88 1.48660171015805e-06
89 1.4580862701001216e-06
90 1.4760221816065114e-06
91 1.4741980687899715e-06
92 1.4760988984943136e-06
93 1.4814588103702733e-06
94 1.49723547728554e-06
95 1.5202546500568432e-06
96 1.4890364107303129e-06
97 1.442310819839161e-06
98 1.4550696979152959e-06
99 1.402068284587776e-06
100 1.477633696590418e-06
101 1.4871044375800033e-06
102 1.5439487669108554e-06
103 1.4160526078666896e-06
104 1.4530710006476985e-06
105 1.4217218677983282e-06
106 1.469836343711036e-06
107 1.3975789812931603e-06
108 1.3970761318821652e-06
109 1.4999203366837156e-06
110 1.5354466553543589e-06
111 1.3872829479944325e-06
112 1.3898833657856607e-06
113 1.4074547500055881e-06
114 1.4960698361584077e-06
115 1.4959354297481235e-06
116 1.410997413926311e-06
117 1.4557615295835394e-06
118 1.4965896923266859e-06
119 1.4204040580800149e-06
120 1.4454398001103378e-06
121 1.5157010093947871e-06
122 1.4459089328203122e-06
123 1.3927328193701042e-06
124 1.4183433255249597e-06
125 1.4635760347304564e-06
126 1.5120519744283966e-06
127 1.430681322002376e-06
128 1.5124614105726323e-06
129 1.384493999906486e-06
130 1.477626066550233e-06
131 1.4510124476566827e-06
132 1.433459184993151e-06
133 1.465487588178361e-06
134 1.4300403232934632e-06
135 1.4536035980414517e-06
136 1.4617144421331908e-06
137 1.5434485010340196e-06
138 1.4457052452527037e-06
139 1.4406986585774059e-06
140 1.433234452035367e-06
141 1.4130069221254403e-06
142 1.4428356691561754e-06
143 1.4206361869120404e-06
144 1.4093218950852383e-06
145 1.4051770247984842e-06
146 1.4691061516329945e-06
147 1.4292679446529724e-06
148 1.5053429864158435e-06
149 1.474979125696089e-06
150 1.397498345334246e-06
151 1.3896695509306388e-06
152 1.3994264228379123e-06
153 1.4746719084739977e-06
154 1.3696083806325342e-06
155 1.4169070188900938e-06
156 1.4154156772303092e-06
157 1.4444939971085795e-06
158 1.4288272706044e-06
159 1.4456561696742909e-06
160 1.4014366686004785e-06
161 1.4291366556597545e-06
162 1.3955287407748355e-06
163 1.4302793481947993e-06
164 1.4442362081951455e-06
165 1.4287319365832662e-06
166 1.3152118509317076e-06
167 1.495905924941016e-06
168 1.4955854952358003e-06
169 1.4428751761242976e-06
170 1.4027008873348303e-06
171 1.4899449855019733e-06
172 1.458755813202043e-06
173 1.371513507263891e-06
174 1.3728878923277185e-06
175 1.44561862979449e-06
176 1.5236723867841375e-06
177 1.413498993466643e-06
178 1.4510806518000611e-06
179 1.495262765069647e-06
180 1.4365725304753932e-06
181 1.4690116259329204e-06
182 1.4939364333447705e-06
183 1.4464930143140295e-06
184 1.4486728917243856e-06
185 1.4411104303758143e-06
186 1.4591166728153785e-06
187 1.4508339279958982e-06
188 1.4128240930452338e-06
189 1.41492883056738e-06
190 1.459017231944938e-06
191 1.4004784881260807e-06
192 1.4262314086397564e-06
193 1.3796028105912624e-06
194 1.5103519641032952e-06
195 1.4885415105018493e-06
196 1.4852771269953114e-06
197 1.4369774397021763e-06
198 1.46084116183362e-06
199 1.5457915570239154e-06
200 1.4780003141162931e-06
201 1.4405537782822804e-06
202 1.3913075962436011e-06
203 1.4354321436757056e-06
204 1.4364483131022123e-06
205 1.4992843546238916e-06
206 1.444879701679661e-06
207 1.473364689676793e-06
208 1.4744112758003612e-06
209 1.4750217997353303e-06
210 1.4894318812861237e-06
211 1.46716621477623e-06
212 1.386907063473414e-06
213 1.4771991834602569e-06
214 1.4773013733689127e-06
215 1.5223796604047942e-06
216 1.4853791067910369e-06
217 1.5194759641116498e-06
218 1.4575157735855733e-06
219 1.417054667099273e-06
220 1.354205624803123e-06
221 1.4030995294053265e-06
222 1.4095437083039548e-06
223 1.4845512612152932e-06
224 1.4867719999077083e-06
225 1.4814738770373083e-06
226 1.428639784756196e-06
227 1.4231857653111585e-06
228 1.459887407306608e-06
229 1.383780501354325e-06
230 1.4264630050549762e-06
231 1.4198789762935354e-06
232 1.446742901748569e-06
233 1.435274337766383e-06
234 1.5230369123007957e-06
235 1.3905331231695407e-06
236 1.5150050423187622e-06
237 1.4763464137857803e-06
238 1.416753865822433e-06
239 1.4714253196398348e-06
240 1.4520970133380442e-06
241 1.406675503903704e-06
242 1.411666784690386e-06
243 1.5244528737187032e-06
244 1.5409198962940406e-06
245 1.4652012063908294e-06
246 1.4006942868395393e-06
247 1.2682214503943742e-06
248 1.44064604930952e-06
249 1.5070047589099468e-06
250 1.478775264195858e-06
251 1.4310886734777948e-06
252 1.4831889366778143e-06
253 1.466556253807801e-06
254 1.39890109709346e-06
255 1.3650998017156402e-06
256 1.408722757741444e-06
257 1.5022487936779326e-06
258 1.4205468025965648e-06
259 1.3966623303445527e-06
260 1.5256252049366535e-06
261 1.451304022288181e-06
262 1.424644259454078e-06
263 1.4383120930827132e-06
264 1.4378385983724258e-06
265 1.4105691865100872e-06
266 1.4802709597199173e-06
267 1.3827649365939196e-06
268 1.4936174563504933e-06
269 1.4487003257565614e-06
270 1.5292305109868629e-06
271 1.4745859041516574e-06
272 1.4839297827870333e-06
273 1.4743493932210186e-06
274 1.4491089605885997e-06
275 1.4703045039818442e-06
276 1.4051108224566829e-06
277 1.4430090509049198e-06
278 1.455052888796779e-06
279 1.4336057938713164e-06
280 1.4414567813955459e-06
281 1.4978601848239114e-06
282 1.4472055493054365e-06
283 1.4673025822509328e-06
284 1.4024956898240227e-06
285 1.4524438847504848e-06
286 1.3881416803750864e-06
287 1.4079940255132208e-06
288 1.410369580263176e-06
289 1.5027432308014619e-06
290 1.4783542616093819e-06
291 1.5080785948643347e-06
292 1.4771927057833315e-06
293 1.4454280423309312e-06
294 1.473148483819339e-06
295 1.4802149059427112e-06
296 1.5071717601429393e-06
297 1.4663192770669315e-06
298 1.4532956930588902e-06
299 1.45990921161021e-06
