0 1.0662028027685507e-06
1 1.1137017130158293e-06
2 1.0776358978249814e-06
3 1.1000864889092504e-06
4 1.1045856209384046e-06
5 1.0458085584661446e-06
6 1.1016828765673352e-06
7 1.062900131945059e-06
8 1.077726166259746e-06
9 1.0933672558573937e-06
10 1.025596023529335e-06
11 1.0972586962753073e-06
12 1.084358778196222e-06
13 1.0591292958886814e-06
14 1.0960630377493222e-06
15 1.0378993757747173e-06
16 1.0533180481950511e-06
17 1.0425439590781363e-06
18 1.099841228008348e-06
19 1.0537281807104098e-06
20 1.104982888170078e-06
21 1.085335100404699e-06
22 1.105432225955294e-06
23 1.0474933497034488e-06
24 1.116005679494218e-06
25 1.1078471547114475e-06
26 1.0474788670618809e-06
27 1.0807733538544596e-06
28 1.1316474178025913e-06
29 1.0365575759155017e-06
30 1.1164337726802968e-06
31 1.0887322458254523e-06
32 1.084753393953204e-06
33 1.1259261920818692e-06
34 1.078955384836619e-06
35 1.0716587929329863e-06
36 1.1022445188481747e-06
37 1.0941158828400649e-06
38 1.1576696661380922e-06
39 1.0623447523106545e-06
40 1.0944025860211766e-06
41 1.0740382796584638e-06
42 1.079598512623008e-06
43 1.0612084164747066e-06
44 1.1041984637045696e-06
45 1.1338686897478722e-06
46 1.1292829793461749e-06
47 1.121342965681139e-06
48 1.106996329935397e-06
49 1.106748456256583e-06
50 1.0909760891575966e-06
51 1.0665183412651484e-06
52 1.088650719006342e-06
53 1.046232849173013e-06
54 1.0753267627872197e-06
55 1.0925524504260913e-06
56 1.1043626541358734e-06
57 1.1425625284159094e-06
58 1.0766078250773401e-06
59 1.107249854157218e-06
60 1.0835266375256642e-06
61 1.0623379900029997e-06
62 1.093300804837635e-06
63 1.1445073831139878e-06
64 1.1112315119247017e-06
65 1.0960514280952052e-06
66 1.0570113202892099e-06
67 1.1092652440291524e-06
68 1.0812481371022842e-06
69 1.0378433604570581e-06
70 1.0724400451017212e-06
71 1.0602415664909213e-06
72 1.076849911073375e-06
73 1.066512192785402e-06
74 1.052979801038976e-06
75 1.0290542356970782e-06
76 1.0757668914611199e-06
77 1.0541148668471646e-06
78 1.086417479764585e-06
79 1.123753176367879e-06
80 1.0315366066408067e-06
81 1.0777682270386998e-06
82 1.07597396809295e-06
83 1.086698356150589e-06
84 1.0851462455525202e-06
85 1.0690924358371233e-06
86 1.0900083665847384e-06
87 1.0464660588125633e-06
88 1.134283544069872e-06
89 1.0486425117574973e-06
90 1.0573420443022341e-06
91 1.0889338138466567e-06
92 1.0695113435918383e-06
93 1.1021524209439458e-06
94 1.1059770308825674e-06
95 1.1002009493676343e-06
96 1.0907023724497458e-06
97 1.0707995052071218e-06
98 1.0576597664063797e-06
99 1.1048514416301804e-06
100 1.0714765441164758e-06
101 1.0768119220572159e-06
102 1.151711726283646e-06
103 1.0866274549587453e-06
104 1.0793308064408331e-06
105 1.0520735420626984e-06
106 1.1084120274128455e-06
107 1.047494020770944e-06
108 1.0791660803678634e-06
109 1.0861811180259393e-06
110 1.1068950709495087e-06
111 1.0474453462799015e-06
112 1.0584144482716104e-06
113 1.1045031323656795e-06
114 1.1059559335925828e-06
115 1.0923517155056649e-06
116 1.0669675874998125e-06
117 1.0697411578297905e-06
118 1.0804365422232701e-06
119 1.07302759618632e-06
120 1.118858058584501e-06
121 1.112143177831771e-06
122 1.0887834115833155e-06
123 1.062887435046208e-06
124 1.061576163308178e-06
125 1.0987276071021376e-06
126 1.1026348135308688e-06
127 1.0651777770497985e-06
128 1.1127420837950014e-06
129 1.0570937168862488e-06
130 1.0933182306307196e-06
131 1.1070524843426589e-06
132 1.0883141626565805e-06
133 1.1210870407608435e-06
134 1.0637165115679504e-06
135 1.1069789059137643e-06
136 1.0930580288622115e-06
137 1.126945032018301e-06
138 1.113637648934675e-06
139 1.0794374026835631e-06
140 1.0614547036906387e-06
141 1.0438601140947546e-06
142 1.077683811027884e-06
143 1.0796524330345032e-06
144 1.0687644594159624e-06
145 1.0796313926313516e-06
146 1.0726085268513311e-06
147 1.044069954400472e-06
148 1.0742363614608608e-06
149 1.1019060944050245e-06
150 1.0734352362323474e-06
151 1.0638955356384423e-06
152 1.0573625088987085e-06
153 1.0782732522084663e-06
154 1.048654023524458e-06
155 1.0467676419040725e-06
156 1.0407785155271763e-06
157 1.099832716052187e-06
158 1.0862514582462515e-06
159 1.0759416900750056e-06
160 1.0500082543669395e-06
161 1.103489598123405e-06
162 1.0657923990704095e-06
163 1.0727109364474985e-06
164 1.1104748680579543e-06
165 1.0613540175123053e-06
166 1.0329685769655636e-06
167 1.1094741436071113e-06
168 1.0862063651432337e-06
169 1.0896119314309971e-06
170 1.0731514135337049e-06
171 1.081621346139685e-06
172 1.0558539804120157e-06
173 1.0157339522132962e-06
174 1.0646033343562963e-06
175 1.102277902576714e-06
176 1.0833088499806538e-06
177 1.0852939435174795e-06
178 1.0924693277488613e-06
179 1.0916540502300199e-06
180 1.0776621836872016e-06
181 1.1005167497933312e-06
182 1.105770848454258e-06
183 1.0849675362647194e-06
184 1.0690093729812298e-06
185 1.0549847907288504e-06
186 1.0888200996063028e-06
187 1.0842713544963242e-06
188 1.0829488096234459e-06
189 1.0975712381030987e-06
190 1.1149205095280237e-06
191 1.0477147778909233e-06
192 1.0722685953388507e-06
193 1.0347248991925308e-06
194 1.1087527239112071e-06
195 1.0771167782696406e-06
196 1.1235435243581093e-06
197 1.0553486955672643e-06
198 1.0885326626836589e-06
199 1.1011726699001743e-06
200 1.0693806884287474e-06
201 1.059557312147826e-06
202 1.0460814766383003e-06
203 1.0451332271905937e-06
204 1.082456713081789e-06
205 1.089339638371211e-06
206 1.059845878881418e-06
207 1.1126022639116345e-06
208 1.0840631771679532e-06
209 1.1001391445733888e-06
210 1.0890509038812359e-06
211 1.0690518790318043e-06
212 1.0351018173229357e-06
213 1.10795992360573e-06
214 1.0877329482524002e-06
215 1.1241811110248807e-06
216 1.0862280056341584e-06
217 1.1342388008040945e-06
218 1.0858665987827612e-06
219 1.0624365253028207e-06
220 1.0355958886361277e-06
221 1.0566527711440653e-06
222 1.0724110147463623e-06
223 1.0581481674063598e-06
224 1.0490899269969878e-06
225 1.0816617377972447e-06
226 1.0894623444389057e-06
227 1.0721581283669449e-06
228 1.0651819973309898e-06
229 1.0659335663067664e-06
230 1.0722775716349822e-06
231 1.055965275577608e-06
232 1.0961655791734204e-06
233 1.0695140014320884e-06
234 1.121482493142143e-06
235 1.0611643961027162e-06
236 1.100379725251062e-06
237 1.1079088685283552e-06
238 1.0609546232541613e-06
239 1.0951398961760096e-06
240 1.081601315737701e-06
241 1.0344786926921487e-06
242 1.0858059824169625e-06
243 1.1368223876010366e-06
244 1.1137422292566525e-06
245 1.0731725156537744e-06
246 1.0456737024893994e-06
247 1.038915916885902e-06
248 1.0817991155396096e-06
249 1.110973754931015e-06
250 1.081411557972688e-06
251 1.0831154690077484e-06
252 1.0978900614494526e-06
253 1.117032918051858e-06
254 1.0502701384720174e-06
255 1.0582811196437972e-06
256 1.0777150424405613e-06
257 1.090160130680205e-06
258 1.0924000472256136e-06
259 1.0496444912788505e-06
260 1.0736598397097836e-06
261 1.0931163210371104e-06
262 1.0729198994593714e-06
263 1.0491995378955251e-06
264 1.0902420406136061e-06
265 1.0508448872146564e-06
266 1.0830408531931948e-06
267 1.0918567702945961e-06
268 1.1356687143237944e-06
269 1.0805120879118553e-06
270 1.123669712159569e-06
271 1.1181419712809297e-06
272 1.109005786974947e-06
273 1.0967565811395904e-06
274 1.0319693497726418e-06
275 1.0514320412425871e-06
276 1.0677848252936764e-06
277 1.0898348257796324e-06
278 1.0868155123175154e-06
279 1.0674459551779234e-06
280 1.1092475530419463e-06
281 1.1121148242509419e-06
282 1.0808704725182488e-06
283 1.0786621990223618e-06
284 1.0543971692058494e-06
285 1.0827132123086881e-06
286 1.0353221728549576e-06
287 1.0578591911157891e-06
288 1.1110268263347774e-06
289 1.114536143124519e-06
290 1.0978471031049774e-06
291 1.1062998750123808e-06
292 1.1126673224137171e-06
293 1.0782562790420194e-06
294 1.122292577371308e-06
295 1.0765012913242098e-06
296 1.1136423477676137e-06
297 1.1020953977293861e-06
298 1.0849897304429197e-06
299 1.0917295625037743e-06
