0 3.1637999051352594e-06
1 3.020164775274763e-06
2 3.114400098150611e-06
3 3.021897581928737e-06
4 2.8304343932516948e-06
5 2.9569230308939703e-06
6 3.2099783275586284e-06
7 3.234925627029722e-06
8 3.0923346611261082e-06
9 3.1474690618572497e-06
10 2.9380037730065523e-06
11 3.10843196568079e-06
12 3.240519490649694e-06
13 3.02403165097403e-06
14 3.2334928611262137e-06
15 3.123552974685116e-06
16 3.2214267050682115e-06
17 2.927119498871898e-06
18 3.0381238216278192e-06
19 3.27560763969987e-06
20 3.078699520202564e-06
21 3.270128907050675e-06
22 3.0582083949834742e-06
23 3.1895254604981775e-06
24 3.0097462532518823e-06
25 3.002952944168928e-06
26 3.1434191242018905e-06
27 2.703205900515274e-06
28 2.647159050996023e-06
29 3.0026699087601263e-06
30 3.090337847733777e-06
31 3.315484248843269e-06
32 2.9073949913291863e-06
33 3.028581785547626e-06
34 3.199143105102074e-06
35 2.8613678110201675e-06
36 2.964489197452811e-06
37 3.215690020145611e-06
38 2.94154070090398e-06
39 3.0295881523515674e-06
40 3.0888412312611006e-06
41 3.098518013824037e-06
42 2.929336428670211e-06
43 3.2374989883296373e-06
44 2.9863297931440677e-06
45 2.983214094059112e-06
46 3.139775915819442e-06
47 3.1339490973831535e-06
48 2.9486435187282676e-06
49 2.939544818232718e-06
50 3.21311060589167e-06
51 3.030435503822546e-06
52 3.094787694268249e-06
53 3.044911643825018e-06
54 3.1600994353490655e-06
55 2.983836577198258e-06
56 2.983096986546531e-06
57 3.0811418612373705e-06
58 3.0917028590706276e-06
59 3.236970811488528e-06
60 2.8097215544047844e-06
61 3.243902725156704e-06
62 2.9301234000813976e-06
63 2.8547929210134473e-06
64 3.11443395827129e-06
65 2.8703058086636145e-06
66 3.0445095658901894e-06
67 3.1644397345331324e-06
68 2.797854966025767e-06
69 3.1782408841770544e-06
70 3.2670948080339625e-06
71 3.1646704264126376e-06
72 3.03273709724309e-06
73 3.3939344005353562e-06
74 3.363843324420675e-06
75 3.055843362190417e-06
76 2.9772500768850974e-06
77 3.305572510068163e-06
78 3.2884799305966947e-06
79 3.1701580973784718e-06
80 3.2906913384835845e-06
81 3.281283915381319e-06
82 2.8636133593012785e-06
83 3.1165268211942136e-06
84 3.3640237429184715e-06
85 2.8620281758931235e-06
86 2.7538359298908533e-06
87 2.8745246571184437e-06
88 3.1367720955014116e-06
89 2.990635022783659e-06
90 2.9189720726674626e-06
91 2.8093082599959396e-06
92 2.85382278332849e-06
93 3.0711538902252093e-06
94 2.9115349905766775e-06
95 2.7783166466023816e-06
96 2.879952571697612e-06
97 3.1984156587610566e-06
98 2.931276678264087e-06
99 3.438901646675356e-06
100 2.936102830408259e-06
101 2.8145167901470212e-06
102 2.9442336620581997e-06
103 3.1910139842675836e-06
104 2.89965134918017e-06
105 3.1112782519830137e-06
106 3.1802913877260843e-06
107 3.09238240678715e-06
108 3.07260451859571e-06
109 2.9072238041216045e-06
110 2.746152672107208e-06
111 3.20194763126824e-06
112 3.1278270376904577e-06
113 3.516004585264084e-06
114 2.967652121044905e-06
115 2.9584414367568827e-06
116 3.1703785416444465e-06
117 2.9845476854863105e-06
118 2.9991936085834957e-06
119 3.0830687839376664e-06
120 3.3106646266469122e-06
121 2.925155704970095e-06
122 3.110980957765317e-06
123 3.042480811471135e-06
124 2.9738529360726343e-06
125 3.0523252311082357e-06
126 2.8735052002470184e-06
127 3.0325074976129687e-06
128 2.8668230961191053e-06
129 3.1740148862428346e-06
130 2.8872202841486127e-06
131 3.148864155552244e-06
132 3.2226050435200876e-06
133 3.1490802293465684e-06
134 3.1104748878960564e-06
135 3.152140004352023e-06
136 3.048385852950652e-06
137 3.0686944540878237e-06
138 3.3154505322417406e-06
139 3.086897735465895e-06
140 3.0284496973801347e-06
141 3.036122920286288e-06
142 3.0718188113089605e-06
143 3.075713997738614e-06
144 3.1126595993869483e-06
145 3.4064693198714572e-06
146 2.8923315061083935e-06
147 2.9428680372297655e-06
148 2.8604009005403376e-06
149 3.0112783341224816e-06
150 3.1760671313596954e-06
151 3.2208215280416748e-06
152 3.065599287353242e-06
153 2.896940173233904e-06
154 3.110529345413446e-06
155 3.062651765229783e-06
156 3.008496994057977e-06
157 3.3023729826384366e-06
158 3.2174632671066935e-06
159 3.0627322763250003e-06
160 2.886160269441833e-06
161 3.258612885251575e-06
162 3.194003167992963e-06
163 3.013064801916126e-06
164 3.1400061985271635e-06
165 3.0230870004270767e-06
166 3.3333439036885527e-06
167 3.039764806166226e-06
168 2.876746619742779e-06
169 3.2678815227188914e-06
170 3.169370940905321e-06
171 2.8044589124620828e-06
172 2.91365386015611e-06
173 2.9805556587348606e-06
174 3.4110535374525982e-06
175 3.2349896245490468e-06
176 2.6602448591289004e-06
177 3.3321541498091567e-06
178 3.1750922447475215e-06
179 2.939076573455887e-06
180 2.9489837028166368e-06
181 3.0182352917650922e-06
182 2.9875876637969176e-06
183 2.9905026188111136e-06
184 2.973822173920373e-06
185 2.9979137427758206e-06
186 2.962728550741229e-06
187 2.9051023227005137e-06
188 3.2114706195475843e-06
189 3.379194783001608e-06
190 3.1841176130045308e-06
191 2.9838645122798613e-06
192 3.219132180143677e-06
193 3.0808476153113984e-06
194 3.0763431835439223e-06
195 2.7205477254260184e-06
196 3.116190135964613e-06
197 2.9406340509499283e-06
198 2.9950004187361955e-06
199 2.7289319622318896e-06
200 2.8998699457562036e-06
201 3.049639332406866e-06
202 2.907391058379309e-06
203 2.7592945486622173e-06
204 2.996369421799944e-06
205 2.775885639597538e-06
206 2.9195804376056693e-06
207 3.0349220178861575e-06
208 2.9069999471845848e-06
209 2.9587006173221048e-06
210 2.9388629542053936e-06
211 2.895632545294215e-06
212 3.0215836699142873e-06
213 3.0194379974071932e-06
214 3.0953390060894404e-06
215 2.823281388688971e-06
216 2.7649222773397032e-06
217 3.0131909176806937e-06
218 3.070732169211663e-06
219 3.0934350895268926e-06
220 3.3135334862355783e-06
221 3.119365316525707e-06
222 3.241418575823157e-06
223 2.815637923056466e-06
224 2.743545741048232e-06
225 3.0384740850399225e-06
226 3.1311447145816365e-06
227 2.9675037469110477e-06
228 2.9478086781388472e-06
229 3.2503134111984718e-06
230 2.970107240501102e-06
231 3.1926815094544096e-06
232 3.0851168540703065e-06
233 2.947619789400274e-06
234 2.8893103155114667e-06
235 3.187480530606037e-06
236 2.79877829247947e-06
237 3.0766538398887363e-06
238 3.0597935815256786e-06
239 2.959333566594345e-06
240 2.9877282109152626e-06
241 2.8581185725544464e-06
242 3.2248743848921964e-06
243 2.9016534743788652e-06
244 2.8781714517462366e-06
245 2.9553003921441824e-06
246 3.1189728114069174e-06
247 3.732954398203866e-06
248 3.1033143991020385e-06
249 3.114901107794284e-06
250 2.9223391284385005e-06
251 3.198112623661235e-06
252 2.9629264335469005e-06
253 3.1010708915471026e-06
254 3.0308135778765494e-06
255 3.384504780643436e-06
256 3.0281357515824606e-06
257 2.8767381620435558e-06
258 3.258891173901246e-06
259 3.1845772088346077e-06
260 2.7117891069182846e-06
261 3.0937797733949818e-06
262 3.154140342109244e-06
263 2.9203418427814173e-06
264 3.268138377422845e-06
265 2.9992993330147606e-06
266 2.779134479277503e-06
267 3.465561616631305e-06
268 3.1836003326128485e-06
269 3.1313437541241163e-06
270 2.946262885656974e-06
271 3.1498412278651015e-06
272 2.907398713562887e-06
273 3.0596469617275262e-06
274 2.643166544835383e-06
275 2.725157247362645e-06
276 3.0780019325985637e-06
277 2.961449316948941e-06
278 3.0683123687071424e-06
279 3.0282203700419667e-06
280 3.162992601285754e-06
281 3.108213406442216e-06
282 2.9861058019906523e-06
283 2.9478639361684005e-06
284 3.208169889976294e-06
285 3.1846037506488885e-06
286 3.1698411467850065e-06
287 2.99311955037334e-06
288 3.2879203468804385e-06
289 2.939454110533803e-06
290 3.050350335606763e-06
291 2.955200423102774e-06
292 3.1240815202888024e-06
293 2.9982839500169578e-06
294 3.1397091333468064e-06
295 2.896324683183949e-06
296 2.8685377070764276e-06
297 3.117863297663586e-06
298 2.9505837874697487e-06
299 3.0175154535087457e-06
