0 1.4226554873493729e-06
1 1.5943373438653364e-06
2 1.4612595290225086e-06
3 1.4476474500398833e-06
4 1.5667250157903692e-06
5 1.5321406342465191e-06
6 1.6006854215816742e-06
7 1.6763534715717767e-06
8 1.7710025825232875e-06
9 1.4948790376378592e-06
10 1.5309532496906043e-06
11 1.8395781011097037e-06
12 1.750969114333493e-06
13 1.8008350761564488e-06
14 1.743705332889805e-06
15 1.6589048348480169e-06
16 1.6858874560171864e-06
17 1.2850720897139097e-06
18 1.4335962551404285e-06
19 2.1260580434812683e-06
20 1.4964030990607116e-06
21 1.8618800020376635e-06
22 1.5041840555228072e-06
23 1.6181290073202616e-06
24 1.5199863148744918e-06
25 1.5985073525172544e-06
26 1.580093895458143e-06
27 1.6467141313172172e-06
28 1.8228239334579772e-06
29 1.4972219754634719e-06
30 1.6429875494486221e-06
31 1.6657352767611932e-06
32 1.6763315216540793e-06
33 1.494397053197486e-06
34 1.2321228557424856e-06
35 1.5177041224300655e-06
36 1.686675569485693e-06
37 1.3978638727775436e-06
38 1.64224751303693e-06
39 1.5155984602179092e-06
40 1.5167175648431978e-06
41 1.7604662378918765e-06
42 1.4829999042267805e-06
43 1.4986916274029185e-06
44 1.7801445090313056e-06
45 1.6258560079949888e-06
46 1.6102030312472283e-06
47 1.5464107204652636e-06
48 1.6365484193617054e-06
49 1.8389257793221795e-06
50 1.7204467359305249e-06
51 1.4824292108922195e-06
52 1.6047263470130655e-06
53 1.5632331314751841e-06
54 1.6247051211218564e-06
55 1.4036198478332654e-06
56 1.5376423676549335e-06
57 1.6545004996767222e-06
58 1.6038332771324206e-06
59 1.7123010961971366e-06
60 1.7508221480489997e-06
61 1.6626483375061167e-06
62 1.5391379670021182e-06
63 1.5496931415004618e-06
64 1.7458551357063464e-06
65 1.4066728140579238e-06
66 1.3787661508726755e-06
67 1.4769412072476306e-06
68 1.7111105773680781e-06
69 1.574500845691789e-06
70 1.5541066244517277e-06
71 1.767780284442314e-06
72 1.9578175759199003e-06
73 1.8175479062741216e-06
74 1.4708216535331976e-06
75 1.704187148261925e-06
76 1.6887663773712845e-06
77 1.6785371730089692e-06
78 1.736000495380441e-06
79 1.4676639261537036e-06
80 1.5220013278560586e-06
81 1.7428072573225483e-06
82 1.5684402238838545e-06
83 1.5184140374709378e-06
84 1.7485050617346574e-06
85 1.5157717081901915e-06
86 1.640865584000097e-06
87 1.5556524143072785e-06
88 1.634675997724796e-06
89 1.6794320251193825e-06
90 1.5792988318223417e-06
91 1.6164216709722362e-06
92 1.7310543222398934e-06
93 1.4976711224779364e-06
94 1.5923743551546922e-06
95 1.4968024429705265e-06
96 1.571670563337853e-06
97 1.791700448155496e-06
98 1.4970839427342656e-06
99 1.3781435448436353e-06
100 1.456380755970951e-06
101 1.5709282021852475e-06
102 1.622713592177721e-06
103 1.7675415003988979e-06
104 1.7753460703715199e-06
105 1.6432476228991402e-06
106 1.6061878419663278e-06
107 1.6342075458772819e-06
108 1.7997770029719332e-06
109 1.7350907261670871e-06
110 1.7284993336723272e-06
111 1.6201325530377614e-06
112 1.5571886501798842e-06
113 1.782856251940572e-06
114 1.9873783950249382e-06
115 1.443769791528668e-06
116 1.6343282595628836e-06
117 1.4338674395429518e-06
118 1.6330676142249115e-06
119 1.6250651355105681e-06
120 1.6189807481686651e-06
121 1.5731361324693117e-06
122 1.7662782358388928e-06
123 1.57673955859206e-06
124 1.7707390533181193e-06
125 1.913652402840719e-06
126 1.8827907612199764e-06
127 1.6636902254658316e-06
128 1.6619182796301477e-06
129 1.308888481873349e-06
130 1.8744131493416488e-06
131 1.7435843215453021e-06
132 1.575898209747295e-06
133 1.5322179325960314e-06
134 1.6767911439493045e-06
135 1.7939294410283015e-06
136 1.7549296045149615e-06
137 1.6107243127007717e-06
138 1.7568241820571755e-06
139 1.5143607885768298e-06
140 1.6670697825552057e-06
141 1.775689966299744e-06
142 1.798432093066954e-06
143 1.677518301721631e-06
144 1.7853222047943417e-06
145 1.6029563944117964e-06
146 1.5744568963333698e-06
147 1.581375891919139e-06
148 1.6664174184982982e-06
149 1.9968788852932604e-06
150 1.7610112177110699e-06
151 1.610355008770797e-06
152 1.7097622390770271e-06
153 1.4786200312991499e-06
154 1.7852510839559419e-06
155 1.5039932075834587e-06
156 1.5847564457111787e-06
157 1.7188712147639432e-06
158 1.6939820735925238e-06
159 1.8402805422676693e-06
160 1.9147080509313316e-06
161 1.578467950108369e-06
162 1.6815952484546293e-06
163 1.6921697722588024e-06
164 1.4695693946654524e-06
165 1.7039192013504078e-06
166 1.3837449216875504e-06
167 1.5283563952714914e-06
168 1.7318383713010616e-06
169 1.5941970944417569e-06
170 1.8209990542645904e-06
171 1.924347843535616e-06
172 1.7308469012325048e-06
173 1.7183409018044574e-06
174 1.6934336899624199e-06
175 1.7655684832810673e-06
176 1.5358074704853287e-06
177 1.6772425414627284e-06
178 1.5640838922966741e-06
179 1.68074038926761e-06
180 1.2670765088123688e-06
181 1.582781494696939e-06
182 1.5401456664283172e-06
183 1.754635982771727e-06
184 1.610039929909894e-06
185 1.659830739100406e-06
186 1.4510300116188762e-06
187 1.5171703250871801e-06
188 1.6537057123624824e-06
189 1.9793757969517994e-06
190 1.8140690771521016e-06
191 1.973108637188144e-06
192 1.548469073744145e-06
193 1.764065867517768e-06
194 1.3193880057813943e-06
195 1.1992862805002887e-06
196 1.8154644400981976e-06
197 1.7960707931432556e-06
198 1.6139299559249107e-06
199 1.6860407018525325e-06
200 1.5816122104371286e-06
201 1.7322506744094887e-06
202 1.5438254305982323e-06
203 1.384700170245181e-06
204 1.6631003583871187e-06
205 1.5203787912032196e-06
206 1.4622727179707275e-06
207 1.700519898991923e-06
208 1.5956265744981545e-06
209 1.4898292322076612e-06
210 1.7344606894152804e-06
211 1.6130459622905155e-06
212 1.6725668369086521e-06
213 1.6469222322186038e-06
214 1.7640213094880175e-06
215 1.672654201194237e-06
216 9.911429840067678e-07
217 1.8487467927178141e-06
218 1.7450826966456737e-06
219 1.7152268122482655e-06
220 1.6548400508797429e-06
221 1.3078585111576116e-06
222 1.536388732879149e-06
223 1.51587763223224e-06
224 1.5568704987814328e-06
225 1.462012500167669e-06
226 1.7784809324217683e-06
227 1.4917986067756502e-06
228 1.6200853693554999e-06
229 1.6329734695852005e-06
230 1.5028173244270414e-06
231 1.675389189026875e-06
232 1.5520042748001844e-06
233 1.5305390596423406e-06
234 1.836014881210692e-06
235 1.5356900435787848e-06
236 1.6703009883057136e-06
237 1.6178896441573282e-06
238 1.7207058895533249e-06
239 1.6566636461335538e-06
240 1.72930960541573e-06
241 1.5532453390137019e-06
242 1.7565995922601885e-06
243 1.5007649794885718e-06
244 1.6198435297768994e-06
245 1.6581668545046882e-06
246 1.654207695990505e-06
247 1.4808519431726087e-06
248 1.5252493039482983e-06
249 1.6068429376144333e-06
250 1.4255702841282918e-06
251 1.6018825598954424e-06
252 1.843226939549455e-06
253 1.6905566538411261e-06
254 1.6873015341309204e-06
255 1.6343081146393307e-06
256 1.6240116160941801e-06
257 1.5635377135942036e-06
258 1.3515331652765489e-06
259 1.7552876664347012e-06
260 1.5712603716423652e-06
261 1.623744750751276e-06
262 1.388909040179219e-06
263 1.3919758602390146e-06
264 1.763969574295685e-06
265 1.4522780423913904e-06
266 1.7344696835129334e-06
267 1.631521472711659e-06
268 1.3972897644950097e-06
269 1.5314209038433377e-06
270 1.5644327057189168e-06
271 1.8675639781529067e-06
272 1.648643579618897e-06
273 1.4273556598067126e-06
274 1.760268943879691e-06
275 1.555276409618628e-06
276 1.8649886885257737e-06
277 1.426219178124408e-06
278 1.7890022773082745e-06
279 1.3849349645178775e-06
280 1.6876655822338656e-06
281 1.4832183439203762e-06
282 1.6032954504478263e-06
283 1.5800632447585603e-06
284 1.484591863698929e-06
285 1.3640266410525128e-06
286 1.638795928981385e-06
287 1.9731065889793395e-06
288 1.5809765686666527e-06
289 1.761852437051341e-06
290 1.6788525609810933e-06
291 1.6815832240507551e-06
292 1.7300037481002616e-06
293 1.5858723771269141e-06
294 1.4226986612053782e-06
295 1.8360272462735292e-06
296 1.5526324321305433e-06
297 1.1771754508334237e-06
298 1.5563363522186742e-06
299 1.6355084996390612e-06
