0 -9.93321060991195e-06
1 -9.983275459039009e-06
2 -1.0241171194826369e-05
3 -1.0019433913171737e-05
4 -9.830018094320581e-06
5 -1.012878360321856e-05
6 -1.006878736941588e-05
7 -1.0184287968873107e-05
8 -9.854222272291548e-06
9 -1.0171002851956279e-05
10 -1.0277196439376855e-05
11 -9.980295622605733e-06
12 -1.0120186011855805e-05
13 -1.0025631514876007e-05
14 -1.0033863966298662e-05
15 -1.0216107872161243e-05
16 -1.0166809155170963e-05
17 -1.0376537001652205e-05
18 -9.873487481209123e-06
19 -1.0083184865957462e-05
20 -9.842560060931342e-06
21 -1.0085302891397682e-05
22 -1.001824630858429e-05
23 -1.0146954512224229e-05
24 -1.007486315954552e-05
25 -9.879699058388978e-06
26 -1.0076681695080725e-05
27 -1.0042814340803508e-05
28 -1.0120832179581993e-05
29 -1.0038839618167882e-05
30 -9.983975523193557e-06
31 -1.0154641315630429e-05
32 -1.0088562608165253e-05
33 -1.0196385294243618e-05
34 -1.035949563215026e-05
35 -1.0160839138490796e-05
36 -9.969478478642308e-06
37 -1.0132408616347446e-05
38 -1.0198823624962324e-05
39 -1.0112233060344179e-05
40 -9.81881600794388e-06
41 -1.0074355450419885e-05
42 -1.0336072722921293e-05
43 -9.975062849327387e-06
44 -1.007969463637747e-05
45 -1.0161586428865061e-05
46 -9.992931566621786e-06
47 -1.0125791036825903e-05
48 -9.967165985744097e-06
49 -9.892320049801146e-06
50 -1.010127282133042e-05
51 -1.0136591131925016e-05
52 -1.0231559811395798e-05
53 -1.0115436090879681e-05
54 -1.0149934788219234e-05
55 -1.0223206771473308e-05
56 -1.0083600280458392e-05
57 -9.684193458043323e-06
58 -9.986021410790882e-06
59 -9.944970227211194e-06
60 -1.0139763923339148e-05
61 -1.0201606203944455e-05
62 -9.92762258716517e-06
63 -1.0083564288231838e-05
64 -1.0045304336364716e-05
65 -1.0116921856385963e-05
66 -9.950910912848155e-06
67 -1.0081939856824461e-05
68 -1.00916190915185e-05
69 -1.0048400424241407e-05
70 -1.0258682287423356e-05
71 -1.0052073829697152e-05
72 -1.0003599006386062e-05
73 -1.0008924190488266e-05
74 -1.01894623124972e-05
75 -1.0078952006758782e-05
76 -9.931470187709507e-06
77 -1.0242231467082632e-05
78 -1.0013559103317892e-05
79 -1.0214930919615343e-05
80 -9.98657532228232e-06
81 -9.925721647656196e-06
82 -1.0028488413346951e-05
83 -9.838085109667972e-06
84 -1.0147082270051736e-05
85 -1.019703007359813e-05
86 -1.0205776382163164e-05
87 -1.0209025969824319e-05
88 -9.913164468889442e-06
89 -1.011758437007922e-05
90 -1.0256122820196482e-05
91 -9.994573628993016e-06
92 -1.0227139134984803e-05
93 -1.0026708011278398e-05
94 -1.0066551148430658e-05
95 -1.0080664765188527e-05
96 -1.0129088745801053e-05
97 -1.027013731406957e-05
98 -1.0124900146023412e-05
99 -1.0115355230517757e-05
100 -9.969411895036862e-06
101 -1.0161854243582704e-05
102 -1.0311835767358781e-05
103 -9.874867610150116e-06
104 -1.0181561776428925e-05
105 -1.0175731934658602e-05
106 -1.0074210884970746e-05
107 -1.0112351983628424e-05
108 -1.0197150774581635e-05
109 -1.0010495036758062e-05
110 -9.80927553035108e-06
111 -1.0247409075332324e-05
112 -1.0352839967533725e-05
113 -9.90404257707112e-06
114 -9.549705099845065e-06
115 -1.0097071021891046e-05
116 -1.0124968899286052e-05
117 -1.0349058684042438e-05
118 -1.0131642637498876e-05
119 -1.011929726440527e-05
120 -1.0307929179041844e-05
121 -1.0076985262912787e-05
122 -1.007061011272814e-05
123 -1.0045720559331411e-05
124 -9.881093160698393e-06
125 -1.0028847881386467e-05
126 -9.876370074883119e-06
127 -1.0371164277626414e-05
128 -1.0235683447932274e-05
129 -1.0208367110669474e-05
130 -1.01424373470961e-05
131 -1.006102646748706e-05
132 -1.0151103690662778e-05
133 -9.949843279488957e-06
134 -1.009500271025021e-05
135 -1.0354957357086806e-05
136 -1.0016578040506572e-05
137 -9.871882882537651e-06
138 -1.0165749735835806e-05
139 -9.944838801876429e-06
140 -1.0252861009454956e-05
141 -1.0111119439103775e-05
142 -9.826332990447997e-06
143 -1.013803024216496e-05
144 -9.993165456354859e-06
145 -1.0085275479011612e-05
146 -1.0191629702770834e-05
147 -1.0054712238919463e-05
148 -1.0150979891358155e-05
149 -1.009324742744765e-05
150 -9.977418058006237e-06
151 -9.977986494627875e-06
152 -9.940810228134222e-06
153 -9.93110997303091e-06
154 -9.954470579779904e-06
155 -1.018262376517724e-05
156 -1.0455328680645667e-05
157 -1.0127134747448002e-05
158 -1.0219867018799869e-05
159 -9.649326653701115e-06
160 -1.0241614265852956e-05
161 -1.0228586204673264e-05
162 -9.777138360647781e-06
163 -1.0272176269132263e-05
164 -1.0150694893802754e-05
165 -9.872415337608925e-06
166 -1.0017070321771534e-05
167 -1.011121874566746e-05
168 -1.0094101380326467e-05
169 -1.0141277436905343e-05
170 -1.0104632584820652e-05
171 -1.008462345646213e-05
172 -1.0260009420796478e-05
173 -9.8978077284599e-06
174 -1.0073541170571519e-05
175 -1.0157845708279683e-05
176 -1.0026300687853457e-05
177 -1.0099223195903253e-05
178 -1.0086164963599543e-05
179 -1.0287031262332787e-05
180 -1.0443441358795909e-05
181 -1.0196244597339823e-05
182 -1.0066966190348938e-05
183 -9.853682173224376e-06
184 -9.95147543413398e-06
185 -9.968358602448217e-06
186 -1.020556126766647e-05
187 -1.0087025458652608e-05
188 -1.0100044979159283e-05
189 -1.0010990798229347e-05
190 -1.0224949958736037e-05
191 -9.937506386359384e-06
192 -1.0139937879205312e-05
193 -1.0093048137792145e-05
194 -1.0292779344437213e-05
195 -1.0205700258706923e-05
196 -9.869028963550748e-06
197 -9.9746575758743e-06
198 -9.889989552156408e-06
199 -9.906762049703034e-06
200 -1.0131538656415604e-05
201 -1.003025997881772e-05
202 -1.0219306786111048e-05
203 -1.0203730125047925e-05
204 -9.86918568010796e-06
205 -1.016694303207547e-05
206 -1.0164316711113405e-05
207 -9.912784184733916e-06
208 -1.0055841553741657e-05
209 -1.0135858644248055e-05
210 -1.0025657778814388e-05
211 -9.964339385499984e-06
212 -9.912421297730745e-06
213 -1.00897426588835e-05
214 -9.99422095297e-06
215 -1.035547804985614e-05
216 -1.016277878901313e-05
217 -9.945129463238141e-06
218 -1.0109117090621005e-05
219 -1.005740807089125e-05
220 -1.0070203166073373e-05
221 -1.0055812210160229e-05
222 -1.017747021875746e-05
223 -9.965439440212924e-06
224 -9.870216822084657e-06
225 -1.0192801054331224e-05
226 -1.002201762247698e-05
227 -9.982714500446329e-06
228 -9.81858530758864e-06
229 -1.0178082528218237e-05
230 -9.96090838069814e-06
231 -1.0114623045465745e-05
232 -1.0116724218574624e-05
233 -1.0105815328099286e-05
234 -9.844874562203989e-06
235 -9.993831453022769e-06
236 -1.0126058510934324e-05
237 -1.0180758965838462e-05
238 -1.015658705389078e-05
239 -1.0022288046763091e-05
240 -1.0172912518754217e-05
241 -1.0044296753465677e-05
242 -1.0034631449958427e-05
243 -1.0043693917245938e-05
244 -9.988592910325298e-06
245 -9.813656989405986e-06
246 -9.884644931369513e-06
247 -1.0152679510721308e-05
248 -9.98313483461618e-06
249 -1.0111071638710611e-05
250 -1.0085926966690226e-05
251 -1.0039001588878609e-05
252 -9.950115722040692e-06
253 -9.869328313745798e-06
254 -9.966221310670474e-06
255 -1.026608511581445e-05
256 -1.0093891414436764e-05
257 -1.0004430202062528e-05
258 -1.0065448991309158e-05
259 -1.0049758221417225e-05
260 -1.0217192470008554e-05
261 -9.860541532280055e-06
262 -1.0115070015337915e-05
263 -1.0230217413380294e-05
264 -1.0315039272802101e-05
265 -1.0126353888647623e-05
266 -1.010280881322548e-05
267 -1.0181809081912942e-05
268 -1.0323337175085648e-05
269 -1.0130741065485123e-05
270 -9.997366555882958e-06
271 -1.0330677015602265e-05
272 -1.009492139112665e-05
273 -1.0044859262939847e-05
274 -1.0037421484277563e-05
275 -1.0319748918841304e-05
276 -1.0132843008753813e-05
277 -1.0050376437470044e-05
278 -1.013431700787375e-05
279 -9.995764513376856e-06
280 -1.0275613327388123e-05
281 -1.015686420336454e-05
282 -1.012977793143758e-05
283 -1.0280745041849024e-05
284 -1.0053166848866539e-05
285 -1.0072155520451351e-05
286 -1.0086891005324688e-05
287 -1.011984342960284e-05
288 -1.0323910779119784e-05
289 -1.0069595297007699e-05
290 -1.0041933178910107e-05
291 -1.0045209460504896e-05
292 -1.0224066747104425e-05
293 -1.01076562552886e-05
294 -1.0187646947308775e-05
295 -1.024285244878601e-05
296 -1.0009128823771368e-05
297 -1.0175005574285476e-05
298 -1.0027716652652224e-05
299 -1.0269007624589568e-05
