0 -5.0001638654040784e-06
1 -4.877907003139262e-06
2 -5.092434387237591e-06
3 -5.004485726446291e-06
4 -4.85311601074994e-06
5 -4.987728101672877e-06
6 -4.8875005893959995e-06
7 -4.861964149326933e-06
8 -4.670167754852544e-06
9 -5.05168975838868e-06
10 -5.035755566425946e-06
11 -4.630140086540844e-06
12 -4.790521159352184e-06
13 -4.675270627830307e-06
14 -4.726774817819577e-06
15 -4.869924735439632e-06
16 -4.850801917319292e-06
17 -5.330328836044733e-06
18 -4.95831206605201e-06
19 -4.390114201294846e-06
20 -4.9197450374279535e-06
21 -4.647733849899391e-06
22 -4.96593099319644e-06
23 -4.887268242094237e-06
24 -4.982248280662696e-06
25 -4.796354399747268e-06
26 -4.927071536100544e-06
27 -4.830699498499683e-06
28 -4.704104423730359e-06
29 -4.978019519615019e-06
30 -4.813518127640386e-06
31 -4.855504447742971e-06
32 -4.8255420249718905e-06
33 -5.027106838063873e-06
34 -5.338264140328671e-06
35 -4.978699588269123e-06
36 -4.7601062654978535e-06
37 -5.068622940936864e-06
38 -4.879228149965049e-06
39 -5.013285023936735e-06
40 -4.907879246228918e-06
41 -4.734603308313308e-06
42 -5.093670888159201e-06
43 -4.945563562777124e-06
44 -4.722867451981064e-06
45 -4.934534451784864e-06
46 -4.8492764502394e-06
47 -4.950617122576533e-06
48 -4.8373272018315764e-06
49 -4.58177753898292e-06
50 -4.820436442973249e-06
51 -4.993648870827825e-06
52 -4.957799043356894e-06
53 -4.9397769663940315e-06
54 -4.882685544177007e-06
55 -5.12539174943712e-06
56 -4.937321741657289e-06
57 -4.688476576047217e-06
58 -4.841125609543071e-06
59 -4.750353401458795e-06
60 -4.806354109243085e-06
61 -4.860860114111816e-06
62 -4.870567682631429e-06
63 -4.944220821462424e-06
64 -4.743670316465221e-06
65 -5.089573460458634e-06
66 -5.07049858089237e-06
67 -5.001163219973212e-06
68 -4.800442975519252e-06
69 -4.88292109619496e-06
70 -4.993589943191118e-06
71 -4.7288256444775485e-06
72 -4.524339087562008e-06
73 -4.6572032563750645e-06
74 -5.046794779847328e-06
75 -4.775507989945911e-06
76 -4.746537963729567e-06
77 -4.914219718340673e-06
78 -4.719252392428982e-06
79 -5.0774696945674024e-06
80 -4.930315807218872e-06
81 -4.703880362543929e-06
82 -4.899143137933123e-06
83 -4.904324984668825e-06
84 -4.806161819805127e-06
85 -5.03472974249199e-06
86 -4.895996085258424e-06
87 -4.957773294136684e-06
88 -4.806547990240844e-06
89 -4.839216523948822e-06
90 -4.997867587060233e-06
91 -4.850615295779563e-06
92 -4.790208491739626e-06
93 -4.981651145811111e-06
94 -4.889787585554163e-06
95 -5.014588647337979e-06
96 -4.944865245527259e-06
97 -4.783754119603355e-06
98 -4.999743533894237e-06
99 -5.115713832400513e-06
100 -4.979586805720106e-06
101 -4.949322096950241e-06
102 -4.9510046228643935e-06
103 -4.655703009571011e-06
104 -4.77642901387496e-06
105 -4.895195043579359e-06
106 -4.881124848414558e-06
107 -4.864958867468986e-06
108 -4.771683174544983e-06
109 -4.732870057040104e-06
110 -4.666645055185986e-06
111 -4.927104340664558e-06
112 -5.029736725690416e-06
113 -4.6587398947186414e-06
114 -4.332328009152409e-06
115 -5.041164285999752e-06
116 -4.871705470067141e-06
117 -5.1682240029806706e-06
118 -4.872679257841668e-06
119 -4.883837763101636e-06
120 -4.966911959621513e-06
121 -4.910170753860321e-06
122 -4.732188182044151e-06
123 -4.909344849113441e-06
124 -4.672749631935471e-06
125 -4.573784049297575e-06
126 -4.541435329813885e-06
127 -4.966546017522341e-06
128 -4.86763143702344e-06
129 -5.236507987494559e-06
130 -4.640108595159944e-06
131 -4.763737880784524e-06
132 -4.934872330441597e-06
133 -4.938063383881421e-06
134 -4.8310472989084854e-06
135 -4.817590813002618e-06
136 -4.741959391419083e-06
137 -4.7896163699397655e-06
138 -4.80602773290167e-06
139 -4.888879481283138e-06
140 -4.89134115050067e-06
141 -4.7624511314647445e-06
142 -4.6153819652692485e-06
143 -4.82827740219336e-06
144 -4.668800680760877e-06
145 -4.894112073238744e-06
146 -4.985155635528294e-06
147 -4.861145871068067e-06
148 -4.860000085505971e-06
149 -4.495498730166204e-06
150 -4.727554416796639e-06
151 -4.866224465254722e-06
152 -4.740439018109953e-06
153 -4.963520893915568e-06
154 -4.672045448931839e-06
155 -5.011551131560162e-06
156 -5.0497671829310375e-06
157 -4.800221468063882e-06
158 -4.863115160796628e-06
159 -4.510974292067745e-06
160 -4.6477838874117125e-06
161 -4.9432903872042795e-06
162 -4.693878274200279e-06
163 -4.906809422892067e-06
164 -5.0476777928428985e-06
165 -4.672210402343159e-06
166 -5.07531218018899e-06
167 -4.992094624936047e-06
168 -4.774642807177391e-06
169 -4.9139654472979265e-06
170 -4.71673998460475e-06
171 -4.606585379157272e-06
172 -4.851996652739424e-06
173 -4.721805304447636e-06
174 -4.797982424046764e-06
175 -4.7642610501890165e-06
176 -4.958394818695489e-06
177 -4.821156367047163e-06
178 -4.925792769204615e-06
179 -4.88312177828849e-06
180 -5.3584065809220826e-06
181 -4.9747527033520416e-06
182 -4.949546600072026e-06
183 -4.660666340347326e-06
184 -4.850885153879947e-06
185 -4.784188450042967e-06
186 -5.066759415624653e-06
187 -4.976907751553354e-06
188 -4.837656493960355e-06
189 -4.51411836183462e-06
190 -4.738958039726535e-06
191 -4.499631245943276e-06
192 -4.989181203911339e-06
193 -4.731035503705818e-06
194 -5.259521771414431e-06
195 -5.35385993904664e-06
196 -4.596456291925903e-06
197 -4.6729541643806585e-06
198 -4.764518745973654e-06
199 -4.73693074858732e-06
200 -4.947933811320022e-06
201 -4.75877647989758e-06
202 -5.014049613480184e-06
203 -5.149827117132042e-06
204 -4.75606067027806e-06
205 -5.023341952138353e-06
206 -5.072400003943604e-06
207 -4.758137748561303e-06
208 -4.906369277126938e-06
209 -4.996414694348391e-06
210 -4.7422404520901055e-06
211 -4.852970486803416e-06
212 -4.7530823144648604e-06
213 -4.889071129758409e-06
214 -4.711312202526335e-06
215 -4.966058988915165e-06
216 -5.4814250827739745e-06
217 -4.602176715862401e-06
218 -4.7660201810572425e-06
219 -4.776979515988981e-06
220 -4.823513401885325e-06
221 -5.159941980233949e-06
222 -5.020060634974427e-06
223 -4.946874683528703e-06
224 -4.8523220370198836e-06
225 -5.086032450412526e-06
226 -4.714379648163724e-06
227 -4.974489912555962e-06
228 -4.758321344894955e-06
229 -4.904192606272727e-06
230 -4.929441161810273e-06
231 -4.82510948396125e-06
232 -4.951178148267973e-06
233 -4.959403631936987e-06
234 -4.560981363004363e-06
235 -4.931545453507018e-06
236 -4.8342842901257564e-06
237 -4.9302497119122285e-06
238 -4.7909586790757155e-06
239 -4.822979009115919e-06
240 -4.810228990825711e-06
241 -4.925749696963504e-06
242 -4.720825395810992e-06
243 -4.984128611492105e-06
244 -4.851953762624948e-06
245 -4.7299981780447974e-06
246 -4.7992991584577566e-06
247 -5.042703538392351e-06
248 -4.925162889564448e-06
249 -4.907380220737518e-06
250 -5.068555769119539e-06
251 -4.8676726955388906e-06
252 -4.609639296979365e-06
253 -4.722649719435469e-06
254 -4.724894367383133e-06
255 -4.935783435504274e-06
256 -4.877235451861891e-06
257 -4.8909489849789014e-06
258 -5.129433930963001e-06
259 -4.7229342577989784e-06
260 -4.96662044568297e-06
261 -4.802101051663656e-06
262 -5.1093931652920945e-06
263 -5.148101509337484e-06
264 -4.825522861256747e-06
265 -5.042536342298332e-06
266 -4.7908702798002e-06
267 -4.898011082477112e-06
268 -5.173902820866505e-06
269 -4.976066668356056e-06
270 -4.91931272730656e-06
271 -4.7281573187484725e-06
272 -4.857145359385809e-06
273 -5.034493633252497e-06
274 -4.720440216307978e-06
275 -5.034221147845264e-06
276 -4.669677918612779e-06
277 -5.071470271848468e-06
278 -4.749730605342433e-06
279 -5.067028625626319e-06
280 -4.8927543127655885e-06
281 -5.0294753227642295e-06
282 -4.948119181135975e-06
283 -5.013936209199988e-06
284 -5.021109864912863e-06
285 -5.1125408783860116e-06
286 -4.857580186119102e-06
287 -4.5476719256294185e-06
288 -4.999119758092389e-06
289 -4.753840350527779e-06
290 -4.820720748905125e-06
291 -4.784792576758883e-06
292 -4.850004916358099e-06
293 -4.9184108067006926e-06
294 -5.140691618248363e-06
295 -4.7274724883209156e-06
296 -4.873313784588274e-06
297 -5.339113897763115e-06
298 -4.927897360496084e-06
299 -4.924629260310964e-06
