0 1.3754251950583026e-05
1 1.3945247368420013e-05
2 1.3951272098820501e-05
3 1.3775207603111391e-05
4 1.3870689856624839e-05
5 1.3961428863450407e-05
6 1.3960122048284196e-05
7 1.4078118294683141e-05
8 1.400820034926799e-05
9 1.3991482570100577e-05
10 1.4011435663029319e-05
11 1.4095949315844448e-05
12 1.4129768916287707e-05
13 1.4021216929681395e-05
14 1.3994955594046841e-05
15 1.4014510960602271e-05
16 1.4076582173509816e-05
17 1.3966319421638784e-05
18 1.369581899862218e-05
19 1.4312556252286631e-05
20 1.3837103137748133e-05
21 1.4130168517557256e-05
22 1.3889436155523153e-05
23 1.3949130069331497e-05
24 1.392996401557662e-05
25 1.3807779033255507e-05
26 1.3979669837003836e-05
27 1.39466878342402e-05
28 1.4133700736967902e-05
29 1.3889435611808146e-05
30 1.3908110424861588e-05
31 1.4002546364297135e-05
32 1.4025707333290872e-05
33 1.3906931662107827e-05
34 1.3831193928570942e-05
35 1.3874430388336291e-05
36 1.3918885728190456e-05
37 1.3744590391158785e-05
38 1.398448585592193e-05
39 1.3984087265613745e-05
40 1.3872899529202536e-05
41 1.4058172308790144e-05
42 1.3984116685308228e-05
43 1.3824661124340976e-05
44 1.4070431835657982e-05
45 1.4117058347628279e-05
46 1.3916254537996964e-05
47 1.387904391395165e-05
48 1.398740493797174e-05
49 1.400810645001274e-05
50 1.4135212885251268e-05
51 1.3818957253947657e-05
52 1.4067483391752964e-05
53 1.3921664764315917e-05
54 1.3965231598324134e-05
55 1.3880853317831798e-05
56 1.3838211250958228e-05
57 1.3795620332999909e-05
58 1.3846692518334842e-05
59 1.4026933958441349e-05
60 1.417350093778372e-05
61 1.4013754774007605e-05
62 1.3760022139810583e-05
63 1.3916577903466086e-05
64 1.4044650514275894e-05
65 1.3836545375975738e-05
66 1.3799350576293924e-05
67 1.385157866227458e-05
68 1.4030612767395354e-05
69 1.3859005364576832e-05
70 1.3975031956243523e-05
71 1.4048195448474181e-05
72 1.4160064090011139e-05
73 1.4057280118572294e-05
74 1.3860936911906057e-05
75 1.3981140002324397e-05
76 1.3923709521096563e-05
77 1.4188746816085712e-05
78 1.3968395637277423e-05
79 1.3968312120765708e-05
80 1.387020195831933e-05
81 1.3971963882270695e-05
82 1.3889032522416592e-05
83 1.3866427831187714e-05
84 1.4179095250302428e-05
85 1.3997906566849612e-05
86 1.4017137450739828e-05
87 1.3912070551561568e-05
88 1.3930124650267039e-05
89 1.4052983432715229e-05
90 1.4074770018313365e-05
91 1.393789889147666e-05
92 1.4015354309051704e-05
93 1.386192845223255e-05
94 1.393488177489624e-05
95 1.3930499435300576e-05
96 1.3987884242271884e-05
97 1.4166004643658616e-05
98 1.3870059938020146e-05
99 1.3823760877146776e-05
100 1.3794599560233216e-05
101 1.3966817409713124e-05
102 1.4033502162727824e-05
103 1.3966540363587656e-05
104 1.4158611857191527e-05
105 1.4039303124447146e-05
106 1.3970393707379334e-05
107 1.3956666264321115e-05
108 1.4193565531255578e-05
109 1.4000737377305113e-05
110 1.3890374471216294e-05
111 1.3994507907779128e-05
112 1.4041068512987474e-05
113 1.4006358833579606e-05
114 1.3997282753847107e-05
115 1.3836921941852082e-05
116 1.3985454470131312e-05
117 1.4016794653097483e-05
118 1.4005848534111718e-05
119 1.39838530679377e-05
120 1.4071015079384647e-05
121 1.3929207033481826e-05
122 1.4093588771164034e-05
123 1.3940358502394069e-05
124 1.4028143996548604e-05
125 1.4153063411076796e-05
126 1.4017162194970336e-05
127 1.420192615957168e-05
128 1.4002224699595223e-05
129 1.3860002107576362e-05
130 1.4127709416469004e-05
131 1.4067131707189474e-05
132 1.3963996902878918e-05
133 1.3960204183688766e-05
134 1.4018643420573155e-05
135 1.4208668771539131e-05
136 1.4077056765107515e-05
137 1.3807744504125076e-05
138 1.4201662983319148e-05
139 1.3748557845769121e-05
140 1.4069267369818992e-05
141 1.4185468684971864e-05
142 1.3986005088962317e-05
143 1.4003058477124108e-05
144 1.401354648322678e-05
145 1.3967573109894411e-05
146 1.4043608552779589e-05
147 1.3817494303157247e-05
148 1.4058488878500917e-05
149 1.415625708272625e-05
150 1.4084402978466739e-05
151 1.3988498175660875e-05
152 1.3999568719974557e-05
153 1.3822602723565792e-05
154 1.403860765969901e-05
155 1.3921619412673152e-05
156 1.4153465394707142e-05
157 1.406884057058564e-05
158 1.4111744544692222e-05
159 1.3917408317021881e-05
160 1.4228718780299391e-05
161 1.3908734598658148e-05
162 1.38496603378368e-05
163 1.4188720759982829e-05
164 1.3903051304678778e-05
165 1.3811150959391015e-05
166 1.380576575402061e-05
167 1.3978435545586556e-05
168 1.4043579200131994e-05
169 1.3952027877906754e-05
170 1.4176198904716183e-05
171 1.4214492796713289e-05
172 1.4152807895801903e-05
173 1.3978575893224255e-05
174 1.4008812212367282e-05
175 1.4125002100968838e-05
176 1.3925810537622446e-05
177 1.3985873979647714e-05
178 1.3922249472854887e-05
179 1.4067535714866806e-05
180 1.3924282144472176e-05
181 1.4066267556283512e-05
182 1.3925471601275133e-05
183 1.3921301030516989e-05
184 1.392729215835773e-05
185 1.3900042202344278e-05
186 1.3851817731220374e-05
187 1.3901256985418291e-05
188 1.397007619256594e-05
189 1.4184454120978972e-05
190 1.415410254288698e-05
191 1.4179594139588198e-05
192 1.3995040761717099e-05
193 1.4025405036360282e-05
194 1.3897101284292975e-05
195 1.3849033025071455e-05
196 1.3941433698702281e-05
197 1.4036206628498751e-05
198 1.3745205813678769e-05
199 1.389754522484511e-05
200 1.4008221549879075e-05
201 1.4043946835842919e-05
202 1.4013525403221536e-05
203 1.3852019788054393e-05
204 1.3891504980994665e-05
205 1.400464209105859e-05
206 1.396118041905874e-05
207 1.4001624126863811e-05
208 1.3966135623019786e-05
209 1.3836719689978707e-05
210 1.4001770964836458e-05
211 1.396249380125952e-05
212 1.3915102536852882e-05
213 1.4061541022552586e-05
214 1.4025973258804192e-05
215 1.4221602532336157e-05
216 1.353219700182486e-05
217 1.4047479558608593e-05
218 1.4036950647693915e-05
219 1.4008816994715084e-05
220 1.3934857710397415e-05
221 1.3776286944829276e-05
222 1.4023429675884244e-05
223 1.3910258018816694e-05
224 1.3816932565847257e-05
225 1.3956112834141919e-05
226 1.4082950922346994e-05
227 1.3886034176352492e-05
228 1.3794232431685051e-05
229 1.4056338244532773e-05
230 1.3803263257274786e-05
231 1.4008353460960411e-05
232 1.39223370128032e-05
233 1.3891158471702823e-05
234 1.3958973116962456e-05
235 1.3888840177612678e-05
236 1.3994519543024305e-05
237 1.4077887319138127e-05
238 1.4013054383231006e-05
239 1.3990403535126238e-05
240 1.4101519974077192e-05
241 1.3920509901862977e-05
242 1.4018789735672054e-05
243 1.391373024812569e-05
244 1.392486165071097e-05
245 1.3862132432943564e-05
246 1.395807073907321e-05
247 1.395119274343826e-05
248 1.3846686877874224e-05
249 1.3996226183075647e-05
250 1.3842844298612076e-05
251 1.391851925504381e-05
252 1.4029391039755405e-05
253 1.3888964395305428e-05
254 1.3842162680218531e-05
255 1.4072141765121464e-05
256 1.398801139084588e-05
257 1.3894542021016262e-05
258 1.379090655174901e-05
259 1.404865009993503e-05
260 1.3987457105858095e-05
261 1.3903850272322875e-05
262 1.3828007692420784e-05
263 1.387419577694657e-05
264 1.4167464361043844e-05
265 1.3837046025029931e-05
266 1.410407435431957e-05
267 1.4015767212445301e-05
268 1.3925941543680098e-05
269 1.3917681868389265e-05
270 1.397696807968387e-05
271 1.4231856879625086e-05
272 1.4003024201547661e-05
273 1.3784926519895652e-05
274 1.4029726887665524e-05
275 1.4053210662605869e-05
276 1.4179772825764117e-05
277 1.3889064029378063e-05
278 1.412341518256258e-05
279 1.376422241968706e-05
280 1.4128015785028979e-05
281 1.3904641079862404e-05
282 1.4074901235669475e-05
283 1.4119742852006541e-05
284 1.3944594437658031e-05
285 1.3781328505092548e-05
286 1.3995291076931664e-05
287 1.4212128242296704e-05
288 1.4055137989801926e-05
289 1.4128351039025689e-05
290 1.4025220536357612e-05
291 1.3954769844198481e-05
292 1.4168246127097326e-05
293 1.3959537178866604e-05
294 1.399702626694064e-05
295 1.4159299841149801e-05
296 1.3780559920490029e-05
297 1.3739179950806667e-05
298 1.3939595397962886e-05
299 1.4049459733983039e-05
