0 -7.35179837668399e-08
1 -6.88458191058724e-08
2 -6.647751646227571e-08
3 -3.966875481469041e-08
4 -5.110966253966224e-08
5 -7.314896840716415e-08
6 -8.318592219046271e-08
7 -1.1789825680595103e-07
8 -2.6384287212448753e-08
9 -7.304585949010534e-08
10 -1.145383406926318e-07
11 -1.380625119540065e-07
12 -7.86194747027112e-08
13 -7.371727319807684e-08
14 -1.0466669552420357e-07
15 -1.2628286060998296e-07
16 -9.801356550844639e-08
17 -4.180759392466448e-08
18 -4.6737318287354755e-08
19 -2.0876825410289762e-07
20 -8.010251836633295e-08
21 -8.676434523979969e-08
22 -6.764326833300417e-08
23 -1.021185380414792e-07
24 -1.0105977734323967e-07
25 -1.1898200572174819e-07
26 -9.968115816639905e-08
27 -6.206007270449897e-08
28 -1.4140775739301374e-07
29 -7.020347589210488e-08
30 -8.064783572388977e-08
31 -6.207856924044818e-08
32 -1.4568361658062029e-07
33 -7.171382136640671e-08
34 -1.9657904838600518e-08
35 -9.762558612437002e-08
36 -8.24123782319474e-08
37 -6.391147266754832e-08
38 -1.1023173984942101e-07
39 -5.2669601355348476e-08
40 -4.501928579144752e-08
41 -1.166761761041544e-07
42 -9.433303079878496e-08
43 -1.0943241667053362e-07
44 -1.3281485694232261e-07
45 -1.0127040650799529e-07
46 -8.850207082996821e-08
47 -4.546732236739084e-08
48 -8.095038109557536e-08
49 -2.0534749097322256e-07
50 -9.575827354249807e-08
51 -1.2802615681690679e-07
52 -8.515783313906864e-08
53 -6.134545212348754e-08
54 -1.6662597894146992e-07
55 -9.171360114956138e-08
56 -3.680904539455849e-08
57 -1.1977743373583767e-07
58 -5.526488387204209e-08
59 -9.752718584222844e-08
60 -9.788689587012926e-08
61 -1.5507067634712137e-07
62 -6.501188013077374e-08
63 -4.0725785042225934e-08
64 -1.5244010542889854e-07
65 -6.253402286121118e-08
66 -3.0896505161047645e-08
67 -5.476998291048778e-08
68 -8.561729015515072e-08
69 -1.080608788164379e-07
70 -9.788127648386568e-08
71 -1.0212407083904509e-07
72 -1.3184887860990108e-07
73 -1.4797279998906056e-07
74 -4.8792852350358124e-08
75 -1.423530035427477e-07
76 -7.120743706004488e-08
77 -9.257369572727121e-08
78 -1.38986298567616e-07
79 -8.59176368792212e-08
80 -7.420370303038397e-08
81 -6.73600645468214e-08
82 -4.612570944944957e-08
83 -5.402815994856125e-08
84 -1.1414304081285892e-07
85 -7.989945604966196e-08
86 -9.800288166587178e-08
87 -1.1375263032657762e-07
88 -8.98619295242398e-08
89 -1.0393058325786611e-07
90 -9.861500526713784e-08
91 -7.120642814180112e-08
92 -1.409943742136099e-07
93 -3.907165605689914e-08
94 -1.1798924501397555e-07
95 -6.258334546385816e-08
96 -1.3745649555483321e-07
97 -1.1530347432647781e-07
98 -6.738759459920088e-08
99 -5.642487419415294e-08
100 -7.336527379269419e-08
101 -1.247183651939612e-07
102 -9.162046827526207e-08
103 -9.634428963214406e-08
104 -1.314526577030659e-07
105 -1.0774762432925879e-07
106 -1.0991719248860868e-07
107 -8.170010521267068e-08
108 -1.1038220820791843e-07
109 -1.0624480472611549e-07
110 -8.131560193391987e-08
111 -4.8269533322256426e-08
112 -1.5373464988130368e-07
113 -1.0168716965710326e-07
114 -1.5442257122507702e-07
115 -5.327369819753226e-08
116 -9.603325185751965e-08
117 -5.028265674683742e-08
118 -1.2283583736125399e-07
119 -7.30240555784309e-08
120 -5.394374253719278e-08
121 -1.6472146637862466e-07
122 -1.586761121173733e-07
123 -9.831053910896831e-08
124 -9.997620937905594e-08
125 -2.046363203110769e-07
126 -1.358518690152031e-07
127 -8.321795332502128e-08
128 -1.7383188908846882e-07
129 -2.1521933181338687e-08
130 -1.467765537540615e-07
131 -1.0274757494389535e-07
132 -1.3677235723003075e-07
133 -8.659456774692104e-08
134 -9.489300769058292e-08
135 -1.1104541220250656e-07
136 -8.736042656285974e-08
137 -5.249617818403231e-08
138 -8.540861557697776e-08
139 -1.2153935834584584e-07
140 -1.3854945398715206e-07
141 -1.411977313705532e-07
142 -1.0496885055918847e-07
143 -1.1762843493591456e-07
144 -1.410037072665107e-07
145 -1.1441093643777751e-07
146 -6.710103997371375e-08
147 -1.0781512774814732e-07
148 -1.2451859953750565e-07
149 -1.8833312017650264e-07
150 -5.507578336035406e-08
151 -8.58716588961871e-08
152 -1.25327075951674e-07
153 -4.469177076922559e-08
154 -1.0793957556019222e-07
155 -1.2468716251033406e-07
156 -1.3713026512387173e-07
157 -1.21440228268882e-07
158 -1.1633244572550792e-07
159 -6.522145423324152e-08
160 -1.8329569589685075e-07
161 -3.7307878195277245e-08
162 -1.0955405235178227e-07
163 -8.969763031381957e-08
164 -5.8028627485537715e-08
165 -1.2833891314659305e-07
166 -4.9698261048641866e-08
167 -1.1374587668227218e-07
168 -6.336974659883895e-08
169 -4.866374040814337e-08
170 -8.85157470323497e-08
171 -1.214800033519762e-07
172 -5.868952887717297e-08
173 -1.2541357063423105e-07
174 -9.308773898187705e-08
175 -1.4774009735471117e-07
176 -1.4083901972316107e-08
177 -8.28537600420354e-08
178 -7.960312805851625e-08
179 -1.3149601460637117e-07
180 -5.087165297273138e-08
181 -9.730198604359893e-08
182 -7.497886278085961e-08
183 -7.683782885655867e-08
184 -7.764759844859765e-08
185 -6.607887091134269e-08
186 -5.3880670789675574e-08
187 -5.5430977785522657e-08
188 -1.1228461722376509e-07
189 -1.4153310404087583e-07
190 -1.8905003141419005e-07
191 -1.0948059195836823e-07
192 -4.903871018638781e-08
193 -1.2838984719959895e-07
194 4.538415437042718e-09
195 -5.4261725834734414e-08
196 -1.0318752331098476e-07
197 -1.0889498626363841e-07
198 -9.754993726909928e-08
199 -9.316380654417541e-08
200 -1.7957184862110553e-08
201 -1.1701386668189468e-07
202 -6.876387362471079e-08
203 -2.1613919551683055e-08
204 -1.1079524999297884e-07
205 -7.574515547620294e-08
206 -1.0673075149932166e-07
207 -4.5614497953800885e-08
208 -4.190932755793301e-08
209 -7.155433121989664e-08
210 -1.1066840764238868e-07
211 -1.0476272480169935e-07
212 -9.138525853724938e-08
213 -9.907142673890047e-09
214 -8.182828215321022e-08
215 -6.745084144028794e-08
216 1.555558730843229e-08
217 -1.3961729469076316e-07
218 -8.327295710271227e-08
219 -8.619613680640859e-08
220 -8.794730742762703e-08
221 -8.756219131437299e-08
222 -1.855104707654525e-08
223 -6.46605162389383e-08
224 -3.916652649877138e-08
225 -2.9451635935019356e-08
226 -1.3752331685880164e-07
227 -6.854769165112099e-08
228 -9.378206723684194e-08
229 -9.757692547048578e-08
230 -9.503747196724779e-08
231 -9.458603771237717e-08
232 -8.286848743100353e-08
233 -8.688122794186994e-08
234 -1.368651906250729e-07
235 -2.893462449202126e-08
236 -7.377266085432231e-08
237 -1.4788110475501466e-07
238 -1.6800042731696977e-07
239 -1.14282954686151e-07
240 -1.2851352134892426e-07
241 -9.778398678815823e-08
242 -1.1300528686319822e-07
243 -5.696670739118942e-08
244 -5.4546703418770885e-08
245 -1.1920251562411716e-07
246 -4.02187606802607e-08
247 -9.424828870350142e-08
248 -5.13682138700213e-08
249 -8.006164110119213e-08
250 -3.6801409341507704e-08
251 -8.553286221853269e-08
252 -7.439719802196766e-08
253 -9.963297054460822e-08
254 -1.4153144680119584e-07
255 -1.0753268656141345e-07
256 -1.0718979485566948e-07
257 -1.0649692977858878e-07
258 -2.0266843488840715e-08
259 -1.8081762799260032e-07
260 -7.783800442452645e-08
261 -9.48659047781745e-08
262 -5.245647937179734e-08
263 -6.972450107374179e-08
264 -1.1342628549454293e-07
265 -1.4183407947524631e-08
266 -9.845663225027699e-08
267 -7.292043082064854e-08
268 -9.309422736778323e-08
269 -4.455875092884355e-08
270 -1.1879771125852862e-07
271 -7.927711552164169e-08
272 -1.1714914528534728e-07
273 -5.811464736442633e-08
274 -1.1634909284081287e-07
275 -6.226445989336395e-08
276 -1.5668518644513851e-07
277 -1.2283626780608315e-08
278 -5.2032943891765576e-08
279 -4.173074917469571e-08
280 -1.5354320452605925e-07
281 -6.059554165268326e-08
282 -1.8254515702466404e-08
283 -8.765100001570469e-08
284 -3.600808739096023e-08
285 -7.364958951547374e-08
286 -1.0513165739803767e-07
287 -1.3342640605578912e-07
288 -1.0611855250198984e-07
289 -1.4906609449353215e-07
290 -5.862363328687287e-08
291 -1.5154617547521963e-07
292 -1.0272155779307283e-07
293 -6.934274865679365e-08
294 -5.220166100375326e-08
295 -1.332844108910821e-07
296 -8.21752489934052e-08
297 -2.913254793269302e-08
298 -9.774018474284633e-08
299 -1.3465385660095118e-07
