0 -3.24809210060612e-06
1 -3.2814794645328183e-06
2 -3.153683128145772e-06
3 -3.220834034136177e-06
4 -3.3657119006502013e-06
5 -3.2104515068265056e-06
6 -3.1752539132555726e-06
7 -3.1243841690458077e-06
8 -3.359047918466165e-06
9 -3.2064927749861767e-06
10 -3.0522577849427923e-06
11 -3.179850134907192e-06
12 -3.2261421671112147e-06
13 -3.1620027897862234e-06
14 -3.1212026701895084e-06
15 -3.0159813240965656e-06
16 -3.1257203192655005e-06
17 -3.197030988563092e-06
18 -3.2755110158818914e-06
19 -2.9565382080756202e-06
20 -3.3807374413868114e-06
21 -3.140265901276585e-06
22 -3.2187344608000453e-06
23 -3.065150763779002e-06
24 -3.1959509834875074e-06
25 -3.1874191333618233e-06
26 -3.217120699596452e-06
27 -3.1679427932945416e-06
28 -3.081893457724024e-06
29 -3.246533412042137e-06
30 -3.2016881295500215e-06
31 -3.137574933661105e-06
32 -3.115215421126209e-06
33 -3.115740745652115e-06
34 -3.1527652199379863e-06
35 -3.0970288930272514e-06
36 -3.1954904679837953e-06
37 -3.0825113835892194e-06
38 -2.999027129637045e-06
39 -3.264635761572177e-06
40 -3.455763874327982e-06
41 -3.1380898860312106e-06
42 -3.0257297565361355e-06
43 -3.2229779943121603e-06
44 -3.0849068723944267e-06
45 -3.2387576263014807e-06
46 -3.203304822190441e-06
47 -3.177931075625762e-06
48 -3.2679343951149115e-06
49 -3.0688646216186642e-06
50 -3.2094333622745948e-06
51 -3.0232635699086476e-06
52 -3.167389121148332e-06
53 -3.158306268150728e-06
54 -3.007986869894096e-06
55 -3.1105140472332876e-06
56 -3.1399232949819913e-06
57 -3.278098265062862e-06
58 -3.16983766394789e-06
59 -3.252287502103591e-06
60 -3.234080039625205e-06
61 -3.0209586923421903e-06
62 -3.1832803997900368e-06
63 -3.227469679706189e-06
64 -3.120671306524553e-06
65 -3.1705458554677413e-06
66 -3.3902136476065283e-06
67 -3.1773786601366674e-06
68 -3.151392816355187e-06
69 -3.0908635279362804e-06
70 -3.048901589279705e-06
71 -3.1549017534099944e-06
72 -3.121017597685457e-06
73 -3.115664918894907e-06
74 -3.1272451435765858e-06
75 -3.0448740013372837e-06
76 -3.2135339916662668e-06
77 -3.201081289880278e-06
78 -3.0743750849294272e-06
79 -3.149076531424099e-06
80 -3.2163229409364117e-06
81 -3.243710768364189e-06
82 -3.2194110621269174e-06
83 -3.3955243913619783e-06
84 -3.1710551262127493e-06
85 -3.1602811755347696e-06
86 -3.0653194926639655e-06
87 -2.982713669434361e-06
88 -3.2771618869111412e-06
89 -3.1462772998084995e-06
90 -3.1609531327692712e-06
91 -3.239079818500741e-06
92 -2.936562825446499e-06
93 -3.2478903541488116e-06
94 -3.1412045771133504e-06
95 -3.287662988013044e-06
96 -3.1375226687733543e-06
97 -3.0064046238220955e-06
98 -3.1314360744530796e-06
99 -3.2042035711713388e-06
100 -3.2589166034805417e-06
101 -3.0862836304861682e-06
102 -3.0011509210674957e-06
103 -3.2254846680393592e-06
104 -3.070520159970326e-06
105 -3.120387773998437e-06
106 -3.123879997788156e-06
107 -3.1219301762381966e-06
108 -3.134312576975352e-06
109 -3.1374221773103153e-06
110 -3.2424337172151187e-06
111 -3.0758110962808307e-06
112 -2.9985785646588855e-06
113 -3.2211810191914706e-06
114 -3.3233282939561232e-06
115 -3.1814042970468163e-06
116 -3.131767762687765e-06
117 -3.153387972275627e-06
118 -3.082818112669243e-06
119 -3.1430257544439828e-06
120 -3.0956586448281566e-06
121 -3.100067684937113e-06
122 -3.121896579022545e-06
123 -3.209574149462677e-06
124 -3.2773241370807237e-06
125 -3.045864983079315e-06
126 -3.1519632233690397e-06
127 -3.0981477676326944e-06
128 -2.9146246821128116e-06
129 -3.238711889697688e-06
130 -2.955296453327151e-06
131 -3.1747135432720576e-06
132 -3.0834738175942436e-06
133 -3.3825725704592043e-06
134 -3.158680163366826e-06
135 -2.9897620767593344e-06
136 -3.2325572024871737e-06
137 -3.267966736592313e-06
138 -3.2212659670198857e-06
139 -3.1279640175502468e-06
140 -3.0125065358722653e-06
141 -3.1638454833421387e-06
142 -3.273817880760321e-06
143 -3.016606903506364e-06
144 -3.0770358394766102e-06
145 -3.152139430945479e-06
146 -3.1958919951055035e-06
147 -3.010807444708974e-06
148 -3.1039551045478377e-06
149 -2.928888310641472e-06
150 -3.2930659117444077e-06
151 -3.3035761856508003e-06
152 -3.209926664864176e-06
153 -3.310020005926312e-06
154 -3.2139721251146854e-06
155 -3.050043976242293e-06
156 -2.9496281865284178e-06
157 -3.1678105003229194e-06
158 -3.0807675136053876e-06
159 -3.376587349371423e-06
160 -2.9177372224490174e-06
161 -3.050635400541787e-06
162 -3.257663685131004e-06
163 -3.1514632928546593e-06
164 -3.2022171586656872e-06
165 -3.116901124470042e-06
166 -3.270825097781112e-06
167 -3.1914868130417737e-06
168 -3.1711774990363462e-06
169 -3.151761355201421e-06
170 -3.186976010406203e-06
171 -3.1399982024320288e-06
172 -3.0998915284266483e-06
173 -3.2491741828294328e-06
174 -3.126638052043505e-06
175 -3.0559275087185195e-06
176 -3.3230701249010894e-06
177 -3.13727407063617e-06
178 -3.1696160682749405e-06
179 -2.977188337614527e-06
180 -3.1182709438626192e-06
181 -3.1796052765682897e-06
182 -3.237598859329559e-06
183 -3.238758997182181e-06
184 -3.2735338995459436e-06
185 -3.185251069273151e-06
186 -3.1155620273683745e-06
187 -3.2126518113158132e-06
188 -3.0769679126918624e-06
189 -3.1244427109794405e-06
190 -2.9758357506398087e-06
191 -3.2262637015762736e-06
192 -3.2545291047005374e-06
193 -3.0616639822933604e-06
194 -3.2278816782111643e-06
195 -3.3249217381207695e-06
196 -3.179030196904206e-06
197 -3.1761957499964266e-06
198 -3.1118747960073966e-06
199 -3.173902963627585e-06
200 -3.2455122793353487e-06
201 -3.1946227712487266e-06
202 -3.166043699730397e-06
203 -3.1947006011478225e-06
204 -3.227627894480245e-06
205 -3.2496786604009664e-06
206 -3.191111639155713e-06
207 -3.341562143859774e-06
208 -3.2590411034071223e-06
209 -3.1179655803483356e-06
210 -3.13368439757658e-06
211 -3.294556588814209e-06
212 -3.227240021038843e-06
213 -3.324792482716851e-06
214 -3.2017342207978045e-06
215 -3.137809512877272e-06
216 -3.273337133625597e-06
217 -3.1329085357245484e-06
218 -3.1296169121550816e-06
219 -3.1391931564140857e-06
220 -3.110682755553987e-06
221 -3.247693986519591e-06
222 -3.2739823797069113e-06
223 -3.3321378321605664e-06
224 -3.2961009021440843e-06
225 -3.2289590890480624e-06
226 -3.167769880165184e-06
227 -3.2976126159118552e-06
228 -3.2090161558628686e-06
229 -3.1319264951304817e-06
230 -3.177142032789803e-06
231 -3.127823077169286e-06
232 -3.1595552474539145e-06
233 -3.1339528342660765e-06
234 -3.1469518742522217e-06
235 -3.2766687499503552e-06
236 -3.1392839248126784e-06
237 -3.1241912809668646e-06
238 -2.9926731259077737e-06
239 -3.201432277739207e-06
240 -3.0932725505550665e-06
241 -3.1718364541620244e-06
242 -3.1343618961890017e-06
243 -3.2457574476317877e-06
244 -3.2679593596032263e-06
245 -3.269283431367918e-06
246 -3.3509378448502437e-06
247 -3.1900066094748332e-06
248 -3.244307822891709e-06
249 -3.2001344717827193e-06
250 -3.267167235417402e-06
251 -3.1671721047778854e-06
252 -3.1835451964521595e-06
253 -3.2179006065810854e-06
254 -3.038507447944617e-06
255 -3.0613208147390986e-06
256 -3.144294809376895e-06
257 -3.159418822250351e-06
258 -3.273777038961232e-06
259 -3.0743091609325982e-06
260 -3.0997326864258407e-06
261 -3.3060741470793305e-06
262 -3.210876103098442e-06
263 -3.139227972329968e-06
264 -3.027081095533979e-06
265 -3.1743380309515445e-06
266 -3.1933273276402317e-06
267 -3.117338401447119e-06
268 -3.061359345365221e-06
269 -3.1842462674361052e-06
270 -3.2670179242394423e-06
271 -2.9917133811406988e-06
272 -3.145662015201023e-06
273 -3.2068569971507997e-06
274 -3.1180066221126606e-06
275 -3.0902875451766478e-06
276 -3.0790742381754563e-06
277 -3.3547360207336877e-06
278 -3.1804354256524463e-06
279 -3.2940422491276716e-06
280 -3.018030015705774e-06
281 -3.202217782232323e-06
282 -3.310660117165178e-06
283 -3.178051097232406e-06
284 -3.3512335339310575e-06
285 -3.1951107559787727e-06
286 -3.1619863516105232e-06
287 -3.065913092035497e-06
288 -3.0439572634004434e-06
289 -3.179483044702281e-06
290 -3.2215073643168894e-06
291 -3.041099705310805e-06
292 -3.1232368277408e-06
293 -3.191285455654006e-06
294 -3.308606659269848e-06
295 -2.9712445732824476e-06
296 -3.0937464550856225e-06
297 -3.24353182252168e-06
298 -3.212031079142517e-06
299 -3.025092721356832e-06
