0 -2.897600014493373e-07
1 -2.920479205908888e-07
2 -2.836469495026871e-07
3 -2.9742345953035573e-07
4 -3.137513899335471e-07
5 -3.1725028660440167e-07
6 -2.8461937395625707e-07
7 -2.950946736633551e-07
8 -3.027811845059903e-07
9 -2.9759617622581657e-07
10 -2.882835586131033e-07
11 -3.45630400368154e-07
12 -3.0489568774628527e-07
13 -3.222341742579788e-07
14 -2.9807850193538854e-07
15 -2.6393299670308385e-07
16 -2.463892174632303e-07
17 -2.617192455340234e-07
18 -3.0145429026168817e-07
19 -2.6104477681144536e-07
20 -3.414961397080095e-07
21 -2.8561381877139085e-07
22 -2.8873290148361966e-07
23 -2.7043526911567566e-07
24 -3.1303228196760444e-07
25 -3.1465313481079483e-07
26 -3.1636039416749114e-07
27 -2.5294968105102723e-07
28 -2.866661892475545e-07
29 -2.9683152901139797e-07
30 -3.097689773928157e-07
31 -2.867842374812152e-07
32 -3.1280370292438244e-07
33 -2.6508320113546254e-07
34 -2.4743175456185797e-07
35 -2.768085902032736e-07
36 -2.9964113435286375e-07
37 -2.5820296164608154e-07
38 -2.3298668698340305e-07
39 -3.2641116210556424e-07
40 -3.519729696379362e-07
41 -3.0673207591755437e-07
42 -2.2740834919293006e-07
43 -3.131328494988282e-07
44 -2.940824067548036e-07
45 -3.090791550266351e-07
46 -3.043452263409441e-07
47 -3.011760488325711e-07
48 -2.7947584219512237e-07
49 -2.821129432025426e-07
50 -2.7425597249769975e-07
51 -2.5888227552278936e-07
52 -2.673775469630999e-07
53 -2.3391279618434705e-07
54 -2.3558907957066084e-07
55 -2.747675923617202e-07
56 -2.8334694791838763e-07
57 -3.4341056419491357e-07
58 -2.8205524966615096e-07
59 -2.895352598948987e-07
60 -3.2705488533840225e-07
61 -2.8749326849318307e-07
62 -2.576666538934613e-07
63 -2.992406106480525e-07
64 -2.8392300833692554e-07
65 -2.7483419826460114e-07
66 -3.445326724876388e-07
67 -2.754219232719273e-07
68 -2.888963694121755e-07
69 -2.2952921971260307e-07
70 -2.334753581409473e-07
71 -2.796361183784171e-07
72 -3.1536043015632126e-07
73 -2.9453035733239934e-07
74 -2.7359634143526676e-07
75 -2.5715480634432716e-07
76 -2.7616284987937094e-07
77 -2.9335578021649825e-07
78 -3.1363502611196013e-07
79 -2.467653766179908e-07
80 -2.773592427042282e-07
81 -3.2950731820543207e-07
82 -3.284540086796064e-07
83 -3.302523140078995e-07
84 -2.731263581562018e-07
85 -3.08444992560576e-07
86 -2.44984708875564e-07
87 -2.3901031746527716e-07
88 -3.0716287021105265e-07
89 -2.916733049317692e-07
90 -2.722733539240147e-07
91 -3.1295456249198377e-07
92 -2.3145385063450453e-07
93 -2.930492357532504e-07
94 -2.9535180558311357e-07
95 -3.2153620563859344e-07
96 -2.9858339434647093e-07
97 -2.4835737590094177e-07
98 -2.5024472123185655e-07
99 -2.685899761850953e-07
100 -3.20295203432694e-07
101 -2.836154578580865e-07
102 -2.6993618178335614e-07
103 -2.892927171714984e-07
104 -2.2011678875245543e-07
105 -2.9910400663787716e-07
106 -2.434235729643669e-07
107 -3.007679560677978e-07
108 -2.97353650729959e-07
109 -2.6258617055938003e-07
110 -2.705116851574737e-07
111 -2.7264553702619053e-07
112 -3.1165394531667855e-07
113 -2.6576644155714326e-07
114 -3.486333073464008e-07
115 -2.9609162733653765e-07
116 -2.9371741952698046e-07
117 -2.776538523701642e-07
118 -2.389320883319023e-07
119 -2.1705195833478957e-07
120 -2.3299943139470992e-07
121 -2.9573941275531634e-07
122 -3.4024681657575385e-07
123 -3.1022173415433996e-07
124 -3.390876026650219e-07
125 -2.733805073251267e-07
126 -3.3535635321394714e-07
127 -2.7629876674880924e-07
128 -2.0522906973482623e-07
129 -2.995848346800716e-07
130 -2.3263487277588925e-07
131 -2.909343300144938e-07
132 -2.870559416368185e-07
133 -3.7500939811073215e-07
134 -2.7343600944142086e-07
135 -1.9987968363036806e-07
136 -2.8927833481525195e-07
137 -3.1477119840864656e-07
138 -3.102655006177564e-07
139 -3.040716960298238e-07
140 -2.2858270342475448e-07
141 -3.0254671615138895e-07
142 -3.272333606024179e-07
143 -2.4111694772613834e-07
144 -2.710044258774332e-07
145 -2.9752176317999886e-07
146 -2.8172187987814187e-07
147 -2.364478716081838e-07
148 -2.549050358327365e-07
149 -2.3249486598476872e-07
150 -3.011752154996258e-07
151 -3.2900044493931694e-07
152 -2.9061121480224803e-07
153 -3.2767901019103027e-07
154 -2.785186941456963e-07
155 -2.3842238053237994e-07
156 -2.6454136867739305e-07
157 -3.4170137570497415e-07
158 -2.6022403259392934e-07
159 -3.2499532282623504e-07
160 -2.366204597871314e-07
161 -2.03678657508624e-07
162 -2.677555219286752e-07
163 -3.176322019688413e-07
164 -2.976676090029409e-07
165 -3.054161153943936e-07
166 -2.947824966814088e-07
167 -2.8421658246631136e-07
168 -2.9127402546784756e-07
169 -2.3425873120589297e-07
170 -2.806012097201221e-07
171 -2.6689356513524744e-07
172 -2.592208044073344e-07
173 -3.293771070534915e-07
174 -2.6148670864387407e-07
175 -2.7721284968652464e-07
176 -3.365139042896486e-07
177 -2.656799023111746e-07
178 -3.06759820386127e-07
179 -2.445304949648629e-07
180 -2.477423417031214e-07
181 -3.2812171491816966e-07
182 -3.3759923120425445e-07
183 -2.834116575222404e-07
184 -3.371140339415646e-07
185 -3.026180423850828e-07
186 -2.8105298676127486e-07
187 -2.840489654473366e-07
188 -2.6739525596898607e-07
189 -2.9818570493029007e-07
190 -2.641848108847362e-07
191 -3.071728959102566e-07
192 -3.272084948238326e-07
193 -2.5835974760246523e-07
194 -2.5998124976566337e-07
195 -3.404238240113854e-07
196 -3.32624220327433e-07
197 -3.025245995658319e-07
198 -2.648661082981341e-07
199 -2.591624168979844e-07
200 -3.075325079152548e-07
201 -3.104456913163311e-07
202 -2.6302869857794634e-07
203 -2.637544592237252e-07
204 -3.1783879899446594e-07
205 -3.1461789379681504e-07
206 -2.776644982347174e-07
207 -3.210941694290853e-07
208 -2.812508565699425e-07
209 -2.5442574215201054e-07
210 -2.552578134575373e-07
211 -3.400405569332614e-07
212 -2.8307572263639836e-07
213 -3.235865177860336e-07
214 -2.8083877229489374e-07
215 -2.347716181353907e-07
216 -3.0601137705440534e-07
217 -2.8886484791247594e-07
218 -2.836911810196548e-07
219 -2.909849527120886e-07
220 -2.730810754543769e-07
221 -3.267880444481151e-07
222 -3.053374106964256e-07
223 -3.1333429071432947e-07
224 -3.3031195719572396e-07
225 -2.79432991908238e-07
226 -2.9948254533557656e-07
227 -3.2961671618053513e-07
228 -2.863722447244058e-07
229 -2.6764144100657056e-07
230 -2.5383671711082024e-07
231 -2.8236198480540625e-07
232 -2.8163995086579505e-07
233 -2.669122715101694e-07
234 -2.8886900576491285e-07
235 -3.213800722833183e-07
236 -2.468052302041707e-07
237 -2.887148746935237e-07
238 -2.762496189071267e-07
239 -3.1051563356779233e-07
240 -2.578199414331316e-07
241 -2.532038143892991e-07
242 -2.5767839989319183e-07
243 -2.4706885206623117e-07
244 -3.2537677667263974e-07
245 -3.2505827842820965e-07
246 -3.0459226458867854e-07
247 -2.934769938627932e-07
248 -2.882052753425653e-07
249 -2.9613000772291686e-07
250 -3.091774981485132e-07
251 -2.8485849940042337e-07
252 -2.892580845857739e-07
253 -3.313302636082192e-07
254 -2.527160798618056e-07
255 -2.624215308383814e-07
256 -2.608073865887768e-07
257 -2.7041729758387426e-07
258 -3.0962672105546977e-07
259 -3.0426585334449926e-07
260 -2.5865620140938224e-07
261 -3.1045981915991756e-07
262 -3.0745825028150646e-07
263 -2.587840323018444e-07
264 -2.4571656927341e-07
265 -2.5337641834708254e-07
266 -2.9241826635931347e-07
267 -2.515160893986291e-07
268 -2.0244676082118864e-07
269 -2.674339280860444e-07
270 -3.2228310804137554e-07
271 -2.1658380578937296e-07
272 -2.643967234505485e-07
273 -2.7132650649527415e-07
274 -2.646538098734845e-07
275 -2.70454019852225e-07
276 -2.5749426063320166e-07
277 -3.12028462374204e-07
278 -3.103021245112014e-07
279 -3.2662012855279433e-07
280 -2.4244460505395284e-07
281 -2.9786162575705514e-07
282 -2.9502257129323165e-07
283 -3.042022658445185e-07
284 -3.2998194384574975e-07
285 -2.588235307897894e-07
286 -2.8938350765499044e-07
287 -2.82419897975684e-07
288 -2.647537269041232e-07
289 -2.951937946026137e-07
290 -2.837116279712636e-07
291 -2.8274169248481477e-07
292 -3.0134237836649784e-07
293 -3.0057862570824395e-07
294 -3.204820447266383e-07
295 -2.1577598260698873e-07
296 -2.960454573504258e-07
297 -2.4746350362073356e-07
298 -3.0558217996629225e-07
299 -2.561820780238694e-07
