0 -1.2180643171605857e-06
1 -1.31450558334356e-06
2 -1.2753416625053723e-06
3 -1.1908541059030787e-06
4 -1.2646288068432777e-06
5 -1.3393218641212796e-06
6 -1.4589667371032828e-06
7 -1.5893309758056522e-06
8 -1.4199963358612793e-06
9 -1.2636780593088538e-06
10 -1.3796327101821264e-06
11 -1.8032951410645047e-06
12 -1.489850089817327e-06
13 -1.594411870950874e-06
14 -1.6079661550224816e-06
15 -1.5543330245247005e-06
16 -1.492309630073621e-06
17 -1.0884447224201754e-06
18 -1.211948046299662e-06
19 -2.017052974161335e-06
20 -1.3149189546051513e-06
21 -1.6817894786552326e-06
22 -1.3422281579089276e-06
23 -1.4195914564556636e-06
24 -1.2792716854355338e-06
25 -1.4996379200595258e-06
26 -1.3598782693005795e-06
27 -1.390393416995624e-06
28 -1.6206343181111809e-06
29 -1.3470875528158782e-06
30 -1.3922066446638283e-06
31 -1.4374881469243709e-06
32 -1.5458644618582166e-06
33 -1.3184761131974315e-06
34 -1.132754024870706e-06
35 -1.3774744537508684e-06
36 -1.4661667003355906e-06
37 -1.2752262133380985e-06
38 -1.4471820654576931e-06
39 -1.2971076224309028e-06
40 -1.2586713641968274e-06
41 -1.654466572268859e-06
42 -1.3141449651140845e-06
43 -1.3179182702325333e-06
44 -1.594413349389214e-06
45 -1.4331749859924148e-06
46 -1.4239923311775166e-06
47 -1.2832916222345262e-06
48 -1.3777413614468977e-06
49 -1.7175601853888004e-06
50 -1.4150819445645199e-06
51 -1.3528485966219262e-06
52 -1.433749467711366e-06
53 -1.230753213118743e-06
54 -1.4089497060230286e-06
55 -1.2897210084770078e-06
56 -1.259515844881568e-06
57 -1.4454907758863097e-06
58 -1.3025994498542033e-06
59 -1.5609104536714137e-06
60 -1.5434613870641864e-06
61 -1.5991261852370177e-06
62 -1.2486255084689323e-06
63 -1.33666705827773e-06
64 -1.5689086244214422e-06
65 -1.1979024739402502e-06
66 -1.217300931584855e-06
67 -1.33304778208291e-06
68 -1.4162959717602495e-06
69 -1.360414933292913e-06
70 -1.367340683267556e-06
71 -1.4772516549960398e-06
72 -1.8433799211397813e-06
73 -1.6328192706588755e-06
74 -1.1883535925462921e-06
75 -1.5535155288671115e-06
76 -1.4755003341256455e-06
77 -1.5015112546180813e-06
78 -1.6550410308087627e-06
79 -1.290659114581778e-06
80 -1.3586181395168411e-06
81 -1.4906688871785627e-06
82 -1.4019590222423447e-06
83 -1.2967778862134939e-06
84 -1.554039123965671e-06
85 -1.3062274739166818e-06
86 -1.424941397449197e-06
87 -1.3813436418630817e-06
88 -1.4350849990102687e-06
89 -1.524156678447759e-06
90 -1.35912926607633e-06
91 -1.4330867652995712e-06
92 -1.5979948549747782e-06
93 -1.1399438790754686e-06
94 -1.4173960332877264e-06
95 -1.2189033240913882e-06
96 -1.420684267174429e-06
97 -1.5692576225730446e-06
98 -1.2306072862770874e-06
99 -1.1740142800366287e-06
100 -1.3463350925826496e-06
101 -1.3993842359024795e-06
102 -1.3917217239122548e-06
103 -1.5643066563412221e-06
104 -1.5385906663763433e-06
105 -1.4496502318892078e-06
106 -1.469361724775549e-06
107 -1.4435011122690355e-06
108 -1.5265166966893105e-06
109 -1.560681415173242e-06
110 -1.408898944844498e-06
111 -1.4008568496111758e-06
112 -1.4881596472247564e-06
113 -1.5098406553726067e-06
114 -1.7840966891475306e-06
115 -1.2631714183960054e-06
116 -1.4842478713397263e-06
117 -1.269748583040085e-06
118 -1.541439776632489e-06
119 -1.336649601507053e-06
120 -1.3473385335270867e-06
121 -1.4557560023385857e-06
122 -1.7633927101219826e-06
123 -1.3939200760955232e-06
124 -1.5842470492830997e-06
125 -1.8011151693048563e-06
126 -1.6940972846002445e-06
127 -1.4903513471435214e-06
128 -1.4947783954217747e-06
129 -1.034336017460977e-06
130 -1.7153194772224774e-06
131 -1.4798973279885139e-06
132 -1.476670838918099e-06
133 -1.4593658641388999e-06
134 -1.450452082897341e-06
135 -1.5081155487671602e-06
136 -1.4894904837072723e-06
137 -1.3977438370616764e-06
138 -1.6548965440154429e-06
139 -1.4334096158863742e-06
140 -1.456937221395038e-06
141 -1.6971010014975528e-06
142 -1.5865919605089097e-06
143 -1.5135943290980537e-06
144 -1.6767970365899026e-06
145 -1.4316358357391212e-06
146 -1.2659351821365235e-06
147 -1.4235976316164333e-06
148 -1.500483606258066e-06
149 -1.8518114110258807e-06
150 -1.547509117738785e-06
151 -1.4626164435221444e-06
152 -1.5845815674602931e-06
153 -1.2369465569629662e-06
154 -1.6415859288111682e-06
155 -1.3692558369984287e-06
156 -1.5715946809449187e-06
157 -1.6536518687617416e-06
158 -1.5406006126137762e-06
159 -1.5270870440652293e-06
160 -1.7836483329229124e-06
161 -1.298299047751794e-06
162 -1.443233544880428e-06
163 -1.5410387868439256e-06
164 -1.252915099821245e-06
165 -1.632561997418107e-06
166 -1.265243352701087e-06
167 -1.2979245218495124e-06
168 -1.5279637006746942e-06
169 -1.3756614350565826e-06
170 -1.5672445664590926e-06
171 -1.6389059995527216e-06
172 -1.467519625940659e-06
173 -1.516689423416583e-06
174 -1.529129037167792e-06
175 -1.6949739649524395e-06
176 -1.220586243746887e-06
177 -1.4197119687725846e-06
178 -1.3973556416850348e-06
179 -1.4981572023112131e-06
180 -1.021338239092116e-06
181 -1.4572639548629694e-06
182 -1.4246613179776334e-06
183 -1.398014192560329e-06
184 -1.343627951850415e-06
185 -1.4421792589875236e-06
186 -1.2396299701604963e-06
187 -1.2774443539011631e-06
188 -1.4876891251845875e-06
189 -1.7505782425889391e-06
190 -1.67318141122076e-06
191 -1.7872379429484332e-06
192 -1.271685272721379e-06
193 -1.5410115649483114e-06
194 -9.923810667161587e-07
195 -1.0264855093157416e-06
196 -1.5804408377966914e-06
197 -1.5391606586177871e-06
198 -1.4375575056275503e-06
199 -1.4150340745174846e-06
200 -1.3538060876993964e-06
201 -1.5174398228137508e-06
202 -1.2825668835240883e-06
203 -1.0416500610733583e-06
204 -1.4134516719494632e-06
205 -1.3410768734416549e-06
206 -1.2622906358853034e-06
207 -1.4528011959760387e-06
208 -1.2426647287030743e-06
209 -1.2950242191478409e-06
210 -1.4485471046278462e-06
211 -1.4486872601902389e-06
212 -1.5200818072440033e-06
213 -1.308274112773943e-06
214 -1.4854545349660553e-06
215 -1.3184663746948181e-06
216 -9.012819060682901e-07
217 -1.658575678322754e-06
218 -1.4692447985285485e-06
219 -1.46162772348284e-06
220 -1.4236382701147562e-06
221 -1.2723400781396245e-06
222 -1.234333166773827e-06
223 -1.3618729046903117e-06
224 -1.354503011514392e-06
225 -1.1982415667040797e-06
226 -1.5902913198986041e-06
227 -1.3014028923609077e-06
228 -1.387314032340521e-06
229 -1.5083113339889073e-06
230 -1.2719418953236425e-06
231 -1.5698179168865356e-06
232 -1.3143825133771845e-06
233 -1.3227970665908809e-06
234 -1.6863841964627402e-06
235 -1.2974457985205273e-06
236 -1.4692806000710307e-06
237 -1.48536290005356e-06
238 -1.5289193155213786e-06
239 -1.512864810034213e-06
240 -1.5334975515948966e-06
241 -1.339415391349517e-06
242 -1.5490505432816228e-06
243 -1.2788521820705988e-06
244 -1.3023660332533168e-06
245 -1.5223754249213207e-06
246 -1.2833840049492197e-06
247 -1.3695682372274329e-06
248 -1.3038327291613377e-06
249 -1.3999309139805308e-06
250 -1.147880029317012e-06
251 -1.4493817369941156e-06
252 -1.590336824019998e-06
253 -1.4709998508615279e-06
254 -1.5441141107165794e-06
255 -1.4171271515777638e-06
256 -1.4318820743035565e-06
257 -1.4452723468422635e-06
258 -1.123620919695333e-06
259 -1.7703580971541991e-06
260 -1.414875977935527e-06
261 -1.367615687515929e-06
262 -1.1857862945785197e-06
263 -1.1243514756792531e-06
264 -1.5756393199515981e-06
265 -1.1943029456458437e-06
266 -1.537894019988856e-06
267 -1.4507497577100287e-06
268 -1.157835909244286e-06
269 -1.2955633499848864e-06
270 -1.4013836534351322e-06
271 -1.690709015348798e-06
272 -1.4353863337414987e-06
273 -1.1807622018412202e-06
274 -1.556188112406883e-06
275 -1.3686732074753958e-06
276 -1.6577068310181404e-06
277 -1.1793615101572178e-06
278 -1.522573946169487e-06
279 -1.150227522723763e-06
280 -1.4564743951009662e-06
281 -1.3400394536537878e-06
282 -1.2889303638068666e-06
283 -1.460147173246852e-06
284 -1.2782428364637559e-06
285 -1.093214558738256e-06
286 -1.5281385869060146e-06
287 -1.8637086289437497e-06
288 -1.462959164686452e-06
289 -1.619344256584779e-06
290 -1.4109580454282462e-06
291 -1.5740376586877934e-06
292 -1.4808016418742115e-06
293 -1.4130330706796941e-06
294 -1.2244521390268958e-06
295 -1.5411314515402903e-06
296 -1.4380845346404546e-06
297 -9.255430765295798e-07
298 -1.3421712598514922e-06
299 -1.470538203814142e-06
