0 -6.244188777428595e-06
1 -6.3552712811730694e-06
2 -6.501170832838302e-06
3 -6.309709649781576e-06
4 -6.202171029817834e-06
5 -6.455112898363736e-06
6 -6.489916129593985e-06
7 -6.647450657528086e-06
8 -6.3425823592732165e-06
9 -6.438898393883986e-06
10 -6.595270484990915e-06
11 -6.617886389595368e-06
12 -6.563916765729393e-06
13 -6.572226832132042e-06
14 -6.573158806440531e-06
15 -6.674731167245242e-06
16 -6.602666679991655e-06
17 -6.463700751514315e-06
18 -6.2040867218559616e-06
19 -6.88750574853753e-06
20 -6.207718111442054e-06
21 -6.666450599968281e-06
22 -6.371505760040614e-06
23 -6.554369065805462e-06
24 -6.3862629919705425e-06
25 -6.375592998531735e-06
26 -6.4353116775126565e-06
27 -6.465530740326738e-06
28 -6.655730474757655e-06
29 -6.387456070351956e-06
30 -6.4127869958668054e-06
31 -6.569390968344899e-06
32 -6.5589582970451325e-06
33 -6.510179012530536e-06
34 -6.48037916922828e-06
35 -6.523625598052363e-06
36 -6.449186121314885e-06
37 -6.437051770398738e-06
38 -6.621288862608037e-06
39 -6.405617417464583e-06
40 -6.159919121350794e-06
41 -6.61899548278421e-06
42 -6.615104006520945e-06
43 -6.333141537507459e-06
44 -6.605602168937971e-06
45 -6.5261437662891345e-06
46 -6.420931950349067e-06
47 -6.456349101772809e-06
48 -6.3758276328490915e-06
49 -6.5434314602478995e-06
50 -6.5115108075736134e-06
51 -6.49599596393854e-06
52 -6.595822251541383e-06
53 -6.436816856611638e-06
54 -6.560851232310802e-06
55 -6.488728457123919e-06
56 -6.420119809134891e-06
57 -6.207260075081106e-06
58 -6.38065162374259e-06
59 -6.454577897442019e-06
60 -6.58921833911526e-06
61 -6.67899785746282e-06
62 -6.3070607793470026e-06
63 -6.4334423314149975e-06
64 -6.5589487050320805e-06
65 -6.368554089397124e-06
66 -6.215050620376164e-06
67 -6.420092027175561e-06
68 -6.519507294137578e-06
69 -6.455257714628735e-06
70 -6.600056343447082e-06
71 -6.534666631737809e-06
72 -6.693760191576638e-06
73 -6.580861506980486e-06
74 -6.449200656887337e-06
75 -6.5871052203376204e-06
76 -6.424775697063798e-06
77 -6.631854890760602e-06
78 -6.578497984532876e-06
79 -6.49400319208232e-06
80 -6.366899145632904e-06
81 -6.429395232079709e-06
82 -6.4244309512121995e-06
83 -6.200152634735458e-06
84 -6.6100939328040274e-06
85 -6.48659536013872e-06
86 -6.603721747749643e-06
87 -6.582540049962436e-06
88 -6.362185193957914e-06
89 -6.56925813525669e-06
90 -6.573987489172074e-06
91 -6.419680345296844e-06
92 -6.740081409045662e-06
93 -6.2953917985752396e-06
94 -6.475478250486486e-06
95 -6.350846728176902e-06
96 -6.506636738343822e-06
97 -6.751078330583867e-06
98 -6.424887036076515e-06
99 -6.3503259819890475e-06
100 -6.326384704782187e-06
101 -6.532167844053466e-06
102 -6.667099553539307e-06
103 -6.434596030592672e-06
104 -6.6612621943080175e-06
105 -6.573777838974911e-06
106 -6.5085570561677836e-06
107 -6.532608569425556e-06
108 -6.656670744723518e-06
109 -6.533226036771573e-06
110 -6.318635898959549e-06
111 -6.6184641470287406e-06
112 -6.707469806617262e-06
113 -6.440414958618078e-06
114 -6.329197335572275e-06
115 -6.391615890911261e-06
116 -6.556434441700544e-06
117 -6.564479097930045e-06
118 -6.591374648932938e-06
119 -6.499233181317311e-06
120 -6.636058674662482e-06
121 -6.493046139316303e-06
122 -6.651696982918179e-06
123 -6.430653815940126e-06
124 -6.428095179013168e-06
125 -6.693134789597384e-06
126 -6.52177359502551e-06
127 -6.731754901548926e-06
128 -6.6831294198943886e-06
129 -6.327139765032499e-06
130 -6.751103111012058e-06
131 -6.525435051090942e-06
132 -6.558217410828769e-06
133 -6.339594386680805e-06
134 -6.527378200164704e-06
135 -6.79457881164759e-06
136 -6.4938723847492705e-06
137 -6.326948068232075e-06
138 -6.656968161832599e-06
139 -6.385187360941576e-06
140 -6.661171534550654e-06
141 -6.644187342284035e-06
142 -6.406259286076931e-06
143 -6.6047588246140984e-06
144 -6.588169024789599e-06
145 -6.490909970490081e-06
146 -6.4822674807196785e-06
147 -6.500204036075983e-06
148 -6.591590507108675e-06
149 -6.811983240454699e-06
150 -6.477838966903204e-06
151 -6.400507531356914e-06
152 -6.47054219396018e-06
153 -6.246982341533471e-06
154 -6.527083599602953e-06
155 -6.527656483605059e-06
156 -6.823890040618618e-06
157 -6.634315343128531e-06
158 -6.66322214287556e-06
159 -6.259814502855673e-06
160 -6.85774153254109e-06
161 -6.574479798108592e-06
162 -6.296322650753616e-06
163 -6.6761554617408496e-06
164 -6.42754166884981e-06
165 -6.472358240647974e-06
166 -6.305453203144404e-06
167 -6.424039863016758e-06
168 -6.573894612915919e-06
169 -6.521980286438278e-06
170 -6.608903907681037e-06
171 -6.65973115483203e-06
172 -6.6703278416146935e-06
173 -6.4071236056881465e-06
174 -6.554847300735307e-06
175 -6.701172206402718e-06
176 -6.319661189047405e-06
177 -6.530890923470058e-06
178 -6.468998218151789e-06
179 -6.712185154057196e-06
180 -6.498375200999702e-06
181 -6.556603750063763e-06
182 -6.4439444780255194e-06
183 -6.353912769469079e-06
184 -6.341464719144755e-06
185 -6.432098133069761e-06
186 -6.475987765829087e-06
187 -6.406556516227516e-06
188 -6.554883028599768e-06
189 -6.67012711553174e-06
190 -6.766417233758029e-06
191 -6.6162424374687065e-06
192 -6.431149255912614e-06
193 -6.604189051326942e-06
194 -6.380811327817499e-06
195 -6.268779861401608e-06
196 -6.457274245098453e-06
197 -6.504377959130954e-06
198 -6.388925588222017e-06
199 -6.389506650313486e-06
200 -6.4729295654128836e-06
201 -6.514377486273559e-06
202 -6.510043381635574e-06
203 -6.364779304304765e-06
204 -6.335862667114035e-06
205 -6.471182414146332e-06
206 -6.4328491907906125e-06
207 -6.374763844297259e-06
208 -6.382877724106688e-06
209 -6.465581959693459e-06
210 -6.503801962911846e-06
211 -6.3903418961357616e-06
212 -6.422098770102242e-06
213 -6.426507603310265e-06
214 -6.490274805766448e-06
215 -6.653794186742282e-06
216 -6.167721807979079e-06
217 -6.553622870950455e-06
218 -6.571050821535112e-06
219 -6.517312218031216e-06
220 -6.508891109497005e-06
221 -6.3111586856781725e-06
222 -6.440339799662931e-06
223 -6.327646481735017e-06
224 -6.281473536541734e-06
225 -6.425184199819445e-06
226 -6.548347664853671e-06
227 -6.312365036238851e-06
228 -6.2942955521783775e-06
229 -6.59875668875623e-06
230 -6.319747228521369e-06
231 -6.597460001352576e-06
232 -6.458038407053042e-06
233 -6.4550356187667176e-06
234 -6.496777974371839e-06
235 -6.338303798344435e-06
236 -6.571196035256085e-06
237 -6.5777911025166995e-06
238 -6.639142556761019e-06
239 -6.484953778811768e-06
240 -6.638138862947547e-06
241 -6.4143501333471905e-06
242 -6.556307089272165e-06
243 -6.3662806987954304e-06
244 -6.360632569588655e-06
245 -6.338924745183919e-06
246 -6.271445366189576e-06
247 -6.4716039356180854e-06
248 -6.342706349945515e-06
249 -6.4924133397988885e-06
250 -6.320785923520161e-06
251 -6.4699709271237456e-06
252 -6.5288027085527755e-06
253 -6.370409395401715e-06
254 -6.511982902725585e-06
255 -6.63462536693026e-06
256 -6.5078828924618584e-06
257 -6.432383569837386e-06
258 -6.273048423382243e-06
259 -6.648231365804205e-06
260 -6.583975017124357e-06
261 -6.289624818056658e-06
262 -6.349076752020319e-06
263 -6.424283590208857e-06
264 -6.778439610844578e-06
265 -6.396235766012476e-06
266 -6.5725726655557415e-06
267 -6.588590919172521e-06
268 -6.519969786697981e-06
269 -6.4557334554185145e-06
270 -6.3784343552516425e-06
271 -6.872284143428184e-06
272 -6.5147311351682636e-06
273 -6.320983451716321e-06
274 -6.560451086656323e-06
275 -6.625907228992962e-06
276 -6.6953113559569235e-06
277 -6.289314998279513e-06
278 -6.60714854487076e-06
279 -6.242848163241134e-06
280 -6.67482323827708e-06
281 -6.4738441667172566e-06
282 -6.438250248200946e-06
283 -6.6186306901906965e-06
284 -6.3413854374056944e-06
285 -6.285245568920595e-06
286 -6.541291171673927e-06
287 -6.804442234391353e-06
288 -6.685040672945167e-06
289 -6.586489056939261e-06
290 -6.461594845580285e-06
291 -6.557370793637465e-06
292 -6.635666536950223e-06
293 -6.492972129812471e-06
294 -6.39652044361555e-06
295 -6.741937925407491e-06
296 -6.451426595957604e-06
297 -6.230990643662578e-06
298 -6.3888460757368705e-06
299 -6.667284791943201e-06
