0 2.0686098093783348e-06
1 1.91152772873975e-06
2 1.945876618370418e-06
3 1.927052840547437e-06
4 1.8662462495930173e-06
5 1.835105313642107e-06
6 1.8759139539367344e-06
7 1.9481588259354635e-06
8 1.8588641675330927e-06
9 1.7650024254277483e-06
10 1.8670149260054337e-06
11 1.874230835760086e-06
12 1.901033734756537e-06
13 1.9269701411128175e-06
14 1.8953023393303776e-06
15 1.8051143545589887e-06
16 1.8880073354078284e-06
17 1.9867233346162954e-06
18 1.7942864243282539e-06
19 1.8449942160769854e-06
20 1.91005212548899e-06
21 1.7981317371470314e-06
22 1.919193225953753e-06
23 1.926742478362563e-06
24 1.9852173454269514e-06
25 1.8138508903837013e-06
26 1.7662349799344953e-06
27 1.798960744844082e-06
28 1.862147717558479e-06
29 1.9066816980019352e-06
30 1.8797706178343963e-06
31 1.898458104336169e-06
32 1.8913882527474464e-06
33 1.90737923976483e-06
34 1.9535817639111544e-06
35 1.9517306503432956e-06
36 1.945243087942228e-06
37 1.8627476695494836e-06
38 1.863239342651751e-06
39 1.9983433635731193e-06
40 1.795675133228797e-06
41 1.8351921722836061e-06
42 1.8746007626498064e-06
43 1.9316488024723836e-06
44 1.8455086313659174e-06
45 2.0574754609730686e-06
46 1.7080751650022972e-06
47 1.8345183188821909e-06
48 1.9077892312380245e-06
49 1.9128251297765023e-06
50 1.9121899493506496e-06
51 1.841316788636147e-06
52 1.899461260433563e-06
53 1.858596517078277e-06
54 1.9230483751004665e-06
55 2.02019355255952e-06
56 1.8630851217426259e-06
57 1.8393522324948697e-06
58 1.8049372878028372e-06
59 1.8961561808799391e-06
60 1.9125896651797686e-06
61 1.898281597687448e-06
62 1.925668489719963e-06
63 1.9996098963078903e-06
64 1.9252272304759627e-06
65 1.841076200616138e-06
66 1.785012612714343e-06
67 1.8644764947055543e-06
68 1.7950310496051481e-06
69 1.8688770981210465e-06
70 1.853422517750364e-06
71 1.7627118594168033e-06
72 1.9721394440074654e-06
73 1.868329477285196e-06
74 1.8241910617118204e-06
75 1.9179273236441105e-06
76 1.7392015262381611e-06
77 1.847970797542869e-06
78 1.8481217875488071e-06
79 1.861484832542786e-06
80 1.974643174808765e-06
81 1.9235308064617495e-06
82 1.925943736534106e-06
83 1.9729249431544587e-06
84 1.9079030141780536e-06
85 1.8567122066490068e-06
86 1.94306688855299e-06
87 1.8726872608043457e-06
88 1.9437009889078888e-06
89 1.8094419945415442e-06
90 1.8373672385070101e-06
91 1.879206175019618e-06
92 1.8889981195959617e-06
93 1.8635948361309326e-06
94 1.9623837286139328e-06
95 1.7744352581187058e-06
96 1.908513889708218e-06
97 1.93210735670108e-06
98 1.9482156025726907e-06
99 1.8139730648052228e-06
100 1.883322683081688e-06
101 1.7914457338777918e-06
102 1.734454387256941e-06
103 1.7903169579083266e-06
104 1.9925509653775972e-06
105 1.9644647860426167e-06
106 1.8526160993759722e-06
107 1.8801124036628162e-06
108 1.849554035348246e-06
109 1.955917906168192e-06
110 1.9737280013487646e-06
111 1.848140610337704e-06
112 1.9701193412443175e-06
113 1.7899842120775608e-06
114 1.8836812417892235e-06
115 1.7730333194484066e-06
116 1.888424376973911e-06
117 1.8739255358501087e-06
118 1.8722392549630495e-06
119 1.8953581338552072e-06
120 1.7449464954694504e-06
121 1.8988386444769635e-06
122 1.9352036074009737e-06
123 1.8573046780862496e-06
124 1.7764569804022679e-06
125 1.845088399833719e-06
126 1.902463656532409e-06
127 1.9508678487735817e-06
128 1.827108282563776e-06
129 1.8301478093332835e-06
130 1.967556789018217e-06
131 1.7667523719749547e-06
132 1.8210787324300841e-06
133 1.6767149493421432e-06
134 1.942814425874642e-06
135 1.913658277849645e-06
136 1.872652076169791e-06
137 1.93827781405292e-06
138 1.9195404798787996e-06
139 1.9212065325964873e-06
140 1.94033698536048e-06
141 1.9773617124922082e-06
142 1.8215102056165842e-06
143 1.9449612407290176e-06
144 1.977304134608818e-06
145 1.8284816088161615e-06
146 1.9288116302717567e-06
147 1.7845789977287348e-06
148 1.8030204918266957e-06
149 1.8544486998474363e-06
150 1.8804840790978065e-06
151 1.9395469891528017e-06
152 1.8098395854211007e-06
153 1.870963076193036e-06
154 1.8080535768534683e-06
155 1.955707014300308e-06
156 1.8954031166489212e-06
157 1.8598627076471856e-06
158 1.9047604559710667e-06
159 1.8063982609835279e-06
160 1.8879214178460248e-06
161 1.8305411804672223e-06
162 1.9382035833197963e-06
163 1.9122783701998663e-06
164 1.74599044456416e-06
165 1.868324322838476e-06
166 1.813922320506832e-06
167 1.784681996081817e-06
168 1.943982263340372e-06
169 1.9109432242605743e-06
170 1.8637616576247433e-06
171 1.934314618523515e-06
172 1.8674395475386559e-06
173 1.8849582099712466e-06
174 1.9746544469733764e-06
175 1.8446385914297066e-06
176 1.8849683249307588e-06
177 1.8341458019212133e-06
178 1.8247703771731423e-06
179 1.7922183504230002e-06
180 2.067121585915368e-06
181 1.8761038190130971e-06
182 1.9826124285617976e-06
183 1.94076453522866e-06
184 1.8751904362955614e-06
185 1.8832116411583249e-06
186 2.005405338816774e-06
187 1.9094303921777914e-06
188 1.9540954361145045e-06
189 1.870721508242573e-06
190 1.9109258306848135e-06
191 1.939927910492586e-06
192 1.9138486524958574e-06
193 1.9226496262482817e-06
194 1.9367500543700815e-06
195 1.93177412931575e-06
196 1.9786556605122613e-06
197 1.8444422820113197e-06
198 1.9042620895415382e-06
199 1.730414151143844e-06
200 1.89573756652592e-06
201 1.8562075012123881e-06
202 1.9483049400064342e-06
203 1.8882043890948187e-06
204 1.9400955603261452e-06
205 1.8602345833604995e-06
206 1.9712015483424545e-06
207 1.855252994001913e-06
208 1.9409027361800446e-06
209 1.949163561217297e-06
210 1.8786837973356992e-06
211 1.8437886203751475e-06
212 1.8943386806421894e-06
213 1.848995897219211e-06
214 1.825443921796319e-06
215 1.8501416778937326e-06
216 1.9214005289878883e-06
217 1.7856233928479812e-06
218 1.7495643193768483e-06
219 1.786795565800892e-06
220 1.865060115099356e-06
221 1.868329683058944e-06
222 1.7994995380072545e-06
223 1.8565645600333722e-06
224 1.9264935667158833e-06
225 1.8600062406886132e-06
226 1.9311874753656796e-06
227 1.9300083695958537e-06
228 1.928106706030048e-06
229 1.7723397143518692e-06
230 1.932652146195426e-06
231 1.998673580415462e-06
232 1.913774887957968e-06
233 1.8851517981797055e-06
234 1.8663221055240632e-06
235 1.9870827144590776e-06
236 1.855370102471621e-06
237 1.9053121384151058e-06
238 1.8038539245122253e-06
239 1.798722217852779e-06
240 1.8752227182857505e-06
241 1.7430967428171707e-06
242 1.6871781995342662e-06
243 1.9459885268992324e-06
244 1.9091124882549443e-06
245 2.072378878816311e-06
246 1.906068617432838e-06
247 1.8866374538490964e-06
248 1.9127052352435202e-06
249 1.9446516222304207e-06
250 1.879812663306843e-06
251 1.81425621645016e-06
252 1.938058938544639e-06
253 2.01035002208237e-06
254 1.8838228078060839e-06
255 1.8718261869619386e-06
256 1.9008636269005553e-06
257 1.8844755401635798e-06
258 1.8826274566430694e-06
259 1.957597300018103e-06
260 1.885155115055565e-06
261 2.256991992744861e-06
262 1.8628864948528956e-06
263 1.7948977999598305e-06
264 1.9878571263898903e-06
265 1.892585411210017e-06
266 1.8887503360318066e-06
267 1.9235441343961655e-06
268 1.912352167754277e-06
269 1.962437781747376e-06
270 2.0028703529034165e-06
271 1.7071007203570447e-06
272 1.9640733029567897e-06
273 1.983704910301919e-06
274 1.9272936140463328e-06
275 1.9217023682769085e-06
276 1.8922869202989102e-06
277 1.945659366187865e-06
278 1.9410568503846566e-06
279 1.973281406956115e-06
280 1.901400286404128e-06
281 1.901695154359873e-06
282 1.9499847761728513e-06
283 1.8339198301085266e-06
284 1.9057444589992024e-06
285 1.9442431309680184e-06
286 1.8357209167953912e-06
287 2.094585219194891e-06
288 1.868593431662439e-06
289 1.88270923997861e-06
290 1.8012291934860802e-06
291 1.951665818745489e-06
292 1.836380394378764e-06
293 1.7634952462095742e-06
294 1.9038987988539295e-06
295 1.8779151483965204e-06
296 1.935540361201723e-06
297 1.7915358806969057e-06
298 1.855702218540373e-06
299 2.0187413497003614e-06
