0 0.0001376848347558613
1 0.00013989305855393772
2 0.00013827623547785813
3 0.00014015689699510553
4 0.0001370908367694993
5 0.00013949035019498153
6 0.00013570248628494102
7 0.00013532576273777262
8 0.00013786660542540596
9 0.00013695799982035715
10 0.0001370848554713157
11 0.0001394961235286661
12 0.00013760555769305044
13 0.0001376730101304477
14 0.00013957336593857088
15 0.0001390173733150229
16 0.00013595933564501884
17 0.0001426351685716924
18 0.00014106181417762007
19 0.0001368419725980755
20 0.0001346907092707383
21 0.00013606821260631264
22 0.0001383296087909183
23 0.00013618452282801997
24 0.00013664019546186048
25 0.00013891282018253833
26 0.00013607022623431618
27 0.00013690608808475833
28 0.0001362149511797527
29 0.00013570837405991912
30 0.00013901260761662527
31 0.00013751172788819906
32 0.00013372109287383593
33 0.00013559698389946302
34 0.00013956216033602666
35 0.00013717588729784535
36 0.0001386657188784365
37 0.00013806886810972783
38 0.00014069138889239
39 0.00013950315835422708
40 0.0001371896211852026
41 0.00013981915947832278
42 0.000138545042823454
43 0.00013985706540107527
44 0.00013833016257561788
45 0.00013756743682356214
46 0.0001350351319372322
47 0.000137691338728126
48 0.0001376233324955115
49 0.0001370565158668383
50 0.00013893453435805743
51 0.0001396243406322651
52 0.00013724102121774715
53 0.00014020491710338388
54 0.00013729437863122443
55 0.00013764387187434424
56 0.00013592152212181112
57 0.0001343166941492907
58 0.0001375559791975846
59 0.00013959139950407178
60 0.00013562929614589097
61 0.00013754946988959153
62 0.00013704702538718016
63 0.00013721251357563257
64 0.00013719670657875123
65 0.0001371031439957251
66 0.0001389590918909647
67 0.00013620415276868346
68 0.000137755354072183
69 0.00013484147341008416
70 0.0001385961478134057
71 0.00014057671606231893
72 0.00013766343830557524
73 0.00013883356999248582
74 0.0001381092213723817
75 0.0001365914791836125
76 0.00013633040091927845
77 0.00013835334536564824
78 0.00013888962322954114
79 0.00013998426491022603
80 0.00014041681557819065
81 0.00013953240323678925
82 0.00013830718516246948
83 0.00013698882132481244
84 0.00014030833033104682
85 0.00013766676233179545
86 0.00013680541208383436
87 0.00014082840037296245
88 0.00013563355799596635
89 0.00013507535833414043
90 0.00013773248639969334
91 0.00013849461352735337
92 0.00013858461504746944
93 0.00013848059051173054
94 0.00013691538999715709
95 0.0001367348051822169
96 0.00013530393489999545
97 0.0001368975192964727
98 0.00013602457335340812
99 0.0001370767367514362
100 0.0001381034703765267
101 0.0001402049826653721
102 0.0001384601467791355
103 0.00013768734789139568
104 0.00013499984047547775
105 0.0001400798650099381
106 0.0001389012042408165
107 0.00013683726476517954
108 0.00013504616770719963
109 0.00013727694268552575
110 0.00013728004896467792
111 0.00014047313508864799
112 0.00013906692852536724
113 0.00013725838062841086
114 0.0001394276688834435
115 0.00013774954823337832
116 0.0001385274271918633
117 0.00013841516019261823
118 0.00013838951916472187
119 0.0001388685057441773
120 0.00013804359338559543
121 0.00013674370772135744
122 0.00013695965333061032
123 0.00013835845964001788
124 0.00013851256246045945
125 0.00013796032668537056
126 0.00013766033466556708
127 0.00014004366418034108
128 0.00013844088617334888
129 0.00013985929715962098
130 0.00013926457968665206
131 0.00013845934881732112
132 0.00013861754746424386
133 0.00013990476201949836
134 0.00013903832790351922
135 0.0001385353273512373
136 0.0001364397261581683
137 0.00013967746422379102
138 0.00013625061174550593
139 0.00013748677917129666
140 0.00013719880813737857
141 0.00013689693827027643
142 0.00013870979131857898
143 0.00013956137527422827
144 0.00013726837701582835
145 0.00013737009368023078
146 0.00013836304632030533
147 0.00013848136159416984
148 0.00013915192544342356
149 0.0001351134525336481
150 0.00014028180111498465
151 0.00013878677025300624
152 0.00013905923690696583
153 0.00013883779083963556
154 0.00013779741213594017
155 0.00013787267414375298
156 0.00013843658960347005
157 0.00014042183907457317
158 0.00013788165533944202
159 0.0001385036235466484
160 0.00013834330705285152
161 0.0001371663406709945
162 0.00013576050303907352
163 0.00013806104044872798
164 0.00013881949481482847
165 0.00013847716707302249
166 0.00013532588790870153
167 0.00013658470219364856
168 0.00013813976437092358
169 0.00013843355455146135
170 0.00013770928841226493
171 0.00013880731386870621
172 0.00013696192215453262
173 0.0001371597755830305
174 0.00013803209209782298
175 0.00014042220215761936
176 0.00013740374631343594
177 0.0001360166503727747
178 0.0001357357383012489
179 0.0001380377950370182
180 0.00013658772114313726
181 0.0001365145869137398
182 0.00013907568507097627
183 0.00013769832188742634
184 0.0001372010802646358
185 0.00013727998118489857
186 0.0001361523515709284
187 0.0001419634017738796
188 0.00013969578001397782
189 0.00013969703769704705
190 0.00013712053862458633
191 0.0001379418372649587
192 0.00013889569921867473
193 0.0001374595299924867
194 0.00013763238618452728
195 0.0001369076045826261
196 0.00013998606716852046
197 0.0001387194494432979
198 0.0001367230065767444
199 0.00014011862587925026
200 0.0001368135036163872
201 0.00013799221442627708
202 0.00013995851939328977
203 0.0001379119448207474
204 0.0001369224885722328
205 0.00013782154456289371
206 0.0001371866117698608
207 0.00013671369613646155
208 0.00013490274919538537
209 0.00013975325540593016
210 0.00013816316976308183
211 0.00013893703560352921
212 0.00013616709309357435
213 0.00013682825465811854
214 0.0001380455217645373
215 0.0001402942740985461
216 0.00013735042159799204
217 0.0001393463671399254
218 0.0001365220339935168
219 0.00014002743817782148
220 0.00013584907982002722
221 0.00014039590422614212
222 0.00013567818597004275
223 0.00013965145094598747
224 0.00013936265771678923
225 0.00013948484292401568
226 0.00013832211567461243
227 0.00013834869491300274
228 0.00013938388133434297
229 0.00013745590840698871
230 0.00013751483018372551
231 0.00014155415306211093
232 0.00013715197943566266
233 0.00013952663070936785
234 0.00013658175795025642
235 0.0001401049853254286
236 0.00013695318528108823
237 0.00013664597580924086
238 0.0001377760207145544
239 0.0001375254815304797
240 0.00013710370636760326
241 0.00013770386052680908
242 0.000139437586491352
243 0.0001403067949088068
244 0.00013827557932774126
245 0.00013918604667839495
246 0.00013635549621277205
247 0.00013847964751104953
248 0.00014073175177943626
249 0.00013857999642743617
250 0.00014071135256231944
251 0.00013636137656036385
252 0.00013606821548212556
253 0.0001397228002314941
254 0.0001377370806059796
255 0.000141100528345631
256 0.0001371259438426046
257 0.00013839777649687367
258 0.00013676725902834246
259 0.0001380453327744367
260 0.00013897840321252722
261 0.00013555931408283734
262 0.00014000445980657953
263 0.00013784270370385224
264 0.0001403222881649794
265 0.00013979715520177248
266 0.0001368612869749103
267 0.0001365664532560214
268 0.00013842579206321172
269 0.00013699833064235862
270 0.00013588573457006637
271 0.0001384378664757462
272 0.00013878156708914798
273 0.0001381274613304316
274 0.000139475370361621
275 0.00013773233466996094
276 0.00013814743420125848
277 0.00013937746651666288
278 0.00013822834950314252
279 0.00013789806676544093
280 0.00013877034063410605
281 0.00013760946889584686
282 0.00013733499789150586
283 0.00013909273530377555
284 0.00013692670215113668
285 0.000139266266668439
286 0.0001405636732675708
287 0.0001370477851783715
288 0.00013874462963153755
289 0.00014104723172581485
290 0.00013805287669377004
291 0.00013723683906753268
292 0.00013726424095376292
293 0.0001385097101721506
294 0.00014027089520560518
295 0.00013638219094903517
296 0.00013887197714601497
297 0.00013906633933977763
298 0.00013620092988698507
299 0.00013732229033524066
