0 -9.325703867381117e-05
1 -9.09772781467822e-05
2 -9.190549443775418e-05
3 -9.230499937690406e-05
4 -9.182172613733975e-05
5 -9.080622546441126e-05
6 -9.14123995934922e-05
7 -9.141460576262703e-05
8 -9.04380425823238e-05
9 -8.988544882828019e-05
10 -8.902373030068144e-05
11 -8.871988800161158e-05
12 -9.09351606629146e-05
13 -9.352272501424274e-05
14 -9.028299139885339e-05
15 -9.088649089845167e-05
16 -9.211961352425399e-05
17 -8.939222771280844e-05
18 -8.72174657967094e-05
19 -8.866146546938725e-05
20 -8.902524551725329e-05
21 -8.744346601627392e-05
22 -9.071089384988032e-05
23 -9.029899656143682e-05
24 -9.143303416827593e-05
25 -9.000972504734414e-05
26 -8.68425007741185e-05
27 -9.041866048439344e-05
28 -9.211330223326689e-05
29 -9.046195523566468e-05
30 -8.92104859684971e-05
31 -9.441202855217301e-05
32 -9.16202601186992e-05
33 -9.17630897715668e-05
34 -8.982557979171128e-05
35 -9.022584885998886e-05
36 -9.015317431888228e-05
37 -9.270947361752967e-05
38 -9.167260599938156e-05
39 -9.131925951708874e-05
40 -8.88340118596627e-05
41 -9.084018072070699e-05
42 -8.795140590199642e-05
43 -8.766096994910516e-05
44 -9.168827698420123e-05
45 -9.178235455301436e-05
46 -8.744609135764308e-05
47 -9.057521400234077e-05
48 -8.893298802458502e-05
49 -9.041334695918113e-05
50 -9.571221008280912e-05
51 -8.923365046064283e-05
52 -9.324423314850009e-05
53 -8.913571509501859e-05
54 -9.241784156956082e-05
55 -9.31301321440504e-05
56 -9.031789783066087e-05
57 -8.798557847754511e-05
58 -8.815192556060414e-05
59 -9.049154641701187e-05
60 -9.236713821439385e-05
61 -9.431801095604374e-05
62 -8.981838306553662e-05
63 -9.308094080466397e-05
64 -9.189673285217853e-05
65 -8.789996560642996e-05
66 -8.879305135530414e-05
67 -9.132142366476783e-05
68 -9.127388644349253e-05
69 -9.028342609128162e-05
70 -8.974212298285335e-05
71 -9.123377244923317e-05
72 -9.343673400280814e-05
73 -9.203678660121418e-05
74 -9.122377864382587e-05
75 -9.143496892684843e-05
76 -8.913295358367808e-05
77 -8.861498567125633e-05
78 -8.942653055055155e-05
79 -8.794301323962715e-05
80 -9.638115512151042e-05
81 -9.405175389465215e-05
82 -8.974239399486307e-05
83 -9.181918110267109e-05
84 -8.914745789380792e-05
85 -9.081921374281503e-05
86 -9.178807788570687e-05
87 -9.126224521692101e-05
88 -9.364057778842654e-05
89 -9.02527200419952e-05
90 -9.033288908516426e-05
91 -9.115970113587725e-05
92 -8.915401680450619e-05
93 -9.163863130423231e-05
94 -9.059445315454189e-05
95 -8.962057539964893e-05
96 -9.324161359925913e-05
97 -8.99394932405116e-05
98 -9.253610529871931e-05
99 -8.961905107752239e-05
100 -8.829320397154314e-05
101 -9.045304045903031e-05
102 -8.809219460950403e-05
103 -9.083176608451772e-05
104 -8.759586112713102e-05
105 -9.060408367452083e-05
106 -9.100815108146562e-05
107 -8.987272371460513e-05
108 -8.845607502438053e-05
109 -9.020706829137742e-05
110 -9.069909982859231e-05
111 -9.09756898948274e-05
112 -9.020619091019638e-05
113 -9.118650223755363e-05
114 -9.172391137785799e-05
115 -8.800399910192598e-05
116 -9.472983162793899e-05
117 -9.233693744804082e-05
118 -8.789818701781869e-05
119 -9.230276777864119e-05
120 -8.957390067025687e-05
121 -8.96078463027032e-05
122 -9.180501556949535e-05
123 -8.979984020195517e-05
124 -8.94182476501932e-05
125 -9.015543061131503e-05
126 -8.904842742950201e-05
127 -9.457080628701324e-05
128 -9.132932693849928e-05
129 -8.831818584068798e-05
130 -9.041959522796685e-05
131 -9.063974833084511e-05
132 -8.822998155774338e-05
133 -9.11169539831678e-05
134 -9.223744834918686e-05
135 -9.528821327705947e-05
136 -9.139967711949644e-05
137 -9.040600143228872e-05
138 -9.185254291949907e-05
139 -9.132026645889527e-05
140 -9.345550473483328e-05
141 -8.944572970381745e-05
142 -9.020052420502734e-05
143 -9.080280475898915e-05
144 -9.569455849892238e-05
145 -9.066539710149951e-05
146 -8.88519867063331e-05
147 -8.80457681287934e-05
148 -8.97842500412439e-05
149 -8.853452293965886e-05
150 -9.114597778324727e-05
151 -9.323636991449912e-05
152 -9.189303629513544e-05
153 -9.123670921847906e-05
154 -9.036425916670337e-05
155 -9.22050727290598e-05
156 -9.110484796016446e-05
157 -9.077840831056243e-05
158 -9.424460801179709e-05
159 -8.981283805769347e-05
160 -8.92049010297378e-05
161 -9.009653452174765e-05
162 -9.09453165941453e-05
163 -9.463006704973348e-05
164 -8.574648884689776e-05
165 -8.961841130200166e-05
166 -8.940787419330151e-05
167 -8.931448576578168e-05
168 -9.182307768642452e-05
169 -9.109491424015689e-05
170 -9.033660353998213e-05
171 -8.832955102486948e-05
172 -9.235145117335281e-05
173 -9.331460000106082e-05
174 -9.257198493677681e-05
175 -8.867433199230887e-05
176 -8.700897632083641e-05
177 -8.853820237688838e-05
178 -8.948673541609186e-05
179 -8.957241990870847e-05
180 -9.296562074159704e-05
181 -8.924874021728418e-05
182 -8.690261487001306e-05
183 -8.878672467852518e-05
184 -9.044231040824552e-05
185 -8.828013501963148e-05
186 -9.29740138071769e-05
187 -9.122699170953158e-05
188 -8.827919900670033e-05
189 -8.981277211923914e-05
190 -8.986532120337991e-05
191 -9.221949969346958e-05
192 -9.011231273230436e-05
193 -8.853418052660811e-05
194 -9.371119750966898e-05
195 -9.216314771329978e-05
196 -9.420071247342955e-05
197 -9.054229056187583e-05
198 -9.164781981791622e-05
199 -8.818111079565806e-05
200 -9.28362319860216e-05
201 -9.277619742340879e-05
202 -9.111115980787563e-05
203 -9.19805675972662e-05
204 -8.926919121564017e-05
205 -8.793431383828525e-05
206 -9.259714693151414e-05
207 -8.812541065890823e-05
208 -9.077756853315411e-05
209 -8.990136556863674e-05
210 -9.265120556757704e-05
211 -9.278323770386959e-05
212 -8.969575678463123e-05
213 -9.195672122214362e-05
214 -9.227654667955333e-05
215 -9.069848905616556e-05
216 -8.600647852610903e-05
217 -9.053617483196527e-05
218 -8.670088921691865e-05
219 -8.813866132481909e-05
220 -9.237909546597287e-05
221 -8.923391224088379e-05
222 -8.652031477624435e-05
223 -8.994496636703429e-05
224 -9.285591547027309e-05
225 -8.839925734605071e-05
226 -8.949052144186268e-05
227 -9.260204608968805e-05
228 -9.185309562474178e-05
229 -8.942539615439057e-05
230 -9.134260703599232e-05
231 -9.111507671350316e-05
232 -9.218382367195311e-05
233 -8.966638994600457e-05
234 -9.178527743187049e-05
235 -9.007572678870248e-05
236 -9.164710469898766e-05
237 -9.488974653165329e-05
238 -8.771715311181728e-05
239 -8.952569132491002e-05
240 -8.965030050893444e-05
241 -9.030886340306243e-05
242 -8.860148180639764e-05
243 -9.146379187156233e-05
244 -8.885490127074555e-05
245 -9.235014309487312e-05
246 -9.142492657378139e-05
247 -9.077839558233852e-05
248 -8.945251838143062e-05
249 -9.183568483284808e-05
250 -9.075128253587649e-05
251 -8.898352338953185e-05
252 -9.203286309698333e-05
253 -9.198811633594889e-05
254 -9.26713847344667e-05
255 -9.176738470078749e-05
256 -9.075824693592673e-05
257 -8.83772867531949e-05
258 -9.044403143643221e-05
259 -9.284690765041258e-05
260 -9.061419417368277e-05
261 -9.285176082958545e-05
262 -9.044484689577073e-05
263 -8.773233237356707e-05
264 -9.00972775368681e-05
265 -8.892837441193127e-05
266 -8.818068605096472e-05
267 -9.20508155365376e-05
268 -9.10575669644525e-05
269 -9.26913715927459e-05
270 -9.270603047539118e-05
271 -9.026453184537007e-05
272 -9.245486769267714e-05
273 -8.88107319265419e-05
274 -9.04985370791337e-05
275 -9.176230821705269e-05
276 -8.701105341080995e-05
277 -9.382101893070356e-05
278 -9.150038925179655e-05
279 -9.034688366935849e-05
280 -9.150809029277589e-05
281 -8.913374561458959e-05
282 -8.992884096100432e-05
283 -8.907282238998175e-05
284 -9.34283922659261e-05
285 -9.066485426185528e-05
286 -8.996890213236087e-05
287 -9.34035812564263e-05
288 -8.906313694413631e-05
289 -9.190392935705457e-05
290 -9.206053630369577e-05
291 -9.105771641646067e-05
292 -9.201856949485789e-05
293 -9.037605615245567e-05
294 -9.170875059727347e-05
295 -9.270743335854384e-05
296 -9.161579549495896e-05
297 -9.268007817145945e-05
298 -9.003276445438689e-05
299 -9.334059836831948e-05
