0 8.966475601965447e-05
1 9.239065609169833e-05
2 9.062151202821074e-05
3 9.241081434643896e-05
4 8.991500951110678e-05
5 9.2043382779453e-05
6 8.869791441158188e-05
7 8.841299247852773e-05
8 9.080501980894201e-05
9 8.985020810844027e-05
10 9.054767374302694e-05
11 9.274337403231837e-05
12 9.050981325974532e-05
13 9.00276069487478e-05
14 9.258815665131765e-05
15 9.160174154037837e-05
16 8.840483674686802e-05
17 9.53968646604449e-05
18 9.449853147180118e-05
19 8.981820376232734e-05
20 8.813471317925072e-05
21 8.96577611923009e-05
22 9.0958735864153e-05
23 8.954720255321883e-05
24 8.938802456252791e-05
25 9.153263593550286e-05
26 9.003151357099803e-05
27 8.970732365003823e-05
28 8.90583972469938e-05
29 8.886214184116795e-05
30 9.185822071949619e-05
31 8.93544926188786e-05
32 8.682178616103676e-05
33 8.81591383907105e-05
34 9.222964951149742e-05
35 9.032391979214129e-05
36 9.1536681411778e-05
37 9.030446925033874e-05
38 9.338975815955907e-05
39 9.236196122896356e-05
40 9.082930394814936e-05
41 9.229710411591775e-05
42 9.215460004169e-05
43 9.320461758775883e-05
44 9.077811775469588e-05
45 8.994023012151949e-05
46 8.874970353531072e-05
47 9.067049064454428e-05
48 9.126883705844934e-05
49 8.994614752542633e-05
50 9.057709007406066e-05
51 9.267977558412372e-05
52 8.941414217710006e-05
53 9.312297193867186e-05
54 8.989947751251129e-05
55 8.971861817370446e-05
56 8.898770875149196e-05
57 8.810636882523885e-05
58 9.140741729269771e-05
59 9.232442154752726e-05
60 8.818448274572262e-05
61 8.919303437355908e-05
62 9.023587075870244e-05
63 8.944740220205249e-05
64 8.982783520639079e-05
65 9.08219768511746e-05
66 9.211251269139758e-05
67 8.892509620195032e-05
68 9.05243565267796e-05
69 8.786165524044272e-05
70 9.154896585079339e-05
71 9.331721758329136e-05
72 8.976446171129032e-05
73 9.14755420331128e-05
74 9.084394910184459e-05
75 8.924981320906965e-05
76 8.967171085064022e-05
77 9.147444850702194e-05
78 9.128769055946991e-05
79 9.317920354969717e-05
80 9.126531897424787e-05
81 9.143158425334744e-05
82 9.14516479893478e-05
83 8.953039617392956e-05
84 9.337830278996567e-05
85 9.024345612171315e-05
86 8.973284112975141e-05
87 9.342552378482258e-05
88 8.796163409465491e-05
89 8.818512123534043e-05
90 9.101946392686516e-05
91 9.134474072838427e-05
92 9.16757457923666e-05
93 9.123896367612425e-05
94 8.98630385989258e-05
95 9.003496028482597e-05
96 8.766086774421897e-05
97 9.004259835826069e-05
98 8.834367173947369e-05
99 9.057214546198592e-05
100 9.168144251942446e-05
101 9.302880913494652e-05
102 9.202639824659923e-05
103 9.033320667252823e-05
104 8.888826354527104e-05
105 9.251719712097443e-05
106 9.167686278288647e-05
107 8.976894436913442e-05
108 8.885240027415128e-05
109 9.021912329279863e-05
110 9.015213995407319e-05
111 9.305739907620112e-05
112 9.169483703055906e-05
113 8.973516456017132e-05
114 9.216921045004472e-05
115 9.117261281025369e-05
116 9.018840025103445e-05
117 9.06500515695684e-05
118 9.199164698871325e-05
119 9.129477698540525e-05
120 9.112012507134652e-05
121 8.994015651094385e-05
122 8.953387589651134e-05
123 9.137611975202614e-05
124 9.146447307180798e-05
125 9.07894869737465e-05
126 9.111541303371405e-05
127 9.168720936253294e-05
128 9.13312759430735e-05
129 9.318688807523592e-05
130 9.207651960276932e-05
131 9.165411085848541e-05
132 9.213139779369888e-05
133 9.265388335675364e-05
134 9.141639078897288e-05
135 9.007102342050367e-05
136 8.927495256974528e-05
137 9.239958902131548e-05
138 8.899245126912458e-05
139 9.024283442556069e-05
140 8.919578506014141e-05
141 9.015211225257989e-05
142 9.17463818571493e-05
143 9.227451582462216e-05
144 8.855859808186187e-05
145 8.983718541377964e-05
146 9.130205392556746e-05
147 9.18377227342236e-05
148 9.200248439394217e-05
149 8.904057781593106e-05
150 9.30071779308593e-05
151 9.09233399355551e-05
152 9.165373559802169e-05
153 9.168862672200553e-05
154 9.073996358463994e-05
155 9.02225155259242e-05
156 9.137097675953568e-05
157 9.320763842482352e-05
158 8.966049867761296e-05
159 9.133761639353243e-05
160 9.133293690564418e-05
161 9.030493465075876e-05
162 8.871467918326415e-05
163 8.992636812474239e-05
164 9.303728811804598e-05
165 9.162356409425002e-05
166 8.828948589639497e-05
167 8.965998545649483e-05
168 9.083685196165259e-05
169 9.117628310352089e-05
170 9.058208995001417e-05
171 9.229443294656687e-05
172 8.95245170695083e-05
173 8.947841468237665e-05
174 9.058934933668245e-05
175 9.380303182923018e-05
176 9.118178351264705e-05
177 8.929768026900662e-05
178 8.912563161347829e-05
179 9.128819803181242e-05
180 8.857264413372024e-05
181 8.952908539536597e-05
182 9.294518369069496e-05
183 9.078589957101427e-05
184 9.008610261364633e-05
185 9.100130922932452e-05
186 8.834088812990333e-05
187 9.46557906450499e-05
188 9.319676872397026e-05
189 9.262490590625057e-05
190 9.0098728659942e-05
191 9.043292741541155e-05
192 9.116402028705239e-05
193 9.079366869632334e-05
194 8.981148617977021e-05
195 8.954814296380387e-05
196 9.174432865519027e-05
197 9.141762926790431e-05
198 8.940868860984645e-05
199 9.34580489691869e-05
200 8.924678082382097e-05
201 8.991929350998858e-05
202 9.262630225538858e-05
203 9.038811883556445e-05
204 9.034779088140966e-05
205 9.091115270680967e-05
206 8.980476493166161e-05
207 9.048037338081843e-05
208 8.807396765629593e-05
209 9.256651291860888e-05
210 9.045644908427735e-05
211 9.083849368983601e-05
212 8.942293900056102e-05
213 8.949366327730445e-05
214 9.052632064945041e-05
215 9.251850973643698e-05
216 9.142771322785625e-05
217 9.214811484089984e-05
218 9.055166056990994e-05
219 9.324931638031678e-05
220 8.85675300033904e-05
221 9.35990268584702e-05
222 9.001713179638993e-05
223 9.25090415909132e-05
224 9.126343604001132e-05
225 9.277570127607737e-05
226 9.142670427888014e-05
227 9.044487317856427e-05
228 9.18201439568179e-05
229 9.034007911849206e-05
230 9.021912244237736e-05
231 9.40279045884282e-05
232 8.989899855808608e-05
233 9.252582863134052e-05
234 8.933807573960681e-05
235 9.275703343147233e-05
236 8.973787369962546e-05
237 8.83304672645938e-05
238 9.130992383896902e-05
239 9.074573552297975e-05
240 9.04723308479055e-05
241 9.047128862890102e-05
242 9.251053336382784e-05
243 9.272251019133983e-05
244 9.155753349859471e-05
245 9.130475870876386e-05
246 8.890866322812346e-05
247 9.10114485965205e-05
248 9.377405946869355e-05
249 9.1068072572945e-05
250 9.340855905649287e-05
251 8.964528692903806e-05
252 8.85041399232506e-05
253 9.189349940786093e-05
254 8.974489974958457e-05
255 9.32980411681846e-05
256 9.011230768538045e-05
257 9.185890896898127e-05
258 8.931069322723958e-05
259 9.019098243186485e-05
260 9.164618170301873e-05
261 8.796914221791675e-05
262 9.284083226818045e-05
263 9.144422556927885e-05
264 9.319080585426793e-05
265 9.326855285457031e-05
266 9.038798693307174e-05
267 8.92640690876301e-05
268 9.10416673974114e-05
269 8.924262176745131e-05
270 8.842259475164027e-05
271 9.150374263932802e-05
272 9.101445721658116e-05
273 9.13347099692878e-05
274 9.21993207464164e-05
275 9.021589635609551e-05
276 9.182585661493317e-05
277 9.154923759974354e-05
278 9.084636834657522e-05
279 9.097739022053439e-05
280 9.141891206922715e-05
281 9.06773224860101e-05
282 9.039845658797583e-05
283 9.230125179163551e-05
284 8.915476321268312e-05
285 9.16274116153885e-05
286 9.299588590902031e-05
287 8.93209274604612e-05
288 9.201601028507075e-05
289 9.336993631066911e-05
290 9.054214593295535e-05
291 8.993280608005395e-05
292 9.00401805709439e-05
293 9.139332601466856e-05
294 9.263919595626865e-05
295 8.883906209944406e-05
296 9.15675033552338e-05
297 9.140710841695247e-05
298 8.953764146211135e-05
299 8.925678667432203e-05
