0 -2.4923837064483437e-05
1 -2.3387067902288557e-05
2 -2.4227661472494265e-05
3 -2.317417818740281e-05
4 -2.399297883612341e-05
5 -2.4353671541968364e-05
6 -2.3197783768297857e-05
7 -2.3856836366687515e-05
8 -2.329561514389883e-05
9 -2.4829978457405666e-05
10 -2.297266069237939e-05
11 -2.2491962354809718e-05
12 -2.3515762892832248e-05
13 -2.3838729938764127e-05
14 -2.3861802753369123e-05
15 -2.383654378130014e-05
16 -2.4642090043878833e-05
17 -2.233831522727343e-05
18 -2.3775012385639716e-05
19 -2.4328162021045826e-05
20 -2.4025729962465478e-05
21 -2.4682769105340706e-05
22 -2.407869594396885e-05
23 -2.2993747169012758e-05
24 -2.4114970683495422e-05
25 -2.447183130218793e-05
26 -2.3543159707660994e-05
27 -2.520017167295991e-05
28 -2.363826614926013e-05
29 -2.332228148204077e-05
30 -2.3379630530719333e-05
31 -2.4526944137293393e-05
32 -2.4262677374911556e-05
33 -2.4705315964156272e-05
34 -2.3897852966658373e-05
35 -2.3764506498336993e-05
36 -2.4126542133203878e-05
37 -2.3948996423338935e-05
38 -2.229917978414473e-05
39 -2.2577206542599126e-05
40 -2.3322111025834557e-05
41 -2.419254704346522e-05
42 -2.2057413090169207e-05
43 -2.2713782339471893e-05
44 -2.3707884854522487e-05
45 -2.3870617956577074e-05
46 -2.385880283880319e-05
47 -2.3237781213062513e-05
48 -2.2158315242563882e-05
49 -2.3529510775761345e-05
50 -2.3410219609441534e-05
51 -2.2730285996935536e-05
52 -2.4934295739578292e-05
53 -2.331840095320403e-05
54 -2.313199637846904e-05
55 -2.422078965460304e-05
56 -2.4137311487371316e-05
57 -2.3276430286993633e-05
58 -2.1623715396255252e-05
59 -2.2901423612853593e-05
60 -2.4476006493847378e-05
61 -2.4879327882254178e-05
62 -2.319861500496766e-05
63 -2.3686015186582714e-05
64 -2.334135202259676e-05
65 -2.3989759092314295e-05
66 -2.3635485806996122e-05
67 -2.469018412850311e-05
68 -2.450321609920266e-05
69 -2.4509866846191994e-05
70 -2.3725531562473956e-05
71 -2.3181406518491877e-05
72 -2.4525398765598375e-05
73 -2.324867560150196e-05
74 -2.4180988902843865e-05
75 -2.4188701402041353e-05
76 -2.398401659275153e-05
77 -2.3133855667617846e-05
78 -2.5855922068369356e-05
79 -2.3292647127488013e-05
80 -2.478377594361365e-05
81 -2.3867057277207656e-05
82 -2.2671294867083418e-05
83 -2.4501778748212493e-05
84 -2.310595705589761e-05
85 -2.3821540091312955e-05
86 -2.365685145616194e-05
87 -2.2927958072317254e-05
88 -2.4728101071735943e-05
89 -2.465611538074655e-05
90 -2.2317178809310383e-05
91 -2.28483524053678e-05
92 -2.3636910609422568e-05
93 -2.2965536215594765e-05
94 -2.3691486567516883e-05
95 -2.4613796369389558e-05
96 -2.4621168884846148e-05
97 -2.423820347788208e-05
98 -2.5312818795878204e-05
99 -2.3575032651102607e-05
100 -2.3783278611656467e-05
101 -2.315827457692381e-05
102 -2.3533413299632246e-05
103 -2.3171094698616738e-05
104 -2.3216707413267856e-05
105 -2.3330478090592247e-05
106 -2.3720599863550986e-05
107 -2.423033894524279e-05
108 -2.3546794564916237e-05
109 -2.2528410348686666e-05
110 -2.3338017015494434e-05
111 -2.242667493206227e-05
112 -2.4241799170327388e-05
113 -2.5237646713720664e-05
114 -2.405636039332263e-05
115 -2.3903641505729086e-05
116 -2.4271015447370178e-05
117 -2.460021632462605e-05
118 -2.277105255216408e-05
119 -2.4225863353531003e-05
120 -2.346123854516315e-05
121 -2.3832028510530147e-05
122 -2.341056790139782e-05
123 -2.3387496262768382e-05
124 -2.4606442773487994e-05
125 -2.3360452160251583e-05
126 -2.2561453103823643e-05
127 -2.5043252957986088e-05
128 -2.3659784817806295e-05
129 -2.42323068246161e-05
130 -2.2310039227808534e-05
131 -2.3315898781559868e-05
132 -2.280414102486339e-05
133 -2.4786521821118423e-05
134 -2.3396238168763836e-05
135 -2.4765660357584872e-05
136 -2.3268831038947718e-05
137 -2.3704006974058462e-05
138 -2.3789515736947508e-05
139 -2.438374862982205e-05
140 -2.5076946403876412e-05
141 -2.280480366804763e-05
142 -2.349948383262752e-05
143 -2.2893836763869558e-05
144 -2.4304693738898934e-05
145 -2.5306008127538933e-05
146 -2.417260816355031e-05
147 -2.331736548642292e-05
148 -2.4021703957241934e-05
149 -2.2576548483087428e-05
150 -2.295823872010995e-05
151 -2.3913775887784915e-05
152 -2.35254581401214e-05
153 -2.2807041848540597e-05
154 -2.339693438160345e-05
155 -2.4923103826117295e-05
156 -2.3424579583910374e-05
157 -2.2214458659241678e-05
158 -2.4896303227215757e-05
159 -2.4476776046702866e-05
160 -2.391548434077108e-05
161 -2.4031392196329792e-05
162 -2.3740877050785557e-05
163 -2.403064289180206e-05
164 -2.3317870526459254e-05
165 -2.3016275092419402e-05
166 -2.4274750558589812e-05
167 -2.5185633565886607e-05
168 -2.213122213540567e-05
169 -2.4032996672851854e-05
170 -2.2876584190732775e-05
171 -2.2807491040877034e-05
172 -2.4233257276389988e-05
173 -2.4454219181432268e-05
174 -2.310778681377683e-05
175 -2.3307010896149762e-05
176 -2.3226492504213516e-05
177 -2.403008630762997e-05
178 -2.4518991984944703e-05
179 -2.346102322465959e-05
180 -2.4060635057299746e-05
181 -2.3635778047580322e-05
182 -2.217779514002412e-05
183 -2.3873610238008366e-05
184 -2.3612962015637572e-05
185 -2.323479874308289e-05
186 -2.3642637835980323e-05
187 -2.2708254864556536e-05
188 -2.278140682278977e-05
189 -2.395706478632264e-05
190 -2.3572833535329237e-05
191 -2.3486887771052328e-05
192 -2.5511299750465348e-05
193 -2.3473898312901106e-05
194 -2.3845981952891655e-05
195 -2.400133731893104e-05
196 -2.466454264114576e-05
197 -2.407985123406943e-05
198 -2.4236194282206144e-05
199 -2.3663789231658065e-05
200 -2.39443638487034e-05
201 -2.5128442370730495e-05
202 -2.2217472538991264e-05
203 -2.424447981057147e-05
204 -2.273281669932026e-05
205 -2.391798279414333e-05
206 -2.2765682678595328e-05
207 -2.2233310168556107e-05
208 -2.3614007780708784e-05
209 -2.414621393236639e-05
210 -2.3252754749651266e-05
211 -2.4703745796174922e-05
212 -2.455009014764173e-05
213 -2.3253283944365127e-05
214 -2.3808035237045964e-05
215 -2.540798336077849e-05
216 -2.2996273267905437e-05
217 -2.433455950995085e-05
218 -2.3386322241778298e-05
219 -2.381953881737285e-05
220 -2.41293627201063e-05
221 -2.2741313203982804e-05
222 -2.2615146415487135e-05
223 -2.2652030574197182e-05
224 -2.433318317882418e-05
225 -2.288169057865827e-05
226 -2.3453645214647376e-05
227 -2.4568543664363338e-05
228 -2.3297852785167465e-05
229 -2.378184280574699e-05
230 -2.2840072241715097e-05
231 -2.2530208352371695e-05
232 -2.3641323990723765e-05
233 -2.3394175567467577e-05
234 -2.373138053037519e-05
235 -2.3306949648519866e-05
236 -2.3784965637861316e-05
237 -2.5156446649009896e-05
238 -2.327512925260329e-05
239 -2.3369081596101684e-05
240 -2.3517018416427483e-05
241 -2.4011735860687808e-05
242 -2.3459924177992913e-05
243 -2.354202451178915e-05
244 -2.402609232772825e-05
245 -2.3959637473048722e-05
246 -2.5435057320090904e-05
247 -2.405777107603595e-05
248 -2.310360140588614e-05
249 -2.314103369183955e-05
250 -2.2443196120528836e-05
251 -2.422246964895435e-05
252 -2.451752793621366e-05
253 -2.3959617622484594e-05
254 -2.4741890302219774e-05
255 -2.2797732720581294e-05
256 -2.4293709094151448e-05
257 -2.3548596916919277e-05
258 -2.532451612881642e-05
259 -2.3701567167695112e-05
260 -2.4842059505992195e-05
261 -2.410183777117543e-05
262 -2.3715267154102835e-05
263 -2.394953126446291e-05
264 -2.299806028975279e-05
265 -2.2297201943249995e-05
266 -2.4075760835632163e-05
267 -2.4582364239717854e-05
268 -2.2872447751640547e-05
269 -2.4478620931569733e-05
270 -2.4055255897112293e-05
271 -2.3480166236950277e-05
272 -2.4048445577422443e-05
273 -2.3265802670755046e-05
274 -2.274183608171504e-05
275 -2.45012910400745e-05
276 -2.3318175824649053e-05
277 -2.434572891552153e-05
278 -2.374569759169918e-05
279 -2.322314236860488e-05
280 -2.3750387930753674e-05
281 -2.3963862325793936e-05
282 -2.3931090496132626e-05
283 -2.3486671399586306e-05
284 -2.4371296533310528e-05
285 -2.4819055851572266e-05
286 -2.4355624843660204e-05
287 -2.3192602853233833e-05
288 -2.355853607867377e-05
289 -2.2256717516393816e-05
290 -2.3211661359679043e-05
291 -2.429839795425212e-05
292 -2.4416114138744867e-05
293 -2.3840618393453414e-05
294 -2.313408180490103e-05
295 -2.4429085884643252e-05
296 -2.4222072293733252e-05
297 -2.4278700111198318e-05
298 -2.3418889732861187e-05
299 -2.4147394186455464e-05
