0 -0.0001085242460239125
1 -0.00010976863420568341
2 -0.00010893454990370938
3 -0.00011097430963289896
4 -0.00010873317003523122
5 -0.00010834579409326935
6 -0.00010766833037530235
7 -0.00010706060343924212
8 -0.00010825903438861727
9 -0.00010555569587037626
10 -0.00010728233640791476
11 -0.00010923290081450648
12 -0.00010839016874520925
13 -0.00011067359383692435
14 -0.00010971087010541001
15 -0.00010828800831462609
16 -0.00010657383516881357
17 -0.00011148096991420843
18 -0.00010870342468808802
19 -0.00010417209252772277
20 -0.00010431286912934906
21 -0.00010384434723072928
22 -0.00010767763816032576
23 -0.0001077306857149018
24 -0.00010764552786143443
25 -0.00010703750194182525
26 -0.00010448575352602436
27 -0.000105956021507441
28 -0.00010847391579140167
29 -0.00010696883964366995
30 -0.00010777950307869764
31 -0.00010937635146264358
32 -0.00010607057218545359
33 -0.00010599201567754144
34 -0.00010763050798378648
35 -0.00010773443966692358
36 -0.00010810646292286885
37 -0.00010921001693674172
38 -0.000112179314263302
39 -0.0001108352201606182
40 -0.00010768213309541599
41 -0.00010877508852588843
42 -0.00010821317643845662
43 -0.0001081407505547869
44 -0.00010854600892149867
45 -0.00010847246572342527
46 -0.00010352980605776697
47 -0.00010844511979227489
48 -0.00010900391321861366
49 -0.00010765272520073864
50 -0.0001125020432693489
51 -0.00010905463871982084
52 -0.00010815479939895049
53 -0.00010863613785994259
54 -0.00010942506684891975
55 -0.00010885240483179696
56 -0.00010574779544506335
57 -0.00010407157735656285
58 -0.0001085583241007091
59 -0.00010999280508969649
60 -0.00010675559918754525
61 -0.0001084838287567235
62 -0.00010735173683781367
63 -0.00010925118501814924
64 -0.00010856599711033949
65 -0.00010650866799351192
66 -0.00010773386695498635
67 -0.00010619859687271174
68 -0.00010808961927695012
69 -0.0001048187837986606
70 -0.00010789530592243286
71 -0.00011151003381224957
72 -0.00010892724208170228
73 -0.00011043618611608641
74 -0.00010809193645060673
75 -0.00010698823144604786
76 -0.00010598870079893314
77 -0.0001072141046873388
78 -0.000105015456010202
79 -0.00010765289270195801
80 -0.00011124829906643799
81 -0.00011153806830151619
82 -0.00010867540522026292
83 -0.0001073541826397244
84 -0.00010956879912684107
85 -0.00010744938514190595
86 -0.00010889325077825824
87 -0.00011138367172453496
88 -0.00010771362337162215
89 -0.00010503002708888439
90 -0.00010941130396732086
91 -0.00010979590233120546
92 -0.00010738807678453565
93 -0.00011007230336948723
94 -0.0001071194240929399
95 -0.00010607939243358007
96 -0.00010698200711062616
97 -0.00010678540058533045
98 -0.00010652260602566077
99 -0.00010819476229090396
100 -0.0001071560384142276
101 -0.00011024750568743537
102 -0.0001075005406605066
103 -0.0001076166091454741
104 -0.00010484843132043749
105 -0.00010930559272162598
106 -0.00010926972438399062
107 -0.00010584408188534677
108 -0.00010526702371911281
109 -0.00010769270361755396
110 -0.00010798855493550426
111 -0.00011104577812144039
112 -0.00010778133739115988
113 -0.0001059966404718284
114 -0.0001103314092432541
115 -0.00010618348649577113
116 -0.00011027998549150405
117 -0.00010852496167183253
118 -0.00010763587827927045
119 -0.00010990156107871977
120 -0.00010748501776779332
121 -0.00010681887826291226
122 -0.00010823561942993833
123 -0.00010786910258400338
124 -0.00010688400969784337
125 -0.00010747474396680886
126 -0.00010827223967550173
127 -0.00011152222134474397
128 -0.00010952473809302975
129 -0.00010777470128260153
130 -0.00011007158095764745
131 -0.00010925902040258767
132 -0.00010824844316473817
133 -0.00010977496150618005
134 -0.00011027074251147213
135 -0.00011019383894217053
136 -0.00010783775108785519
137 -0.00010911752670881496
138 -0.000107815510885083
139 -0.00010798543316315708
140 -0.00010784452914150763
141 -0.00010720463640996895
142 -0.00010840929750190641
143 -0.00010975663807857801
144 -0.00010925475982454708
145 -0.00010557500312407979
146 -0.00010589555679925769
147 -0.00010742109295254012
148 -0.00010813136162554997
149 -0.00010646289052474281
150 -0.00011124226415460179
151 -0.00011058315388434641
152 -0.00011008425333516538
153 -0.00011038927216295416
154 -0.00010836161822342543
155 -0.00010820778274894453
156 -0.0001098772148223157
157 -0.00011114513676373922
158 -0.00010909622650632523
159 -0.00010701475679502446
160 -0.0001071017824264049
161 -0.00010735980994734574
162 -0.00010700778940119623
163 -0.00011054436039458877
164 -0.00010672518396542447
165 -0.00010878185874684813
166 -0.0001037078760728091
167 -0.00010514989090423024
168 -0.00011067359766277732
169 -0.0001088126016916753
170 -0.0001081569527664249
171 -0.00010854269630843988
172 -0.00010848297583789599
173 -0.00010880546244672134
174 -0.00011044911539003031
175 -0.00010991244411019033
176 -0.00010559932522363791
177 -0.0001047525653739487
178 -0.0001062536406513439
179 -0.00010805981680268934
180 -0.0001073898796395014
181 -0.00010537063749790467
182 -0.00010818326184230468
183 -0.0001063446285828918
184 -0.00010711748955252018
185 -0.00010704471007521847
186 -0.00010748134564483271
187 -0.0001130753027806298
188 -0.00010899220857999376
189 -0.00010904823762344724
190 -0.00010676352588624591
191 -0.00010922631225543798
192 -0.00010557923217868704
193 -0.00010661049556770498
194 -0.00010978183791550481
195 -0.00010834291316111961
196 -0.00011103704282753378
197 -0.00010827141251795418
198 -0.00010743685238914303
199 -0.00010850014883725884
200 -0.00010856954447368765
201 -0.00010741162262256611
202 -0.00011101292309370435
203 -0.00010886337398340123
204 -0.00010735226929735427
205 -0.00010499276260820917
206 -0.00010960588579078976
207 -0.00010737479728384563
208 -0.00010671193016326252
209 -0.00010860905719447674
210 -0.00010968691559364904
211 -0.00010848268156251961
212 -0.00010610510943971512
213 -0.00010836869796161269
214 -0.00010966526768752903
215 -0.00010773007009209398
216 -0.00010561656025877263
217 -0.00010897625864411079
218 -0.00010509873600947815
219 -0.00010798974720754464
220 -0.00010799201767637389
221 -0.00011024085527844078
222 -0.00010529674902016137
223 -0.00010927623817312062
224 -0.00010933822995288042
225 -0.0001084330050849937
226 -0.00010769480546409211
227 -0.00010825816169007719
228 -0.00011000414082150154
229 -0.00010567902551928859
230 -0.00010863516090697452
231 -0.00011169205644402055
232 -0.00010923356231018163
233 -0.0001091494983768721
234 -0.00010767396202220423
235 -0.00010920232287615682
236 -0.0001083177533858006
237 -0.00010816723068330108
238 -0.00010637323969177619
239 -0.00010769949147187034
240 -0.0001075900162159859
241 -0.00010704594406634435
242 -0.00010765526105802102
243 -0.00011022344414438368
244 -0.00010721975062516588
245 -0.00010962540743033255
246 -0.0001058335020683925
247 -0.00010744440278263821
248 -0.0001101697477215456
249 -0.0001094431860128261
250 -0.000111243881722333
251 -0.00010561579007759404
252 -0.00010635602841273303
253 -0.00010930204432508571
254 -0.00010758380547465917
255 -0.00011086303837016855
256 -0.00010754944401870974
257 -0.0001074225375694558
258 -0.00010478778589420338
259 -0.00010926659925035841
260 -0.00010799054809477906
261 -0.00010762010951119698
262 -0.00010984100097875707
263 -0.00010645214882977644
264 -0.00011012257856555368
265 -0.00011005436250812833
266 -0.00010601309530431413
267 -0.00010794960598646573
268 -0.0001089054101898567
269 -0.0001077479235613647
270 -0.0001080462268021346
271 -0.00010856997563555625
272 -0.00010926002466968666
273 -0.00010744032122849065
274 -0.00010949063480650005
275 -0.0001077348105650129
276 -0.00010615573460103716
277 -0.00011157702635539463
278 -0.00010912875166248912
279 -0.00010877996565158015
280 -0.00010939955790277567
281 -0.00010648970345948125
282 -0.00010692539595632735
283 -0.00010842768732978145
284 -0.0001086814048207254
285 -0.00010762424774023398
286 -0.00010844340524089547
287 -0.00010967767224029154
288 -0.00010792610977065513
289 -0.0001120446296556677
290 -0.0001091709254706362
291 -0.00010721191361422059
292 -0.00010862738694286546
293 -0.00010851060271179371
294 -0.00011056527132195145
295 -0.00010762777879071775
296 -0.000109650523533583
297 -0.00011003409151400485
298 -0.00010701083859698885
299 -0.0001082469014207951
