0 -7.180254443870275e-06
1 -8.089608178657566e-06
2 -8.243254757413096e-06
3 -6.298741552851851e-06
4 -6.216263600404247e-06
5 -8.10232041287532e-06
6 -7.058137592628918e-06
7 -5.547042496753911e-06
8 -8.268627478893919e-06
9 -9.892134195338179e-06
10 -7.728411152548432e-06
11 -8.762578673775568e-06
12 -6.832187328236642e-06
13 -6.189035472977886e-06
14 -6.6271034760326895e-06
15 -8.343760428034437e-06
16 -8.406785328925509e-06
17 -6.7917630638513235e-06
18 -1.0312847199883962e-05
19 -1.0864415173558347e-05
20 -8.826589106065011e-06
21 -1.0840022542449525e-05
22 -8.460270794555342e-06
23 -5.978192100083315e-06
24 -7.13791616148602e-06
25 -9.98651898767642e-06
26 -1.054343583602782e-05
27 -9.722327665060465e-06
28 -6.70383891360822e-06
29 -7.5613446069041985e-06
30 -1.0542670979806044e-05
31 -6.753909091229584e-06
32 -7.66216207400558e-06
33 -8.18753461477667e-06
34 -8.302534617175919e-06
35 -6.7116993103310364e-06
36 -7.6103177497068e-06
37 -7.886698089873626e-06
38 -4.560115923477663e-06
39 -4.325490670540317e-06
40 -7.913344646618677e-06
41 -8.496853617421432e-06
42 -8.196946705042356e-06
43 -9.04221457731792e-06
44 -8.118640537872508e-06
45 -8.372507265631773e-06
46 -1.139394917005493e-05
47 -7.345015106246431e-06
48 -7.01594544121611e-06
49 -9.024344816412477e-06
50 -4.737130201707819e-06
51 -8.50182821626098e-06
52 -6.438834545195376e-06
53 -8.720037471034918e-06
54 -5.773221190610865e-06
55 -6.948845801966915e-06
56 -7.902483797797966e-06
57 -1.0109165808351386e-05
58 -7.940072047277809e-06
59 -8.387141017573017e-06
60 -6.962407609891457e-06
61 -7.738495973745598e-06
62 -7.611192839881802e-06
63 -7.170008705397754e-06
64 -6.7972859036369064e-06
65 -9.121779832632166e-06
66 -9.623233024856194e-06
67 -8.210131715873091e-06
68 -7.3694135216613645e-06
69 -9.236800914407082e-06
70 -8.528831994433662e-06
71 -6.634288619769255e-06
72 -6.473122862398646e-06
73 -5.674120445433652e-06
74 -7.158952575386085e-06
75 -7.583086616851557e-06
76 -1.0122553087745908e-05
77 -1.0621763900930146e-05
78 -1.2362838831915627e-05
79 -9.71167582718572e-06
80 -5.5379928510893965e-06
81 -5.91234542427654e-06
82 -7.1955762761408126e-06
83 -7.114780538452239e-06
84 -8.130870222336362e-06
85 -9.496543474932845e-06
86 -5.737155242789474e-06
87 -6.7504732117168545e-06
88 -5.917054499249579e-06
89 -9.115222615189947e-06
90 -6.329542467414286e-06
91 -6.472471890083762e-06
92 -8.502767541765323e-06
93 -6.160945807272813e-06
94 -6.796330001048664e-06
95 -7.88381696825259e-06
96 -6.901247540134221e-06
97 -7.564895730205339e-06
98 -7.74551909547963e-06
99 -7.36085837184202e-06
100 -7.748372855545481e-06
101 -7.4627391991931245e-06
102 -9.333746660948102e-06
103 -9.24526722362809e-06
104 -9.01392496858745e-06
105 -9.009695259531311e-06
106 -7.188926857135736e-06
107 -9.078790387145031e-06
108 -8.61018654958979e-06
109 -7.826191645466397e-06
110 -7.76146179011314e-06
111 -7.5214212860537815e-06
112 -8.556441973614827e-06
113 -9.300081329627185e-06
114 -4.996747943941132e-06
115 -1.0674834737236875e-05
116 -6.610205635765745e-06
117 -7.656392388878117e-06
118 -8.478009235464411e-06
119 -6.43829057153737e-06
120 -9.341003716577152e-06
121 -8.72467371299194e-06
122 -7.835215630821069e-06
123 -7.875747956704378e-06
124 -1.0006206242087756e-05
125 -9.08354122364819e-06
126 -6.947877733957896e-06
127 -6.142551348921406e-06
128 -5.8567257884919924e-06
129 -8.047064774662484e-06
130 -7.403037838094621e-06
131 -5.194109774413745e-06
132 -8.91214462809654e-06
133 -7.084044891071313e-06
134 -6.6224762382553534e-06
135 -5.520984271622182e-06
136 -7.1018345864537685e-06
137 -7.133765331863099e-06
138 -6.7209891380713234e-06
139 -6.597707388292704e-06
140 -7.2514299913454884e-06
141 -7.713695518910773e-06
142 -6.671785080103911e-06
143 -6.664058680956101e-06
144 -6.953572665880283e-06
145 -1.06254550855846e-05
146 -9.60376975506751e-06
147 -1.0900530275177652e-05
148 -9.299604958597931e-06
149 -7.895854576843478e-06
150 -6.5818120624629486e-06
151 -6.591059093951397e-06
152 -6.557017494821944e-06
153 -6.51974640527305e-06
154 -9.081674678486417e-06
155 -7.319915952949424e-06
156 -6.604572962774899e-06
157 -6.450646504946052e-06
158 -7.416401685381826e-06
159 -8.948993436747926e-06
160 -9.650065034520194e-06
161 -7.970970368081701e-06
162 -7.5918296066483875e-06
163 -5.947801536977243e-06
164 -9.655108522097543e-06
165 -8.228549303261212e-06
166 -1.082957977733058e-05
167 -1.0708932614531356e-05
168 -6.387861634939376e-06
169 -7.205005872048366e-06
170 -8.307082045475382e-06
171 -7.917085952593864e-06
172 -7.251648467654133e-06
173 -5.759990017707637e-06
174 -5.553238276228257e-06
175 -7.214734922892997e-06
176 -9.423427352425809e-06
177 -1.0920834586175882e-05
178 -9.613291384758342e-06
179 -8.239280572806848e-06
180 -8.223813551967232e-06
181 -1.0571301620425079e-05
182 -7.732138309702641e-06
183 -9.941731339262923e-06
184 -8.025062930022635e-06
185 -7.638204892124563e-06
186 -7.220203770636476e-06
187 -5.196645753285336e-06
188 -6.814843819064354e-06
189 -7.92286819200303e-06
190 -8.608204703596589e-06
191 -6.645319827511953e-06
192 -1.0790212316570212e-05
193 -9.10755927961722e-06
194 -5.78199398885855e-06
195 -6.333222961747554e-06
196 -5.6100950829898415e-06
197 -8.816360692930266e-06
198 -6.857583449734272e-06
199 -9.772544176910528e-06
200 -6.631734241464501e-06
201 -9.043879136057795e-06
202 -6.585448800498871e-06
203 -8.027758046222976e-06
204 -6.707857539661567e-06
205 -1.1704908958377065e-05
206 -5.118923120811976e-06
207 -9.000849982356245e-06
208 -7.581135833374534e-06
209 -7.774143088078004e-06
210 -7.1009253896366034e-06
211 -8.356933383727824e-06
212 -8.550900361756553e-06
213 -7.092969082989016e-06
214 -7.832172586244453e-06
215 -9.758833929959635e-06
216 -9.947979534544144e-06
217 -7.957072851531128e-06
218 -1.020221328501937e-05
219 -1.0128469451518905e-05
220 -6.961160443942439e-06
221 -7.13269244043146e-06
222 -8.966824325849395e-06
223 -8.246222411116214e-06
224 -7.876145465360066e-06
225 -8.600210137841766e-06
226 -7.732186833044964e-06
227 -7.461077504073879e-06
228 -6.500150949024561e-06
229 -1.0201185599963513e-05
230 -7.006858930165841e-06
231 -5.8605970827009025e-06
232 -5.272575940661826e-06
233 -8.33484943072601e-06
234 -6.786894446876267e-06
235 -8.007634365995985e-06
236 -6.958731142441533e-06
237 -6.8026608266512736e-06
238 -9.577745003444456e-06
239 -8.641048195142383e-06
240 -7.034766678406421e-06
241 -9.659311271740425e-06
242 -1.0626585880946017e-05
243 -6.815210648586313e-06
244 -8.078585070709699e-06
245 -7.356760768309531e-06
246 -8.520634901562735e-06
247 -8.40277883164651e-06
248 -7.022565827469657e-06
249 -6.632714997107856e-06
250 -7.0937492852105905e-06
251 -1.0282658513635367e-05
252 -7.959431795149078e-06
253 -7.042500636843989e-06
254 -8.961795658654283e-06
255 -6.849929702158546e-06
256 -7.041705961138684e-06
257 -8.29244653303274e-06
258 -1.016623583271456e-05
259 -7.414643731063112e-06
260 -8.335927760279646e-06
261 -5.191068833376731e-06
262 -6.992818318568884e-06
263 -9.735884175244272e-06
264 -6.395398143726438e-06
265 -5.7865834105497044e-06
266 -9.682998962611177e-06
267 -6.843393721826351e-06
268 -8.055858770947774e-06
269 -7.275863222096862e-06
270 -6.4018469153771544e-06
271 -7.68122272672267e-06
272 -6.750547449707311e-06
273 -8.761828233106545e-06
274 -7.566260608930243e-06
275 -7.232802646872517e-06
276 -9.40476105178292e-06
277 -4.488901675295437e-06
278 -7.2841006212457716e-06
279 -6.279228510782057e-06
280 -6.781577765485731e-06
281 -9.766253659723818e-06
282 -7.47660554530763e-06
283 -8.520193333323334e-06
284 -6.256106478635319e-06
285 -9.464320940459573e-06
286 -1.0243055728602648e-05
287 -5.1928598626249275e-06
288 -7.79806351715699e-06
289 -6.802531810593124e-06
290 -7.771943926612694e-06
291 -7.808265824537289e-06
292 -5.986380709138038e-06
293 -8.798173702557828e-06
294 -6.881339457185535e-06
295 -6.679684898829154e-06
296 -5.8011461519287865e-06
297 -6.803358539710359e-06
298 -6.855719392139739e-06
299 -7.3051153405876875e-06
