0 -0.00012188282052081257
1 -0.00012108832431532673
2 -0.00012115476322914084
3 -0.0001226484015948136
4 -0.00012111662856275322
5 -0.00012037783542027925
6 -0.00012012109103527114
7 -0.00011993432104987608
8 -0.00011988983290372923
9 -0.0001181576248480032
10 -0.00011845072177936542
11 -0.00011925553672045833
12 -0.0001203477274123382
13 -0.000123156370756049
14 -0.00012077178820199494
15 -0.00012033755295200818
16 -0.00012003702150425546
17 -0.00012111111150283153
18 -0.00011818898877347639
19 -0.00011655878530335604
20 -0.00011681882064876988
21 -0.00011559328465287358
22 -0.00011983572943054851
23 -0.00011953477270111824
24 -0.00012020057706640735
25 -0.00011905766797174826
26 -0.0001155297475371631
27 -0.00011871273110006764
28 -0.00012107043977948853
29 -0.00011911140130891412
30 -0.00011875423747340595
31 -0.00012309060544941794
32 -0.00011935419090787302
33 -0.00011950694677234431
34 -0.00011933289228856185
35 -0.00011954709770071592
36 -0.00011975444749661136
37 -0.00012185939748263067
38 -0.0001229778211461239
39 -0.00012202443929112328
40 -0.0001185751832130358
41 -0.00012058257827519936
42 -0.00011822514317713914
43 -0.00011805980656092042
44 -0.00012089698303836057
45 -0.00012072879711860818
46 -0.0001152980652262683
47 -0.00012008184482537344
48 -0.00011924606349140382
49 -0.00011941356010158872
50 -0.000125608688244676
51 -0.0001195662167154046
52 -0.00012178188997910039
53 -0.00011936761881624797
54 -0.00012179378243100408
55 -0.000121927419068908
56 -0.00011854141457781789
57 -0.00011589253452230837
58 -0.00011847613809204573
59 -0.00012080811350429591
60 -0.0001203547799556389
61 -0.0001225373976224599
62 -0.00011901247539058458
63 -0.00012202200063009227
64 -0.00012098940280504781
65 -0.00011732353222734445
66 -0.00011858696135902734
67 -0.0001194350084344726
68 -0.00012047554129322633
69 -0.00011786100148362104
70 -0.00011930570205292911
71 -0.00012229401137133506
72 -0.0001222751291716872
73 -0.0001222036087608455
74 -0.0001204868111642745
75 -0.00011987384460219997
76 -0.00011778374318635555
77 -0.00011804933493894668
78 -0.00011760807447601264
79 -0.00011805714155486741
80 -0.00012556543946701102
81 -0.00012405436001097946
82 -0.00011967165168557006
83 -0.00012038813418775417
84 -0.00011985211972888156
85 -0.00011962222872912998
86 -0.00012115454334392229
87 -0.00012223164635775507
88 -0.00012173433941341981
89 -0.00011803023912703947
90 -0.0001204438813799045
91 -0.00012121106692370071
92 -0.00011869254418126924
93 -0.00012169222304175875
94 -0.00011945494046673212
95 -0.00011838876299086662
96 -0.00012101741747609464
97 -0.00011887299425501873
98 -0.00012034336475052737
99 -0.00011934655727283051
100 -0.00011808506509434923
101 -0.00012109276636280751
102 -0.00011804456710182046
103 -0.00011973872280749894
104 -0.00011608432929149405
105 -0.00012056469039352869
106 -0.0001209250865596188
107 -0.0001182660786060055
108 -0.0001169713958472279
109 -0.00011934937495113759
110 -0.00011986425728145061
111 -0.00012172492461934948
112 -0.00011958660706894258
113 -0.00011929491640356032
114 -0.0001221116620503916
115 -0.00011720351008430918
116 -0.00012381688050901033
117 -0.00012137601248171302
118 -0.00011795098655605398
119 -0.0001220992623111989
120 -0.00011894128382749596
121 -0.0001185379315306816
122 -0.00012066364904326087
123 -0.00011934826520580188
124 -0.00011860674055517352
125 -0.00011927778326979613
126 -0.00011897898081776522
127 -0.00012448667604994247
128 -0.00012130935446597152
129 -0.00011855304857435182
130 -0.00012075869115965505
131 -0.00012082081776782924
132 -0.0001184414750352709
133 -0.00012143451369571368
134 -0.00012216340566698492
135 -0.00012423625847875287
136 -0.00012023144014889671
137 -0.00012047646005189452
138 -0.00012054822058620059
139 -0.00012043785197889966
140 -0.00012171482892476385
141 -0.00011862531879457781
142 -0.00012003442925056483
143 -0.00012102823276558588
144 -0.00012375328942880532
145 -0.00011866243405868347
146 -0.00011771107878095497
147 -0.00011778843973240688
148 -0.0001194801299035529
149 -0.00011757209770851182
150 -0.00012204648096912434
151 -0.00012295046951032424
152 -0.00012193765796228553
153 -0.00012157513738154245
154 -0.00011982859040588007
155 -0.00012111203152557602
156 -0.00012125181124629918
157 -0.00012175399311492072
158 -0.0001228730223839556
159 -0.00011895335623632398
160 -0.00011848447942488031
161 -0.0001192490333002645
162 -0.00011945090163733911
163 -0.00012386656784782552
164 -0.00011616894795437373
165 -0.00011961873995287652
166 -0.00011670854006544974
167 -0.0001175188833312729
168 -0.0001219283375649469
169 -0.00012072515212972212
170 -0.00011966194959893798
171 -0.00011869148719641767
172 -0.00012126151633583288
173 -0.00012216696282212026
174 -0.00012244266382454671
175 -0.00011982006853003149
176 -0.0001162939789689373
177 -0.00011666988584686994
178 -0.00011811522447954052
179 -0.00011929650532542589
180 -0.00012092033434061098
181 -0.00011746736197732238
182 -0.00011760325526290175
183 -0.00011775077248586689
184 -0.00011931205229912515
185 -0.00011794330810233139
186 -0.00012101891466099503
187 -0.00012317641487809291
188 -0.00011905442415905426
189 -0.0001200386953518427
190 -0.00011868558680772953
191 -0.00012159139235084322
192 -0.00011837741475256237
193 -0.00011773926139414784
194 -0.00012287475495596203
195 -0.00012111668382381734
196 -0.0001240431612923879
197 -0.00012001895804574724
198 -0.00012030034741123617
199 -0.00011870273641816914
200 -0.00012162046571562055
201 -0.00012103223829060832
202 -0.00012180608303002547
203 -0.00012120726705216107
204 -0.00011865496372272618
205 -0.00011648173246071576
206 -0.00012202288420755383
207 -0.00011776117649515822
208 -0.00011914899462207789
209 -0.00011990512387220492
210 -0.0001220471639392484
211 -0.00012163529478208299
212 -0.00011828382811995387
213 -0.00012089949734902738
214 -0.00012178929828760411
215 -0.00011999913425332658
216 -0.00011557316359040491
217 -0.00012050312801635645
218 -0.00011578252640046099
219 -0.0001183805007242288
220 -0.00012096621384060521
221 -0.00012029876243421508
222 -0.00011573172843051192
223 -0.00012015527007466724
224 -0.0001221085084630214
225 -0.00011871910993153828
226 -0.00011907297673753731
227 -0.00012141564207816267
228 -0.00012184690319964093
229 -0.00011787002598835401
230 -0.00012062380245020362
231 -0.00012231101213341344
232 -0.00012159830250263051
233 -0.00011994261859957673
234 -0.00012051657732534996
235 -0.00012023108089706661
236 -0.00012072625332157929
237 -0.0001227871906546558
238 -0.00011711183202450073
239 -0.00011896378215297019
240 -0.00011908928864730325
241 -0.00011915456941707612
242 -0.00011840254728368381
243 -0.00012176191264990368
244 -0.00011844293106316105
245 -0.00012188525582533289
246 -0.00011931963708694487
247 -0.00011977452680502431
248 -0.00012045653596429909
249 -0.00012147050428494659
250 -0.0001217422334656818
251 -0.00011749057513114258
252 -0.00011991041392045991
253 -0.00012160845224207652
254 -0.00012098777974001584
255 -0.00012228500501088396
256 -0.00011984459486975984
257 -0.00011822139632913911
258 -0.00011809904308632416
259 -0.00012194426042376287
260 -0.00012004693565913854
261 -0.00012104327964789653
262 -0.00012092223134439926
263 -0.00011723279040073261
264 -0.0001208144700930582
265 -0.00012003663802737057
266 -0.00011720422732103209
267 -0.00012082427430530496
268 -0.00012058226931943338
269 -0.00012110620055972398
270 -0.00012118872317481776
271 -0.00012006529902247651
272 -0.00012184177565010807
273 -0.00011837369281730162
274 -0.00012062322910264812
275 -0.00012059507647709552
276 -0.00011660279501267443
277 -0.00012406133439120032
278 -0.00012105635301054358
279 -0.00012015180994226255
280 -0.00012131051936583203
281 -0.00011808388505755483
282 -0.00011895437440266008
283 -0.00011918260559014589
284 -0.00012210190134986725
285 -0.00011978609402951365
286 -0.0001197676798668883
287 -0.00012251042115456263
288 -0.00011898567774761466
289 -0.0001228890648034435
290 -0.00012142371842129274
291 -0.0001197920894884552
292 -0.0001212725923690088
293 -0.00012002298574366066
294 -0.00012204822879967684
295 -0.00012109146183555962
296 -0.00012160642858809314
297 -0.00012246128039219804
298 -0.0001190033813242587
299 -0.00012172267716845305
