0 -1.239370757883151e-05
1 -1.1329818241039007e-05
2 -1.175009576025931e-05
3 -1.2314495265809656e-05
4 -1.2505679321701538e-05
5 -1.136616241628427e-05
6 -1.1147124416749202e-05
7 -1.2736830243421304e-05
8 -1.0515606531449568e-05
9 -1.0056672562472715e-05
10 -1.1381635897302246e-05
11 -1.0930942060508321e-05
12 -1.17937192196855e-05
13 -1.2316106602822305e-05
14 -1.2738791593741644e-05
15 -1.0411717432544724e-05
16 -1.083742552024135e-05
17 -1.2697790079282065e-05
18 -1.0666955754078796e-05
19 -9.36114592351602e-06
20 -1.0562626364781636e-05
21 -1.0269128525881899e-05
22 -1.0802741313769824e-05
23 -1.2270017577694318e-05
24 -1.2087078336832385e-05
25 -1.0032472426837569e-05
26 -9.303516880231987e-06
27 -1.0528525871270501e-05
28 -1.1471757916388101e-05
29 -1.1445547753150293e-05
30 -9.79447749599996e-06
31 -1.1722947493265259e-05
32 -1.1072915853857103e-05
33 -1.1252967071197267e-05
34 -1.1139658520245457e-05
35 -1.2498565651495732e-05
36 -1.2143841591019735e-05
37 -1.0887431318440371e-05
38 -1.3253266430996665e-05
39 -1.3479900059401187e-05
40 -1.1448939840358151e-05
41 -1.1032910853320688e-05
42 -1.1075234220785843e-05
43 -1.117268655866355e-05
44 -1.0487712473932519e-05
45 -1.1417574498810873e-05
46 -8.886899945498385e-06
47 -1.162540716413026e-05
48 -1.1867544893009318e-05
49 -1.071571392504533e-05
50 -1.257872609201895e-05
51 -1.0759635688292917e-05
52 -1.2447048559535517e-05
53 -1.0972159613863653e-05
54 -1.22743335704757e-05
55 -1.2258492225871408e-05
56 -1.0844766048839925e-05
57 -9.22370925135593e-06
58 -1.0531619684057494e-05
59 -1.1061697729058242e-05
60 -1.1827168003342597e-05
61 -1.1194927000122844e-05
62 -1.1109747013475508e-05
63 -1.1673270715748768e-05
64 -1.1501062818240077e-05
65 -1.149992492115628e-05
66 -1.0540395216035326e-05
67 -1.0743163408146325e-05
68 -1.2016601509265726e-05
69 -1.05086854066316e-05
70 -1.1187472576390961e-05
71 -1.2251098306600692e-05
72 -1.2199095622111464e-05
73 -1.2562883390711147e-05
74 -1.1592823516840194e-05
75 -1.153651690874597e-05
76 -9.60756682061846e-06
77 -9.43384200160496e-06
78 -9.14631154336801e-06
79 -1.0259309917730325e-05
80 -1.2319358184131266e-05
81 -1.2634320072806356e-05
82 -1.1729086576723339e-05
83 -1.1865380471952291e-05
84 -1.1562177124322698e-05
85 -1.0151023485687136e-05
86 -1.2700452819289059e-05
87 -1.1876658231053808e-05
88 -1.2222705793661541e-05
89 -1.0419421830348763e-05
90 -1.17324001152596e-05
91 -1.1970429692458634e-05
92 -1.1073938959323688e-05
93 -1.2032673660078436e-05
94 -1.1995132934525329e-05
95 -1.1438087988840983e-05
96 -1.1498493253355787e-05
97 -1.1882057362934773e-05
98 -1.204304842004843e-05
99 -1.2179139423528568e-05
100 -1.1870640152433146e-05
101 -1.1615459502813085e-05
102 -1.0544814942098729e-05
103 -9.429444418447698e-06
104 -1.0875936204388212e-05
105 -1.0539787353126836e-05
106 -1.178516861124305e-05
107 -1.0423011083292307e-05
108 -1.06056391899335e-05
109 -1.0624683711843563e-05
110 -1.1244592384884486e-05
111 -1.1501238675358539e-05
112 -1.1468924109830712e-05
113 -1.0338841643684542e-05
114 -1.3719713568460688e-05
115 -9.726868671502087e-06
116 -1.1388341027608593e-05
117 -1.1641394201157305e-05
118 -1.0962454959226459e-05
119 -1.2802190574753736e-05
120 -9.883039419050084e-06
121 -1.1051818875250324e-05
122 -1.0925364276665323e-05
123 -1.1347893036420502e-05
124 -1.017409652159758e-05
125 -9.967616291916388e-06
126 -1.2184549565817577e-05
127 -1.2984515679593777e-05
128 -1.2738119432935288e-05
129 -1.2015127430263342e-05
130 -1.1815957333826556e-05
131 -1.2699040558559407e-05
132 -1.0863349267459883e-05
133 -1.2630335916782035e-05
134 -1.215832125706188e-05
135 -1.256680566335117e-05
136 -1.1381894240281233e-05
137 -1.2459062506545574e-05
138 -1.2016554485657711e-05
139 -1.273590713131762e-05
140 -1.1643843873669633e-05
141 -1.1222305258068865e-05
142 -1.1826757945495651e-05
143 -1.1922126494774648e-05
144 -1.112181246564322e-05
145 -9.495526458354175e-06
146 -1.0417689209680201e-05
147 -9.759664477740274e-06
148 -1.0615794399924361e-05
149 -1.0820216801646053e-05
150 -1.218893856036038e-05
151 -1.2461114992185944e-05
152 -1.1945511258314684e-05
153 -1.1949117482353515e-05
154 -1.0188405989694274e-05
155 -1.2293642204501963e-05
156 -1.2212736851605298e-05
157 -1.1654188302036263e-05
158 -1.114034393672202e-05
159 -1.1138647847212575e-05
160 -1.0521495448013097e-05
161 -1.1507348569427764e-05
162 -1.168250880931961e-05
163 -1.2021313535846861e-05
164 -1.0845710232162513e-05
165 -1.1164058385934525e-05
166 -8.8244873720037e-06
167 -1.006043805415139e-05
168 -1.2032385120597203e-05
169 -1.1866409412454645e-05
170 -1.0985209426585829e-05
171 -1.1803753319588823e-05
172 -1.1722339264490281e-05
173 -1.2621301812826125e-05
174 -1.2728245517580937e-05
175 -1.2777833694712615e-05
176 -1.0289828783571019e-05
177 -9.357442533858613e-06
178 -1.0773606845654868e-05
179 -1.086332186934078e-05
180 -1.087802199472103e-05
181 -9.039885068372271e-06
182 -1.189431543267535e-05
183 -1.0452530158157759e-05
184 -1.0879239451547747e-05
185 -1.1307457283382252e-05
186 -1.106144777178878e-05
187 -1.3690188032939472e-05
188 -1.2416701087059392e-05
189 -1.220410828369867e-05
190 -1.0911955765882393e-05
191 -1.177216851165409e-05
192 -1.0170428915998095e-05
193 -1.105332477956422e-05
194 -1.2316822874763436e-05
195 -1.2054857004306994e-05
196 -1.2863826158085818e-05
197 -1.0909661761225547e-05
198 -1.2089717295480929e-05
199 -1.0338464185498216e-05
200 -1.1787430439735202e-05
201 -1.023678261942508e-05
202 -1.1858956545395134e-05
203 -1.1416102029494253e-05
204 -1.2088033086062725e-05
205 -8.748091134818235e-06
206 -1.2218471877388523e-05
207 -1.0102691352733023e-05
208 -1.1318255694415325e-05
209 -1.2327141518235797e-05
210 -1.1364418431584046e-05
211 -1.0908234127947462e-05
212 -1.143049791380974e-05
213 -1.1099280248213387e-05
214 -1.132622925616768e-05
215 -1.0899813989357224e-05
216 -1.0551788343415061e-05
217 -1.1890226353192574e-05
218 -9.606501056573644e-06
219 -1.0195791515964213e-05
220 -1.1777847525569288e-05
221 -1.2191488822614848e-05
222 -1.0146018406377873e-05
223 -1.0530856133434778e-05
224 -1.140686241977414e-05
225 -1.11258831488894e-05
226 -1.140727489041498e-05
227 -1.1517230801924493e-05
228 -1.1924729214449935e-05
229 -9.202963661079178e-06
230 -1.1389250532062929e-05
231 -1.2927266335229007e-05
232 -1.3342368642931604e-05
233 -1.1185097059694006e-05
234 -1.1176204811521492e-05
235 -1.163796525577331e-05
236 -1.1698792568673542e-05
237 -1.1563202675015772e-05
238 -1.0614387184451879e-05
239 -1.0987331189543856e-05
240 -1.2171727151783559e-05
241 -9.992571944216607e-06
242 -9.563964744382837e-06
243 -1.2143269304386764e-05
244 -1.191051339562706e-05
245 -1.1967867080296056e-05
246 -1.141480074029044e-05
247 -1.0853036402484245e-05
248 -1.2489218484997342e-05
249 -1.173348447478141e-05
250 -1.17735577205583e-05
251 -9.665459617558774e-06
252 -1.1051298208261154e-05
253 -1.1768601978296395e-05
254 -1.0389812176687193e-05
255 -1.1485303797351678e-05
256 -1.2045054898171459e-05
257 -1.1446592154692246e-05
258 -1.0126439635014622e-05
259 -1.132051069329869e-05
260 -1.1518236386965163e-05
261 -1.375950503453753e-05
262 -1.257581333091747e-05
263 -1.0605151136512669e-05
264 -1.2793181213876356e-05
265 -1.2914052243415706e-05
266 -1.073435566004678e-05
267 -1.228420460185332e-05
268 -1.0710035321466639e-05
269 -1.169813645440446e-05
270 -1.234743966769613e-05
271 -1.1191400019559847e-05
272 -1.2054755507233953e-05
273 -1.107341710035024e-05
274 -1.1196546496660743e-05
275 -1.1887726422663158e-05
276 -1.072502112050422e-05
277 -1.4103532428879145e-05
278 -1.1942683702139825e-05
279 -1.2847721950051163e-05
280 -1.2109810269052436e-05
281 -1.0349394127575976e-05
282 -1.1643569972131052e-05
283 -1.126410653258482e-05
284 -1.2295944522948274e-05
285 -1.1070828325980275e-05
286 -1.0544329133059343e-05
287 -1.280902007004022e-05
288 -1.1438912924153184e-05
289 -1.1587661262065002e-05
290 -1.0350400463188746e-05
291 -1.1406694885371163e-05
292 -1.269045594996396e-05
293 -1.0827623713408838e-05
294 -1.1906640141840907e-05
295 -1.1731507153197195e-05
296 -1.3146292117623577e-05
297 -1.1855437570465822e-05
298 -1.179666842359555e-05
299 -1.157443071526384e-05
