0 -1.2675046965120391e-05
1 -1.5752065756238803e-05
2 -1.4835588528003901e-05
3 -1.4354622826893599e-05
4 -1.2839799321077377e-05
5 -1.4291191300175337e-05
6 -1.3637077819382985e-05
7 -1.161910986232727e-05
8 -1.5250187713916649e-05
9 -1.4542012784918832e-05
10 -1.5133238175218931e-05
11 -1.7578845598451757e-05
12 -1.3758484749198446e-05
13 -1.3373019373225411e-05
14 -1.4378082299782183e-05
15 -1.460501497734727e-05
16 -1.3159228824919962e-05
17 -1.676047040645925e-05
18 -1.840423512990113e-05
19 -1.5472659073162226e-05
20 -1.3896831406303269e-05
21 -1.577299789829832e-05
22 -1.4530131092891532e-05
23 -1.3286193515825148e-05
24 -1.3305165878083285e-05
25 -1.5561355523768413e-05
26 -1.6513492182012627e-05
27 -1.4294495808399517e-05
28 -1.3181492021174874e-05
29 -1.418303828119575e-05
30 -1.765733867621808e-05
31 -1.226618993596971e-05
32 -1.2748770718829302e-05
33 -1.2814423263116338e-05
34 -1.4758374489550432e-05
35 -1.3592412123454513e-05
36 -1.4352894727518318e-05
37 -1.4189271307098487e-05
38 -1.407083111061559e-05
39 -1.3197258383942061e-05
40 -1.5368576658614403e-05
41 -1.4978492879777436e-05
42 -1.703328748252564e-05
43 -1.7523520388400128e-05
44 -1.4444901617159775e-05
45 -1.5058511659239748e-05
46 -1.646485197339281e-05
47 -1.4657000816233666e-05
48 -1.6071002380252824e-05
49 -1.5792483103629574e-05
50 -1.2246504881680013e-05
51 -1.6722909956159336e-05
52 -1.156261588436694e-05
53 -1.6357448524601834e-05
54 -1.3080217526411695e-05
55 -1.3100604225921423e-05
56 -1.306271134154086e-05
57 -1.5757926614772855e-05
58 -1.7071102108309654e-05
59 -1.6696936277487063e-05
60 -1.194996086933262e-05
61 -1.2499501319893631e-05
62 -1.4532595177055194e-05
63 -1.3842487258484536e-05
64 -1.3565526544060558e-05
65 -1.600320777767378e-05
66 -1.6722873524080265e-05
67 -1.2873222122910619e-05
68 -1.3381967716568589e-05
69 -1.3856386191546008e-05
70 -1.5427690131049777e-05
71 -1.5307127767140375e-05
72 -1.2186403207944138e-05
73 -1.350866502691631e-05
74 -1.3235445860563608e-05
75 -1.318031812230014e-05
76 -1.5834785875292882e-05
77 -1.7742942821360775e-05
78 -1.6094947164516407e-05
79 -1.7166663188839838e-05
80 -1.0985150606581367e-05
81 -1.3299545825552226e-05
82 -1.530894929162856e-05
83 -1.2564712839937714e-05
84 -1.6579325021110427e-05
85 -1.560986475810105e-05
86 -1.2751390638592725e-05
87 -1.5432935714995403e-05
88 -1.0803146909545335e-05
89 -1.3634496877046888e-05
90 -1.4801324114698279e-05
91 -1.4541236815438255e-05
92 -1.533035173592516e-05
93 -1.408711621640863e-05
94 -1.3119391268159544e-05
95 -1.3186672940383534e-05
96 -1.1544100072555582e-05
97 -1.3601458740968458e-05
98 -1.2131395815146368e-05
99 -1.484391857414956e-05
100 -1.4794226878273085e-05
101 -1.5649994922590527e-05
102 -1.6602887434421448e-05
103 -1.5599242806367715e-05
104 -1.5635806529568732e-05
105 -1.6483913148192062e-05
106 -1.436509078790744e-05
107 -1.4385034202104452e-05
108 -1.4688310310072247e-05
109 -1.517511021248272e-05
110 -1.471880342330861e-05
111 -1.6519171041646204e-05
112 -1.4927481840003851e-05
113 -1.3412495900654982e-05
114 -1.2509834968863266e-05
115 -1.6974743124371375e-05
116 -1.2499236457120148e-05
117 -1.3359516814069286e-05
118 -1.648015746457071e-05
119 -1.3387585146481983e-05
120 -1.5947716568373595e-05
121 -1.5158125688829156e-05
122 -1.4424460979964344e-05
123 -1.4926864415066535e-05
124 -1.567674257509483e-05
125 -1.559085194600906e-05
126 -1.5315989698291983e-05
127 -1.2573755300035379e-05
128 -1.323960897805786e-05
129 -1.5039891790289592e-05
130 -1.6381373837321933e-05
131 -1.2738815181252332e-05
132 -1.714411605746018e-05
133 -1.381645419680587e-05
134 -1.4252114786745645e-05
135 -1.0978379834759003e-05
136 -1.3749199560313439e-05
137 -1.4609367099190993e-05
138 -1.296932765461023e-05
139 -1.2796916616246642e-05
140 -1.1916629452313317e-05
141 -1.5046394080598836e-05
142 -1.3699650235946969e-05
143 -1.4729351705346686e-05
144 -1.2027973974948328e-05
145 -1.4600789078428508e-05
146 -1.5270664792022698e-05
147 -1.8353201888526925e-05
148 -1.5958536488376797e-05
149 -1.5319018388322505e-05
150 -1.5337896684923252e-05
151 -1.3823770824703337e-05
152 -1.394076714767281e-05
153 -1.4896833058850355e-05
154 -1.6098397930901383e-05
155 -1.2920008469561508e-05
156 -1.4424539991208704e-05
157 -1.5570111204221573e-05
158 -1.2459461183066942e-05
159 -1.4782802433964966e-05
160 -1.614258853138015e-05
161 -1.432569657819698e-05
162 -1.3840322094100097e-05
163 -1.234184251771055e-05
164 -1.7586451812968275e-05
165 -1.61649025925536e-05
166 -1.489415801788499e-05
167 -1.5256784194980885e-05
168 -1.5338193521981952e-05
169 -1.396335911778187e-05
170 -1.5769904129966574e-05
171 -1.6483493211008738e-05
172 -1.3306834962218885e-05
173 -1.1533193384671664e-05
174 -1.3487977224150114e-05
175 -1.6054283726819118e-05
176 -1.62698467330992e-05
177 -1.6239799498801864e-05
178 -1.538256026743094e-05
179 -1.532721073890172e-05
180 -1.3576118533229757e-05
181 -1.6072943555861124e-05
182 -1.7012558756974018e-05
183 -1.6287389660012297e-05
184 -1.4221892067177392e-05
185 -1.4904473492244841e-05
186 -1.281583730319962e-05
187 -1.5267190215852406e-05
188 -1.5578841699500868e-05
189 -1.5438612434458985e-05
190 -1.4991871829745932e-05
191 -1.3584252823745489e-05
192 -1.4952336350431897e-05
193 -1.6050900178286574e-05
194 -1.230372823172054e-05
195 -1.2530149644813592e-05
196 -1.2059006522709433e-05
197 -1.532914102483159e-05
198 -1.2633334220033353e-05
199 -1.7334545785205032e-05
200 -1.2712809973123196e-05
201 -1.3404090418982112e-05
202 -1.5704818728836596e-05
203 -1.4401543120574812e-05
204 -1.4357737489932514e-05
205 -1.72131814405841e-05
206 -1.2621941274609664e-05
207 -1.7156330135077356e-05
208 -1.3776019708863815e-05
209 -1.4878620319491586e-05
210 -1.422232517137338e-05
211 -1.3637650937098103e-05
212 -1.4144138542502945e-05
213 -1.3691602572223772e-05
214 -1.4786584032772013e-05
215 -1.493522148518732e-05
216 -1.7518640596621078e-05
217 -1.4777074450060228e-05
218 -1.6701581955049954e-05
219 -1.7343252070597024e-05
220 -1.2884019275322958e-05
221 -1.6207267477661767e-05
222 -1.6260004576926678e-05
223 -1.6284587196380477e-05
224 -1.3985399755908639e-05
225 -1.678968721987883e-05
226 -1.4786636559695446e-05
227 -1.2896464687771384e-05
228 -1.4028895301352666e-05
229 -1.5564626847085285e-05
230 -1.4355857408909207e-05
231 -1.523860246647838e-05
232 -1.2448202197743866e-05
233 -1.611233847023814e-05
234 -1.2711640745271376e-05
235 -1.5826692059955272e-05
236 -1.3438956967168883e-05
237 -1.1029022666804044e-05
238 -1.6668884680009467e-05
239 -1.5802555378239534e-05
240 -1.4140350160737357e-05
241 -1.5475763749423744e-05
242 -1.76487912351232e-05
243 -1.4486132559798585e-05
244 -1.486744024278595e-05
245 -1.4261751144035975e-05
246 -1.26670604502936e-05
247 -1.4309163217372343e-05
248 -1.574173584121636e-05
249 -1.4001491792679458e-05
250 -1.6271941848614366e-05
251 -1.5745270137463582e-05
252 -1.267987506200769e-05
253 -1.3684031681499636e-05
254 -1.3809747247276123e-05
255 -1.5003143363068021e-05
256 -1.3105238192555068e-05
257 -1.5572684044005778e-05
258 -1.3947283029767512e-05
259 -1.400272441004601e-05
260 -1.4218616397875006e-05
261 -1.1295313276503457e-05
262 -1.4811030504654103e-05
263 -1.638764858163578e-05
264 -1.5042047214500834e-05
265 -1.5245229478882891e-05
266 -1.6017227349292407e-05
267 -1.261577459895356e-05
268 -1.5494526398339205e-05
269 -1.2627695071131024e-05
270 -1.2427479657356492e-05
271 -1.4767610568399912e-05
272 -1.3251593130872622e-05
273 -1.6151811483410546e-05
274 -1.5608854042404746e-05
275 -1.2855359119457206e-05
276 -1.659088372445933e-05
277 -1.1875543847959924e-05
278 -1.4378650029014578e-05
279 -1.411735210539635e-05
280 -1.3909607464098495e-05
281 -1.5924174052447668e-05
282 -1.370013341842174e-05
283 -1.6089488359212883e-05
284 -1.1973040903712797e-05
285 -1.517136129190493e-05
286 -1.6808800936840785e-05
287 -1.2433194034299452e-05
288 -1.4985349648687405e-05
289 -1.6055040631303658e-05
290 -1.45762538453731e-05
291 -1.354004950405635e-05
292 -1.2159758066844081e-05
293 -1.5632957220448846e-05
294 -1.4879739980205193e-05
295 -1.193827615537842e-05
296 -1.2854874000650037e-05
297 -1.3342626507185586e-05
298 -1.3476129261907497e-05
299 -1.2933493183520388e-05
