0 2.8954414902813567e-05
1 3.2012545104967774e-05
2 3.024789206449023e-05
3 3.165365203080355e-05
4 2.9977056223815952e-05
5 3.173912427673392e-05
6 2.9120774040258486e-05
7 2.892935758114136e-05
8 3.103350466540503e-05
9 3.022888567003916e-05
10 3.140103381757259e-05
11 3.3203936799179666e-05
12 3.068251583436045e-05
13 2.9504354947285093e-05
14 3.263738045387406e-05
15 3.137961607087925e-05
16 2.8356651285561015e-05
17 3.503789093888679e-05
18 3.5045622921535914e-05
19 3.0455419871706172e-05
20 2.9303089061518337e-05
21 3.093988854289642e-05
22 3.08976724379949e-05
23 3.0281556253245248e-05
24 2.953939525579583e-05
25 3.1471246074818316e-05
26 3.161846257431309e-05
27 2.99604509641023e-05
28 2.9208356980874974e-05
29 2.952262536739527e-05
30 3.207149418573722e-05
31 2.8401047612499312e-05
32 2.7545594735923847e-05
33 2.8278807203887888e-05
34 3.214504429099855e-05
35 3.0803369023405864e-05
36 3.165606533280449e-05
37 2.97613656408424e-05
38 3.291045923698526e-05
39 3.219187907308977e-05
40 3.179510984409177e-05
41 3.1913331008844816e-05
42 3.305993025245314e-05
43 3.382347265568286e-05
44 3.04629871702507e-05
45 2.971747005970318e-05
46 3.0251570842130847e-05
47 3.09269516531495e-05
48 3.219142537361448e-05
49 3.028400786353918e-05
50 2.913355795834951e-05
51 3.2922892023447885e-05
52 2.8851003918521742e-05
53 3.320515770395701e-05
54 2.9733248820235132e-05
55 2.9089685102699962e-05
56 2.9554757750122576e-05
57 2.9685197762780095e-05
58 3.2568812202487785e-05
59 3.220967129958543e-05
60 2.8201602155362726e-05
61 2.8130706956944862e-05
62 3.0822353673417136e-05
63 2.8987721654236184e-05
64 2.976294881500514e-05
65 3.198449689230874e-05
66 3.255275754126665e-05
67 2.9100724454645144e-05
68 3.052227163568279e-05
69 2.8571298720166212e-05
70 3.178132339271772e-05
71 3.292878014433194e-05
72 2.9084292124563988e-05
73 3.1166082343408025e-05
74 3.0770966188324184e-05
75 2.933863648544849e-05
76 3.05289531462276e-05
77 3.2027221947882745e-05
78 3.117413565411804e-05
79 3.362835658933697e-05
80 2.9030126867566598e-05
81 3.0294162330989662e-05
82 3.185414526961652e-05
83 2.9437521146298282e-05
84 3.354188049510103e-05
85 3.0240728125398352e-05
86 2.9905135086753154e-05
87 3.292207098844743e-05
88 2.7661687624872083e-05
89 2.8903848975467226e-05
90 3.1488697592228246e-05
91 3.1335332284804887e-05
92 3.207601437333827e-05
93 3.1107894456254166e-05
94 3.0201791781731557e-05
95 3.071227662014405e-05
96 2.7478307132506924e-05
97 3.059414559052033e-05
98 2.8143239582155226e-05
99 3.1349495269062836e-05
100 3.2552884620408646e-05
101 3.285825548844155e-05
102 3.2868280173171777e-05
103 3.0355473462760964e-05
104 3.051037795306946e-05
105 3.213712063368458e-05
106 3.157191608403758e-05
107 3.0206620886465822e-05
108 3.0261428228073326e-05
109 3.058847653371859e-05
110 3.0400882795675117e-05
111 3.265368759125304e-05
112 3.1610555720136795e-05
113 2.9631101790642496e-05
114 3.185504067845729e-05
115 3.204861765828482e-05
116 2.8943335787573264e-05
117 3.009959742641902e-05
118 3.2919435300940816e-05
119 3.080735574595971e-05
120 3.151960527404176e-05
121 3.060115971670212e-05
122 2.9488726279643234e-05
123 3.166736648078748e-05
124 3.1733744722054474e-05
125 3.097964037838841e-05
126 3.190275692538788e-05
127 3.0248181549646833e-05
128 3.1304705398916244e-05
129 3.364539303596295e-05
130 3.2073567131018806e-05
131 3.188858101467589e-05
132 3.292799471097666e-05
133 3.2350823296884965e-05
134 3.090488509556551e-05
135 2.8655229323188347e-05
136 2.9506179619295476e-05
137 3.2256707872034465e-05
138 2.912983407659022e-05
139 3.0281202461805713e-05
140 2.8508073496133135e-05
141 3.086717825328801e-05
142 3.1923567721200494e-05
143 3.208876377044592e-05
144 2.7139426077375834e-05
145 2.979805309714192e-05
146 3.16820604744344e-05
147 3.258837113437972e-05
148 3.209172173962423e-05
149 3.051941973849589e-05
150 3.267959948272839e-05
151 3.0154176257494764e-05
152 3.128971015391584e-05
153 3.162548260813082e-05
154 3.099992948513208e-05
155 2.9838399084092543e-05
156 3.1428367221084905e-05
157 3.2956224618484105e-05
158 2.8635279084799266e-05
159 3.148786237888874e-05
160 3.170879031881778e-05
161 3.0783140901955996e-05
162 2.9187720314176392e-05
163 2.8886462477651387e-05
164 3.4548718679755425e-05
165 3.2022169972390295e-05
166 2.902308376278905e-05
167 3.0285221208087552e-05
168 3.072443657137508e-05
169 3.111383599954728e-05
170 3.082527095228096e-05
171 3.30428379438119e-05
172 2.9369822008249825e-05
173 2.9001718597220532e-05
174 3.0277697684187494e-05
175 3.4196456733898934e-05
176 3.246695395191071e-05
177 3.0262248252163488e-05
178 3.0053039803592522e-05
179 3.1791688816402545e-05
180 2.8074593867731703e-05
181 3.0165964931856253e-05
182 3.4095851558327845e-05
183 3.138143828144594e-05
184 3.0374576342249795e-05
185 3.2083969189158546e-05
186 2.8011229627852645e-05
187 3.4069659484901817e-05
188 3.382296693200577e-05
189 3.267943060065525e-05
190 3.05429153435571e-05
191 3.0127865964004688e-05
192 3.088033456379583e-05
193 3.1598524289029595e-05
194 2.9142429463409977e-05
195 2.948051985047245e-05
196 3.0418716932543374e-05
197 3.136854167428791e-05
198 2.9463266164759438e-05
199 3.392104158261e-05
200 2.8969466116864395e-05
201 2.917195618429579e-05
202 3.233163867139659e-05
203 3.011546038841109e-05
204 3.117013737580304e-05
205 3.1602077015598326e-05
206 2.9638355787377824e-05
207 3.1719125438583226e-05
208 2.8820463288832755e-05
209 3.253021312523354e-05
210 2.995363072771265e-05
211 2.9951845233609034e-05
212 3.016924435063068e-05
213 2.9486698257448517e-05
214 3.0197263567379787e-05
215 3.192657236641053e-05
216 3.306020376974326e-05
217 3.2057810277921766e-05
218 3.2140881629793103e-05
219 3.367217106783276e-05
220 2.8657290049254217e-05
221 3.381177469189476e-05
222 3.1942344296837005e-05
223 3.251949241687512e-05
224 3.0317814968452357e-05
225 3.329478734759284e-05
226 3.182516866906984e-05
227 2.9784048790760638e-05
228 3.134172923480738e-05
229 3.072171769648053e-05
230 3.0244510220141084e-05
231 3.339018409188727e-05
232 2.9863676484554367e-05
233 3.267716206004655e-05
234 2.942368153598392e-05
235 3.257531468783874e-05
236 2.9823652779802308e-05
237 2.7320828206245714e-05
238 3.229939661193284e-05
239 3.1320319552967954e-05
240 3.1165386163541e-05
241 3.063099132603906e-05
242 3.285573867945566e-05
243 3.2153273881821785e-05
244 3.215603632762743e-05
245 3.0611053349657966e-05
246 2.8951779808112548e-05
247 3.085507269995426e-05
248 3.3816768628695274e-05
249 3.0737877035213944e-05
250 3.30676851362999e-05
251 3.0494275086356783e-05
252 2.844479090384872e-05
253 3.1185023411039295e-05
254 2.9105660679660337e-05
255 3.245035657111403e-05
256 3.041519152023941e-05
257 3.2615344318065025e-05
258 2.942988158856918e-05
259 2.9590604044124706e-05
260 3.1514060254149235e-05
261 2.7891285251531964e-05
262 3.270260576210563e-05
263 3.24544138558064e-05
264 3.309698702021117e-05
265 3.3768677808704054e-05
266 3.1435959129276286e-05
267 2.9287574727222372e-05
268 3.0927281437880546e-05
269 2.8853278564794834e-05
270 2.8373160446967047e-05
271 3.172264918754807e-05
272 3.040224021193493e-05
273 3.1947078743094724e-05
274 3.208500278069223e-05
275 2.9985241254874522e-05
276 3.2957009100868953e-05
277 3.061451615261443e-05
278 3.069253638513918e-05
279 3.131231930876269e-05
280 3.118401821131621e-05
281 3.12113865950996e-05
282 3.084203780804413e-05
283 3.271274355276288e-05
284 2.865626120636594e-05
285 3.1286006116227965e-05
286 3.261790858615579e-05
287 2.887108672407377e-05
288 3.250699469242802e-05
289 3.2597144517754385e-05
290 3.0242027575807363e-05
291 3.0010361197666797e-05
292 3.0003895223662142e-05
293 3.149975898842687e-05
294 3.2013256127147974e-05
295 2.8641258286736226e-05
296 3.133675200041467e-05
297 3.0766653838513906e-05
298 3.0280891030067175e-05
299 2.8559471320886208e-05
