0 -6.980653024104143e-06
1 -7.054574995447974e-06
2 -6.75936969153421e-06
3 -6.856486221804417e-06
4 -7.139589542848481e-06
5 -6.969008527099684e-06
6 -6.957902549153157e-06
7 -6.819460990519271e-06
8 -6.9466801696924065e-06
9 -6.9244647452088434e-06
10 -6.765479103449906e-06
11 -6.764244493188719e-06
12 -7.041534053869236e-06
13 -6.910835854926142e-06
14 -6.9491390878296375e-06
15 -7.040404661498806e-06
16 -6.967458900978132e-06
17 -7.05196710578271e-06
18 -6.9228322684322085e-06
19 -7.005331320948416e-06
20 -6.861419442852156e-06
21 -6.997860585092572e-06
22 -6.968814640422819e-06
23 -6.85299152841599e-06
24 -7.053694612786355e-06
25 -6.820614758002177e-06
26 -7.070669372561482e-06
27 -6.98037116962647e-06
28 -6.883292036810806e-06
29 -7.07095472698132e-06
30 -6.839072535576439e-06
31 -7.037158109818732e-06
32 -6.856736330812225e-06
33 -7.093285857314872e-06
34 -6.986288885002048e-06
35 -6.9027791878550325e-06
36 -6.95193029198993e-06
37 -7.0795927515794955e-06
38 -7.040691826925992e-06
39 -7.07179790090588e-06
40 -6.98829679162548e-06
41 -6.929284695800602e-06
42 -6.978573312044264e-06
43 -7.08986339007321e-06
44 -7.004812071871619e-06
45 -7.015871165121825e-06
46 -6.93415098070251e-06
47 -7.092612548661542e-06
48 -6.981827205353598e-06
49 -7.073125236477156e-06
50 -6.906753578648063e-06
51 -7.004160412215796e-06
52 -7.030272218971637e-06
53 -7.003703258867353e-06
54 -7.131737647849851e-06
55 -7.097860448220377e-06
56 -7.058896317675643e-06
57 -6.90631944541553e-06
58 -6.932019147022064e-06
59 -6.974925503257055e-06
60 -6.955264300183758e-06
61 -7.019988743636575e-06
62 -7.091405889081035e-06
63 -6.845542731322523e-06
64 -6.943130158340721e-06
65 -6.937866733344722e-06
66 -6.9219431204986825e-06
67 -7.212615858297553e-06
68 -7.0093660648917545e-06
69 -7.074857770545855e-06
70 -7.087883214010119e-06
71 -6.990077388536799e-06
72 -7.071798807327811e-06
73 -7.2515627655564885e-06
74 -7.029234740846567e-06
75 -6.72704038018436e-06
76 -7.072997694776828e-06
77 -6.843873187442322e-06
78 -7.034358780998419e-06
79 -7.188670963764523e-06
80 -7.0054010539358335e-06
81 -6.674497184117597e-06
82 -6.7574806867652965e-06
83 -7.189814803924904e-06
84 -7.141001988712436e-06
85 -6.929739184361576e-06
86 -6.965263206221772e-06
87 -6.883584630563842e-06
88 -7.21158451914561e-06
89 -6.871629391456454e-06
90 -7.00482157992843e-06
91 -6.878666878646292e-06
92 -7.00862460787973e-06
93 -6.959547577943544e-06
94 -6.833542735539348e-06
95 -6.9745514244878716e-06
96 -6.896195009765464e-06
97 -6.875247601546721e-06
98 -6.941834547840441e-06
99 -7.111697189219184e-06
100 -6.924472094801776e-06
101 -7.067916050652033e-06
102 -7.05541136337513e-06
103 -6.949415004833292e-06
104 -7.016650122185183e-06
105 -6.874819917812547e-06
106 -6.959953213785867e-06
107 -6.908455356885039e-06
108 -7.006740389019803e-06
109 -6.815409862507922e-06
110 -6.821015819817326e-06
111 -7.0885222477826744e-06
112 -6.746404462034734e-06
113 -6.936003067518195e-06
114 -6.979330480705792e-06
115 -7.084614609142979e-06
116 -6.9618442554224874e-06
117 -6.994481151233519e-06
118 -6.885568181082517e-06
119 -6.949949842047997e-06
120 -7.125925240351966e-06
121 -6.945754320913794e-06
122 -6.92861044783145e-06
123 -7.05057982149053e-06
124 -6.978836621418708e-06
125 -7.0811865368255805e-06
126 -6.938139011584713e-06
127 -7.102426312138587e-06
128 -6.9481487293969e-06
129 -6.944391307109166e-06
130 -6.7659224732600895e-06
131 -7.078400282013152e-06
132 -7.068292665733741e-06
133 -6.9156465677201546e-06
134 -6.903439947940182e-06
135 -6.810694295368142e-06
136 -7.190262816020054e-06
137 -6.9624963481825955e-06
138 -6.933792622620147e-06
139 -6.9679148869118824e-06
140 -6.941999667069276e-06
141 -7.116707578390069e-06
142 -7.0178918179928146e-06
143 -6.943049272537257e-06
144 -6.859843953599629e-06
145 -6.828422795473017e-06
146 -7.14445032749222e-06
147 -6.963947633994602e-06
148 -6.81681279699725e-06
149 -6.815990031250193e-06
150 -7.150749454760378e-06
151 -7.069662384209712e-06
152 -6.993563584520607e-06
153 -6.889431393675214e-06
154 -6.826914262582101e-06
155 -7.230228199080079e-06
156 -7.061547043810763e-06
157 -6.758047449096985e-06
158 -7.0117260959180664e-06
159 -7.146736925535859e-06
160 -7.0449396639895866e-06
161 -6.946336436842372e-06
162 -7.1045846471567e-06
163 -6.910133121779459e-06
164 -6.968471611883321e-06
165 -6.898275536018743e-06
166 -6.898477668144499e-06
167 -6.830211262656947e-06
168 -6.881720139692417e-06
169 -6.9015587185012644e-06
170 -6.962347800899202e-06
171 -7.029156737786131e-06
172 -6.9429807284077725e-06
173 -7.008385956809131e-06
174 -6.899890429357469e-06
175 -7.1385333750671045e-06
176 -6.970444798305666e-06
177 -7.015359463207077e-06
178 -7.002070160613229e-06
179 -6.869222808153806e-06
180 -6.944813010480345e-06
181 -7.048114174858095e-06
182 -6.921771809980566e-06
183 -6.942963701294692e-06
184 -6.894194916166515e-06
185 -6.844766014451274e-06
186 -6.805130091271041e-06
187 -7.024363175602126e-06
188 -6.978424798003602e-06
189 -6.9586594910691565e-06
190 -6.818047800808833e-06
191 -6.970145721294206e-06
192 -7.150998265050332e-06
193 -7.0545134351649e-06
194 -7.10492669327952e-06
195 -6.790163404811127e-06
196 -7.1671000455894015e-06
197 -6.8668676333244425e-06
198 -6.9813303470764715e-06
199 -6.9052545028632995e-06
200 -6.965432228598121e-06
201 -6.907544008618316e-06
202 -6.993801378228661e-06
203 -7.067918842356676e-06
204 -6.812185220523496e-06
205 -6.991021089645609e-06
206 -7.042167993936009e-06
207 -6.846794440944858e-06
208 -7.1155143832155505e-06
209 -6.961761294370176e-06
210 -7.039936767201738e-06
211 -7.039240300824601e-06
212 -7.010599609499721e-06
213 -6.899681109341706e-06
214 -7.028025015154338e-06
215 -6.9855103872696715e-06
216 -7.176126354917349e-06
217 -6.724797809467549e-06
218 -6.906579556297898e-06
219 -6.937908805421276e-06
220 -6.812964941031855e-06
221 -6.953513652541868e-06
222 -7.1848361894762215e-06
223 -6.881417983541214e-06
224 -7.086825564780603e-06
225 -7.024770490546328e-06
226 -6.864272168143461e-06
227 -6.835733786077995e-06
228 -7.040235448227767e-06
229 -6.881332645433695e-06
230 -7.037970282789404e-06
231 -6.9951299870499e-06
232 -7.041128556004905e-06
233 -6.96848230814198e-06
234 -6.975113057746853e-06
235 -6.823186574615522e-06
236 -7.061036044854531e-06
237 -6.993294848463037e-06
238 -6.976670062271018e-06
239 -6.941632904575947e-06
240 -7.084963572967547e-06
241 -6.960442530457097e-06
242 -6.980956593938787e-06
243 -6.9242004769983666e-06
244 -6.843108463608616e-06
245 -7.182375426863434e-06
246 -6.802301275432825e-06
247 -6.776508887879417e-06
248 -6.910747557038144e-06
249 -7.165207820018838e-06
250 -6.932808548464332e-06
251 -7.0876643341839005e-06
252 -7.080899909509372e-06
253 -6.8778317772632265e-06
254 -6.960560513881812e-06
255 -6.981668067664784e-06
256 -6.875263511749576e-06
257 -6.886101466135423e-06
258 -6.982654727676286e-06
259 -6.950607821499657e-06
260 -6.9641453365661755e-06
261 -7.06164846491944e-06
262 -7.037409755463464e-06
263 -7.000862156201569e-06
264 -6.802788079806813e-06
265 -7.037551193753031e-06
266 -6.999781865904554e-06
267 -6.979486652924781e-06
268 -6.979796645393119e-06
269 -7.083406276907003e-06
270 -6.8874806826119454e-06
271 -6.983438351999038e-06
272 -7.1239729089718605e-06
273 -6.977789187911802e-06
274 -6.946995568908028e-06
275 -6.9577640612099935e-06
276 -6.883179956030447e-06
277 -7.008401470704243e-06
278 -6.967724235274222e-06
279 -7.037350660854828e-06
280 -7.0686013705652895e-06
281 -6.850150894200982e-06
282 -7.078796274683059e-06
283 -6.909727963054887e-06
284 -6.966196708899883e-06
285 -7.167474872881025e-06
286 -6.853500210590475e-06
287 -6.893194522123707e-06
288 -7.115423168025255e-06
289 -6.928747377135851e-06
290 -7.073714229629031e-06
291 -7.101636816663335e-06
292 -6.944336757637037e-06
293 -6.980588206420305e-06
294 -6.996637332564471e-06
295 -7.01494067064684e-06
296 -7.015600431696544e-06
297 -6.915377260475821e-06
298 -7.228196399443688e-06
299 -7.002513365391702e-06
