0 1.9146773914789775e-06
1 1.816189075934772e-06
2 1.7897101965032648e-06
3 1.8401777868281304e-06
4 1.968769377546175e-06
5 1.8792023307840824e-06
6 1.9886052296426106e-06
7 1.837634984004287e-06
8 1.950631433681691e-06
9 1.9773562716300195e-06
10 1.8863835061429145e-06
11 1.935869004210498e-06
12 2.0267885519126546e-06
13 1.87089986277573e-06
14 1.779580690491981e-06
15 1.9691562387368242e-06
16 1.8427086225689905e-06
17 1.9725258088356444e-06
18 1.9802441273758846e-06
19 1.9106363795757265e-06
20 1.8279177247749755e-06
21 1.860302475470314e-06
22 1.7729824663391896e-06
23 1.8895830969190396e-06
24 1.95089751847235e-06
25 2.011508701579556e-06
26 1.839738063525619e-06
27 1.8156090027894655e-06
28 1.8653890033386232e-06
29 1.833983116714365e-06
30 1.841713910914178e-06
31 1.7546422453944359e-06
32 1.8413590037770027e-06
33 1.8971094191251116e-06
34 1.9147281969759093e-06
35 1.8855600052108338e-06
36 1.9803440427814067e-06
37 1.8102244888251085e-06
38 1.7688389395249813e-06
39 1.9576691801687026e-06
40 1.896319910089521e-06
41 1.7634099082796357e-06
42 1.8434801799326648e-06
43 1.9367264830923025e-06
44 1.829735805973185e-06
45 1.8702883637805332e-06
46 1.8830333045345482e-06
47 1.901371139363314e-06
48 1.923342389753368e-06
49 2.0431390476704662e-06
50 1.9311404484197813e-06
51 1.9155562519764123e-06
52 1.839279172710203e-06
53 1.928996813999036e-06
54 1.8286720170371007e-06
55 1.92764349257774e-06
56 1.839706252203528e-06
57 1.850352635538657e-06
58 1.883010601209263e-06
59 1.9281111872479467e-06
60 1.6754416148449264e-06
61 1.8530883756153285e-06
62 1.9069082517052776e-06
63 1.96706155717411e-06
64 2.0023751850673554e-06
65 1.8766675333030062e-06
66 1.8574554595165945e-06
67 1.9975932311450733e-06
68 1.86307007728714e-06
69 1.940171030716824e-06
70 2.0004500827432453e-06
71 1.7872173452166055e-06
72 1.887584368080151e-06
73 1.9697079964289017e-06
74 1.8347459100910424e-06
75 1.8511585669449584e-06
76 1.8927769479878835e-06
77 1.9867388256325037e-06
78 1.960859797128353e-06
79 1.973168468151279e-06
80 1.865109338344688e-06
81 1.8381880354937782e-06
82 1.7089993060311362e-06
83 1.9904942513933268e-06
84 1.9158031396726043e-06
85 1.9053698551970572e-06
86 1.911436073536499e-06
87 2.002040597228921e-06
88 1.8109691828408224e-06
89 1.954683763762386e-06
90 2.010318254147946e-06
91 1.986420282676179e-06
92 1.872331014474609e-06
93 1.759330682468404e-06
94 1.863088379504703e-06
95 1.829171437397265e-06
96 1.8103914274368731e-06
97 1.7365563389983715e-06
98 1.9609609729358882e-06
99 1.8967072010894015e-06
100 1.780877617206941e-06
101 1.8918810059508104e-06
102 1.7357499703811277e-06
103 1.976398836016839e-06
104 1.9125085071406917e-06
105 1.8273937819135103e-06
106 1.984341458615232e-06
107 1.8691200095368434e-06
108 1.7610225694452755e-06
109 1.814251259521526e-06
110 1.833710501000092e-06
111 1.9493462565996555e-06
112 1.872914643580043e-06
113 1.7759803340146302e-06
114 2.065135545353383e-06
115 1.893724436693709e-06
116 1.923457125852594e-06
117 1.8968139947324234e-06
118 1.8722590983708032e-06
119 1.914791872909658e-06
120 1.9592227782475196e-06
121 1.9459890504649037e-06
122 1.989792588866493e-06
123 2.0215305548020023e-06
124 1.7673581028972172e-06
125 1.8798709008558602e-06
126 1.8223461535200572e-06
127 1.9594961543938422e-06
128 1.915016912049071e-06
129 1.784645836943193e-06
130 1.789775041268557e-06
131 1.969096269728301e-06
132 1.8426814647518477e-06
133 1.994704644342456e-06
134 1.75534244626148e-06
135 1.8189654411183828e-06
136 1.9339975536662036e-06
137 1.8825395737058267e-06
138 1.853718122435721e-06
139 1.7141027053172183e-06
140 1.941020667840962e-06
141 1.9758871451513435e-06
142 1.892168448516087e-06
143 1.8722886246262537e-06
144 1.91364361453991e-06
145 1.8556820575364345e-06
146 2.0237612300514087e-06
147 1.966971065500246e-06
148 1.9092141103468816e-06
149 1.926197276948471e-06
150 1.9131370791957543e-06
151 1.9300261897106646e-06
152 1.8367090069142933e-06
153 1.7423635764076433e-06
154 1.8642633243383456e-06
155 1.8745606646188696e-06
156 1.8593557448252652e-06
157 1.9137304731813996e-06
158 1.986537992081448e-06
159 1.7779857259455325e-06
160 1.8581163154194253e-06
161 1.9111381421460512e-06
162 1.9003925635037503e-06
163 1.8686542107636035e-06
164 1.8902843319431334e-06
165 1.8915645331007495e-06
166 1.6853728093314539e-06
167 1.8586059615159534e-06
168 1.9096678579091347e-06
169 1.8381098831588627e-06
170 1.696728239512212e-06
171 1.9843513426854727e-06
172 1.8637800442681108e-06
173 1.7590095954887755e-06
174 2.0346747689520215e-06
175 1.911676866927727e-06
176 1.9765474912230408e-06
177 1.8352318587970059e-06
178 1.9796623191031064e-06
179 1.8200525036170768e-06
180 1.8874902798355676e-06
181 1.8881548931820942e-06
182 1.926833094078993e-06
183 1.8975981411758576e-06
184 1.912039079256489e-06
185 1.9869556584970555e-06
186 1.9304577998693166e-06
187 1.850898771132448e-06
188 2.011661600219722e-06
189 1.7966743102233563e-06
190 1.933493821253485e-06
191 1.92563097394767e-06
192 1.9893571723667357e-06
193 1.937480583340144e-06
194 1.7952664539969067e-06
195 1.7775189728368441e-06
196 2.0405346492687165e-06
197 1.8183086264491587e-06
198 1.9239386404218697e-06
199 1.8032082836849335e-06
200 1.9001297109455666e-06
201 1.826038172542461e-06
202 1.986354383429517e-06
203 2.002371063120988e-06
204 1.6844385677708347e-06
205 1.9674540318574536e-06
206 1.810855403703698e-06
207 1.8264947675036464e-06
208 1.9218691851565373e-06
209 1.9003910683414128e-06
210 1.973224204064497e-06
211 1.8857517076176652e-06
212 1.732937572153883e-06
213 1.80344713645836e-06
214 1.8659921522845547e-06
215 1.8827550528608154e-06
216 1.9672024883627835e-06
217 1.9125580783706988e-06
218 1.8797809537641834e-06
219 1.7387416692065602e-06
220 1.7348235910416086e-06
221 1.970289725122904e-06
222 1.876181400790983e-06
223 1.967986867759257e-06
224 1.8804601979668608e-06
225 1.8199767427329785e-06
226 1.950270641293276e-06
227 1.8220644387041553e-06
228 1.744450945495586e-06
229 1.9018638529413409e-06
230 1.8568745663346255e-06
231 1.8952134623086158e-06
232 1.9605963939588085e-06
233 1.9077455755047815e-06
234 1.8662959192147003e-06
235 1.8890470704821111e-06
236 2.014872759558814e-06
237 1.8132694941853924e-06
238 1.9039023237170853e-06
239 1.872867283302158e-06
240 1.8177028065703827e-06
241 1.8614688491824457e-06
242 1.950519232550718e-06
243 1.763747209931891e-06
244 1.8189283297660054e-06
245 1.9688100182365435e-06
246 1.923068210365213e-06
247 1.9012447766769323e-06
248 1.8840940620695102e-06
249 1.8884649536476082e-06
250 1.8525576091269392e-06
251 1.7244912883335033e-06
252 1.8038416122342425e-06
253 1.7630683166338199e-06
254 1.964952125670719e-06
255 1.9667691774588207e-06
256 1.9051891970658086e-06
257 1.748384300043193e-06
258 1.7521136293927104e-06
259 1.8720418500723718e-06
260 1.8460307252095868e-06
261 1.8101231346562063e-06
262 1.9339553546058993e-06
263 1.795794253243509e-06
264 1.752505577477281e-06
265 1.823093550750169e-06
266 1.8475710398845927e-06
267 1.8677020786993532e-06
268 2.010589379960187e-06
269 2.0187360575453267e-06
270 1.8490970391801986e-06
271 1.9086344102569503e-06
272 1.9982861691896732e-06
273 1.89645625777696e-06
274 1.874233966069963e-06
275 1.8260026807616475e-06
276 1.824381934778055e-06
277 1.955331793696042e-06
278 1.8121884289464985e-06
279 1.928033465681682e-06
280 1.896818746006889e-06
281 1.9008159217571275e-06
282 2.0205427471901794e-06
283 1.829001088185957e-06
284 1.9296785127793896e-06
285 1.8762974410801442e-06
286 1.8848118637476191e-06
287 1.825935257033985e-06
288 1.9108607290791844e-06
289 1.7671662852384861e-06
290 1.9665082395215183e-06
291 1.976848174785259e-06
292 1.8026927064339565e-06
293 2.0787439939302395e-06
294 1.9527896900107195e-06
295 1.9282220035788673e-06
296 1.8022290169189745e-06
297 1.8668152166585745e-06
298 1.9284633030001802e-06
299 1.9282230921153743e-06
