0 1.046379521040136e-06
1 1.0886971577527237e-06
2 8.540620201218482e-07
3 1.1348378744210381e-06
4 1.2682015610533148e-06
5 9.147458995534321e-07
6 9.31369793196129e-07
7 5.484469358171712e-07
8 1.1095917855984958e-06
9 8.764049373416813e-07
10 1.1356234965350634e-06
11 6.322584256815107e-07
12 9.310816392039854e-07
13 6.809886505250246e-07
14 1.0542189790708102e-06
15 8.527162561125135e-07
16 8.544115247033014e-07
17 1.0265475934755556e-06
18 9.71830996719133e-07
19 1.2880592131923726e-06
20 8.387153622091375e-07
21 7.746164745328795e-07
22 1.0928369462176419e-06
23 9.204697568961012e-07
24 1.0008763411861533e-06
25 8.954431786852445e-07
26 1.01463730196259e-06
27 8.984246317222009e-07
28 1.0712425460045636e-06
29 1.2725938751365369e-06
30 7.839190614984462e-07
31 8.50144619969004e-07
32 9.319692587550866e-07
33 9.471492821652715e-07
34 1.033646951967724e-06
35 1.0060056784551204e-06
36 1.009771615522856e-06
37 1.096647142496806e-06
38 8.259539969078186e-07
39 9.156058857064446e-07
40 7.301553778154211e-07
41 9.237161955242156e-07
42 1.081356532555652e-06
43 1.0116349221294027e-06
44 1.0405573275764025e-06
45 1.206525500089783e-06
46 1.073526495023014e-06
47 1.104261454557787e-06
48 1.0648164052748078e-06
49 1.0063103976047554e-06
50 7.408396436968523e-07
51 1.0793503028404578e-06
52 1.0914663551272534e-06
53 1.032731785757711e-06
54 8.964997611506535e-07
55 8.85599429853891e-07
56 9.899691574554836e-07
57 9.641479851393057e-07
58 8.73449754841313e-07
59 1.128683284766177e-06
60 8.214280971806643e-07
61 9.412750305345889e-07
62 1.383164979068698e-06
63 9.810109239717195e-07
64 9.33988369007616e-07
65 9.854880568240405e-07
66 9.548548502318038e-07
67 1.092113598608861e-06
68 1.2095496157839276e-06
69 8.294603754268292e-07
70 1.0708239573026118e-06
71 8.623314722812597e-07
72 1.250824596862183e-06
73 1.3408005159327175e-06
74 8.543443880986024e-07
75 1.0210020143202233e-06
76 1.1027903443693688e-06
77 8.486515841177949e-07
78 8.525613699531765e-07
79 1.1357382329704384e-06
80 9.609588590544485e-07
81 6.35788139958477e-07
82 7.591886475739077e-07
83 8.719408421817762e-07
84 1.3755315569250958e-06
85 1.019438562040306e-06
86 1.2183367882709196e-06
87 1.0915381480472373e-06
88 1.4279060019959667e-06
89 8.911256117684869e-07
90 9.318231886467253e-07
91 1.085567479941942e-06
92 8.648353595223504e-07
93 9.652666915877958e-07
94 9.407215471163095e-07
95 1.0866177110974104e-06
96 9.05690594868203e-07
97 9.859699165794488e-07
98 9.955071116324066e-07
99 1.11884513474505e-06
100 9.205678146916327e-07
101 1.2081900272695236e-06
102 1.060261213939188e-06
103 9.031753318974576e-07
104 1.104995628812894e-06
105 1.0630467505597607e-06
106 1.1861766827595729e-06
107 9.312571814035622e-07
108 1.0330839336250594e-06
109 8.412339460247995e-07
110 8.241392284303127e-07
111 9.439958274238743e-07
112 8.455801648316241e-07
113 7.90381746383263e-07
114 1.0343050393146378e-06
115 9.221880866929195e-07
116 1.1045457908261803e-06
117 8.354746509774407e-07
118 7.392516026046964e-07
119 7.879202942351817e-07
120 1.2583634366776787e-06
121 1.144825551267636e-06
122 8.263515235697323e-07
123 1.2350006805294436e-06
124 8.967490137817337e-07
125 1.0532503505536894e-06
126 9.681273359888528e-07
127 1.0691278804436451e-06
128 9.943480579592687e-07
129 8.310186039697085e-07
130 9.650502462142174e-07
131 1.072278869465494e-06
132 9.731974026400987e-07
133 9.324443446465258e-07
134 8.202086083540513e-07
135 8.14166449122266e-07
136 1.162696252045735e-06
137 8.25119885023593e-07
138 1.0125837696387109e-06
139 1.1331617989159979e-06
140 9.935829169608564e-07
141 1.3293578889190215e-06
142 1.0732818341826319e-06
143 6.539534096884752e-07
144 9.930309848276255e-07
145 9.64859433044585e-07
146 1.2775067429077704e-06
147 1.171857274621125e-06
148 8.880929729611852e-07
149 8.676669946774379e-07
150 1.0247768094322443e-06
151 1.2065427988165144e-06
152 9.667953563301335e-07
153 9.967773532856636e-07
154 7.105047552007825e-07
155 1.1333757793019003e-06
156 1.0530354147212499e-06
157 8.377637353215924e-07
158 1.0382762752793704e-06
159 1.1599456567960768e-06
160 1.0073401776664388e-06
161 1.1141256468636603e-06
162 1.1325103668403624e-06
163 8.275388255653682e-07
164 8.802830852642765e-07
165 7.393287053263895e-07
166 8.072133828293232e-07
167 8.517270251076579e-07
168 1.2757252947067651e-06
169 1.005069360486847e-06
170 9.723525063319773e-07
171 9.543906154493684e-07
172 8.321941734308661e-07
173 8.899018354331069e-07
174 9.768713050186935e-07
175 9.775703600925e-07
176 1.1384229462194497e-06
177 7.20975448911854e-07
178 7.831870417174041e-07
179 8.716854930960885e-07
180 8.300597925069449e-07
181 1.2578205475930613e-06
182 1.0504740939402507e-06
183 8.474479324107622e-07
184 8.798683152492598e-07
185 1.0277626746880009e-06
186 8.607206157358548e-07
187 8.066842398845822e-07
188 1.0164987339889106e-06
189 1.0214892852567307e-06
190 8.642545382024425e-07
191 1.0995036917238387e-06
192 1.3705213864210172e-06
193 8.194338566648312e-07
194 1.0290969956927838e-06
195 1.0285231867075734e-06
196 1.0496341735754526e-06
197 8.168459938623869e-07
198 1.1293565361747516e-06
199 7.844964324416924e-07
200 1.0274653282091402e-06
201 7.135701000439451e-07
202 1.0092050743243785e-06
203 8.584328636276359e-07
204 1.0428016243057765e-06
205 9.089904515172055e-07
206 8.778820026520791e-07
207 8.529206815273938e-07
208 1.0980281155082333e-06
209 8.932652504103951e-07
210 1.0975971395469512e-06
211 9.570698093497301e-07
212 1.0791833810404513e-06
213 9.152476409271714e-07
214 9.138811425421493e-07
215 8.352227608252992e-07
216 9.991713873098823e-07
217 1.1144606383533045e-06
218 1.1449029338416248e-06
219 1.0868115003534947e-06
220 7.859278441555757e-07
221 8.991484641049996e-07
222 1.1560459386312788e-06
223 1.0347112161049546e-06
224 9.953231061898188e-07
225 8.879554887653253e-07
226 9.141343033067872e-07
227 6.365123288069952e-07
228 8.256593083002581e-07
229 9.503032915139832e-07
230 8.298828234164793e-07
231 1.0100614822529314e-06
232 1.103916770986422e-06
233 8.709595726986453e-07
234 1.023955956821776e-06
235 8.732381871811791e-07
236 9.693797588239683e-07
237 8.945817485050438e-07
238 1.1759540485899786e-06
239 9.026192168091586e-07
240 8.858501791594316e-07
241 1.224837622195254e-06
242 7.582228942901052e-07
243 8.539053434699265e-07
244 1.1889159685278615e-06
245 1.128990750847609e-06
246 8.415735528870693e-07
247 7.57436336200446e-07
248 1.0594114279608371e-06
249 1.0583145833349977e-06
250 1.0821907775934864e-06
251 8.540502780288441e-07
252 1.247978978523221e-06
253 9.325938389942794e-07
254 1.0203054393318221e-06
255 1.0194247336982175e-06
256 9.416433895334401e-07
257 9.700767013931816e-07
258 8.597159086130707e-07
259 7.27568210090075e-07
260 9.527310304594596e-07
261 1.2332083280084526e-06
262 1.2120727595366657e-06
263 9.521526914101496e-07
264 6.156108363816402e-07
265 8.822802777781397e-07
266 9.65835498882692e-07
267 1.1167739944125232e-06
268 9.9618616958666e-07
269 1.1050701604892197e-06
270 9.602174684620008e-07
271 1.0080268577737274e-06
272 1.0362246930802615e-06
273 9.864313157248618e-07
274 9.61137008912232e-07
275 9.201493357511613e-07
276 1.2542342963875914e-06
277 7.826259939099067e-07
278 1.0889266326129678e-06
279 1.065077404955843e-06
280 1.0518065618154922e-06
281 9.005293601909319e-07
282 1.1483151714114193e-06
283 1.052581960790784e-06
284 1.0179787778624572e-06
285 1.0308247350275031e-06
286 8.020109060151854e-07
287 9.14708770765291e-07
288 1.3690711467690037e-06
289 1.0993110810870977e-06
290 1.126172396976599e-06
291 9.032485690389249e-07
292 7.267011043473911e-07
293 1.1606782401632019e-06
294 1.1851499393510194e-06
295 1.0923196575968395e-06
296 1.2360940182094e-06
297 8.851276519223997e-07
298 9.951195821932378e-07
299 8.05608527573191e-07
