0 2.9617838656961437e-06
1 3.071393610553677e-06
2 3.2119954677136376e-06
3 2.9683481966081527e-06
4 2.7660760658284173e-06
5 2.993707228508856e-06
6 2.8607178855613414e-06
7 3.308885470797828e-06
8 2.904713165796242e-06
9 2.9447224546575753e-06
10 2.9372880461125972e-06
11 3.0573703224045098e-06
12 2.8493009383471346e-06
13 3.2519523150675427e-06
14 3.0916059010114268e-06
15 2.992839326265423e-06
16 3.201686102252772e-06
17 2.9581187229121122e-06
18 2.8815413611488646e-06
19 2.842487252700761e-06
20 3.1068856087169598e-06
21 3.1661149910766035e-06
22 3.1371549406376327e-06
23 3.019256828221069e-06
24 2.8844094057195553e-06
25 2.8282189453319296e-06
26 3.0526025972583436e-06
27 3.1755426296945017e-06
28 3.002765953608099e-06
29 2.9334152825468935e-06
30 3.1533687690263333e-06
31 3.2524472497111466e-06
32 3.0439532404168395e-06
33 3.0598739279070453e-06
34 2.8803160013452944e-06
35 2.992498808737469e-06
36 2.8604073810704225e-06
37 3.1342961917163985e-06
38 3.3462480381651416e-06
39 3.026670162916473e-06
40 3.111637786119326e-06
41 3.235488426935103e-06
42 3.0542328473689144e-06
43 2.9764747292469032e-06
44 3.1343053449753137e-06
45 2.9516511753524556e-06
46 3.0653499747693417e-06
47 3.0674616206968133e-06
48 2.960175631396695e-06
49 2.852798685535916e-06
50 3.0475973641170392e-06
51 2.8927863588932843e-06
52 3.035833317497509e-06
53 3.022626893140774e-06
54 3.0964653638557326e-06
55 2.9851530809465833e-06
56 3.01299116645619e-06
57 3.0720668861669287e-06
58 3.0711438753971747e-06
59 2.871526626912702e-06
60 3.400379919929007e-06
61 3.1100493135545016e-06
62 2.7882675512114006e-06
63 3.0236060415522544e-06
64 2.9020702012948593e-06
65 2.973665145442835e-06
66 3.028574825212725e-06
67 2.7656259813522128e-06
68 2.8938402973534958e-06
69 3.049122903109884e-06
70 2.8249675022544158e-06
71 3.1698436799330626e-06
72 2.8721102057787075e-06
73 2.767425280447969e-06
74 3.1082855265185953e-06
75 3.0718026819885534e-06
76 2.9188508240045414e-06
77 2.928772133157557e-06
78 2.970769161865578e-06
79 2.844797185036215e-06
80 3.02018311016549e-06
81 3.232475127610482e-06
82 3.3147719551280816e-06
83 2.9557438888931555e-06
84 2.8084041318498243e-06
85 3.008314081672992e-06
86 2.8416573495309584e-06
87 2.883674346125674e-06
88 2.9475950018793353e-06
89 2.9679469792185902e-06
90 2.9126112948060827e-06
91 2.8438148245186287e-06
92 3.078849131410279e-06
93 3.182726033153248e-06
94 3.042429769986177e-06
95 3.0221406514790725e-06
96 3.1232748648278473e-06
97 3.1940685373851765e-06
98 2.9001334346153956e-06
99 2.9147516791294383e-06
100 3.1031655425252e-06
101 2.877249464667597e-06
102 3.2011441579366326e-06
103 2.977736489867928e-06
104 2.888882260760802e-06
105 3.1123698182617425e-06
106 2.775311847259639e-06
107 3.151315188635225e-06
108 3.122946178623376e-06
109 3.1515279768020136e-06
110 3.1142521419852877e-06
111 2.9578145514554706e-06
112 3.0839143008584963e-06
113 3.219700436035677e-06
114 2.7543065988058354e-06
115 3.0506183718469075e-06
116 2.890923460973402e-06
117 3.147806351500037e-06
118 3.191752334529051e-06
119 2.9955852629041758e-06
120 2.7613231589782338e-06
121 2.898441999248467e-06
122 2.9114651421262667e-06
123 2.740312095841445e-06
124 3.2398592352682652e-06
125 3.0618273269516477e-06
126 3.0739398717206444e-06
127 2.9184885430133845e-06
128 2.9882403827616044e-06
129 3.220699586572102e-06
130 3.2183718730063285e-06
131 2.8461515755421034e-06
132 3.053849265903411e-06
133 2.939216597202448e-06
134 3.205065221189486e-06
135 3.202222523510066e-06
136 2.9191520017362425e-06
137 3.125380906828062e-06
138 3.130592658975574e-06
139 3.150316841947875e-06
140 2.8847607826705415e-06
141 2.751690396294973e-06
142 3.082336883213293e-06
143 3.1863875978594385e-06
144 3.01342751471034e-06
145 3.052852795439889e-06
146 2.7180355906470237e-06
147 2.819947068348752e-06
148 2.9152788439033038e-06
149 2.987678704151922e-06
150 2.9865247466551655e-06
151 2.908094060842866e-06
152 3.0821788236715424e-06
153 3.264447679912614e-06
154 3.179510376973281e-06
155 2.9743160241860467e-06
156 2.972742505244664e-06
157 3.0167178090816285e-06
158 2.781745797329734e-06
159 3.0889067545931635e-06
160 2.9841069171526747e-06
161 2.942778883534851e-06
162 2.933257272234523e-06
163 3.114069934842564e-06
164 3.086057807756241e-06
165 3.1766434357172276e-06
166 3.3847870636139824e-06
167 3.0968971155910094e-06
168 2.873336655236716e-06
169 3.0451441740076807e-06
170 3.2871667270662466e-06
171 2.9436187255656254e-06
172 3.106244948415015e-06
173 3.251862747108755e-06
174 2.879420920075028e-06
175 3.018411061483175e-06
176 2.8191933451323234e-06
177 3.1354865876195364e-06
178 3.046972439514832e-06
179 3.1945300259930674e-06
180 3.0097077217503205e-06
181 2.9022950300049883e-06
182 2.936068857460514e-06
183 3.0474615966839673e-06
184 3.052216991543764e-06
185 2.844183385089855e-06
186 3.0265977775643758e-06
187 3.1581438295224605e-06
188 2.8801823793770407e-06
189 3.0987255712391748e-06
190 3.0171190992876484e-06
191 2.92382764568469e-06
192 2.6925146375826423e-06
193 2.969541087989467e-06
194 3.113011657523463e-06
195 3.1587994032101237e-06
196 2.741478901148496e-06
197 3.1683065689964126e-06
198 2.9552447836662533e-06
199 3.107427989440926e-06
200 2.9385681684402575e-06
201 3.2949656038105776e-06
202 2.8407395911256746e-06
203 2.849274680408294e-06
204 3.2258081311138968e-06
205 2.94545444446462e-06
206 3.1839191927118104e-06
207 3.166214862408116e-06
208 3.0195931337720966e-06
209 3.100097868406489e-06
210 2.8786354946177243e-06
211 3.0188599467186666e-06
212 3.130338417161993e-06
213 3.242481375956814e-06
214 3.065580452029481e-06
215 3.0586152993701936e-06
216 2.8286007611305604e-06
217 2.8685452492263038e-06
218 2.9602836118942946e-06
219 3.2443938364529232e-06
220 3.3291339007621147e-06
221 2.938633759646564e-06
222 2.982467053702646e-06
223 2.92916696297465e-06
224 3.0803305316988177e-06
225 3.1042869066848683e-06
226 3.0271869846622834e-06
227 3.2045257530292914e-06
228 3.266107492946438e-06
229 3.006352154668821e-06
230 3.2007867256743606e-06
231 2.9711438401642706e-06
232 2.896385554097653e-06
233 3.0796794266982923e-06
234 3.084792705128386e-06
235 3.1300403545020997e-06
236 2.8607893616692666e-06
237 3.2087798115579413e-06
238 2.919233265436984e-06
239 3.045570056075039e-06
240 3.1720636378863363e-06
241 2.9133544130009835e-06
242 2.9758774811171825e-06
243 3.253665372164748e-06
244 2.98859929070538e-06
245 2.8387028508419554e-06
246 3.1229030951545895e-06
247 3.107019134351627e-06
248 2.9694567677329784e-06
249 3.0612504492210506e-06
250 3.026493533882232e-06
251 3.3449844239659772e-06
252 3.0437341532082086e-06
253 3.2307002118754935e-06
254 2.967983312002448e-06
255 2.9646174160901053e-06
256 2.9846418227628058e-06
257 3.2161211214959033e-06
258 3.289137205235388e-06
259 3.2126619724996523e-06
260 3.085930946994222e-06
261 3.0252573186803877e-06
262 2.8741265335419352e-06
263 3.1710061126303305e-06
264 3.3265822996922795e-06
265 3.1813138049686135e-06
266 3.0852136523613765e-06
267 3.0404033605871226e-06
268 2.9266862132486704e-06
269 2.8126130049525137e-06
270 2.9418588098715356e-06
271 3.097985171879913e-06
272 2.8642961880960895e-06
273 2.974730271055381e-06
274 2.9744422994470632e-06
275 3.166187155595058e-06
276 2.9495437700113685e-06
277 2.9759095718540708e-06
278 3.0599088645300043e-06
279 2.9281922125626547e-06
280 2.931660699682675e-06
281 3.0689114294663647e-06
282 2.7335734816670412e-06
283 3.066120164498699e-06
284 2.953449362578636e-06
285 3.0121687949117363e-06
286 3.1043594540777275e-06
287 3.18914719615725e-06
288 2.7573900303244442e-06
289 3.138261711504033e-06
290 2.9094364444370873e-06
291 3.0501298608557393e-06
292 3.3022895163147577e-06
293 2.7323910721294314e-06
294 2.8428797154976942e-06
295 2.9210602815569624e-06
296 3.0433304486872347e-06
297 3.094974298583234e-06
298 2.946894475750406e-06
299 3.0012624817377286e-06
