0 4.433837009124297e-06
1 4.395151358840584e-06
2 4.269576985293238e-06
3 4.2522377440670455e-06
4 4.540021947983197e-06
5 4.5367980720920785e-06
6 4.571410596826306e-06
7 4.489973257392948e-06
8 4.31441714737368e-06
9 4.449863794347903e-06
10 4.2694226845279995e-06
11 4.554723910271979e-06
12 4.5656314813617315e-06
13 4.413032373249013e-06
14 4.29721323451623e-06
15 4.55556982629391e-06
16 4.443906315102498e-06
17 4.460753067744597e-06
18 4.413661484866228e-06
19 4.367891589218507e-06
20 4.337107238621732e-06
21 4.624821870714325e-06
22 4.215150033760806e-06
23 4.367914976182913e-06
24 4.558937872306219e-06
25 4.510757417410856e-06
26 4.498597271111976e-06
27 4.480543385554385e-06
28 4.209687108768295e-06
29 4.387804696859825e-06
30 4.405388798076583e-06
31 4.48438260488088e-06
32 4.445537133186997e-06
33 4.542419585412485e-06
34 4.524625384265541e-06
35 4.322955989258942e-06
36 4.5125180697980285e-06
37 4.288302351539161e-06
38 4.388018623588913e-06
39 4.486237697492479e-06
40 4.638563118000098e-06
41 4.378294713873085e-06
42 4.321904104949187e-06
43 4.557216311877214e-06
44 4.386940103502606e-06
45 4.32667141297125e-06
46 4.159110701895274e-06
47 4.360515993679574e-06
48 4.351646750466523e-06
49 4.567922580992618e-06
50 4.540490133105968e-06
51 4.5119887138396775e-06
52 4.426735838243802e-06
53 4.4029910748341644e-06
54 4.622696103538362e-06
55 4.725063325809746e-06
56 4.584426575553604e-06
57 4.368482052806588e-06
58 4.4924574635828105e-06
59 4.3800368901004126e-06
60 4.388674164615004e-06
61 4.341480111197383e-06
62 4.402956645422858e-06
63 4.277037259559038e-06
64 4.485120784729422e-06
65 4.394240180565291e-06
66 4.485614219562393e-06
67 4.6950211527587836e-06
68 4.355576793820941e-06
69 4.604556738986875e-06
70 4.554695389918004e-06
71 4.451482578861065e-06
72 4.408296566997674e-06
73 4.481196437390051e-06
74 4.53230485886874e-06
75 4.122375125235517e-06
76 4.475716112523693e-06
77 4.532086564685191e-06
78 4.665536466725213e-06
79 4.603222707214621e-06
80 4.534230003792717e-06
81 4.338547840608449e-06
82 4.259961169084909e-06
83 4.636749003425292e-06
84 4.423669248202791e-06
85 4.252892589903466e-06
86 4.308275251552795e-06
87 4.220361384180622e-06
88 4.397808917813251e-06
89 4.328368983621065e-06
90 4.539576685607928e-06
91 4.283577786545833e-06
92 4.546324074681296e-06
93 4.291528877295315e-06
94 4.379915409641059e-06
95 4.308429774199952e-06
96 4.321114182714267e-06
97 4.276955064730978e-06
98 4.418735706358632e-06
99 4.446138226720227e-06
100 4.421212762755591e-06
101 4.48145131774269e-06
102 4.3173398648878615e-06
103 4.556772584045237e-06
104 4.511199915284142e-06
105 4.124940951407573e-06
106 4.326431008779884e-06
107 4.253400765051702e-06
108 4.333331226849786e-06
109 4.4015331217222196e-06
110 4.414911979901879e-06
111 4.586179849743567e-06
112 4.383229845346246e-06
113 4.458124254406857e-06
114 4.5288291639603445e-06
115 4.614283921219847e-06
116 4.325342056384484e-06
117 4.479730630346827e-06
118 4.422610831845298e-06
119 4.65235622531872e-06
120 4.543314076882416e-06
121 4.290022373800128e-06
122 4.561622770768206e-06
123 4.469717424088977e-06
124 4.381274223661891e-06
125 4.436322309151353e-06
126 4.427689216492879e-06
127 4.531208302817626e-06
128 4.454716307041541e-06
129 4.450289853854633e-06
130 4.007276657800092e-06
131 4.504379036302094e-06
132 4.523376460338863e-06
133 4.403882084702287e-06
134 4.477233080438915e-06
135 4.317115111717236e-06
136 4.562209943768069e-06
137 4.443756675489891e-06
138 4.341802177996932e-06
139 4.180153937541527e-06
140 4.561090048959661e-06
141 4.437722960606951e-06
142 4.339969856678432e-06
143 4.49670057156772e-06
144 4.330120156334605e-06
145 4.265502185220266e-06
146 4.500633230216076e-06
147 4.418087568014508e-06
148 4.512652518759631e-06
149 4.44234521516433e-06
150 4.524747699419856e-06
151 4.434537237242788e-06
152 4.442396365526494e-06
153 4.1315007512579885e-06
154 4.369710987371791e-06
155 4.552787954977898e-06
156 4.439358061374803e-06
157 4.371496617179907e-06
158 4.57350404965717e-06
159 4.23554623864346e-06
160 4.614626407631305e-06
161 4.265462852649985e-06
162 4.474789381575898e-06
163 4.443294353595637e-06
164 4.532367242489207e-06
165 4.414107788454814e-06
166 4.283799009918741e-06
167 4.3676690741486034e-06
168 4.1427097614671805e-06
169 4.403818138794969e-06
170 4.264601531741508e-06
171 4.425331305383304e-06
172 4.529381413928946e-06
173 4.3126139882735784e-06
174 4.4018760325628666e-06
175 4.448966841049545e-06
176 4.382539986370799e-06
177 4.64510406452395e-06
178 4.574357523369261e-06
179 4.338576910238287e-06
180 4.572302018005911e-06
181 4.380377228190731e-06
182 4.405319096002093e-06
183 4.48637581586635e-06
184 4.340399911294241e-06
185 4.421931333607927e-06
186 4.414414067228684e-06
187 4.5573067321098846e-06
188 4.423928849822006e-06
189 4.335306615498706e-06
190 4.400795307210609e-06
191 4.361242989217948e-06
192 4.448294383467026e-06
193 4.757844436538198e-06
194 4.452874975712704e-06
195 4.162675295361742e-06
196 4.740422740079194e-06
197 4.385803395711338e-06
198 4.389589763383157e-06
199 4.616809955539596e-06
200 4.514354125140624e-06
201 4.433191311321647e-06
202 4.509026696436976e-06
203 4.793964473679648e-06
204 4.127973380500748e-06
205 4.575977242861822e-06
206 4.4830879028545434e-06
207 4.433073991458735e-06
208 4.429518936628313e-06
209 4.4534799557727634e-06
210 4.552620104358733e-06
211 4.553285975283637e-06
212 4.363570081939664e-06
213 4.194573938298796e-06
214 4.510193306860983e-06
215 4.565098896736131e-06
216 4.777547391443946e-06
217 4.190365031034364e-06
218 4.312871135739923e-06
219 4.158419790462146e-06
220 4.208272590592163e-06
221 4.544802873303594e-06
222 4.559781628275758e-06
223 4.2992319627402305e-06
224 4.50252814325688e-06
225 4.591459306210043e-06
226 4.379001072443759e-06
227 4.556190795478644e-06
228 4.4864063687993824e-06
229 4.411629595396301e-06
230 4.549491114194708e-06
231 4.460526577823532e-06
232 4.420036921366157e-06
233 4.3988607188318155e-06
234 4.4569581104212385e-06
235 4.341557073379905e-06
236 4.612852120804119e-06
237 4.330844354811371e-06
238 4.291943030570332e-06
239 4.547608940412717e-06
240 4.601734198412482e-06
241 4.294551861528904e-06
242 4.792224322814092e-06
243 4.424973339744723e-06
244 4.214509912810939e-06
245 4.591090046265171e-06
246 4.314548673731778e-06
247 4.360847724615809e-06
248 4.312695226438391e-06
249 4.520553862960928e-06
250 4.307008870327354e-06
251 4.439491701118564e-06
252 4.213534970979061e-06
253 4.184328001370147e-06
254 4.406667596316976e-06
255 4.330345494584106e-06
256 4.469082122797001e-06
257 4.312831910089463e-06
258 4.3132553752715785e-06
259 4.553097666436781e-06
260 4.232379108750525e-06
261 4.3557257453375945e-06
262 4.449859015808515e-06
263 4.357792907715767e-06
264 4.455336137678075e-06
265 4.457018308277494e-06
266 4.487127507788652e-06
267 4.2588745037942005e-06
268 4.433138778469827e-06
269 4.510578671158564e-06
270 4.480120504384681e-06
271 4.384247530683363e-06
272 4.536768239511658e-06
273 4.458610124724225e-06
274 4.504052135214493e-06
275 4.356502421416568e-06
276 4.190047838749286e-06
277 4.676386119612076e-06
278 4.2291550002177e-06
279 4.495425507607128e-06
280 4.515718447228994e-06
281 4.315154851702074e-06
282 4.60704836544055e-06
283 4.323963216244191e-06
284 4.378143719912797e-06
285 4.50862005109068e-06
286 4.3633866341748336e-06
287 4.201024008828128e-06
288 4.38960002115212e-06
289 4.191446253654085e-06
290 4.485618193406007e-06
291 4.535416529485717e-06
292 4.381821552632137e-06
293 4.515292593374633e-06
294 4.341652342115921e-06
295 4.331190710750328e-06
296 4.170450979737265e-06
297 4.433385148243046e-06
298 4.654051616317043e-06
299 4.650654349352466e-06
