0 -6.5450762836638755e-06
1 -6.6081112793290175e-06
2 -6.3517383616894715e-06
3 -6.409515108717106e-06
4 -6.67788493652605e-06
5 -6.563237648283395e-06
6 -6.554011559627287e-06
7 -6.457784489244772e-06
8 -6.5101627029202365e-06
9 -6.523046874936405e-06
10 -6.323843442000531e-06
11 -6.408382530925591e-06
12 -6.636619674592712e-06
13 -6.525883444726558e-06
14 -6.512602832376536e-06
15 -6.640577703996565e-06
16 -6.552377158914769e-06
17 -6.618919822390354e-06
18 -6.513552077121817e-06
19 -6.537238586687282e-06
20 -6.464442704439358e-06
21 -6.6036205741152025e-06
22 -6.5236171642457316e-06
23 -6.440207768725533e-06
24 -6.632450435970909e-06
25 -6.427562061583784e-06
26 -6.629808964444925e-06
27 -6.567442982335854e-06
28 -6.4432898617306965e-06
29 -6.6041300052143725e-06
30 -6.446507195800865e-06
31 -6.622299007325967e-06
32 -6.442155413672504e-06
33 -6.667422671855808e-06
34 -6.563688461178598e-06
35 -6.483437880780634e-06
36 -6.529204311339391e-06
37 -6.624123338696227e-06
38 -6.6172263363176405e-06
39 -6.665207794814866e-06
40 -6.601020072843197e-06
41 -6.505570364669446e-06
42 -6.528062533474868e-06
43 -6.652602460951853e-06
44 -6.564335867762623e-06
45 -6.556691081614153e-06
46 -6.491249005638621e-06
47 -6.636688620907689e-06
48 -6.549261068716613e-06
49 -6.659955165758301e-06
50 -6.524490433080678e-06
51 -6.5785001285077796e-06
52 -6.587898942100338e-06
53 -6.566784082028189e-06
54 -6.7175071523964395e-06
55 -6.6953913159405465e-06
56 -6.6357427607193495e-06
57 -6.486555596895477e-06
58 -6.5294144433066595e-06
59 -6.5354924009108805e-06
60 -6.5407575763732785e-06
61 -6.5986183019841346e-06
62 -6.602128683022733e-06
63 -6.418814048504945e-06
64 -6.536399494287164e-06
65 -6.518215718742132e-06
66 -6.505624243387312e-06
67 -6.78319227544301e-06
68 -6.553875045070877e-06
69 -6.669179906747538e-06
70 -6.6599267760344625e-06
71 -6.580807797770358e-06
72 -6.603994327263795e-06
73 -6.771363139643731e-06
74 -6.626872114850428e-06
75 -6.300937134870924e-06
76 -6.630508341486863e-06
77 -6.453473246010998e-06
78 -6.6349858399391994e-06
79 -6.745175513565944e-06
80 -6.58480418309892e-06
81 -6.3127517155493875e-06
82 -6.357053031753926e-06
83 -6.786719600561953e-06
84 -6.654641659368608e-06
85 -6.495018250292394e-06
86 -6.5105170141093095e-06
87 -6.448867613299551e-06
88 -6.706646340601055e-06
89 -6.473302668938951e-06
90 -6.600029417337956e-06
91 -6.4483934504764346e-06
92 -6.6065690860466405e-06
93 -6.531408617867385e-06
94 -6.4158736132998655e-06
95 -6.527591334738718e-06
96 -6.476721511274689e-06
97 -6.445625692149333e-06
98 -6.5216306260584684e-06
99 -6.667047888534662e-06
100 -6.5048498087834566e-06
101 -6.614824559561417e-06
102 -6.6019079519645156e-06
103 -6.542742873891367e-06
104 -6.578463119869416e-06
105 -6.432176989785704e-06
106 -6.507629988052133e-06
107 -6.479286329934987e-06
108 -6.58191078731903e-06
109 -6.416867151153963e-06
110 -6.431420161397727e-06
111 -6.675265068604813e-06
112 -6.354470008187461e-06
113 -6.534909676137648e-06
114 -6.564467624311677e-06
115 -6.669196595028606e-06
116 -6.520407779009888e-06
117 -6.586600511583944e-06
118 -6.500925644358734e-06
119 -6.5693992183798905e-06
120 -6.6634772784613295e-06
121 -6.500887672927935e-06
122 -6.537791310682728e-06
123 -6.601024645742556e-06
124 -6.558270055840489e-06
125 -6.6392884165388345e-06
126 -6.518694275039548e-06
127 -6.666587238925289e-06
128 -6.524790142358482e-06
129 -6.533128591437543e-06
130 -6.3427000838266455e-06
131 -6.652973620583159e-06
132 -6.644826103108796e-06
133 -6.511202237489702e-06
134 -6.503649841763797e-06
135 -6.413256849519215e-06
136 -6.730298868102845e-06
137 -6.558935441728471e-06
138 -6.49627190269274e-06
139 -6.511696138347694e-06
140 -6.529763213453263e-06
141 -6.639831595715895e-06
142 -6.564021739542259e-06
143 -6.570649640331632e-06
144 -6.439102668841812e-06
145 -6.411174445080149e-06
146 -6.678864285335402e-06
147 -6.526676782404888e-06
148 -6.422937522570844e-06
149 -6.429775098204281e-06
150 -6.723913485882194e-06
151 -6.600040331965123e-06
152 -6.577102938471836e-06
153 -6.45503513519886e-06
154 -6.448766266867902e-06
155 -6.774596075208289e-06
156 -6.62391509401122e-06
157 -6.366713525160012e-06
158 -6.592145955998027e-06
159 -6.676127715853024e-06
160 -6.620784160214054e-06
161 -6.499257609953452e-06
162 -6.655985215189596e-06
163 -6.510581255188195e-06
164 -6.5596130792362065e-06
165 -6.511356847101449e-06
166 -6.475662422523857e-06
167 -6.429881837773888e-06
168 -6.413350768349478e-06
169 -6.484007048062104e-06
170 -6.528679658605778e-06
171 -6.609622614677568e-06
172 -6.537580010744325e-06
173 -6.5827861455335206e-06
174 -6.486000089271643e-06
175 -6.705509107986328e-06
176 -6.528118945318112e-06
177 -6.637797281627771e-06
178 -6.613503890399014e-06
179 -6.45506009139185e-06
180 -6.552901133926168e-06
181 -6.577172622982193e-06
182 -6.492312621095457e-06
183 -6.548612941271701e-06
184 -6.493672108514985e-06
185 -6.4258025129376834e-06
186 -6.40634641166611e-06
187 -6.63096036788039e-06
188 -6.559802090642067e-06
189 -6.519940207859272e-06
190 -6.4241852250797485e-06
191 -6.533378455534546e-06
192 -6.674536261255882e-06
193 -6.667261936373481e-06
194 -6.660719336809126e-06
195 -6.352218799703844e-06
196 -6.750316527281163e-06
197 -6.466945297186782e-06
198 -6.537594273214095e-06
199 -6.52225243938756e-06
200 -6.534999573934644e-06
201 -6.512162746266516e-06
202 -6.577384089833622e-06
203 -6.678840947022664e-06
204 -6.372603774663035e-06
205 -6.582756646775435e-06
206 -6.6314630364401345e-06
207 -6.445154225755342e-06
208 -6.66357061955555e-06
209 -6.546314749780514e-06
210 -6.604126871834471e-06
211 -6.616146695167676e-06
212 -6.561596195180565e-06
213 -6.472994764113947e-06
214 -6.6091438486774135e-06
215 -6.591271224703919e-06
216 -6.762534308086406e-06
217 -6.294868480526301e-06
218 -6.461465699404335e-06
219 -6.4745271063677125e-06
220 -6.407797509230832e-06
221 -6.549992416229196e-06
222 -6.724517398997909e-06
223 -6.4529903211914335e-06
224 -6.652285773867526e-06
225 -6.613018699968055e-06
226 -6.4471174064551865e-06
227 -6.469740523793744e-06
228 -6.628611596030597e-06
229 -6.467371369406118e-06
230 -6.626156555525474e-06
231 -6.570395480900409e-06
232 -6.60282016097233e-06
233 -6.564025351494999e-06
234 -6.545947242555023e-06
235 -6.413490804056157e-06
236 -6.647176480997331e-06
237 -6.566126324960527e-06
238 -6.526991686979481e-06
239 -6.531038899752741e-06
240 -6.66440239083916e-06
241 -6.497456311344583e-06
242 -6.603243089138888e-06
243 -6.511586129104933e-06
244 -6.381258780062402e-06
245 -6.737561760939782e-06
246 -6.400828133995219e-06
247 -6.39648220926433e-06
248 -6.482519377518758e-06
249 -6.719242128615853e-06
250 -6.48738716645061e-06
251 -6.662968677105199e-06
252 -6.605465624836549e-06
253 -6.4433021228068705e-06
254 -6.525260732853289e-06
255 -6.5505408976390065e-06
256 -6.472391999902854e-06
257 -6.456997226337289e-06
258 -6.557053313996147e-06
259 -6.5593091896417175e-06
260 -6.545160207731376e-06
261 -6.597283611031215e-06
262 -6.5823992638895034e-06
263 -6.578105431247185e-06
264 -6.432669734590301e-06
265 -6.618325927970787e-06
266 -6.57870640601667e-06
267 -6.525127462124402e-06
268 -6.559191730470801e-06
269 -6.647411847038714e-06
270 -6.480050812095861e-06
271 -6.546210228158848e-06
272 -6.700348188728986e-06
273 -6.560305224286872e-06
274 -6.5324960868900005e-06
275 -6.533112043926796e-06
276 -6.412370253176091e-06
277 -6.624616122865736e-06
278 -6.523531029245893e-06
279 -6.601536657966874e-06
280 -6.6409109341967525e-06
281 -6.442777428034551e-06
282 -6.639206898500839e-06
283 -6.467093867142568e-06
284 -6.54720587674419e-06
285 -6.726663397558723e-06
286 -6.456274406376806e-06
287 -6.457258648671698e-06
288 -6.640555837112533e-06
289 -6.474140767907195e-06
290 -6.632862938368518e-06
291 -6.690746390580855e-06
292 -6.547092911622572e-06
293 -6.543318269054616e-06
294 -6.543875148327544e-06
295 -6.575378028318944e-06
296 -6.538818039131108e-06
297 -6.501560030492676e-06
298 -6.799822412240852e-06
299 -6.616348345248552e-06
