0 -1.5838779508833273e-06
1 -1.5674092591584992e-06
2 -1.6463851800704126e-06
3 -1.4536070587902893e-06
4 -1.4780276787871326e-06
5 -1.7116129673256973e-06
6 -1.7048320421072773e-06
7 -1.9383150545146457e-06
8 -1.5276023142870674e-06
9 -1.7221873445929102e-06
10 -1.4280934102205747e-06
11 -1.8828035134569687e-06
12 -1.7373726558875515e-06
13 -1.854071704911043e-06
14 -1.5565969142442547e-06
15 -1.7898095244356884e-06
16 -1.7244437183992743e-06
17 -1.6295258407505815e-06
18 -1.6502398940268382e-06
19 -1.3928873034261084e-06
20 -1.7198113786158484e-06
21 -1.8280043265883564e-06
22 -1.522111435556737e-06
23 -1.6426011262175113e-06
24 -1.6720244592938685e-06
25 -1.6876377307805277e-06
26 -1.6312366292202097e-06
27 -1.7085740342823013e-06
28 -1.512535776266014e-06
29 -1.4311842023386734e-06
30 -1.7525043528857185e-06
31 -1.7556030071249145e-06
32 -1.6377112519563972e-06
33 -1.706387561298451e-06
34 -1.6216738536066117e-06
35 -1.599017111181486e-06
36 -1.620472155983606e-06
37 -1.5509877777218079e-06
38 -1.7524860973980873e-06
39 -1.7493504503740944e-06
40 -1.8646085830780348e-06
41 -1.6496018640880713e-06
42 -1.5304540049903376e-06
43 -1.6505186664877369e-06
44 -1.5838120128352293e-06
45 -1.458443031429115e-06
46 -1.5228762959162833e-06
47 -1.5550846731647385e-06
48 -1.57463975983465e-06
49 -1.6899811375522333e-06
50 -1.8310107317724021e-06
51 -1.5951283033776675e-06
52 -1.5630848923019236e-06
53 -1.5956745358355615e-06
54 -1.7755206553948042e-06
55 -1.7955139045680415e-06
56 -1.6764151949927294e-06
57 -1.625727958215308e-06
58 -1.7247795996856168e-06
59 -1.5248734278836869e-06
60 -1.7348794276642461e-06
61 -1.6800551392755244e-06
62 -1.337445535840333e-06
63 -1.5761151119311644e-06
64 -1.6883953176041963e-06
65 -1.6279953403495012e-06
66 -1.6487889957993183e-06
67 -1.6730337292917749e-06
68 -1.4611396130748507e-06
69 -1.8074407422597228e-06
70 -1.6316070358824904e-06
71 -1.7387395167216902e-06
72 -1.4432958219566009e-06
73 -1.4455759187623151e-06
74 -1.7770397858366025e-06
75 -1.4992229301807595e-06
76 -1.5781541222769544e-06
77 -1.7271908675759324e-06
78 -1.7932853916020432e-06
79 -1.6089511472532668e-06
80 -1.6733118727971503e-06
81 -1.824704052327796e-06
82 -1.7127716892919918e-06
83 -1.8360827085684674e-06
84 -1.3670145535318551e-06
85 -1.5721655481180695e-06
86 -1.4388002137508974e-06
87 -1.5113437199017726e-06
88 -1.3289435488367854e-06
89 -1.6922027856991193e-06
90 -1.7196095208812673e-06
91 -1.5242917816208795e-06
92 -1.763744997671295e-06
93 -1.6257014531777565e-06
94 -1.6147153367134054e-06
95 -1.5322368596241086e-06
96 -1.6529386054068584e-06
97 -1.5775419027714813e-06
98 -1.6254370989349993e-06
99 -1.5782764432756817e-06
100 -1.6619159557068476e-06
101 -1.4962348391506167e-06
102 -1.5659237825606875e-06
103 -1.7115189386290544e-06
104 -1.562672124771584e-06
105 -1.5032856007573852e-06
106 -1.4612147645820502e-06
107 -1.6237935403032383e-06
108 -1.6133074366504285e-06
109 -1.6990585068971784e-06
110 -1.728440218056571e-06
111 -1.7318530642627298e-06
112 -1.680232325013578e-06
113 -1.7753059064568654e-06
114 -1.6320152309991414e-06
115 -1.7404366732072519e-06
116 -1.5277585794162805e-06
117 -1.761002861320998e-06
118 -1.8105998007869982e-06
119 -1.828276894806334e-06
120 -1.477327287996543e-06
121 -1.4894391544740947e-06
122 -1.7768537015972933e-06
123 -1.4808780539815403e-06
124 -1.6913459086694511e-06
125 -1.607996492719614e-06
126 -1.6391551288568502e-06
127 -1.6245061942503002e-06
128 -1.6234474421560596e-06
129 -1.7351671188680312e-06
130 -1.545017557214409e-06
131 -1.6294400781345367e-06
132 -1.6860084814875642e-06
133 -1.6775245404351252e-06
134 -1.7479687147308449e-06
135 -1.7106023169216942e-06
136 -1.5621593654338038e-06
137 -1.7604714604525675e-06
138 -1.575477324367857e-06
139 -1.4777992281189213e-06
140 -1.64573156123713e-06
141 -1.4027087610420283e-06
142 -1.5447774782662689e-06
143 -1.9089195001956117e-06
144 -1.5879964406227618e-06
145 -1.593416829378538e-06
146 -1.4663158614612862e-06
147 -1.5008646331657305e-06
148 -1.6881177220592414e-06
149 -1.7090746808771305e-06
150 -1.6833840857138476e-06
151 -1.4665149893170263e-06
152 -1.6683191596534888e-06
153 -1.5617416008704775e-06
154 -1.8146278445736537e-06
155 -1.6022707578512192e-06
156 -1.608363256889455e-06
157 -1.6914988668473768e-06
158 -1.6370405056491206e-06
159 -1.5124352736324146e-06
160 -1.6597248755535025e-06
161 -1.5038158116626222e-06
162 -1.5615624343067971e-06
163 -1.7447630933168372e-06
164 -1.7256280899387255e-06
165 -1.8129588245410814e-06
166 -1.7026015576692757e-06
167 -1.6946166760080366e-06
168 -1.341806611159585e-06
169 -1.6046769772633397e-06
170 -1.6110308803722535e-06
171 -1.6850830494116658e-06
172 -1.7498487737761185e-06
173 -1.6956874539700645e-06
174 -1.629504712676156e-06
175 -1.6918716113756423e-06
176 -1.5130094403609134e-06
177 -1.896623150705682e-06
178 -1.8338459546043643e-06
179 -1.6714788980792523e-06
180 -1.777516413258185e-06
181 -1.4242648493584569e-06
182 -1.5684044372783005e-06
183 -1.759105376919723e-06
184 -1.7016460723932236e-06
185 -1.5689261081029464e-06
186 -1.6854975197760982e-06
187 -1.8181463476669293e-06
188 -1.6297587271577213e-06
189 -1.5782731480720486e-06
190 -1.6963181194830908e-06
191 -1.5421116434991089e-06
192 -1.3934822138187743e-06
193 -1.8450934912239739e-06
194 -1.6274677083228727e-06
195 -1.4987901210087386e-06
196 -1.7039808032776676e-06
197 -1.7299563111808417e-06
198 -1.518463987846085e-06
199 -1.8051965520114998e-06
200 -1.6003364480926354e-06
201 -1.816491116775811e-06
202 -1.649065410667055e-06
203 -1.8269274096296439e-06
204 -1.4945056679862891e-06
205 -1.7234664319033227e-06
206 -1.7506168391374269e-06
207 -1.6994515596340384e-06
208 -1.5774355614493866e-06
209 -1.70034575276736e-06
210 -1.583211168142137e-06
211 -1.685845608445413e-06
212 -1.5483144807795446e-06
213 -1.6295030284494522e-06
214 -1.7114415628665526e-06
215 -1.7858581150206785e-06
216 -1.7449770072836293e-06
217 -1.4423092978416718e-06
218 -1.4743754954209395e-06
219 -1.47949658818653e-06
220 -1.7067158870432756e-06
221 -1.7211968498611179e-06
222 -1.562714587544608e-06
223 -1.5579443506820429e-06
224 -1.6599858163232616e-06
225 -1.740916045573124e-06
226 -1.643478864873974e-06
227 -1.8895196116041619e-06
228 -1.7764626015860937e-06
229 -1.636039669140612e-06
230 -1.7779165639659881e-06
231 -1.6319791209315862e-06
232 -1.5684649860022596e-06
233 -1.73329058915573e-06
234 -1.604791820521276e-06
235 -1.6616161495325694e-06
236 -1.7080281304088695e-06
237 -1.6856182408905098e-06
238 -1.4749062594953017e-06
239 -1.6988534199933251e-06
240 -1.7505659220645732e-06
241 -1.4172138047715683e-06
242 -1.8697786011161384e-06
243 -1.7097430364715002e-06
244 -1.3902078267772275e-06
245 -1.6082987268787774e-06
246 -1.6848435380710797e-06
247 -1.7635722885361873e-06
248 -1.5546367499994888e-06
249 -1.635574742154449e-06
250 -1.52130110452545e-06
251 -1.754122945747174e-06
252 -1.4255376091293268e-06
253 -1.5979890333133079e-06
254 -1.5903815083375703e-06
255 -1.603015901534882e-06
256 -1.661332941238196e-06
257 -1.5937082622159976e-06
258 -1.701457196963395e-06
259 -1.8385106630486266e-06
260 -1.6511657142933208e-06
261 -1.4514564996697427e-06
262 -1.4760904663762794e-06
263 -1.6628728467332503e-06
264 -1.8756088544516213e-06
265 -1.7293848180471053e-06
266 -1.6642826700540461e-06
267 -1.500185286969133e-06
268 -1.6379490786608369e-06
269 -1.5948237265267012e-06
270 -1.6479539206068088e-06
271 -1.6010262121260891e-06
272 -1.6737033053596248e-06
273 -1.6499062530742069e-06
274 -1.6595068236009263e-06
275 -1.6624471159636756e-06
276 -1.3511981064564008e-06
277 -1.850051142152678e-06
278 -1.5284813175359164e-06
279 -1.5981156346752733e-06
280 -1.6325720983695963e-06
281 -1.6594173211687444e-06
282 -1.5666569573317286e-06
283 -1.5328548392221705e-06
284 -1.6209913398854362e-06
285 -1.66082276862303e-06
286 -1.7392914379895325e-06
287 -1.61300563162843e-06
288 -1.3787644444855706e-06
289 -1.485328471335966e-06
290 -1.5668524989061697e-06
291 -1.762749384475956e-06
292 -1.816687254640933e-06
293 -1.5195594075052933e-06
294 -1.4764291765686519e-06
295 -1.5591030596435178e-06
296 -1.4016888009741625e-06
297 -1.6889932950525186e-06
298 -1.7350441500617178e-06
299 -1.828467764020487e-06
