0 4.710084941055559e-06
1 4.718612867810497e-06
2 4.398952426492098e-06
3 4.611544564546282e-06
4 4.9889495323764734e-06
5 4.711215032076654e-06
6 4.765401481157047e-06
7 4.366773739890323e-06
8 4.698423109142732e-06
9 4.632961223772883e-06
10 4.6101107007346024e-06
11 4.5047057123333445e-06
12 4.795654279879623e-06
13 4.429984476328208e-06
14 4.6105035558286435e-06
15 4.713541848517829e-06
16 4.557543990598948e-06
17 4.7402173246766486e-06
18 4.685925354205206e-06
19 4.834836438347419e-06
20 4.504137991188179e-06
21 4.6539809626404535e-06
22 4.5788686929035485e-06
23 4.559230938214546e-06
24 4.813733710420781e-06
25 4.678506877445468e-06
26 4.724743965868254e-06
27 4.631064226224786e-06
28 4.555309938996553e-06
29 4.8541790728571155e-06
30 4.486253054919994e-06
31 4.5933209558267885e-06
32 4.6095480508960305e-06
33 4.730197599069248e-06
34 4.7961994368305395e-06
35 4.6203130010661275e-06
36 4.751072658875019e-06
37 4.642734589912622e-06
38 4.490930784014647e-06
39 4.723800966397661e-06
40 4.642356909239699e-06
41 4.543145712295275e-06
42 4.628512066880322e-06
43 4.7808778428559566e-06
44 4.654443235138362e-06
45 4.755415286067926e-06
46 4.5337765997553705e-06
47 4.701589575957456e-06
48 4.690279681233345e-06
49 4.853465481424548e-06
50 4.588071008360978e-06
51 4.828447711588061e-06
52 4.7385204183146556e-06
53 4.675139744850443e-06
54 4.769402276120698e-06
55 4.852580965771507e-06
56 4.799599316609954e-06
57 4.599234676548123e-06
58 4.638432739570876e-06
59 4.754166137740216e-06
60 4.469514230757615e-06
61 4.595725769639683e-06
62 4.927949091384925e-06
63 4.527861022240399e-06
64 4.704496776479202e-06
65 4.654073374158519e-06
66 4.674155091561914e-06
67 5.019214883912971e-06
68 4.78146423728527e-06
69 4.705172050534786e-06
70 4.87355955282754e-06
71 4.59325155865615e-06
72 4.84426157099463e-06
73 5.017061279465646e-06
74 4.678131202158362e-06
75 4.432591513601367e-06
76 4.8082388497510995e-06
77 4.64606211204566e-06
78 4.776053445957534e-06
79 4.957473389058899e-06
80 4.726497826553223e-06
81 4.326645360561362e-06
82 4.312201476125455e-06
83 4.826916804543717e-06
84 4.955388987633567e-06
85 4.56009629836492e-06
86 4.757376104009773e-06
87 4.607521373439641e-06
88 4.950745201893426e-06
89 4.565401681977071e-06
90 4.7589200445040275e-06
91 4.6530831375904e-06
92 4.68934039188562e-06
93 4.5368309027549876e-06
94 4.5629645861285096e-06
95 4.639144096397642e-06
96 4.503307478784936e-06
97 4.515410451952182e-06
98 4.688015252597917e-06
99 4.8126306111821354e-06
100 4.592971650246018e-06
101 4.885914825146617e-06
102 4.610193240929331e-06
103 4.709094238065517e-06
104 4.818963731883004e-06
105 4.476009796141298e-06
106 4.746469593840106e-06
107 4.470426798800881e-06
108 4.6611933661397115e-06
109 4.515340105669725e-06
110 4.539563563327353e-06
111 4.7959481544761054e-06
112 4.508180293301e-06
113 4.531415896287469e-06
114 4.826669439958228e-06
115 4.778307591938553e-06
116 4.687302484128407e-06
117 4.5937094704818775e-06
118 4.4860569078409205e-06
119 4.7190402535719025e-06
120 4.973249660593189e-06
121 4.688793642477832e-06
122 4.67969167300074e-06
123 4.923527850984858e-06
124 4.5480019514917055e-06
125 4.728362792635108e-06
126 4.647752164821636e-06
127 4.841080898561452e-06
128 4.692134835381936e-06
129 4.5353279139055735e-06
130 4.320426027932879e-06
131 4.850068811347197e-06
132 4.747294307382148e-06
133 4.647052605367763e-06
134 4.564743051560521e-06
135 4.4383584450529765e-06
136 4.906594872078773e-06
137 4.565639989351322e-06
138 4.5857021280649955e-06
139 4.567318768901772e-06
140 4.7857639187382135e-06
141 4.942732002206442e-06
142 4.630653087673807e-06
143 4.502263362729397e-06
144 4.593405296971559e-06
145 4.518190687776911e-06
146 4.971226972278698e-06
147 4.824671559466989e-06
148 4.660301615929633e-06
149 4.616138932255052e-06
150 4.826436611351994e-06
151 4.808274970862149e-06
152 4.684849023136168e-06
153 4.4315551776832926e-06
154 4.431052121340717e-06
155 4.8951039153659e-06
156 4.740209788012466e-06
157 4.508819616492941e-06
158 4.853168390126189e-06
159 4.660245139909602e-06
160 4.8253344813995855e-06
161 4.64012840593961e-06
162 4.826591442763988e-06
163 4.5589160049294015e-06
164 4.660754748540645e-06
165 4.485727788861113e-06
166 4.356878912265899e-06
167 4.5108041555838564e-06
168 4.6527516387154945e-06
169 4.662284418196156e-06
170 4.505654214353676e-06
171 4.681120831893154e-06
172 4.611466320621631e-06
173 4.499819675119901e-06
174 4.663494371765502e-06
175 4.711573640738777e-06
176 4.760663488824116e-06
177 4.668017788808995e-06
178 4.6648197475825354e-06
179 4.479332258598747e-06
180 4.677991289746501e-06
181 4.820759400154787e-06
182 4.699429834191362e-06
183 4.6402015246910265e-06
184 4.547853827991806e-06
185 4.686914223968062e-06
186 4.551588757978668e-06
187 4.660340817220605e-06
188 4.728014076648848e-06
189 4.599835322933187e-06
190 4.565288590063655e-06
191 4.7121668986992235e-06
192 5.0063158981061685e-06
193 4.834333109706277e-06
194 4.7088475061419245e-06
195 4.438925715139552e-06
196 5.024611515742409e-06
197 4.492611005430166e-06
198 4.741263847462272e-06
199 4.661657722692546e-06
200 4.741526815365094e-06
201 4.4400082039044025e-06
202 4.7859599504485524e-06
203 4.901239058913275e-06
204 4.431539993326479e-06
205 4.740670106622215e-06
206 4.6464683528255885e-06
207 4.542334277307357e-06
208 4.754119201139045e-06
209 4.607034500970731e-06
210 4.856830121954942e-06
211 4.739529028872868e-06
212 4.6586757448821756e-06
213 4.413470634153758e-06
214 4.67566155179812e-06
215 4.684527077417227e-06
216 5.004893939910382e-06
217 4.5697999448144015e-06
218 4.683870647044276e-06
219 4.474997012142197e-06
220 4.309153888419833e-06
221 4.714144576585925e-06
222 4.8902849366798845e-06
223 4.61047991406037e-06
224 4.731926516233523e-06
225 4.710715851386232e-06
226 4.551148089553087e-06
227 4.4930067380401465e-06
228 4.5776891977208326e-06
229 4.6205619514821405e-06
230 4.630911354047664e-06
231 4.728614777043964e-06
232 4.776016404163769e-06
233 4.591771265107473e-06
234 4.702642203790577e-06
235 4.487470432616069e-06
236 4.837250900147748e-06
237 4.509696408663571e-06
238 4.716643734559715e-06
239 4.6747170884450595e-06
240 4.705987235893979e-06
241 4.723089458410033e-06
242 4.791041717165813e-06
243 4.528271517320278e-06
244 4.600518390346057e-06
245 4.940466701541019e-06
246 4.457644565992903e-06
247 4.452602517054453e-06
248 4.644690877543494e-06
249 4.801818720678116e-06
250 4.625968371491526e-06
251 4.557609901653402e-06
252 4.701351003560561e-06
253 4.3987823034208026e-06
254 4.662313916501978e-06
255 4.637465731730356e-06
256 4.678765217795943e-06
257 4.523920960458446e-06
258 4.452035032833179e-06
259 4.555405340539065e-06
260 4.5356477664281e-06
261 4.788797824529173e-06
262 4.851449233341184e-06
263 4.595044510918474e-06
264 4.379604319014081e-06
265 4.60656787851785e-06
266 4.694896136622916e-06
267 4.6184586543549755e-06
268 4.701722044130494e-06
269 4.8628226778314935e-06
270 4.693975577931054e-06
271 4.629231775116092e-06
272 4.855596783565728e-06
273 4.712654675688406e-06
274 4.708260358018907e-06
275 4.547032091793922e-06
276 4.6404893907059636e-06
277 4.740892828060629e-06
278 4.597092302156809e-06
279 4.7866782809202465e-06
280 4.8152791938107356e-06
281 4.519818336026804e-06
282 4.955378074756884e-06
283 4.59440128899382e-06
284 4.692250215033146e-06
285 4.7846276838918525e-06
286 4.481611161079559e-06
287 4.3950435093332274e-06
288 4.95400226748037e-06
289 4.53154937245531e-06
290 4.83978582164476e-06
291 4.735219716451114e-06
292 4.427479190376864e-06
293 4.884853972601245e-06
294 4.763264022374247e-06
295 4.700866085025759e-06
296 4.634321194407607e-06
297 4.576760343427715e-06
298 4.895966432145654e-06
299 4.738174760457676e-06
