0 3.6598188684435644e-07
1 3.399775075029599e-07
2 3.426105439906679e-07
3 3.5071837730137786e-07
4 3.680430841759808e-07
5 3.556936780175473e-07
6 3.7713070880634717e-07
7 3.621953903750946e-07
8 3.6630955954862154e-07
9 3.758124326215594e-07
10 3.5861588127905654e-07
11 3.8120810080421474e-07
12 3.8413497046569227e-07
13 3.663946031998019e-07
14 3.346682728937467e-07
15 3.7396548864011047e-07
16 3.537805944591031e-07
17 3.743354286024842e-07
18 3.726470921274427e-07
19 3.5760753272801876e-07
20 3.494830085632362e-07
21 3.5762421586007195e-07
22 3.31010838191227e-07
23 3.590592603442858e-07
24 3.674345847409186e-07
25 3.8287397823402453e-07
26 3.45261684842174e-07
27 3.447825125983138e-07
28 3.496896432541753e-07
29 3.379900835431138e-07
30 3.539547236025624e-07
31 3.3376135696784154e-07
32 3.5020229934319295e-07
33 3.664055433213764e-07
34 3.590288528228992e-07
35 3.554485407278476e-07
36 3.776201281494535e-07
37 3.393132047643528e-07
38 3.355003826312405e-07
39 3.714453471489713e-07
40 3.640050726587027e-07
41 3.3661425771771593e-07
42 3.458701068742097e-07
43 3.6991577005232724e-07
44 3.420332361827995e-07
45 3.4912750812952316e-07
46 3.56163360692144e-07
47 3.5537156051150015e-07
48 3.6485574955072016e-07
49 3.8422003591510655e-07
50 3.6966483079799613e-07
51 3.516759314339551e-07
52 3.495297263461062e-07
53 3.682999199817449e-07
54 3.4761499784767314e-07
55 3.6725737200553495e-07
56 3.45174750712517e-07
57 3.487648669278547e-07
58 3.6011325193135434e-07
59 3.6048042589279614e-07
60 3.1564136012184055e-07
61 3.4920374732167216e-07
62 3.5214730878257937e-07
63 3.774358255826484e-07
64 3.823040118214664e-07
65 3.5794341085021993e-07
66 3.5455295438236e-07
67 3.726553844341865e-07
68 3.4586597536341755e-07
69 3.7226116384244945e-07
70 3.8266359586323026e-07
71 3.4141356434605224e-07
72 3.5224244113748737e-07
73 3.585427427997697e-07
74 3.539604870919768e-07
75 3.496224974314979e-07
76 3.5911968063066305e-07
77 3.8572076458722534e-07
78 3.808484338068505e-07
79 3.704763632945568e-07
80 3.577019816062636e-07
81 3.578176002592479e-07
82 3.296903548988525e-07
83 3.7813525702885833e-07
84 3.577423091094544e-07
85 3.569399571961971e-07
86 3.574465752814036e-07
87 3.784266470950753e-07
88 3.2810892589914343e-07
89 3.7156992972705877e-07
90 3.846440779265823e-07
91 3.75331683672087e-07
92 3.5726038595994263e-07
93 3.324278695125044e-07
94 3.6052923742268897e-07
95 3.39877480162123e-07
96 3.456088765062878e-07
97 3.253677953511386e-07
98 3.760188367906894e-07
99 3.574313158551082e-07
100 3.3195171090511e-07
101 3.5197645098044815e-07
102 3.2585224911594587e-07
103 3.756811847051601e-07
104 3.564028949933966e-07
105 3.4175760850232486e-07
106 3.739220110827027e-07
107 3.5837193002748697e-07
108 3.3283569862229146e-07
109 3.443535497304763e-07
110 3.5322239510290766e-07
111 3.7083587874839033e-07
112 3.622432268151637e-07
113 3.3485736852218274e-07
114 3.950497527608702e-07
115 3.6126367995843017e-07
116 3.622071569924802e-07
117 3.6222137224311743e-07
118 3.645754011719559e-07
119 3.6323053961234145e-07
120 3.6328691109306604e-07
121 3.643117887203454e-07
122 3.8248039443405745e-07
123 3.790590752010623e-07
124 3.3653476446682726e-07
125 3.516891138648072e-07
126 3.425222861428533e-07
127 3.705670767517339e-07
128 3.637894244113613e-07
129 3.4240111944738933e-07
130 3.419809521204186e-07
131 3.685768361134543e-07
132 3.4712688169068753e-07
133 3.7999481722778495e-07
134 3.3591646406626184e-07
135 3.494590532824663e-07
136 3.6549100958145e-07
137 3.619643862566294e-07
138 3.498905381054927e-07
139 3.1477550623141604e-07
140 3.734554634921818e-07
141 3.6256253553698635e-07
142 3.535263769938799e-07
143 3.618315607171249e-07
144 3.631330531179467e-07
145 3.563985723104483e-07
146 3.8146825554059565e-07
147 3.691774053350148e-07
148 3.659873809754078e-07
149 3.66016931089911e-07
150 3.6331202062860995e-07
151 3.624208807664773e-07
152 3.4299194417380056e-07
153 3.238779990720141e-07
154 3.6063519126273274e-07
155 3.490417148038684e-07
156 3.5144395356780056e-07
157 3.659752667001461e-07
158 3.7086925255417175e-07
159 3.2626464332515686e-07
160 3.5351629387598877e-07
161 3.5533917154773085e-07
162 3.588198678260261e-07
163 3.591555398367791e-07
164 3.624647772756516e-07
165 3.55884592738601e-07
166 3.2228531238606385e-07
167 3.548301216692539e-07
168 3.5070932127306163e-07
169 3.4876286302751784e-07
170 3.197593519753782e-07
171 3.8206707596282707e-07
172 3.5867200565965035e-07
173 3.316183112597622e-07
174 3.915417899682834e-07
175 3.5883248536843636e-07
176 3.743305114829725e-07
177 3.5339467513362875e-07
178 3.852911595539307e-07
179 3.5466452793158927e-07
180 3.616494015786883e-07
181 3.525153541184957e-07
182 3.6469499857830094e-07
183 3.6319293570996657e-07
184 3.6434577376250967e-07
185 3.802892895206229e-07
186 3.6908813246574194e-07
187 3.561356579397559e-07
188 3.863440253620869e-07
189 3.38267581584582e-07
190 3.687507717823254e-07
191 3.6611473743258324e-07
192 3.6321650450162643e-07
193 3.732358460151634e-07
194 3.3486308666866845e-07
195 3.376947002321087e-07
196 3.870230845999513e-07
197 3.500508522667803e-07
198 3.628734740471618e-07
199 3.4758186983230087e-07
200 3.6186921657552565e-07
201 3.548383354718134e-07
202 3.752006040110975e-07
203 3.8423113585983673e-07
204 3.151718991755434e-07
205 3.703668155584284e-07
206 3.438169271380221e-07
207 3.536154732541583e-07
208 3.605591771236013e-07
209 3.649770814489736e-07
210 3.773448191963915e-07
211 3.5315965484143055e-07
212 3.2003333670550996e-07
213 3.4571118702310945e-07
214 3.572491589279706e-07
215 3.6368193919633226e-07
216 3.708359548528625e-07
217 3.528327148367949e-07
218 3.5371471056812707e-07
219 3.2966708090917256e-07
220 3.350872025267519e-07
221 3.762899439970963e-07
222 3.5062646050516667e-07
223 3.724656262100185e-07
224 3.600735700196236e-07
225 3.4305311830181655e-07
226 3.767753479114428e-07
227 3.55064018564867e-07
228 3.333496086509708e-07
229 3.6226752075501693e-07
230 3.5741506994061086e-07
231 3.5754422598706617e-07
232 3.724898282294174e-07
233 3.6393203724631446e-07
234 3.5372534375830024e-07
235 3.650189938129295e-07
236 3.8474230709821495e-07
237 3.4336845244442663e-07
238 3.5879927162240427e-07
239 3.5789748802131314e-07
240 3.4443590681001724e-07
241 3.4609154539016555e-07
242 3.7286779604568973e-07
243 3.3358062241312474e-07
244 3.40989596899696e-07
245 3.704863702406397e-07
246 3.7240222978711835e-07
247 3.6750069842400857e-07
248 3.559412837177939e-07
249 3.530359777037437e-07
250 3.470568454179357e-07
251 3.2766752354362583e-07
252 3.356112662415265e-07
253 3.3329395935604395e-07
254 3.722801020039369e-07
255 3.7516874830259733e-07
256 3.6384198838755555e-07
257 3.259097544537039e-07
258 3.3536145187187656e-07
259 3.6470082378446574e-07
260 3.4591381927163737e-07
261 3.344294801170086e-07
262 3.6199508970377894e-07
263 3.392793517624651e-07
264 3.385427708800319e-07
265 3.4805682180059084e-07
266 3.501424680896346e-07
267 3.538528662630555e-07
268 3.872044009765296e-07
269 3.831249618583205e-07
270 3.459155389263583e-07
271 3.596871663309417e-07
272 3.7818623840008144e-07
273 3.590875397423654e-07
274 3.566680493878563e-07
275 3.451390691296124e-07
276 3.347166021883131e-07
277 3.753442333473462e-07
278 3.3400991323176787e-07
279 3.674275498992271e-07
280 3.5686742899035503e-07
281 3.6372603678113496e-07
282 3.851320466683137e-07
283 3.468394039011746e-07
284 3.603646923950274e-07
285 3.549617159083509e-07
286 3.6543809053028977e-07
287 3.435208368910907e-07
288 3.542758392373035e-07
289 3.305092635246769e-07
290 3.7396336324534083e-07
291 3.774244050956652e-07
292 3.548413150899476e-07
293 3.9956859032053526e-07
294 3.6183583911842575e-07
295 3.6302914013322176e-07
296 3.3096681774743765e-07
297 3.5885880692175934e-07
298 3.627045364631607e-07
299 3.699245678343191e-07
