0 3.283295900286354e-06
1 3.2705007550288277e-06
2 3.394653356462829e-06
3 3.1369400961299693e-06
4 3.1479066525379806e-06
5 3.415462762319839e-06
6 3.3599036911343023e-06
7 3.7142903490926622e-06
8 3.097585779824225e-06
9 3.3225941145089527e-06
10 3.1456766336387108e-06
11 3.5907222628205092e-06
12 3.3098747554437134e-06
13 3.543201773023177e-06
14 3.2304973668495196e-06
15 3.4149181361555545e-06
16 3.4951163654458648e-06
17 3.284571060017481e-06
18 3.2158935597300285e-06
19 3.07978366861121e-06
20 3.3374142013127383e-06
21 3.634805553143667e-06
22 3.167632609572798e-06
23 3.323325226672696e-06
24 3.321992961016941e-06
25 3.330666186598631e-06
26 3.4032416169809726e-06
27 3.477450175115689e-06
28 3.1227859571824502e-06
29 3.1179660464465015e-06
30 3.4662521321148765e-06
31 3.546678856397615e-06
32 3.4031289747938214e-06
33 3.442463857085881e-06
34 3.2957983784797257e-06
35 3.200281081278027e-06
36 3.313474637115399e-06
37 3.2136261007805437e-06
38 3.5298071977841634e-06
39 3.3248086507521095e-06
40 3.6338306633824652e-06
41 3.4466153861274423e-06
42 3.2486671030715473e-06
43 3.399952283195355e-06
44 3.337549677985222e-06
45 3.111845608073801e-06
46 3.0876106262307793e-06
47 3.2393001761958597e-06
48 3.176314582735982e-06
49 3.2776174906113014e-06
50 3.5123552524759727e-06
51 3.2588651295680392e-06
52 3.286798190440723e-06
53 3.293207998885457e-06
54 3.5284004195197978e-06
55 3.541612542500143e-06
56 3.426743263138221e-06
57 3.3125814428208534e-06
58 3.4349711459519324e-06
59 3.1420750523047227e-06
60 3.575136957410065e-06
61 3.2844838091349824e-06
62 3.0472403609369405e-06
63 3.2299152373234856e-06
64 3.3016397029208016e-06
65 3.266237269356813e-06
66 3.3976912454940646e-06
67 3.3049962599321193e-06
68 3.1154260188099304e-06
69 3.5228397437346167e-06
70 3.2508261984843485e-06
71 3.462143105862392e-06
72 3.1359337591007542e-06
73 3.0538792194563816e-06
74 3.4622110164381585e-06
75 3.119079368378838e-06
76 3.246875296507995e-06
77 3.425510435829731e-06
78 3.5121305952043754e-06
79 3.2683538982975446e-06
80 3.420944601196687e-06
81 3.504104122923294e-06
82 3.4849061886784872e-06
83 3.414802880107855e-06
84 3.0550737058421633e-06
85 3.171538251864902e-06
86 3.044154666371467e-06
87 3.036977347409239e-06
88 3.097069805087442e-06
89 3.2154831191244167e-06
90 3.333170846743652e-06
91 3.0688173784210566e-06
92 3.467651474043576e-06
93 3.3109451708011374e-06
94 3.3527420856205416e-06
95 3.2039855512790134e-06
96 3.3509855810220113e-06
97 3.3191219789133273e-06
98 3.2389547583588923e-06
99 3.2024755298672477e-06
100 3.4060226775085917e-06
101 3.1880574287815507e-06
102 3.313619495315757e-06
103 3.4328626021629326e-06
104 3.2843598759595347e-06
105 3.1138210320864158e-06
106 3.0515038643986865e-06
107 3.2934202980938727e-06
108 3.233199816307993e-06
109 3.444786414253323e-06
110 3.4137978405664364e-06
111 3.396696427836713e-06
112 3.394481082306731e-06
113 3.531911291167331e-06
114 3.2160194184274985e-06
115 3.4859463578824066e-06
116 3.1309547403867352e-06
117 3.4862476245528484e-06
118 3.492468956552848e-06
119 3.5438220607243146e-06
120 3.1698090218661722e-06
121 3.087261492177462e-06
122 3.4216429041085335e-06
123 3.0783218170319375e-06
124 3.43716300924337e-06
125 3.3111789135663807e-06
126 3.358530264086932e-06
127 3.2800588429319854e-06
128 3.32368718679328e-06
129 3.5343819086685313e-06
130 3.096957135568288e-06
131 3.203695982666357e-06
132 3.3972423778894457e-06
133 3.2495831299896355e-06
134 3.5251405525461563e-06
135 3.404282255628398e-06
136 3.302067484605801e-06
137 3.4468054064967997e-06
138 3.328002515405086e-06
139 3.1470808535074585e-06
140 3.350450389712143e-06
141 3.0533685897487743e-06
142 3.2857388044449827e-06
143 3.5647572254267126e-06
144 3.2409858572897787e-06
145 3.2320668883286447e-06
146 3.0891263939541764e-06
147 3.113430958780399e-06
148 3.385071900100424e-06
149 3.3363898509537953e-06
150 3.300752773885795e-06
151 3.216756388569492e-06
152 3.341732541681105e-06
153 3.208436578364832e-06
154 3.4502719930642176e-06
155 3.3136402543727996e-06
156 3.272698390809097e-06
157 3.3471796541344123e-06
158 3.276138874799754e-06
159 3.1230863924159597e-06
160 3.4417659122778804e-06
161 3.1086894271972205e-06
162 3.2436114920132793e-06
163 3.448889607098848e-06
164 3.4847640588282995e-06
165 3.4739768759643493e-06
166 3.5234578340150437e-06
167 3.381072802005067e-06
168 2.925105704734227e-06
169 3.302618990976901e-06
170 3.344458712630456e-06
171 3.262661518998669e-06
172 3.528163655194703e-06
173 3.3866709078513627e-06
174 3.2201847752456523e-06
175 3.3123491584715257e-06
176 3.121624472515817e-06
177 3.6227093958840935e-06
178 3.494002966200598e-06
179 3.4158751488795372e-06
180 3.484731036559871e-06
181 3.1267290920616214e-06
182 3.2337870579208136e-06
183 3.4041667262684016e-06
184 3.289109579267646e-06
185 3.2363944179242993e-06
186 3.37921912355778e-06
187 3.525366755269511e-06
188 3.2012618670622967e-06
189 3.295427175629859e-06
190 3.339914875806551e-06
191 3.1695156765754026e-06
192 2.991258628117759e-06
193 3.5829544948871566e-06
194 3.3787581888613687e-06
195 3.221628335834461e-06
196 3.3419453778715477e-06
197 3.4503610315551867e-06
198 3.2032231852500325e-06
199 3.5906554362863525e-06
200 3.3676675523763698e-06
201 3.5936358264154476e-06
202 3.2584442574529487e-06
203 3.537645527574496e-06
204 3.206612352728554e-06
205 3.4201388036029264e-06
206 3.458428081862102e-06
207 3.476581724970257e-06
208 3.274963895825766e-06
209 3.4297587937193212e-06
210 3.2922246165717573e-06
211 3.437848988548997e-06
212 3.3122853816476196e-06
213 3.2938365398386937e-06
214 3.4437041215005378e-06
215 3.4834111676823887e-06
216 3.439506234577857e-06
217 3.0297486333740554e-06
218 3.1485272843950315e-06
219 3.2300353617529566e-06
220 3.42404705210353e-06
221 3.3899709304753637e-06
222 3.338897929315906e-06
223 3.1557117762958234e-06
224 3.3970435513134818e-06
225 3.5405157977609823e-06
226 3.349114671891943e-06
227 3.669454101022812e-06
228 3.5666905840573143e-06
229 3.328781076595225e-06
230 3.572826529958898e-06
231 3.292593412430901e-06
232 3.1832368491741974e-06
233 3.338994302948688e-06
234 3.3662430324078043e-06
235 3.3816622400961e-06
236 3.3588801683093404e-06
237 3.388352304293639e-06
238 3.077420572735323e-06
239 3.4915692197889756e-06
240 3.590047976074767e-06
241 3.0941808033803236e-06
242 3.669847302065477e-06
243 3.521954124015832e-06
244 3.112154199973176e-06
245 3.26395039145385e-06
246 3.3542888441417124e-06
247 3.399535124489756e-06
248 3.1683277332427308e-06
249 3.3676583185582525e-06
250 3.209487109225767e-06
251 3.551817645087298e-06
252 3.0457184015446016e-06
253 3.298909296422972e-06
254 3.2865570048972e-06
255 3.1904989054294694e-06
256 3.335972759124569e-06
257 3.371037980445775e-06
258 3.450377498477497e-06
259 3.6298051445319447e-06
260 3.168490858204304e-06
261 3.163369389591917e-06
262 3.178349975152331e-06
263 3.340824320763005e-06
264 3.6769928150473428e-06
265 3.4687412015312923e-06
266 3.405579137793145e-06
267 3.161739472930576e-06
268 3.2576471464176775e-06
269 3.1971393833616984e-06
270 3.339363385031977e-06
271 3.332102589196226e-06
272 3.243612207290794e-06
273 3.3021778057883697e-06
274 3.3747732252703645e-06
275 3.377059851425557e-06
276 3.0430932433518442e-06
277 3.5512835909035844e-06
278 3.137534162625607e-06
279 3.2899472726232447e-06
280 3.2909570187674386e-06
281 3.290302849375262e-06
282 3.232724999255035e-06
283 3.2833075286448743e-06
284 3.1975059354496465e-06
285 3.3442599556851637e-06
286 3.3890250683755536e-06
287 3.3108218768667628e-06
288 2.9801719422532827e-06
289 3.187480409684315e-06
290 3.2264774109244483e-06
291 3.3985042257824206e-06
292 3.5362069131482487e-06
293 3.1617685919449585e-06
294 3.0805324539342535e-06
295 3.132043361197594e-06
296 3.0517804589122865e-06
297 3.42577993232538e-06
298 3.4147566724613207e-06
299 3.527732513796937e-06
