0 -9.308694367216635e-08
1 -9.683251199596953e-08
2 -9.749576276574044e-08
3 -9.489355376284663e-08
4 -9.854152464428823e-08
5 -1.0337143342439277e-07
6 -9.895487042968688e-08
7 -9.612781238365151e-08
8 -9.99626733184852e-08
9 -9.95250238677945e-08
10 -9.787011894295764e-08
11 -9.839090020180386e-08
12 -1.0155092714214315e-07
13 -9.775968817638477e-08
14 -1.0180957346290081e-07
15 -1.0299263530078586e-07
16 -9.493060038503946e-08
17 -9.690085286171804e-08
18 -9.645749839407347e-08
19 -9.676379246663517e-08
20 -9.459500281254044e-08
21 -1.0004688280649672e-07
22 -9.911448902469723e-08
23 -9.369535128596074e-08
24 -9.410123286613984e-08
25 -9.880832936920248e-08
26 -9.743204392394726e-08
27 -1.0347381401961022e-07
28 -1.0147606911480061e-07
29 -1.0082418062414378e-07
30 -1.0226686496178799e-07
31 -9.718285677482339e-08
32 -9.508130798567664e-08
33 -9.466906088771195e-08
34 -9.739134217728749e-08
35 -9.787251145222556e-08
36 -9.904910028192816e-08
37 -9.999156581447046e-08
38 -9.511458722015089e-08
39 -1.0095527785340763e-07
40 -9.664884089763371e-08
41 -9.297149332750326e-08
42 -1.0148334441799158e-07
43 -1.0144719824939691e-07
44 -9.674179139594402e-08
45 -9.704564579701988e-08
46 -9.590395023830692e-08
47 -9.754993505590376e-08
48 -1.0028441673814996e-07
49 -9.354085798207701e-08
50 -1.0558660644225827e-07
51 -9.688070629448823e-08
52 -9.903983287412819e-08
53 -1.0100863432100309e-07
54 -9.484067234985421e-08
55 -9.474318077600677e-08
56 -9.775416028751755e-08
57 -9.711639722923037e-08
58 -9.540927042642937e-08
59 -9.948154803036115e-08
60 -9.573222781293302e-08
61 -1.0229394017204316e-07
62 -1.0160374846131757e-07
63 -9.403815932057961e-08
64 -9.630522462337856e-08
65 -9.996806080478026e-08
66 -9.75442672371096e-08
67 -9.995068091974286e-08
68 -9.480816799215265e-08
69 -9.739868059647739e-08
70 -1.0003172323810932e-07
71 -9.745473392666316e-08
72 -9.80771131209353e-08
73 -9.202450706806789e-08
74 -9.383409794145015e-08
75 -9.96079437706074e-08
76 -9.463991237924463e-08
77 -1.0096546306648035e-07
78 -9.628162836693043e-08
79 -9.567982332218627e-08
80 -9.663437738355351e-08
81 -9.585788738675977e-08
82 -9.55382581125667e-08
83 -9.921432291160022e-08
84 -9.932906490152922e-08
85 -9.622905916192424e-08
86 -9.722480048456082e-08
87 -1.0003324621402283e-07
88 -9.225899303242494e-08
89 -1.0209760394672062e-07
90 -9.917288088637798e-08
91 -9.545891911502712e-08
92 -9.485017232539395e-08
93 -1.0026020943671936e-07
94 -9.388004450989372e-08
95 -9.602431160591798e-08
96 -9.598108574882283e-08
97 -9.849882049099643e-08
98 -1.0340216286970687e-07
99 -1.0103677677043445e-07
100 -1.0382172799774953e-07
101 -9.587244838144505e-08
102 -9.383337725557931e-08
103 -9.642290824347135e-08
104 -9.526289772948185e-08
105 -9.667600521885462e-08
106 -9.989134218084038e-08
107 -9.58017858207232e-08
108 -9.600740471589919e-08
109 -1.0064652570131693e-07
110 -9.874880969554345e-08
111 -9.599876445844548e-08
112 -1.0177663894819455e-07
113 -9.778063219094532e-08
114 -9.600860313592927e-08
115 -9.901567444376993e-08
116 -1.0209936819742491e-07
117 -9.642694587826545e-08
118 -1.0415667257370445e-07
119 -9.941628334255251e-08
120 -9.213795452622523e-08
121 -9.26765872871411e-08
122 -9.504242962150442e-08
123 -1.0365336758808832e-07
124 -9.92367306456917e-08
125 -9.547622988304577e-08
126 -9.815427064111419e-08
127 -9.637774085651491e-08
128 -9.555971880196575e-08
129 -9.605413167043998e-08
130 -9.911380333421669e-08
131 -9.844385203750266e-08
132 -9.767151929565284e-08
133 -9.628403957084068e-08
134 -9.341076321360673e-08
135 -9.640161757126962e-08
136 -9.244674731959206e-08
137 -9.714338402548918e-08
138 -9.447608621957607e-08
139 -1.0544434948980377e-07
140 -1.0190441096496333e-07
141 -1.0260509398687203e-07
142 -9.54557158139922e-08
143 -9.55164304602612e-08
144 -9.506856895570411e-08
145 -9.039053119123482e-08
146 -1.0256611342445986e-07
147 -1.0145986534730963e-07
148 -1.0179593613969822e-07
149 -1.021778823154012e-07
150 -9.942080288301357e-08
151 -1.0144552403366935e-07
152 -1.0161158710625927e-07
153 -9.598898114632253e-08
154 -9.68848353648203e-08
155 -9.931872856635183e-08
156 -9.719290442143265e-08
157 -9.630678205574785e-08
158 -9.913607131589676e-08
159 -9.522289798336446e-08
160 -9.8216882405716e-08
161 -1.00022363080705e-07
162 -9.710682220346977e-08
163 -9.79386103049878e-08
164 -9.92171469527569e-08
165 -1.0014136094953678e-07
166 -9.41387935388776e-08
167 -9.158313466651142e-08
168 -9.664336167337342e-08
169 -9.341809909526335e-08
170 -9.367077182372569e-08
171 -9.601767432960489e-08
172 -9.921615555729502e-08
173 -9.747577629406152e-08
174 -9.945495629571428e-08
175 -9.938463354451607e-08
176 -9.85652323112652e-08
177 -9.847392782521765e-08
178 -1.0035429225542459e-07
179 -9.761619744595164e-08
180 -9.910905796033143e-08
181 -9.245715514564361e-08
182 -9.947927076757224e-08
183 -9.705693080663113e-08
184 -9.364611463306742e-08
185 -9.663944094010162e-08
186 -9.742272934704694e-08
187 -9.680199112195963e-08
188 -9.725884009834123e-08
189 -9.31410544807155e-08
190 -9.959121151658245e-08
191 -9.458603376337088e-08
192 -1.021832426821094e-07
193 -9.917088529177657e-08
194 -1.003865050763196e-07
195 -1.0183097941183549e-07
196 -1.0181045828311418e-07
197 -9.820633613683366e-08
198 -9.736725234362255e-08
199 -1.016610687741929e-07
200 -9.964139535265195e-08
201 -1.014833121402288e-07
202 -9.722405873244025e-08
203 -1.0087602796253968e-07
204 -9.463775955368711e-08
205 -9.746475680804754e-08
206 -1.0322235608447496e-07
207 -1.0064984045678727e-07
208 -9.820951768187734e-08
209 -1.0233522304367405e-07
210 -1.0230816479459759e-07
211 -1.0246135239664106e-07
212 -9.942321502352355e-08
213 -9.751789900419055e-08
214 -9.862398635337251e-08
215 -1.0007148406478323e-07
216 -1.0087066159794924e-07
217 -9.821688433977255e-08
218 -9.307465681046459e-08
219 -1.0211938325602684e-07
220 -9.144995948980415e-08
221 -9.572646351182258e-08
222 -9.673449478401314e-08
223 -9.649581697220183e-08
224 -9.683845851971352e-08
225 -9.374312453007018e-08
226 -9.879246795981263e-08
227 -9.107756580967186e-08
228 -9.53570602600286e-08
229 -9.633194935518449e-08
230 -9.575251558944641e-08
231 -1.0110871765992787e-07
232 -9.68328278174797e-08
233 -9.32723178059771e-08
234 -9.788186528031766e-08
235 -1.0279317970765537e-07
236 -9.373120988252987e-08
237 -9.628465986662128e-08
238 -9.664960139437456e-08
239 -9.580083663179608e-08
240 -9.694547111131461e-08
241 -9.895513799996534e-08
242 -1.0358117356957611e-07
243 -9.732404654696099e-08
244 -1.0149868314004926e-07
245 -1.0078118188685683e-07
246 -9.60691905079189e-08
247 -9.904439933564536e-08
248 -9.886154842391663e-08
249 -9.599675435470647e-08
250 -9.816302709505765e-08
251 -9.952599808252217e-08
252 -9.658222296408117e-08
253 -9.746185811533885e-08
254 -9.906758801254617e-08
255 -9.882770540653209e-08
256 -1.0323160976722826e-07
257 -1.0045510409763987e-07
258 -9.68812766283512e-08
259 -1.0029384744556653e-07
260 -9.754771575474895e-08
261 -9.888993848363658e-08
262 -1.0009935494495734e-07
263 -9.899621965457789e-08
264 -9.472673457474975e-08
265 -1.0028429333264623e-07
266 -9.832917150117505e-08
267 -1.0106559513624226e-07
268 -1.027635916768582e-07
269 -1.0317437982177562e-07
270 -1.0012148510823138e-07
271 -9.727168222840953e-08
272 -9.837760985998803e-08
273 -9.978706006191349e-08
274 -9.772387878359857e-08
275 -1.0145373485863008e-07
276 -1.0311828380489898e-07
277 -1.0005044213212731e-07
278 -1.0594125581905063e-07
279 -9.673501813245111e-08
280 -1.011314955486175e-07
281 -9.695860502818223e-08
282 -1.0073520002036359e-07
283 -1.0125268372190461e-07
284 -9.772815997809075e-08
285 -9.487744384408273e-08
286 -9.43815157951133e-08
287 -9.502289952613935e-08
288 -1.0011691468927795e-07
289 -9.547020888212879e-08
290 -9.328050807330828e-08
291 -9.23777783490421e-08
292 -1.0396395504779925e-07
293 -9.726036907189249e-08
294 -9.744946762218245e-08
295 -9.739029290675192e-08
296 -9.935542778219367e-08
297 -9.588647657213273e-08
298 -1.0277430576197542e-07
299 -9.987391382083235e-08
