0 -1.7954926337663308e-07
1 -4.275917761602922e-07
2 -2.7390593166965044e-07
3 7.792215432583497e-09
4 -2.5873413281719557e-07
5 -4.986257451266221e-07
6 -7.884754809211353e-08
7 -2.5665546872630687e-07
8 -3.2048461714781904e-07
9 -2.464976274553825e-07
10 -1.810990832833148e-07
11 -2.465213243366355e-07
12 -1.3692197543283543e-07
13 -2.708369257787569e-07
14 -1.9629855867585022e-07
15 -3.3663870715869374e-07
16 -4.804708253768114e-08
17 -2.5474151290625754e-07
18 -4.0385490811188905e-07
19 -2.8457657828560786e-07
20 -2.053068149953034e-07
21 -3.686416778520891e-07
22 -2.186146246417759e-07
23 -2.388107018432449e-07
24 -2.2004007403504663e-07
25 -3.320957790200665e-07
26 -2.570753261188951e-07
27 -5.108742678718184e-07
28 -2.7359995733233657e-07
29 -3.304335806035972e-07
30 -4.436195170179656e-07
31 -5.805385719010458e-08
32 -1.9756474645007822e-07
33 -4.759382871020562e-08
34 -6.459608257019198e-08
35 -1.2775942590701916e-07
36 -3.0052108166643716e-07
37 -2.2725519642980392e-07
38 -3.979557821732363e-07
39 -3.3160813917283206e-07
40 -2.8465764865225905e-07
41 -1.9039704194480323e-07
42 -1.451516096302371e-07
43 -4.387729529937677e-07
44 -2.0476264888479406e-07
45 -2.277374829506103e-07
46 -2.1418105684532006e-07
47 -3.4543732740679837e-07
48 -2.2843777794336707e-07
49 -2.6669037489872445e-07
50 -3.392210896679972e-07
51 -2.826388254074163e-07
52 -3.410905109277792e-07
53 -6.0511929883911e-08
54 -1.3896081206090855e-07
55 -1.1912783404159441e-07
56 -4.5882422921674246e-07
57 -5.878515841295865e-08
58 2.29020109490044e-08
59 -2.45983906125653e-07
60 -2.5025808588558905e-07
61 -3.326091866516842e-07
62 -1.5548466212251152e-07
63 -1.7814432116821782e-07
64 -6.345757906893749e-08
65 -1.4701499571274318e-07
66 -1.83913497090526e-07
67 -2.0701405641141126e-07
68 -2.483359863874054e-07
69 -1.5114317650250912e-07
70 -2.344688892494898e-07
71 -1.9810887517327098e-07
72 -3.5410931501767725e-07
73 -6.670728193196346e-08
74 -2.535577744381172e-07
75 -3.1981097397052637e-07
76 -2.623323030696779e-07
77 -1.7938775535928719e-07
78 -2.8350615681582117e-07
79 -1.7667890055108858e-07
80 -1.641627853606383e-07
81 -3.3437815512815443e-07
82 -2.5880065480435806e-07
83 -1.9550423146152898e-07
84 -2.1570194764074189e-07
85 -1.1349255121413538e-07
86 -2.8909997660217667e-07
87 -2.870995960185306e-07
88 -1.7015670179312537e-07
89 -2.1614757629156265e-07
90 -2.2260648353498903e-07
91 -3.777980148842811e-07
92 -2.1909788926182806e-07
93 -2.258516566385913e-07
94 -1.9268454304039137e-07
95 -3.5306182252738755e-07
96 -2.450034740137835e-07
97 -7.012683997882025e-08
98 -1.415563101663627e-07
99 -2.5391706414265176e-07
100 -3.0317062528827694e-07
101 -2.8900927704945994e-07
102 -1.615928352328156e-07
103 -4.1304107995385195e-07
104 -1.5177648119974468e-07
105 -3.6803508245068474e-07
106 -4.363924659178946e-07
107 -7.398034639651643e-08
108 -2.733760001928121e-07
109 -2.7983803318632333e-07
110 -3.649491444499847e-07
111 -2.3735360122743825e-07
112 -4.852871134826186e-07
113 -3.4772897848547657e-07
114 -3.6666662729001453e-07
115 -1.014264170959609e-07
116 -2.9451437647853227e-07
117 -5.247181822765167e-07
118 -3.7934005460653895e-07
119 -2.6443189263699067e-07
120 -2.202202428821786e-07
121 -2.2138146539537498e-07
122 -2.1229377910253135e-07
123 -4.4555353947194e-07
124 -1.5478609782032603e-07
125 -2.772141150375429e-07
126 -3.4255383325552203e-07
127 -3.4687518873264814e-07
128 -2.453122259853528e-07
129 -2.414868858049475e-07
130 -3.563090639784552e-07
131 -1.6808656964061114e-07
132 -1.4482277147742847e-07
133 -1.3277622602964004e-07
134 -2.148335449566155e-07
135 -2.5061116926467746e-07
136 -3.0184300466303553e-07
137 -3.2525614323228155e-07
138 -1.6612726573752114e-07
139 -2.4693860199851555e-07
140 -3.156614468934422e-07
141 -2.6644720688973435e-07
142 -3.1393468999228816e-07
143 -1.0875993516617583e-07
144 -3.5246589493430907e-07
145 -1.880437728791863e-07
146 -4.17619068048923e-07
147 -1.4355321651207594e-07
148 -1.5637839460282072e-07
149 -1.832818786112962e-07
150 -3.1374044823613017e-07
151 -2.8662205131680164e-07
152 -2.5735695879557257e-07
153 -2.2579000264343817e-07
154 -4.274559448196216e-08
155 -1.8744097529858672e-07
156 -2.896248670694516e-07
157 -2.6939015802649513e-07
158 -1.749215858685646e-07
159 -1.5884945884038389e-07
160 -2.877794929793849e-07
161 -1.9376394385336893e-07
162 -1.5066114024855335e-07
163 2.6936733485877632e-08
164 -1.6114832392710743e-07
165 -2.9882964608621093e-07
166 -1.1959955914535842e-07
167 -2.571977126232748e-07
168 -2.849688604115865e-07
169 -1.6163012647336945e-07
170 -4.4570998614648236e-08
171 -4.14786017587713e-07
172 -5.5031701914367375e-08
173 -1.4151143517563135e-07
174 -2.1295055335051058e-07
175 -2.843190924358047e-07
176 -1.667187688599725e-07
177 -3.4866023100933927e-07
178 -2.4594284697681713e-07
179 -9.625697691579796e-08
180 -1.0730061412231887e-07
181 -2.3392899153226086e-07
182 -3.914255561159784e-07
183 -1.866026646022618e-07
184 -3.3621715987570114e-07
185 -2.4525538990993257e-07
186 -2.0912833629660526e-07
187 -2.580884825686596e-07
188 -1.7948768549542705e-07
189 -1.69449629654529e-07
190 -1.718932669138164e-07
191 -2.9849447595486935e-07
192 -3.3414454642710506e-07
193 -3.03479889655605e-07
194 -1.5785098839839367e-07
195 -2.794650474312481e-07
196 -2.8252521457319756e-08
197 -2.590686868348996e-07
198 -3.473284303225063e-07
199 -2.3165286797000504e-07
200 -1.5813067653100473e-09
201 -3.2448175934748863e-07
202 -2.8332927951383514e-07
203 -1.950385677188339e-07
204 -3.4922203609125904e-07
205 -3.308008200404032e-07
206 -2.1230042482606924e-07
207 -1.566658278056193e-07
208 -1.2652001786424003e-07
209 -1.5364354609030477e-07
210 -2.422367661633846e-07
211 -2.0666928361456097e-07
212 -2.7964417507643783e-07
213 -1.6866685322482772e-07
214 -3.469204298876479e-07
215 -1.5674394573102504e-07
216 -2.2671886254038638e-07
217 -2.545971020643076e-07
218 -2.2552330556759002e-07
219 -2.4972271894790263e-08
220 -2.0710003882627648e-07
221 -1.7194630849151432e-07
222 -2.060070031688762e-07
223 -2.534919687837334e-07
224 -2.4640963861126387e-07
225 -2.7425377521416804e-07
226 -3.2908552844920314e-07
227 -3.665139681832869e-07
228 -2.99481846345791e-07
229 -3.164851702453992e-07
230 -1.5794875142584942e-07
231 -5.156705826160295e-07
232 -1.5408624207746746e-07
233 -2.348305167075807e-07
234 -3.5680725012075204e-08
235 -1.4951021428369614e-07
236 -1.492462028859001e-07
237 -3.537434074347898e-07
238 -4.791960136839022e-07
239 -6.637617500125423e-08
240 -1.465751433510356e-07
241 -4.05756044592373e-07
242 -2.0574072234275367e-07
243 -1.247406569909768e-07
244 -3.3934706496992056e-07
245 -2.978236383859455e-07
246 -3.1141692984512643e-07
247 -2.9788808355537956e-07
248 -1.0375147779319331e-07
249 -2.504295170311601e-07
250 -1.492035742144836e-07
251 -2.5478220769071706e-07
252 -2.9020522308685257e-07
253 -2.657303523907374e-07
254 -2.9365336083635996e-07
255 -1.9048257881811117e-07
256 -4.3926055754987996e-07
257 -9.327606022656762e-08
258 -2.8385992038845013e-07
259 -1.24839847854339e-08
260 -2.2598199416772102e-07
261 -3.780789099204139e-07
262 -9.20467517520176e-08
263 -5.725216004858488e-07
264 -2.2702094040108087e-07
265 -2.8806186502723247e-07
266 -2.0504187598388326e-07
267 -4.431202742647569e-07
268 -2.512779960468074e-07
269 -3.0748254413586786e-07
270 -1.614894749547415e-07
271 -2.1866340026570256e-07
272 -3.6597561427586113e-07
273 -3.5297331850894984e-07
274 -2.290912943107817e-07
275 -3.4239372490075833e-07
276 -4.1508000737627015e-07
277 -3.0244784985644395e-07
278 -3.538547354341172e-07
279 -2.181506255257262e-07
280 -3.4452620692538384e-07
281 -2.8353550558051706e-07
282 -3.324656538690882e-07
283 -9.81271560944726e-08
284 -5.222670861271954e-07
285 -4.0951438244490854e-07
286 -2.6620709559080606e-07
287 -4.8783848480787124e-08
288 -2.6370583566449063e-07
289 -1.7896123947186898e-07
290 -2.3490409854238763e-07
291 -1.9628647901599302e-07
292 -2.0490653566416457e-07
293 -1.6125700637557612e-07
294 -2.843658406648521e-07
295 -4.0016832588394286e-07
296 -2.1417966005588224e-07
297 -9.977002213600665e-09
298 -8.918669367991066e-08
299 -2.2490334481473065e-07
