0 -4.471618419712579e-06
1 -4.186877129346849e-06
2 -4.294975906899142e-06
3 -4.634236817220761e-06
4 -4.389655694055941e-06
5 -4.065856274633783e-06
6 -4.71213021968465e-06
7 -4.394718955472203e-06
8 -4.303259407670311e-06
9 -4.334366391220692e-06
10 -4.477092859545274e-06
11 -4.523666838211451e-06
12 -4.485609631123028e-06
13 -4.323706951540053e-06
14 -4.397639885587847e-06
15 -4.247257129640283e-06
16 -4.695854380749128e-06
17 -4.3431057650653135e-06
18 -4.083380768658937e-06
19 -4.3566370766225575e-06
20 -4.479636178792944e-06
21 -4.2105512790829795e-06
22 -4.236493880265205e-06
23 -4.346095652557814e-06
24 -4.322579439687164e-06
25 -4.132177357997144e-06
26 -4.312733627953332e-06
27 -4.150342729394564e-06
28 -4.354946192068386e-06
29 -4.257893500697943e-06
30 -4.124591804173005e-06
31 -4.596963123300334e-06
32 -4.451105235276167e-06
33 -4.503114498350081e-06
34 -4.611211226083627e-06
35 -4.403746168691008e-06
36 -4.427404745097238e-06
37 -4.296683786664555e-06
38 -4.2295538116066505e-06
39 -4.287831886686807e-06
40 -4.456401950134043e-06
41 -4.468373378455615e-06
42 -4.433545914544849e-06
43 -4.05492083998986e-06
44 -4.443765693136345e-06
45 -4.424393769341425e-06
46 -4.3124251578506465e-06
47 -4.228900417220569e-06
48 -4.511544659672283e-06
49 -4.288757601035358e-06
50 -4.246406208723759e-06
51 -4.356510665833057e-06
52 -4.29184842582547e-06
53 -4.5711693713378e-06
54 -4.467548080217962e-06
55 -4.544472329647344e-06
56 -4.0368428077356236e-06
57 -4.558867902635934e-06
58 -4.661021363190714e-06
59 -4.2238665172242985e-06
60 -4.354079309344053e-06
61 -4.3201050014112745e-06
62 -4.420259883799065e-06
63 -4.460444736793247e-06
64 -4.573638625226698e-06
65 -4.492414336185992e-06
66 -4.518907422644593e-06
67 -4.471698547040842e-06
68 -4.281509835094775e-06
69 -4.513687433460001e-06
70 -4.390065026644064e-06
71 -4.5306337812529316e-06
72 -4.231668134248132e-06
73 -4.529151076819033e-06
74 -4.346147700453209e-06
75 -4.22134100180622e-06
76 -4.327232793860897e-06
77 -4.484088015051608e-06
78 -4.339140562671235e-06
79 -4.418645281935417e-06
80 -4.490102456277716e-06
81 -4.202386519657336e-06
82 -4.282108374002283e-06
83 -4.377613690660441e-06
84 -4.475108872244239e-06
85 -4.598052470840901e-06
86 -4.303190620429949e-06
87 -4.33372748706988e-06
88 -4.379900670430892e-06
89 -4.381869172337859e-06
90 -4.371921345651823e-06
91 -4.153496108460727e-06
92 -4.356051068466044e-06
93 -4.465688799901848e-06
94 -4.3177323501567375e-06
95 -4.208331653416927e-06
96 -4.295257348901333e-06
97 -4.559025517289111e-06
98 -4.4198022818423604e-06
99 -4.4063527103247885e-06
100 -4.311787697241659e-06
101 -4.320395552596779e-06
102 -4.43327149087669e-06
103 -4.12096217279723e-06
104 -4.4177238813523485e-06
105 -4.195092603635211e-06
106 -4.08590512680965e-06
107 -4.4840015546539815e-06
108 -4.270077498919599e-06
109 -4.294180510277968e-06
110 -4.145436760098102e-06
111 -4.401091282492107e-06
112 -4.038530699533323e-06
113 -4.3035336442901215e-06
114 -4.249427224797605e-06
115 -4.5077741577973735e-06
116 -4.3797383584743725e-06
117 -3.931037230742259e-06
118 -4.347227243439331e-06
119 -4.2951362136984275e-06
120 -4.3346014984798985e-06
121 -4.401845515442527e-06
122 -4.419818367739498e-06
123 -4.132523094193272e-06
124 -4.45628113135686e-06
125 -4.3197457166520575e-06
126 -4.233124576865484e-06
127 -4.270984860627931e-06
128 -4.351278124296417e-06
129 -4.348174326525762e-06
130 -4.268982533847479e-06
131 -4.502989849610772e-06
132 -4.410402264981764e-06
133 -4.4988562821659006e-06
134 -4.3997762030064755e-06
135 -4.349552385542337e-06
136 -4.23047001204164e-06
137 -4.317696373330026e-06
138 -4.501327096004801e-06
139 -4.312103146083993e-06
140 -4.242543530234643e-06
141 -4.394569516343759e-06
142 -4.231848355648204e-06
143 -4.370864871126382e-06
144 -4.189171970966299e-06
145 -4.445524661447063e-06
146 -4.162523577055519e-06
147 -4.502450379665652e-06
148 -4.578275151239433e-06
149 -4.482898413166761e-06
150 -4.179751755809029e-06
151 -4.191252543650052e-06
152 -4.340767413036265e-06
153 -4.446850517758094e-06
154 -4.485089150527986e-06
155 -4.487437689813043e-06
156 -4.359033502647697e-06
157 -4.356227748106277e-06
158 -4.481197117250459e-06
159 -4.4982515021233376e-06
160 -4.38230773967967e-06
161 -4.385778317908936e-06
162 -4.47604505584924e-06
163 -4.5913484727074835e-06
164 -4.453218309553624e-06
165 -4.314378043945889e-06
166 -4.604976828386571e-06
167 -4.2728520017635825e-06
168 -4.280017207065522e-06
169 -4.56580464318576e-06
170 -4.571559071990442e-06
171 -4.095955204226928e-06
172 -4.527424365604709e-06
173 -4.439824346222723e-06
174 -4.37868380194601e-06
175 -4.23940278279742e-06
176 -4.5019266361234115e-06
177 -4.1922688665490095e-06
178 -4.392729885436875e-06
179 -4.480279151609431e-06
180 -4.585995073699622e-06
181 -4.248447087276551e-06
182 -4.189174778845843e-06
183 -4.367935428384999e-06
184 -4.231659693893248e-06
185 -4.387916473706549e-06
186 -4.294712464284378e-06
187 -4.3348988487135455e-06
188 -4.397347610703718e-06
189 -4.427319045534322e-06
190 -4.496250905829569e-06
191 -4.288838191587437e-06
192 -4.287234237500183e-06
193 -4.325367901673792e-06
194 -4.39111899234269e-06
195 -4.2236537422410825e-06
196 -4.656326190690431e-06
197 -4.509984553982165e-06
198 -4.211139401651979e-06
199 -4.4837423419093095e-06
200 -4.72059291189916e-06
201 -4.303875594461894e-06
202 -4.3053415266507044e-06
203 -4.374994515701127e-06
204 -4.259928078999396e-06
205 -4.218038694832026e-06
206 -4.3058116708157864e-06
207 -4.485085610505683e-06
208 -4.4883445235649275e-06
209 -4.544758417982533e-06
210 -4.432897456616379e-06
211 -4.242354541787118e-06
212 -4.347164390226717e-06
213 -4.367358873341807e-06
214 -4.143906526338646e-06
215 -4.558767352132199e-06
216 -4.363188223722052e-06
217 -4.446987938477052e-06
218 -4.430566869290541e-06
219 -4.6507135710506115e-06
220 -4.462020501184886e-06
221 -4.4282022173266575e-06
222 -4.378316613417219e-06
223 -4.311880210500232e-06
224 -4.395556985099024e-06
225 -4.171822638654768e-06
226 -4.2603782918907365e-06
227 -4.177452591991142e-06
228 -4.327436022593763e-06
229 -4.2289434698928256e-06
230 -4.500586517055387e-06
231 -4.1344712436137515e-06
232 -4.497505935180573e-06
233 -4.249741620505077e-06
234 -4.564531740083537e-06
235 -4.5205790025006865e-06
236 -4.4109849781884955e-06
237 -4.151326640816296e-06
238 -4.095801357576795e-06
239 -4.541362274314587e-06
240 -4.4167447623650635e-06
241 -4.074446656343902e-06
242 -4.461912248215835e-06
243 -4.425470717687517e-06
244 -4.1597607684951725e-06
245 -4.235596801697779e-06
246 -4.430221767705499e-06
247 -4.315990367850166e-06
248 -4.425742655642747e-06
249 -4.225353207676816e-06
250 -4.48354054206355e-06
251 -4.387782372141574e-06
252 -4.168060383985679e-06
253 -4.3495092848544655e-06
254 -4.308533589340058e-06
255 -4.477151109513756e-06
256 -4.073644357577619e-06
257 -4.491595050146741e-06
258 -4.2778805344205595e-06
259 -4.7163058302504535e-06
260 -4.407647111018745e-06
261 -4.134073653088684e-06
262 -4.65019150376105e-06
263 -4.052052254179034e-06
264 -4.326940786032502e-06
265 -4.311399116501978e-06
266 -4.515435397544598e-06
267 -4.1834935331909195e-06
268 -4.423303147066938e-06
269 -4.3486017314727145e-06
270 -4.407863983909496e-06
271 -4.395131875336306e-06
272 -4.288507656123744e-06
273 -4.186630995939777e-06
274 -4.325487846960543e-06
275 -4.222597007315823e-06
276 -4.197354216510414e-06
277 -4.230425580897963e-06
278 -4.257234146778998e-06
279 -4.308365160264146e-06
280 -4.321997659294314e-06
281 -4.254115556508076e-06
282 -4.156699030100058e-06
283 -4.477275697059299e-06
284 -3.9175742094614495e-06
285 -4.031617110241668e-06
286 -4.512005188613615e-06
287 -4.532016516806611e-06
288 -4.335481765103937e-06
289 -4.449407443575552e-06
290 -4.319767178945558e-06
291 -4.38818211032319e-06
292 -4.467990836960637e-06
293 -4.548605262294952e-06
294 -4.320078818561534e-06
295 -4.011632277641998e-06
296 -4.414300499053632e-06
297 -4.568313862445196e-06
298 -4.600677252733934e-06
299 -4.512436332911159e-06
