0 -1.5072461767582117e-06
1 -1.3918359586032062e-06
2 -1.4504731073440232e-06
3 -1.514769572755234e-06
4 -1.4018679822037713e-06
5 -1.364302690364984e-06
6 -1.4282458146207008e-06
7 -1.4284268962321812e-06
8 -1.403008754537625e-06
9 -1.4607130217796235e-06
10 -1.4374952070134766e-06
11 -1.4018181468137137e-06
12 -1.473157378680839e-06
13 -1.4486414816921346e-06
14 -1.477583512406349e-06
15 -1.4073314046792707e-06
16 -1.4940395928547842e-06
17 -1.4500547678701396e-06
18 -1.4197278025356e-06
19 -1.3897551802487404e-06
20 -1.4751353230145097e-06
21 -1.4095250106452323e-06
22 -1.4468382019029895e-06
23 -1.4527665317097119e-06
24 -1.4549129742359182e-06
25 -1.4463536891917431e-06
26 -1.454780605640504e-06
27 -1.31737856943845e-06
28 -1.427104902275087e-06
29 -1.4152080295157542e-06
30 -1.3657249772139016e-06
31 -1.4789507758437437e-06
32 -1.4261135310740375e-06
33 -1.5339664372773819e-06
34 -1.4696340776907195e-06
35 -1.4606723869134124e-06
36 -1.3980411108607475e-06
37 -1.4800775180758942e-06
38 -1.3995096209298762e-06
39 -1.4169639544533177e-06
40 -1.4171862827271377e-06
41 -1.4822297270737845e-06
42 -1.4626084053153015e-06
43 -1.4347737373076478e-06
44 -1.4343772839891215e-06
45 -1.444972828822132e-06
46 -1.4807145167719104e-06
47 -1.4504416589552243e-06
48 -1.42912957918472e-06
49 -1.4544695731307123e-06
50 -1.3842905268095267e-06
51 -1.4361766506538873e-06
52 -1.4264988807136295e-06
53 -1.461392820755253e-06
54 -1.5109829654195637e-06
55 -1.4764013326409978e-06
56 -1.3874286975625538e-06
57 -1.461120827691419e-06
58 -1.5401863875516397e-06
59 -1.4729670696527399e-06
60 -1.4235515907484999e-06
61 -1.419826404289379e-06
62 -1.4620466757377868e-06
63 -1.4345247302062715e-06
64 -1.5058345352400086e-06
65 -1.4772142290965112e-06
66 -1.4503338593425418e-06
67 -1.4338852984366874e-06
68 -1.4750030463857184e-06
69 -1.4641451482390642e-06
70 -1.4497386057054466e-06
71 -1.420402665972735e-06
72 -1.4377847322934204e-06
73 -1.4950266641401582e-06
74 -1.4762951799629718e-06
75 -1.4304454034271665e-06
76 -1.4721892847227905e-06
77 -1.4181643096851133e-06
78 -1.458009738463238e-06
79 -1.4635925139448425e-06
80 -1.4862548104897598e-06
81 -1.4839627034694598e-06
82 -1.5068446389500307e-06
83 -1.4423162226001022e-06
84 -1.4505928416101764e-06
85 -1.474267102857816e-06
86 -1.3939550570633066e-06
87 -1.4355541355877808e-06
88 -1.4879769358388841e-06
89 -1.4526211935461575e-06
90 -1.4049720767247426e-06
91 -1.4456328761360276e-06
92 -1.4409422620040071e-06
93 -1.38631957390522e-06
94 -1.4438189274910993e-06
95 -1.4151365825480684e-06
96 -1.4327071625693802e-06
97 -1.4889960742255445e-06
98 -1.4867198933739815e-06
99 -1.418307394245282e-06
100 -1.4415097026285077e-06
101 -1.470466018156117e-06
102 -1.4969139501179083e-06
103 -1.4187467751393348e-06
104 -1.47689644608168e-06
105 -1.4128282586840175e-06
106 -1.4123303120940796e-06
107 -1.5612537194631387e-06
108 -1.5007530301436659e-06
109 -1.4446810779195673e-06
110 -1.4508005777997006e-06
111 -1.4801367580107816e-06
112 -1.3715175004584357e-06
113 -1.3776095991532974e-06
114 -1.367143936456598e-06
115 -1.5103669393992217e-06
116 -1.3982136078088668e-06
117 -1.4138731557487446e-06
118 -1.3481369087067714e-06
119 -1.3926124169513884e-06
120 -1.448887877163157e-06
121 -1.4592358162851804e-06
122 -1.4554484654406196e-06
123 -1.3521046103248157e-06
124 -1.4709315263173966e-06
125 -1.458362790041964e-06
126 -1.4164444383354205e-06
127 -1.3645221432773071e-06
128 -1.4658125432734518e-06
129 -1.4995427677964624e-06
130 -1.3598161698242348e-06
131 -1.4407239492486181e-06
132 -1.4748994856526285e-06
133 -1.469182774948852e-06
134 -1.4889774495442954e-06
135 -1.502467400763965e-06
136 -1.4836647597471487e-06
137 -1.411256181314548e-06
138 -1.4719352540374948e-06
139 -1.4597064829995787e-06
140 -1.4364384639229858e-06
141 -1.4221037468156186e-06
142 -1.4499357412456116e-06
143 -1.5309750417253046e-06
144 -1.4638918786922977e-06
145 -1.5197698772125936e-06
146 -1.3788184126266855e-06
147 -1.4594146681630193e-06
148 -1.4342285092331822e-06
149 -1.4689164063803009e-06
150 -1.4565374464580522e-06
151 -1.453971017997456e-06
152 -1.4187432536104875e-06
153 -1.4477824592882287e-06
154 -1.5778171494578099e-06
155 -1.515049670330479e-06
156 -1.4142338106575815e-06
157 -1.4404335166304515e-06
158 -1.4533463581668705e-06
159 -1.4828948806604685e-06
160 -1.4176795124501853e-06
161 -1.4812353932390635e-06
162 -1.449059892396663e-06
163 -1.5457420337182318e-06
164 -1.4347605237064997e-06
165 -1.4224153998715499e-06
166 -1.4786013027598222e-06
167 -1.5164510093701287e-06
168 -1.4533483414414567e-06
169 -1.4503032267585997e-06
170 -1.5459060756699611e-06
171 -1.4313178427878388e-06
172 -1.5384893695737999e-06
173 -1.4703922642190817e-06
174 -1.4625767717767558e-06
175 -1.456498084105505e-06
176 -1.4751370732634975e-06
177 -1.4294496415584882e-06
178 -1.453486169492262e-06
179 -1.480294619053153e-06
180 -1.4783690420354585e-06
181 -1.4916105923054902e-06
182 -1.4329360696458543e-06
183 -1.485304869399819e-06
184 -1.4394543294442901e-06
185 -1.4595638714981836e-06
186 -1.4828207843700874e-06
187 -1.468930618563968e-06
188 -1.4840832481245154e-06
189 -1.5064475337069282e-06
190 -1.460183497682554e-06
191 -1.495661422655928e-06
192 -1.3887676900061262e-06
193 -1.3919931165850384e-06
194 -1.4718327212397495e-06
195 -1.4294611844796066e-06
196 -1.4939953147659663e-06
197 -1.4050268537770043e-06
198 -1.4307227704078003e-06
199 -1.4141420537973612e-06
200 -1.5171133160772855e-06
201 -1.3572369920963924e-06
202 -1.437233866685674e-06
203 -1.468587613687354e-06
204 -1.409440459075629e-06
205 -1.4504211937706069e-06
206 -1.476300512772125e-06
207 -1.4483695091439183e-06
208 -1.4737997665147394e-06
209 -1.455388046663764e-06
210 -1.3785602007953335e-06
211 -1.4971898732382302e-06
212 -1.4309964326478865e-06
213 -1.5075534473024452e-06
214 -1.4445912352362896e-06
215 -1.4436828901114668e-06
216 -1.4282268324802622e-06
217 -1.4265811576219405e-06
218 -1.4740430897670103e-06
219 -1.4849214306876078e-06
220 -1.4742303178940852e-06
221 -1.5278012223759234e-06
222 -1.4395032835980754e-06
223 -1.4458552508065446e-06
224 -1.4269419870484386e-06
225 -1.4800458501164358e-06
226 -1.4266904799403096e-06
227 -1.4522959272830543e-06
228 -1.4105478569655342e-06
229 -1.430697518654542e-06
230 -1.4657227952403223e-06
231 -1.3555516522562147e-06
232 -1.4868170393014078e-06
233 -1.478294766243051e-06
234 -1.4962264549181268e-06
235 -1.4452257468077886e-06
236 -1.5060380587408106e-06
237 -1.4313460827210803e-06
238 -1.3813202722445306e-06
239 -1.5076937566562769e-06
240 -1.534422129585416e-06
241 -1.438994466743296e-06
242 -1.43806245191994e-06
243 -1.5207615473257135e-06
244 -1.4369062040226573e-06
245 -1.467137204702765e-06
246 -1.4240540951076025e-06
247 -1.4192288574776002e-06
248 -1.5342165882594918e-06
249 -1.4544426808223238e-06
250 -1.434207800839975e-06
251 -1.3985370810386361e-06
252 -1.4963411178213892e-06
253 -1.4094096138521594e-06
254 -1.4179034332229633e-06
255 -1.440779751798183e-06
256 -1.3733031367036872e-06
257 -1.5469558401912957e-06
258 -1.4605483416132042e-06
259 -1.4751230084465874e-06
260 -1.4513458531497e-06
261 -1.4515241107882489e-06
262 -1.4245061628554715e-06
263 -1.3280176202692891e-06
264 -1.4553092460230992e-06
265 -1.4074761835642842e-06
266 -1.390104940693699e-06
267 -1.3702948352161537e-06
268 -1.4077342767423275e-06
269 -1.3657045943601652e-06
270 -1.4584300681394323e-06
271 -1.4463143657920696e-06
272 -1.4196143376019822e-06
273 -1.422221129214006e-06
274 -1.4463652868236465e-06
275 -1.4409625149246716e-06
276 -1.3480663824412363e-06
277 -1.4340911793225269e-06
278 -1.4071313754956558e-06
279 -1.5019606605995293e-06
280 -1.3663912173381542e-06
281 -1.4786710087949406e-06
282 -1.4270236378180434e-06
283 -1.4824489063969967e-06
284 -1.4058620135093306e-06
285 -1.4386481686618738e-06
286 -1.4282341941447316e-06
287 -1.5019550990534957e-06
288 -1.4099488657000335e-06
289 -1.4518062105745004e-06
290 -1.5055187460020202e-06
291 -1.4780633562576612e-06
292 -1.422578441009555e-06
293 -1.4570237493383366e-06
294 -1.4501979034043585e-06
295 -1.4858129955079215e-06
296 -1.4301235134761479e-06
297 -1.5013257351246966e-06
298 -1.4455135836621108e-06
299 -1.4042139896511914e-06
