0 -3.4917223681399433e-07
1 -4.0718055560279383e-07
2 -3.2670304078335756e-07
3 -1.4969556738100043e-07
4 -2.7463431965909144e-07
5 -4.100595168123741e-07
6 -1.3927265769624674e-07
7 -2.8003587061190614e-07
8 -3.4763642889201227e-07
9 -3.523566091348348e-07
10 -2.4962438343116767e-07
11 -2.6275114758434984e-07
12 -2.418826903730303e-07
13 -3.454011152806426e-07
14 -2.935134882481495e-07
15 -3.1528861654778083e-07
16 -1.8109919858187117e-07
17 -3.1925429229887034e-07
18 -4.408419382799704e-07
19 -2.423473856684443e-07
20 -3.212275595823627e-07
21 -3.6735461887977923e-07
22 -2.521562161555318e-07
23 -2.9367740812535075e-07
24 -2.9874730650534993e-07
25 -3.945673942255624e-07
26 -3.0963253581376825e-07
27 -3.502327995730659e-07
28 -2.861732391606098e-07
29 -3.2882147584876095e-07
30 -3.842647555675543e-07
31 -1.7081824316542797e-07
32 -2.496907520951809e-07
33 -2.27657485726867e-07
34 -1.9394660350137974e-07
35 -2.0944853614970801e-07
36 -2.801812226544682e-07
37 -3.1763317394372725e-07
38 -4.0039089930040196e-07
39 -3.226689238660262e-07
40 -3.076447922217996e-07
41 -3.2967860716248135e-07
42 -2.08197492627845e-07
43 -4.534748972132455e-07
44 -2.617403184834402e-07
45 -3.1370971833884913e-07
46 -3.808916102658475e-07
47 -4.107787828429102e-07
48 -3.0470275265018953e-07
49 -3.832108559119289e-07
50 -3.088376659116329e-07
51 -3.0926583820994543e-07
52 -3.640520669470927e-07
53 -1.6433928206184292e-07
54 -3.0730327724747056e-07
55 -2.354008721322584e-07
56 -4.1536781748411264e-07
57 -1.6699640531009308e-07
58 -2.0121082164609863e-07
59 -3.7357801849254733e-07
60 -2.9290934813991027e-07
61 -3.346373439103757e-07
62 -2.859547888145962e-07
63 -2.5520510363014015e-07
64 -2.087037013899863e-07
65 -2.5198424469143135e-07
66 -2.408479501044411e-07
67 -2.816618015577645e-07
68 -3.1958145969068983e-07
69 -2.3201731342982592e-07
70 -3.185689937478631e-07
71 -2.368597939951367e-07
72 -3.9577854992903383e-07
73 -2.2917033203474282e-07
74 -3.6640389604532145e-07
75 -3.493470698867335e-07
76 -3.601277492990841e-07
77 -2.0396168055417844e-07
78 -3.4798293063630143e-07
79 -2.6913928125854286e-07
80 -3.0215307588481885e-07
81 -4.505417319970618e-07
82 -4.1844017991559534e-07
83 -2.4927864629586123e-07
84 -2.9305682558651905e-07
85 -2.3606265764372001e-07
86 -2.7640249073778406e-07
87 -3.614141509471226e-07
88 -2.863272127295425e-07
89 -2.8676008010823623e-07
90 -2.2641042917639728e-07
91 -4.340041525553767e-07
92 -2.967322807257511e-07
93 -1.986049950217129e-07
94 -2.459444020094822e-07
95 -3.703035562502519e-07
96 -2.606785986191527e-07
97 -2.0185927276901466e-07
98 -2.3639088763461842e-07
99 -2.6829711122853885e-07
100 -3.3818981826193246e-07
101 -3.9337307316991847e-07
102 -3.052234003891796e-07
103 -4.3739576984698127e-07
104 -2.7394628111295025e-07
105 -4.060486262334908e-07
106 -4.525775182552391e-07
107 -2.981624780009633e-07
108 -4.05194353921598e-07
109 -3.3140063648515447e-07
110 -4.208684381302918e-07
111 -3.3144111541749203e-07
112 -4.115991018853412e-07
113 -3.125403278885048e-07
114 -3.5175749080428073e-07
115 -2.534262072228605e-07
116 -2.8108251239155494e-07
117 -5.271061437157654e-07
118 -2.952376107902565e-07
119 -2.3402699855210418e-07
120 -3.4336897426794116e-07
121 -2.954534483680528e-07
122 -2.925330908719416e-07
123 -3.458556294096707e-07
124 -2.24614748952256e-07
125 -3.3828177185727426e-07
126 -3.591475040596606e-07
127 -3.144472118423649e-07
128 -3.5650918814746163e-07
129 -4.0689098188321345e-07
130 -3.3944077813365554e-07
131 -2.199490329912692e-07
132 -2.564707790733613e-07
133 -2.64945059978756e-07
134 -3.3863403766960293e-07
135 -3.9230057622327186e-07
136 -4.2529703614831555e-07
137 -3.357048855906241e-07
138 -2.9768416571674787e-07
139 -2.889930708460831e-07
140 -3.652881277081651e-07
141 -2.624041161598935e-07
142 -3.932076849707592e-07
143 -3.1595971056537706e-07
144 -4.4108183624346185e-07
145 -3.7445688120183863e-07
146 -3.8275636555548766e-07
147 -2.423222373703047e-07
148 -2.060021099813952e-07
149 -2.4930462942797774e-07
150 -3.7390893256434405e-07
151 -3.5557902360482924e-07
152 -2.857972717834662e-07
153 -2.926306485543423e-07
154 -3.2384581973362456e-07
155 -3.246567294209995e-07
156 -3.502319425094021e-07
157 -3.0362932336246515e-07
158 -2.3624853995024863e-07
159 -2.7565168775772443e-07
160 -3.1889368819730833e-07
161 -3.1048931012888634e-07
162 -1.9847297607860704e-07
163 -1.792312706608872e-07
164 -2.179750062096597e-07
165 -3.1421243759538206e-07
166 -2.45035862432895e-07
167 -4.602697124878072e-07
168 -3.5686118311123447e-07
169 -2.3666964753793406e-07
170 -2.676036849842182e-07
171 -4.570360663651323e-07
172 -2.214970292218818e-07
173 -2.741214720739592e-07
174 -2.884958057748582e-07
175 -3.3771303357232355e-07
176 -2.869753351064585e-07
177 -4.050390376555824e-07
178 -3.234783750079019e-07
179 -2.1659593099200616e-07
180 -2.2048562828834916e-07
181 -3.654442650048119e-07
182 -4.172343476657411e-07
183 -2.9603021718937103e-07
184 -3.8941434133611576e-07
185 -3.345065295161453e-07
186 -3.3657060751852486e-07
187 -3.566848707239822e-07
188 -2.8035993206392634e-07
189 -3.2856559693646776e-07
190 -2.10492094859792e-07
191 -4.453693088269177e-07
192 -2.9982027073650703e-07
193 -2.683757600172239e-07
194 -2.69800247105535e-07
195 -3.0088720024133165e-07
196 -1.8082016532008e-07
197 -2.441898971087195e-07
198 -3.6161626958982615e-07
199 -2.3907472195158393e-07
200 -1.791686557002508e-07
201 -3.0968806433808296e-07
202 -2.87250472266757e-07
203 -2.619132913021494e-07
204 -3.800041308288146e-07
205 -3.87924813320493e-07
206 -3.2618014748796057e-07
207 -1.9537524926323335e-07
208 -2.251339572041673e-07
209 -2.0268621057049237e-07
210 -1.7066538385356168e-07
211 -3.1791594699427013e-07
212 -3.0726239742124894e-07
213 -2.765956836640967e-07
214 -4.3150750851857834e-07
215 -2.1914890477681616e-07
216 -2.433125008085458e-07
217 -3.17936015490124e-07
218 -3.507384109483622e-07
219 -1.4765046048921386e-07
220 -3.5091633979751427e-07
221 -3.595628974356507e-07
222 -2.8440723837077483e-07
223 -3.1404331636959153e-07
224 -2.8546102864648057e-07
225 -3.964204995073424e-07
226 -3.530480677369477e-07
227 -4.079217087133128e-07
228 -3.0862660101694985e-07
229 -3.353683582201392e-07
230 -2.572183949559781e-07
231 -4.526215967013917e-07
232 -2.527808701828188e-07
233 -3.5559450895450906e-07
234 -1.6903326607139237e-07
235 -1.9090209980059573e-07
236 -2.790379553804013e-07
237 -3.8064434252947217e-07
238 -4.271217622526373e-07
239 -1.9204483834764929e-07
240 -3.340666452155738e-07
241 -4.431407652695675e-07
242 -2.079961628236892e-07
243 -2.889392799327595e-07
244 -3.5509599299131507e-07
245 -3.9364608122277417e-07
246 -3.214509514702934e-07
247 -3.235425499049975e-07
248 -2.9591748588459865e-07
249 -3.284132415377613e-07
250 -2.0110018397311827e-07
251 -2.335592323086574e-07
252 -4.1875873323836337e-07
253 -2.8037532804896604e-07
254 -3.1125993867045986e-07
255 -2.354815488234885e-07
256 -3.9613076089333213e-07
257 -2.6806174742802747e-07
258 -3.4472579044744565e-07
259 -1.2185093641844293e-07
260 -3.048984509042165e-07
261 -4.1267398736797294e-07
262 -1.2575028600846342e-07
263 -4.6606221578591816e-07
264 -3.007800343559625e-07
265 -2.982669594433711e-07
266 -2.0842715924230517e-07
267 -3.828270393937537e-07
268 -2.667765030987894e-07
269 -2.237894147569624e-07
270 -2.3731028424447192e-07
271 -2.819483659566661e-07
272 -3.903983918396716e-07
273 -3.270085219885333e-07
274 -3.056059446264934e-07
275 -3.659830236573106e-07
276 -2.8321935700862006e-07
277 -3.173503405969855e-07
278 -3.413784022027865e-07
279 -3.501702472124208e-07
280 -2.3640783997493943e-07
281 -3.9055062582252527e-07
282 -3.1913837928767143e-07
283 -2.345059859305628e-07
284 -5.544641318370858e-07
285 -4.4067584038858393e-07
286 -3.436776308119943e-07
287 -2.0058836315903477e-07
288 -2.731862750868277e-07
289 -2.598032096449271e-07
290 -3.710374409646473e-07
291 -2.909888348426824e-07
292 -2.270328791157215e-07
293 -2.44596627952536e-07
294 -3.6396432245266493e-07
295 -5.262368133999853e-07
296 -2.771315985293146e-07
297 -1.7787626751856833e-07
298 -1.496500882129673e-07
299 -2.2303833764734765e-07
