0 -2.0360533241410284e-06
1 -1.6858816881344162e-06
2 -1.7989203349362917e-06
3 -2.1557285853337502e-06
4 -1.890128867135998e-06
5 -1.5262544640420976e-06
6 -2.183679162605116e-06
7 -1.872551783604433e-06
8 -1.8317469027973727e-06
9 -1.8941871234270818e-06
10 -1.993800979271208e-06
11 -1.998878522072765e-06
12 -2.008091619755595e-06
13 -1.8502997522210604e-06
14 -1.919611680247102e-06
15 -1.720001288956415e-06
16 -2.191620432067922e-06
17 -1.854263007207622e-06
18 -1.6406035497062326e-06
19 -1.7938177274028805e-06
20 -2.003458159878772e-06
21 -1.7118709411763243e-06
22 -1.7333170703908135e-06
23 -1.8377081971836073e-06
24 -1.8546450338993656e-06
25 -1.68878984307818e-06
26 -1.8077663233323662e-06
27 -1.5546898821193675e-06
28 -1.8267507091491937e-06
29 -1.743427519161245e-06
30 -1.6233830769167489e-06
31 -2.099640206783795e-06
32 -1.9510009070486617e-06
33 -2.05004383991475e-06
34 -2.1303255897394667e-06
35 -1.9220959334585038e-06
36 -1.873034038580642e-06
37 -1.8198777515224927e-06
38 -1.7332779928811222e-06
39 -1.7477473122729647e-06
40 -1.9262629427390398e-06
41 -2.0270418765055377e-06
42 -1.9194213856714745e-06
43 -1.5709223013779427e-06
44 -1.9478248609239658e-06
45 -1.970775560209288e-06
46 -1.9399890496302374e-06
47 -1.7631764355115711e-06
48 -2.0446933888056963e-06
49 -1.8721153924350782e-06
50 -1.7346019495122852e-06
51 -1.8299867343523198e-06
52 -1.787927145059675e-06
53 -2.090567967364685e-06
54 -2.033568086278579e-06
55 -2.068147890734417e-06
56 -1.528572950037737e-06
57 -2.0743386062342133e-06
58 -2.223627436696087e-06
59 -1.8252761162298986e-06
60 -1.868701705549387e-06
61 -1.7901197344229668e-06
62 -2.0032651948405503e-06
63 -1.98016009783115e-06
64 -2.0858081479259976e-06
65 -2.0099513022103094e-06
66 -1.9954252656577165e-06
67 -1.999878480038635e-06
68 -1.7793391991290792e-06
69 -1.9969257422737334e-06
70 -1.9237626085559725e-06
71 -2.0129124768570006e-06
72 -1.746616257476137e-06
73 -2.089926995592442e-06
74 -1.8903692415799e-06
75 -1.7300198214696223e-06
76 -1.8681591725769142e-06
77 -1.969236536244961e-06
78 -1.8509352071480212e-06
79 -1.9460587851563955e-06
80 -2.0416929533717298e-06
81 -1.768492388651651e-06
82 -1.8647802639948897e-06
83 -1.8833286077960172e-06
84 -1.979901696855775e-06
85 -2.1251851775246763e-06
86 -1.7927613151509036e-06
87 -1.8957846459875403e-06
88 -1.9134338024654677e-06
89 -1.8978563149059267e-06
90 -1.854216323072643e-06
91 -1.6890618920884528e-06
92 -1.9003083975037778e-06
93 -1.9028402615899564e-06
94 -1.8237908630148906e-06
95 -1.727492915470219e-06
96 -1.7716868102804824e-06
97 -2.079066992340104e-06
98 -1.925644310032851e-06
99 -1.8861615831948306e-06
100 -1.8110203795869248e-06
101 -1.8764263782514565e-06
102 -1.987871092124428e-06
103 -1.6458546044907676e-06
104 -1.967602237195423e-06
105 -1.7374940704733753e-06
106 -1.6343414782916083e-06
107 -2.05957572072502e-06
108 -1.8353570272414333e-06
109 -1.805948726665096e-06
110 -1.6918091530867746e-06
111 -1.909660545427525e-06
112 -1.527393039036199e-06
113 -1.7695741245903095e-06
114 -1.7685833989058592e-06
115 -2.042906013193977e-06
116 -1.8415875079767403e-06
117 -1.4759841478393914e-06
118 -1.7747921935782845e-06
119 -1.7459166542195835e-06
120 -1.9180298483614056e-06
121 -1.9070951928747011e-06
122 -1.943798397571875e-06
123 -1.571460566053393e-06
124 -1.9420557280404013e-06
125 -1.820343828248594e-06
126 -1.750808450785852e-06
127 -1.7621494996763432e-06
128 -1.9085190819172343e-06
129 -1.9529791694389036e-06
130 -1.7883264102087381e-06
131 -1.980155005301435e-06
132 -1.946877023193986e-06
133 -2.062161670627225e-06
134 -1.935209839652936e-06
135 -1.8962785550535301e-06
136 -1.7949481427832108e-06
137 -1.8105978198012937e-06
138 -2.0527196854397384e-06
139 -1.7919652162964577e-06
140 -1.7824391542383924e-06
141 -1.8414104063345711e-06
142 -1.7823865255106444e-06
143 -1.9804653461524573e-06
144 -1.7448735848153648e-06
145 -2.0216920392192715e-06
146 -1.6711119411597692e-06
147 -2.026194691390398e-06
148 -2.053908947961243e-06
149 -1.9637272026196924e-06
150 -1.7173320637661195e-06
151 -1.7488594135260034e-06
152 -1.8440487901298455e-06
153 -1.9513877088054923e-06
154 -2.129519275900262e-06
155 -2.0051440519992015e-06
156 -1.9109644025998813e-06
157 -1.8335240854174302e-06
158 -1.968143236324101e-06
159 -2.0144420521277057e-06
160 -1.8798729354260751e-06
161 -1.9415539191650977e-06
162 -1.9430784210805453e-06
163 -2.1501827045024707e-06
164 -1.96028481388485e-06
165 -1.8069846481095498e-06
166 -2.122735955199449e-06
167 -1.9058607331929158e-06
168 -1.8106368391549312e-06
169 -2.0466268560792395e-06
170 -2.134916238794069e-06
171 -1.6427405214885323e-06
172 -2.048733362585237e-06
173 -2.010243734063428e-06
174 -1.8892984972548606e-06
175 -1.7628106401679058e-06
176 -2.039578651215021e-06
177 -1.7451393090555933e-06
178 -1.9113896317083578e-06
179 -2.0097191587875613e-06
180 -2.090159829656688e-06
181 -1.8209630091238222e-06
182 -1.7092211770476233e-06
183 -1.8960564462660475e-06
184 -1.7517496984184478e-06
185 -1.9152379425291077e-06
186 -1.8620186721745986e-06
187 -1.8747325863062656e-06
188 -1.9242905538305182e-06
189 -1.9932517019913234e-06
190 -1.9344656892747582e-06
191 -1.8743030909542993e-06
192 -1.7485840090590176e-06
193 -1.7755800701482567e-06
194 -1.938869603060025e-06
195 -1.7427147056552477e-06
196 -2.185098934351795e-06
197 -1.934319809400395e-06
198 -1.7078041691132307e-06
199 -1.947205355879926e-06
200 -2.2470741468387164e-06
201 -1.836318523340918e-06
202 -1.7603416007639939e-06
203 -1.8693446117151361e-06
204 -1.7911012402529903e-06
205 -1.7495380619657133e-06
206 -1.8704808250436833e-06
207 -1.9512959731499756e-06
208 -1.993954796137869e-06
209 -1.9954940414003943e-06
210 -1.8414871177994827e-06
211 -1.7928946830633129e-06
212 -1.8289177930863692e-06
213 -1.8786285697575779e-06
214 -1.7300883373172618e-06
215 -2.0355379861185607e-06
216 -1.8431335765667176e-06
217 -1.9550375743294133e-06
218 -1.9809853561222243e-06
219 -2.155348848483525e-06
220 -2.02070822250073e-06
221 -2.0032970947967706e-06
222 -1.9189015610359616e-06
223 -1.8393536990741016e-06
224 -1.8937904484907648e-06
225 -1.7605490288797353e-06
226 -1.7655500999075886e-06
227 -1.6807498147444159e-06
228 -1.8105334017371495e-06
229 -1.7238695804537324e-06
230 -2.012756486930798e-06
231 -1.628760677233499e-06
232 -1.988168766105487e-06
233 -1.829508684830106e-06
234 -2.084175740371e-06
235 -1.978691667644315e-06
236 -1.935667295460092e-06
237 -1.6712864113446166e-06
238 -1.5734838365766662e-06
239 -2.0312996998384608e-06
240 -1.9882198366371393e-06
241 -1.6161214297813807e-06
242 -1.892225046609415e-06
243 -1.979671486567914e-06
244 -1.6595912094282873e-06
245 -1.796707703363103e-06
246 -1.8863424310602405e-06
247 -1.8222759102462028e-06
248 -1.9964885988649013e-06
249 -1.7789543421794825e-06
250 -1.9748774330668115e-06
251 -1.8408403080359484e-06
252 -1.755402755987646e-06
253 -1.8398595889088567e-06
254 -1.800959536671794e-06
255 -1.9574380338346196e-06
256 -1.5893475090657385e-06
257 -2.019763771017078e-06
258 -1.7839946391563059e-06
259 -2.20018415831015e-06
260 -1.924631068861236e-06
261 -1.6485367320639148e-06
262 -2.101301793763442e-06
263 -1.5295896274907437e-06
264 -1.8456299999721702e-06
265 -1.8069619548128273e-06
266 -1.984228244792948e-06
267 -1.6576758805606928e-06
268 -1.909581236988039e-06
269 -1.7687338369858498e-06
270 -1.91774026364026e-06
271 -1.8998371079104082e-06
272 -1.788651013293575e-06
273 -1.638706886613437e-06
274 -1.8643018562779198e-06
275 -1.7168894803139786e-06
276 -1.5960609586012626e-06
277 -1.7245313120921488e-06
278 -1.7378617784073366e-06
279 -1.8674351209265552e-06
280 -1.7050407152063092e-06
281 -1.806864240489809e-06
282 -1.6359148706197717e-06
283 -2.0388852063037443e-06
284 -1.5162204437634925e-06
285 -1.5708665847572263e-06
286 -2.0371585166813165e-06
287 -2.0759766081573164e-06
288 -1.8304209008405977e-06
289 -1.9705752711431918e-06
290 -1.8727652700010898e-06
291 -1.8998619735341507e-06
292 -1.951608769627578e-06
293 -2.043849094081864e-06
294 -1.8635944565989538e-06
295 -1.6283059360295914e-06
296 -1.9368310816189873e-06
297 -2.1232028057955373e-06
298 -2.070975885018548e-06
299 -1.9546433559170776e-06
