0 -2.538637430798356e-07
1 -2.634491276012294e-07
2 -2.6142244209785876e-07
3 -2.631393861824814e-07
4 -2.6769087293142456e-07
5 -2.7001234049739817e-07
6 -2.773030136892448e-07
7 -2.72529635453433e-07
8 -2.6329200154606677e-07
9 -2.6106191019741143e-07
10 -2.65438780235699e-07
11 -2.702996270316603e-07
12 -2.6978806441426825e-07
13 -2.598729963957117e-07
14 -2.684233574296245e-07
15 -2.796177868035698e-07
16 -2.624060368512566e-07
17 -2.6280056897506615e-07
18 -2.632633417882029e-07
19 -2.689441599308276e-07
20 -2.557664139653593e-07
21 -2.6178687351282165e-07
22 -2.725885385472525e-07
23 -2.6056007907461335e-07
24 -2.590489282828699e-07
25 -2.6119615146512813e-07
26 -2.660067723544937e-07
27 -2.765980720385048e-07
28 -2.727272722436041e-07
29 -2.699388330916925e-07
30 -2.748115497533017e-07
31 -2.6830894190403283e-07
32 -2.6404418000805327e-07
33 -2.5755589219203985e-07
34 -2.662907827885474e-07
35 -2.642598018087824e-07
36 -2.766222130328804e-07
37 -2.648352875702786e-07
38 -2.6270651474190653e-07
39 -2.6888437310665843e-07
40 -2.631064806746027e-07
41 -2.4962649943484887e-07
42 -2.744476345963725e-07
43 -2.6717737987798545e-07
44 -2.6271153012699617e-07
45 -2.6497984201165283e-07
46 -2.5514307565564e-07
47 -2.571274116630653e-07
48 -2.6772895180677044e-07
49 -2.5534389022552e-07
50 -2.741340324373789e-07
51 -2.643730102220387e-07
52 -2.659920307189301e-07
53 -2.71420422197453e-07
54 -2.584166315424205e-07
55 -2.6361623232728725e-07
56 -2.668124052703463e-07
57 -2.6469489846173804e-07
58 -2.622770989569439e-07
59 -2.62428255307549e-07
60 -2.6343611920944476e-07
61 -2.6943784100340016e-07
62 -2.70183521094689e-07
63 -2.597789715431446e-07
64 -2.628169605908317e-07
65 -2.7022485906256603e-07
66 -2.676669361916951e-07
67 -2.681807530932063e-07
68 -2.5940039259913525e-07
69 -2.6718190541562294e-07
70 -2.628368645698907e-07
71 -2.6918446293530264e-07
72 -2.634211393350805e-07
73 -2.5276714611467267e-07
74 -2.5712038618763515e-07
75 -2.5892046929822664e-07
76 -2.591684861110076e-07
77 -2.7141035348169396e-07
78 -2.6467400718603446e-07
79 -2.616157443392132e-07
80 -2.626581717192857e-07
81 -2.5377086403053547e-07
82 -2.5924580564125076e-07
83 -2.6811691215617405e-07
84 -2.6224193797410937e-07
85 -2.6481532974264604e-07
86 -2.6956276156706727e-07
87 -2.6370419459509483e-07
88 -2.5441505008515647e-07
89 -2.740506287172935e-07
90 -2.7254816067565577e-07
91 -2.553289565143019e-07
92 -2.599407480980923e-07
93 -2.7346342316169943e-07
94 -2.58895429409311e-07
95 -2.619327757358586e-07
96 -2.663716738664931e-07
97 -2.6827281269546094e-07
98 -2.6962592384893855e-07
99 -2.7270433989948394e-07
100 -2.7438551361805076e-07
101 -2.542411368158255e-07
102 -2.575838145496818e-07
103 -2.605405657142066e-07
104 -2.5592309750077455e-07
105 -2.662145392538366e-07
106 -2.616167664617326e-07
107 -2.5611437464998325e-07
108 -2.559333896381113e-07
109 -2.6736368271987297e-07
110 -2.628119587134853e-07
111 -2.63101443160662e-07
112 -2.6857672734592696e-07
113 -2.6906285885412933e-07
114 -2.6620899141158384e-07
115 -2.6354406333528567e-07
116 -2.743225875373605e-07
117 -2.556976334483715e-07
118 -2.789922449073463e-07
119 -2.6939747544353347e-07
120 -2.5479205294288743e-07
121 -2.5723259064913943e-07
122 -2.613671526637096e-07
123 -2.754298174837502e-07
124 -2.679444391147195e-07
125 -2.5948130563992536e-07
126 -2.610776750549065e-07
127 -2.6701652408316663e-07
128 -2.577021934846779e-07
129 -2.570921964559244e-07
130 -2.6895120990196137e-07
131 -2.66027644303513e-07
132 -2.5981038864872446e-07
133 -2.576941872815477e-07
134 -2.5902634547521093e-07
135 -2.548076931267379e-07
136 -2.5225413677550167e-07
137 -2.6388484634986056e-07
138 -2.578716980164814e-07
139 -2.729085956169769e-07
140 -2.6537128899493476e-07
141 -2.7553105316586487e-07
142 -2.5959283608880444e-07
143 -2.5320137738264966e-07
144 -2.567702237175584e-07
145 -2.475575910125409e-07
146 -2.716772371755238e-07
147 -2.679338676150638e-07
148 -2.782980940291593e-07
149 -2.721816385880743e-07
150 -2.6329036019187764e-07
151 -2.646797736495853e-07
152 -2.6733561461944433e-07
153 -2.6459088071443675e-07
154 -2.502846519425668e-07
155 -2.6087114026937404e-07
156 -2.6256375983358245e-07
157 -2.5992973255712566e-07
158 -2.717529077295733e-07
159 -2.592859201496037e-07
160 -2.6639877759810814e-07
161 -2.6588828148443537e-07
162 -2.7028466865355337e-07
163 -2.663996295817938e-07
164 -2.695394922916726e-07
165 -2.7058813220121314e-07
166 -2.599844425259106e-07
167 -2.4732375830537443e-07
168 -2.595332719662508e-07
169 -2.596822061546109e-07
170 -2.5458239820036523e-07
171 -2.520873358065724e-07
172 -2.637927086670551e-07
173 -2.6207516486671625e-07
174 -2.636203744668615e-07
175 -2.6628870760726477e-07
176 -2.615063276175071e-07
177 -2.658080733428956e-07
178 -2.667268144119959e-07
179 -2.610877381564215e-07
180 -2.662536616315729e-07
181 -2.5571059821408483e-07
182 -2.682187178357018e-07
183 -2.562710891700107e-07
184 -2.55109483328537e-07
185 -2.566785219367122e-07
186 -2.592653978187694e-07
187 -2.584890021279164e-07
188 -2.6594259731994526e-07
189 -2.5200233255820945e-07
190 -2.726174657545387e-07
191 -2.527858092625441e-07
192 -2.7186220574819215e-07
193 -2.754477394326958e-07
194 -2.683949661457242e-07
195 -2.693490309017206e-07
196 -2.6851673388394906e-07
197 -2.749756848907068e-07
198 -2.6172766183861597e-07
199 -2.756511559110313e-07
200 -2.693114461007123e-07
201 -2.729895804355257e-07
202 -2.663137126482061e-07
203 -2.689111201469923e-07
204 -2.5848201482270057e-07
205 -2.6086587759588943e-07
206 -2.6390453664747073e-07
207 -2.741096656769712e-07
208 -2.6669842408610257e-07
209 -2.730998543497268e-07
210 -2.7991674463990976e-07
211 -2.6132095750404526e-07
212 -2.6762630615464425e-07
213 -2.607508425012665e-07
214 -2.6111496969736907e-07
215 -2.711668930621865e-07
216 -2.7570231494534477e-07
217 -2.631266057664664e-07
218 -2.5099036529637614e-07
219 -2.7319495281091995e-07
220 -2.531046087148553e-07
221 -2.5280979103195467e-07
222 -2.611517307037633e-07
223 -2.6313415908067613e-07
224 -2.648610939113879e-07
225 -2.560448417505094e-07
226 -2.643683076316814e-07
227 -2.5454037726846306e-07
228 -2.654584729963894e-07
229 -2.6509797699402676e-07
230 -2.64924731173151e-07
231 -2.6522669361229907e-07
232 -2.695664779375917e-07
233 -2.530232936744854e-07
234 -2.680965712014396e-07
235 -2.753155022889371e-07
236 -2.567920927295938e-07
237 -2.6019815745695765e-07
238 -2.6650710280277896e-07
239 -2.643862516371831e-07
240 -2.625712730368443e-07
241 -2.6541913913445876e-07
242 -2.804775066303599e-07
243 -2.660723383475376e-07
244 -2.683304095586997e-07
245 -2.653409468513636e-07
246 -2.6843014356178737e-07
247 -2.657712440743611e-07
248 -2.593008566198971e-07
249 -2.6364402317606975e-07
250 -2.646945059115374e-07
251 -2.71832835470595e-07
252 -2.566454497749693e-07
253 -2.6806736517896675e-07
254 -2.6008256216357775e-07
255 -2.6966629820521954e-07
256 -2.7183257093735416e-07
257 -2.6997024562534777e-07
258 -2.5928592864723374e-07
259 -2.740721269151228e-07
260 -2.5991221888397417e-07
261 -2.638935040530517e-07
262 -2.7091201178503884e-07
263 -2.6530296866478914e-07
264 -2.6066862554551246e-07
265 -2.680843681595327e-07
266 -2.709574251779146e-07
267 -2.731765342493263e-07
268 -2.7250117999348227e-07
269 -2.8133718661508257e-07
270 -2.659202364216175e-07
271 -2.6252743228215383e-07
272 -2.635599871855657e-07
273 -2.747474651462975e-07
274 -2.6338252641233005e-07
275 -2.6899358452843623e-07
276 -2.7886825888500976e-07
277 -2.710263229754794e-07
278 -2.7249248770065093e-07
279 -2.5964114665324657e-07
280 -2.7711751269966034e-07
281 -2.595315171775546e-07
282 -2.753783145511778e-07
283 -2.69038307764008e-07
284 -2.631591297717078e-07
285 -2.5397738506627794e-07
286 -2.566569318402792e-07
287 -2.620724466071917e-07
288 -2.720254651450029e-07
289 -2.678333952207802e-07
290 -2.530428214601035e-07
291 -2.5790713840968893e-07
292 -2.769254260052235e-07
293 -2.6338221077000143e-07
294 -2.635870105509837e-07
295 -2.542457967634438e-07
296 -2.664040410536697e-07
297 -2.650552802749257e-07
298 -2.7643164236070397e-07
299 -2.7324899555895434e-07
