0 -5.105831093683448e-06
1 -5.185309800961732e-06
2 -5.181889792040228e-06
3 -5.262324769991403e-06
4 -5.2628486186275225e-06
5 -5.222237427609879e-06
6 -5.430476898165491e-06
7 -5.284587805973119e-06
8 -5.171199390249871e-06
9 -5.088808539505426e-06
10 -5.249578932702398e-06
11 -5.360660409886238e-06
12 -5.216068108236736e-06
13 -5.149620971936359e-06
14 -5.177517513099531e-06
15 -5.245404379639202e-06
16 -5.342478926412316e-06
17 -5.187313399850706e-06
18 -5.010285908252303e-06
19 -5.3721848579864796e-06
20 -5.205211041571854e-06
21 -5.18380196888828e-06
22 -5.175713584346829e-06
23 -5.224979451288646e-06
24 -5.141016074904775e-06
25 -5.0207991342514645e-06
26 -5.1998795396046794e-06
27 -5.392097435357652e-06
28 -5.2815853619741795e-06
29 -5.2257367358341705e-06
30 -5.179645375730234e-06
31 -5.297930337902184e-06
32 -5.2676749839172104e-06
33 -5.143689902537686e-06
34 -5.263766395945957e-06
35 -5.2019085957052685e-06
36 -5.373314775288615e-06
37 -5.1298812345938075e-06
38 -5.179888942544867e-06
39 -5.278335291893815e-06
40 -5.330086117128914e-06
41 -5.1406088535802965e-06
42 -5.268691715380672e-06
43 -5.065185130355145e-06
44 -5.256269845226144e-06
45 -5.168920032895042e-06
46 -4.9462206993500855e-06
47 -5.097483635905984e-06
48 -5.234311336352707e-06
49 -5.025597124817911e-06
50 -5.2376080770342295e-06
51 -5.272442460328518e-06
52 -5.211001591117422e-06
53 -5.267472580182364e-06
54 -5.107279171781663e-06
55 -5.238895051491063e-06
56 -5.131460915882865e-06
57 -5.263755223204667e-06
58 -5.166507883445141e-06
59 -4.961757079552878e-06
60 -5.20556985679881e-06
61 -5.272225016368315e-06
62 -5.081565003874465e-06
63 -5.228672812220365e-06
64 -5.246870315903777e-06
65 -5.224571607890267e-06
66 -5.330699666616426e-06
67 -5.222138949594197e-06
68 -5.169013045450329e-06
69 -5.2982081675927655e-06
70 -5.167062586639691e-06
71 -5.340190744658818e-06
72 -5.138699774083771e-06
73 -5.153930229306896e-06
74 -5.109494455237674e-06
75 -5.155434758775041e-06
76 -5.1168129939690115e-06
77 -5.327864023611965e-06
78 -5.183728686969248e-06
79 -5.187714732837658e-06
80 -5.156570661829252e-06
81 -5.0043802662985606e-06
82 -4.986201338663736e-06
83 -5.2216449044192105e-06
84 -5.2552157007985885e-06
85 -5.257096605599894e-06
86 -5.2537429811291185e-06
87 -5.1092280105511405e-06
88 -5.1452577812911995e-06
89 -5.192581966522075e-06
90 -5.284188647032048e-06
91 -5.063774320539646e-06
92 -5.145556297338122e-06
93 -5.413224099225353e-06
94 -5.194131395711246e-06
95 -5.143158155758268e-06
96 -5.2473249422998545e-06
97 -5.237962804105523e-06
98 -5.213824827848288e-06
99 -5.297472232167257e-06
100 -5.205623108980411e-06
101 -5.090978396841025e-06
102 -5.121010377823199e-06
103 -5.08022969282297e-06
104 -5.138323216062586e-06
105 -5.083910546878885e-06
106 -5.041942381339339e-06
107 -5.0604342519083096e-06
108 -5.031973355234035e-06
109 -5.168829727859397e-06
110 -5.0469578010918224e-06
111 -5.198146253047747e-06
112 -5.163066904643339e-06
113 -5.296655045105683e-06
114 -5.183014617106821e-06
115 -5.179454751303523e-06
116 -5.326432830318173e-06
117 -4.976451019101074e-06
118 -5.401874281473973e-06
119 -5.311050475309501e-06
120 -5.0445043690210604e-06
121 -5.2226706331768135e-06
122 -5.2018105309650075e-06
123 -5.289221965730404e-06
124 -5.27892891880457e-06
125 -5.193793837248853e-06
126 -5.161022821840594e-06
127 -5.245432427147056e-06
128 -5.097042624251001e-06
129 -4.992474239407243e-06
130 -5.194581525899844e-06
131 -5.325420757293315e-06
132 -5.157537281181619e-06
133 -5.156165024111503e-06
134 -5.140706717320914e-06
135 -5.084680606677956e-06
136 -5.013707009963929e-06
137 -5.239048535113522e-06
138 -5.169133062070763e-06
139 -5.228657558303268e-06
140 -5.110775806683696e-06
141 -5.34651375751794e-06
142 -5.063749293881431e-06
143 -4.971138084224938e-06
144 -5.03051056389191e-06
145 -5.0662703628124435e-06
146 -5.1687791909017314e-06
147 -5.229027592047408e-06
148 -5.3637686397951976e-06
149 -5.298339504805995e-06
150 -5.074813737934547e-06
151 -5.049163769001937e-06
152 -5.22345020069585e-06
153 -5.248532543979014e-06
154 -4.9337833420690036e-06
155 -5.201230715768116e-06
156 -5.144508898095244e-06
157 -5.263695922414927e-06
158 -5.291961429927197e-06
159 -5.223829233815487e-06
160 -5.2472724557667955e-06
161 -5.114332455017994e-06
162 -5.326389446988623e-06
163 -5.1525096554388615e-06
164 -5.257014856546045e-06
165 -5.2317319613447115e-06
166 -5.271470808080792e-06
167 -4.888140722409353e-06
168 -5.12550234994419e-06
169 -5.334641815116724e-06
170 -5.1189741922377825e-06
171 -5.030354281502645e-06
172 -5.19793393938764e-06
173 -5.111340650412436e-06
174 -5.2006275310862015e-06
175 -5.128418037544388e-06
176 -5.194330156744185e-06
177 -5.056137230234893e-06
178 -5.193266167487633e-06
179 -5.198946402913498e-06
180 -5.2861793924387835e-06
181 -5.010315457152564e-06
182 -5.1223692396004585e-06
183 -5.1503771858738e-06
184 -5.12541593758124e-06
185 -5.1736279112659345e-06
186 -5.042395790454254e-06
187 -5.122071739274092e-06
188 -5.17137002204672e-06
189 -5.093751236801523e-06
190 -5.380484256938746e-06
191 -5.00260895297976e-06
192 -5.2963941674222285e-06
193 -5.327866324096626e-06
194 -5.129433868165446e-06
195 -5.151669308487799e-06
196 -5.261263258099923e-06
197 -5.4417371291682015e-06
198 -5.177075070299512e-06
199 -5.362411001313074e-06
200 -5.278126234007598e-06
201 -5.1940734369572274e-06
202 -5.288466396205319e-06
203 -5.225033601040072e-06
204 -5.145281333572291e-06
205 -5.101722354450642e-06
206 -5.0654618065237185e-06
207 -5.340291162016628e-06
208 -5.244965415379552e-06
209 -5.3812036132063005e-06
210 -5.470074079442268e-06
211 -5.056541401450904e-06
212 -5.252923324395939e-06
213 -5.174928501562271e-06
214 -4.9698025700993104e-06
215 -5.342726392881887e-06
216 -5.273499594849803e-06
217 -5.241119766447937e-06
218 -5.138745312719566e-06
219 -5.314448460922569e-06
220 -5.126349058381898e-06
221 -5.0595458925364374e-06
222 -5.159326977637692e-06
223 -5.156279871774581e-06
224 -5.249585520677353e-06
225 -4.9568513611430384e-06
226 -5.183060289724061e-06
227 -5.130629521951801e-06
228 -5.256291380344339e-06
229 -5.1822077021887125e-06
230 -5.240611716022887e-06
231 -5.192670068699096e-06
232 -5.266416910837231e-06
233 -5.01218933301084e-06
234 -5.243532263834065e-06
235 -5.365603481567449e-06
236 -5.162565255340743e-06
237 -5.106831916468831e-06
238 -5.183609050877972e-06
239 -5.275573088285252e-06
240 -5.0530304009010236e-06
241 -5.025521307192457e-06
242 -5.397608489206079e-06
243 -5.097999227256784e-06
244 -5.144011073868282e-06
245 -5.041105683637301e-06
246 -5.341949732179403e-06
247 -5.209658680212751e-06
248 -5.060290414457022e-06
249 -5.0608416083739244e-06
250 -5.299231224198454e-06
251 -5.3507155542335166e-06
252 -4.953486282543475e-06
253 -5.255255967859543e-06
254 -5.231700862121568e-06
255 -5.313101341071441e-06
256 -5.120924152866551e-06
257 -5.157918567039989e-06
258 -5.165161839158202e-06
259 -5.384836496414934e-06
260 -5.205089555303761e-06
261 -5.096438325290194e-06
262 -5.451381448077356e-06
263 -5.204491692875623e-06
264 -5.164626204714123e-06
265 -5.230541854966801e-06
266 -5.375367892941658e-06
267 -5.241886830695966e-06
268 -5.295562949145762e-06
269 -5.418393214547718e-06
270 -5.2169196009109246e-06
271 -5.22654424326864e-06
272 -5.200042226415315e-06
273 -5.247349745235159e-06
274 -5.134655283168703e-06
275 -5.174682180625187e-06
276 -5.401242423683564e-06
277 -5.188851804923395e-06
278 -5.237073674299563e-06
279 -5.059762764929353e-06
280 -5.4728311650069726e-06
281 -5.053793247726319e-06
282 -5.188155033741263e-06
283 -5.140338685510816e-06
284 -4.868463215670922e-06
285 -5.017566867978742e-06
286 -5.246852540508873e-06
287 -5.183255323088916e-06
288 -5.245550891600232e-06
289 -5.216960783987424e-06
290 -5.072416192354931e-06
291 -5.1902270513405435e-06
292 -5.321451809896325e-06
293 -5.301585338600847e-06
294 -5.120892916103352e-06
295 -4.830843391443885e-06
296 -5.21104583282028e-06
297 -5.172744098809575e-06
298 -5.376378382670193e-06
299 -5.411531573495789e-06
