0.05000000000000001 -0.11133289205876418
0.1169491525423729 0.09591043734718825
0.18389830508474575 -0.011303051531889794
0.25084745762711863 -0.10571623770548717
0.3177966101694915 0.06714666437354498
0.38474576271186434 0.10782489279735179
0.4516949152542372 -0.04448473979291082
0.5186440677966101 -0.13141084613025797
0.585593220338983 -0.036320452589145416
0.6525423728813559 0.12683906840425543
0.7194915254237287 0.20715511532036943
0.7864406779661016 0.17011724159764488
0.8533898305084745 0.10108170787033469
0.9203389830508475 0.12382830370527373
0.9872881355932204 0.3229713067008556
1.0542372881355933 0.7112558580485652
1.1211864406779661 1.238406118904531
1.188135593220339 1.8203776571121042
1.255084745762712 2.369715685170019
1.3220338983050846 2.81665967142852
1.3889830508474574 3.1187052912781263
1.4559322033898303 3.260911625373802
1.5228813559322032 3.2506983408116876
1.589830508474576 3.1105019087146477
1.656779661016949 2.870587591335318
1.7237288135593218 2.5632272110898553
1.7906779661016947 2.2186393230660193
1.8576271186440676 1.8625958030970977
1.9245762711864405 1.515366176623135
1.9915254237288134 1.1916101004515047
2.0584745762711862 0.9008620335594406
2.1254237288135593 0.6483257885764669
2.192372881355932 0.43577755011130087
2.259322033898305 0.26244749676127216
2.3262711864406778 0.12580616146099247
2.393220338983051 0.02222167971086876
2.4601694915254235 -0.05251963007176233
2.5271186440677966 -0.10282121102557439
2.5940677966101693 -0.132996458411491
2.6610169491525424 -0.14708177102388947
2.727966101694915 -0.1487230687230256
2.794915254237288 -0.14111809336123166
2.861864406779661 -0.12699932220322058
2.928813559322034 -0.10864505496929447
2.9957627118644066 -0.08790885092010843
