0 4.6509645788769155e-06
1 4.668862674355947e-06
2 4.603783984916861e-06
3 4.74853087412583e-06
4 4.688084389158217e-06
5 4.629027470115105e-06
6 4.879035345910018e-06
7 4.7686421183120275e-06
8 4.625752604613594e-06
9 4.69013196576502e-06
10 4.7025365598715965e-06
11 4.752858175074528e-06
12 4.781138490206671e-06
13 4.773062976726452e-06
14 4.7184283766952286e-06
15 4.734751723632195e-06
16 4.689314704523821e-06
17 4.737634571745447e-06
18 4.782534359639727e-06
19 4.64924231273447e-06
20 4.737409846685469e-06
21 4.747656872414649e-06
22 4.66616245593118e-06
23 4.680352110854257e-06
24 4.769084358603443e-06
25 4.790189203668223e-06
26 4.725573990124567e-06
27 4.726758392645399e-06
28 4.650474213044385e-06
29 4.808943095040041e-06
30 4.859932446386561e-06
31 4.724296749690211e-06
32 4.815833115741437e-06
33 4.627837451585197e-06
34 4.70517624658188e-06
35 4.674364226189503e-06
36 4.747228225555445e-06
37 4.8136193442060355e-06
38 4.860237990544878e-06
39 4.775541944797046e-06
40 4.8327854479533745e-06
41 4.83885251638476e-06
42 4.715806642593119e-06
43 4.826720241231375e-06
44 4.7138163710077595e-06
45 4.581808078860446e-06
46 4.732448095768859e-06
47 4.767534663227163e-06
48 4.695316590163444e-06
49 4.686893272707492e-06
50 4.717168794802617e-06
51 4.716373388128514e-06
52 4.8407748967048245e-06
53 4.8416795629595925e-06
54 4.6919222957767055e-06
55 4.741018077276413e-06
56 4.793709754387164e-06
57 4.793720947818408e-06
58 4.746939141160017e-06
59 4.681161398894846e-06
60 4.8665676410305186e-06
61 4.513814308083599e-06
62 4.744470717326701e-06
63 4.797993160716978e-06
64 4.627277596041137e-06
65 4.592931522643804e-06
66 4.80945162892303e-06
67 4.875943643366503e-06
68 4.952079541241355e-06
69 4.634794023981901e-06
70 4.636739816307424e-06
71 4.865938744727382e-06
72 4.693868394246598e-06
73 4.69548455835639e-06
74 4.717771137134139e-06
75 4.750105653611417e-06
76 4.9295973845573155e-06
77 4.646061142244195e-06
78 4.665733654936057e-06
79 4.741965013297734e-06
80 4.720962630260443e-06
81 4.625656627270139e-06
82 4.700689659490535e-06
83 4.63314499713089e-06
84 4.6991228267546175e-06
85 4.826384514840341e-06
86 4.680521586074022e-06
87 4.875932303264245e-06
88 4.804304726249423e-06
89 4.585257393781674e-06
90 4.739476292533553e-06
91 4.843506618954924e-06
92 4.638384845827144e-06
93 4.824666596572107e-06
94 4.668910810507461e-06
95 4.624151495618804e-06
96 4.76706815299937e-06
97 4.67415817845704e-06
98 4.6461203013775846e-06
99 4.818404267862021e-06
100 4.659427099782369e-06
101 4.7800662212448225e-06
102 4.801341027043074e-06
103 4.692713729360637e-06
104 4.63041908034103e-06
105 4.632304702112053e-06
106 4.649420333968314e-06
107 4.7446784080656706e-06
108 4.580157709406326e-06
109 4.728287145603816e-06
110 4.727759747892557e-06
111 4.688132608434202e-06
112 4.750049442610663e-06
113 4.579798205744174e-06
114 4.571719433988728e-06
115 4.67617719705411e-06
116 4.97228359146395e-06
117 4.876216592222735e-06
118 4.724893294645132e-06
119 4.660464063201312e-06
120 4.669290872747399e-06
121 4.830543020857161e-06
122 4.882358178842189e-06
123 4.672374629030289e-06
124 4.663849595973224e-06
125 4.738929244307254e-06
126 4.751533795040693e-06
127 4.901819648831491e-06
128 4.775317105478402e-06
129 4.670489447983437e-06
130 4.844801596453626e-06
131 4.726097449988112e-06
132 4.606099219431967e-06
133 4.619262080707469e-06
134 4.8109751584853855e-06
135 4.737929632067051e-06
136 4.85385687372577e-06
137 4.628889434727695e-06
138 4.599186426599274e-06
139 4.7634604896871745e-06
140 4.831497539571379e-06
141 4.6879213062787285e-06
142 4.857205924717283e-06
143 4.668297170366808e-06
144 4.549681098972038e-06
145 4.7441285782047695e-06
146 4.607375581137989e-06
147 4.503980159394325e-06
148 4.68467660744813e-06
149 4.656660950050969e-06
150 4.855104465489266e-06
151 4.7075222939859986e-06
152 4.7164579212032386e-06
153 4.736128829415105e-06
154 4.7594461389451075e-06
155 4.707200425072546e-06
156 4.81810358953179e-06
157 4.718948701555721e-06
158 4.596650643262527e-06
159 4.660456916558879e-06
160 4.9275628567640966e-06
161 4.817080430925529e-06
162 4.718851521109383e-06
163 4.777836467539072e-06
164 4.5099694593414e-06
165 4.835621897260415e-06
166 4.659225982668866e-06
167 4.820647855592894e-06
168 4.764741500698886e-06
169 4.594212721136445e-06
170 4.704666144076166e-06
171 4.722096423557804e-06
172 4.795862849612416e-06
173 4.723114414786872e-06
174 4.595579310099134e-06
175 4.677056857377942e-06
176 4.826235444509495e-06
177 4.691209671107459e-06
178 4.693653158560843e-06
179 4.621480247333732e-06
180 4.667673880715406e-06
181 4.749194758483118e-06
182 4.921674225312145e-06
183 4.675715817717359e-06
184 4.705704093618241e-06
185 4.735314257017765e-06
186 4.80203168329018e-06
187 4.645579994924072e-06
188 4.7280867225149075e-06
189 4.7604439110284314e-06
190 4.8709302379149935e-06
191 4.755087555101337e-06
192 4.628105154293198e-06
193 4.619622364321589e-06
194 4.762590197943722e-06
195 4.776624662098021e-06
196 4.816046017066645e-06
197 4.8757738863772536e-06
198 4.855325036610272e-06
199 4.8797538863525055e-06
200 4.539910260589615e-06
201 4.677483505706269e-06
202 4.803645912919894e-06
203 4.86896081103516e-06
204 4.857210702346685e-06
205 4.767253397106414e-06
206 4.7825074882467166e-06
207 4.7634301261399995e-06
208 4.868304249820773e-06
209 4.734868212248685e-06
210 4.731004364551676e-06
211 4.7359174582053795e-06
212 4.681762674453938e-06
213 4.9154880451877715e-06
214 4.565047214571534e-06
215 4.62645317051159e-06
216 4.797797140123768e-06
217 4.67949256044038e-06
218 4.796319756756545e-06
219 4.6687386427886e-06
220 4.6961501409422776e-06
221 4.586959262369034e-06
222 4.709794571877642e-06
223 4.953582680584396e-06
224 4.793496664113036e-06
225 4.620627701436404e-06
226 4.641687805292254e-06
227 4.723374784423805e-06
228 4.818938596477952e-06
229 4.690935295007697e-06
230 4.790333171217842e-06
231 4.555652885711648e-06
232 4.816732251204061e-06
233 4.614296205601389e-06
234 4.806753313211091e-06
235 4.766990524169413e-06
236 4.766875175207997e-06
237 4.6766793739745394e-06
238 4.800465564427147e-06
239 4.633858357317726e-06
240 4.673122037446518e-06
241 4.752800890440142e-06
242 4.5403281402504765e-06
243 4.6832447303064774e-06
244 4.750774127617752e-06
245 4.853812651048151e-06
246 4.78517507877836e-06
247 4.676882241541368e-06
248 4.725832736151535e-06
249 4.717198318352363e-06
250 4.705245064966022e-06
251 4.592852100873687e-06
252 4.843492107066863e-06
253 4.70971822551206e-06
254 4.602313661629636e-06
255 4.682592744750773e-06
256 4.651656450330854e-06
257 4.715208572059132e-06
258 4.74869698330511e-06
259 4.747201545421057e-06
260 4.8256632497999856e-06
261 4.861749720842727e-06
262 4.668166942768408e-06
263 4.655884618331808e-06
264 4.797473839929736e-06
265 4.653269076079802e-06
266 4.64371148851364e-06
267 4.6338197319183244e-06
268 4.947092824024279e-06
269 4.737554969380195e-06
270 4.640027134652549e-06
271 4.7076700192235324e-06
272 4.939419733804482e-06
273 4.912988627764225e-06
274 4.893368177754057e-06
275 4.653135587033821e-06
276 4.6046077428807875e-06
277 4.595445097250339e-06
278 4.763608669874045e-06
279 4.903371519883522e-06
280 4.777522281227181e-06
281 4.668331956074576e-06
282 4.609025543937871e-06
283 4.727513776457972e-06
284 4.7708289321572945e-06
285 4.864068288284457e-06
286 4.779099116969019e-06
287 4.826818844334455e-06
288 4.658962513243413e-06
289 4.646289644307765e-06
290 4.757012123260157e-06
291 4.54165961431509e-06
292 4.850429360093558e-06
293 4.703267123623177e-06
294 4.739066197001078e-06
295 4.826687802977659e-06
296 4.670266762469384e-06
297 4.630176645701625e-06
298 4.818674787712874e-06
299 4.798435967530155e-06
