0 -3.5586304984256858e-09
1 2.3260993873819448e-07
2 1.8779801113153017e-07
3 2.7092422018971987e-07
4 2.3381211525458882e-07
5 2.528265231298794e-07
6 1.7439201367939603e-07
7 1.532224668971899e-07
8 5.0045811334530355e-08
9 6.423159556740211e-08
10 1.446782359870031e-07
11 7.651943274848273e-08
12 2.349096503687981e-07
13 2.026167981637318e-07
14 3.66025679596413e-07
15 2.952757190006521e-07
16 5.980017445603555e-08
17 2.216468551685848e-07
18 2.4899115968349056e-07
19 2.3764625997083033e-07
20 2.5223879647364665e-07
21 2.3086219206146317e-07
22 1.491427271561572e-07
23 2.3886937568103633e-07
24 1.6654303433120262e-07
25 2.9828167397525285e-07
26 2.3714686760607057e-07
27 1.9232379876751273e-07
28 -2.251173193399335e-08
29 2.0559740041376353e-07
30 1.0636204821566679e-07
31 1.8708305792900843e-07
32 2.8607107836186795e-07
33 1.4740983798219663e-07
34 2.2868753888316344e-07
35 2.0448012639627615e-07
36 1.1785607890662926e-07
37 1.7418573545742367e-07
38 3.34127173940987e-07
39 2.1386590966877193e-07
40 1.6895116227640397e-07
41 3.7100911401287654e-07
42 1.8792676814400115e-07
43 1.2763272036467707e-07
44 1.2913562063287125e-07
45 1.1532647603669691e-07
46 6.494969544512558e-08
47 7.106942896757319e-08
48 1.330981198168661e-07
49 1.6072218425251607e-07
50 1.221137212584193e-07
51 2.720541798024335e-07
52 1.8292653728795988e-07
53 2.7765318767608843e-07
54 3.002730248034456e-07
55 4.060081671382953e-07
56 1.6636589598820937e-08
57 1.6302214540886234e-07
58 2.6373375733744434e-07
59 2.641486780293438e-07
60 1.156840116379071e-07
61 2.6571868966849315e-07
62 3.927475706044873e-07
63 -2.1534884090249248e-09
64 -3.158923108618199e-08
65 1.1684548848923905e-07
66 3.050411992324231e-08
67 3.170156528996649e-07
68 2.2178299338726666e-07
69 3.293418865263319e-08
70 2.0415994689391986e-07
71 1.3536797382834193e-07
72 1.0894284716497583e-07
73 2.7586554249259145e-07
74 1.7324930955405256e-07
75 1.2125265368310348e-07
76 2.9457892309808757e-07
77 2.140831196271069e-07
78 2.6215577868420854e-07
79 2.7284935568479697e-07
80 3.091606477472649e-07
81 4.0583025541728416e-08
82 1.496484527620013e-07
83 2.273079612115379e-07
84 2.0558491096703326e-07
85 3.8256920061559964e-07
86 1.2669866199038094e-07
87 2.4629574324655874e-07
88 2.691670286276095e-07
89 2.3361434436933463e-07
90 1.8510947998718795e-07
91 2.3875714734881206e-07
92 3.107679152056165e-07
93 3.286144341908849e-07
94 5.215891106406736e-08
95 1.9815543415377285e-07
96 1.866963642837059e-07
97 8.376021707542115e-08
98 3.7633440291181345e-08
99 2.919870578476192e-07
100 -8.465890546063525e-08
101 1.2044955225096412e-07
102 1.6978858325620852e-07
103 2.1661448188012414e-08
104 1.7942125666667415e-07
105 1.7880577273458902e-07
106 1.4869015699676841e-07
107 3.3973343258083415e-07
108 9.571687784239482e-08
109 2.678962169768649e-07
110 1.8980165203992217e-07
111 2.502628620451369e-07
112 -2.0576199137953367e-08
113 9.576177640665431e-08
114 1.9297810895830686e-07
115 1.6357382806236602e-07
116 2.7619967507868035e-07
117 2.93790319234946e-07
118 1.8508363952314322e-07
119 6.284027869846075e-08
120 5.623942869058188e-08
121 2.665258869113501e-07
122 2.570120542819949e-07
123 1.792839388576734e-07
124 3.761903961604048e-07
125 2.1580159894034412e-07
126 1.4541909255650862e-07
127 1.3941068214165563e-07
128 1.344201486138762e-07
129 1.019337052179482e-07
130 2.330425409852733e-07
131 5.6430522099152225e-08
132 1.8765234562961735e-07
133 9.126818771617419e-08
134 2.439937448114244e-07
135 2.7186592403201265e-07
136 1.8067667912198296e-07
137 2.0228041357043886e-07
138 2.108965769614792e-08
139 2.1009746187295796e-07
140 3.372149663542724e-07
141 2.8857824244602673e-07
142 1.599279740392292e-07
143 -1.694538176111532e-08
144 6.269546219439114e-08
145 3.8320678744838197e-07
146 2.002412227440387e-07
147 1.686866719022394e-07
148 2.242860217809046e-07
149 2.6835449922709875e-07
150 2.2722881839765074e-07
151 1.0185114044979594e-07
152 8.030347562161927e-08
153 9.039538348779028e-08
154 2.4168699730591977e-07
155 -2.3304765921029035e-08
156 4.6412400637853747e-07
157 1.161665809546739e-07
158 4.293912787943664e-08
159 1.7971667009976472e-07
160 1.0893880482199322e-07
161 1.3702798933439936e-07
162 4.3326254260350534e-08
163 2.2369098042712292e-07
164 1.5937620084918163e-07
165 3.2606077513233794e-07
166 3.450560202121065e-07
167 2.3511458062779844e-07
168 3.0467080711568056e-07
169 9.299327525190013e-08
170 2.3621816504788732e-07
171 2.4651913953302276e-07
172 3.792959115521491e-08
173 1.2907679164691942e-07
174 9.662809778057033e-08
175 1.5036246269289846e-07
176 1.2718003551740065e-07
177 1.907483856166006e-07
178 7.253737041501302e-08
179 1.9516083268321308e-07
180 1.1212707728551581e-07
181 2.690860441061854e-07
182 4.2427334695396e-07
183 2.416658695130881e-07
184 3.0225747517257656e-07
185 -3.446555189525095e-08
186 2.8000656778491326e-07
187 9.216496150448404e-08
188 3.087190082535009e-07
189 -1.7982599062403088e-07
190 2.736977302628039e-07
191 5.84141208981649e-08
192 1.97945669871539e-08
193 3.8639570875122956e-07
194 2.7155603545282794e-07
195 2.2140621191972342e-07
196 1.4164658887613143e-07
197 2.7682693501860256e-07
198 3.5581354398330514e-07
199 3.8106845861748583e-07
200 -7.44590768858416e-08
201 2.0572442436756054e-08
202 1.6640703018752586e-07
203 2.585725668973719e-07
204 3.1119112354532184e-07
205 8.717236909134007e-08
206 2.2601277310749676e-07
207 1.1944126525173247e-07
208 2.217638024252806e-07
209 3.0843036395261625e-07
210 2.9075916162487343e-07
211 2.915354199578503e-07
212 -8.681656895222733e-08
213 4.929625271043631e-07
214 1.420959365998335e-07
215 2.3709597626879896e-07
216 1.1740545524528137e-07
217 9.995143658917711e-08
218 -2.7797494895620685e-08
219 3.3455684679291844e-07
220 1.5667600363334732e-07
221 1.3136871506770548e-07
222 2.3821173066783263e-07
223 2.387909952354062e-07
224 2.534886623880986e-07
225 1.8860741384594618e-07
226 4.565426879910551e-08
227 1.4239657968470873e-07
228 1.1897630661578291e-07
229 3.260803794688907e-07
230 1.1905490312377515e-07
231 1.1167482522042869e-07
232 9.401350041275228e-08
233 1.9154237997755123e-07
234 2.449565108594341e-07
235 3.324354261208048e-07
236 1.3487447620048108e-07
237 1.022827840954983e-07
238 2.634943286298246e-07
239 1.3135784387360426e-07
240 1.3658904773214772e-07
241 2.0791432378255074e-07
242 1.412384032455368e-07
243 2.74157439934739e-07
244 1.9124545578811315e-07
245 3.900494237364939e-07
246 -1.0341443374714274e-08
247 8.383223561775469e-08
248 1.5414789859561211e-07
249 4.785889204805333e-08
250 1.9206729756581268e-07
251 2.669739999737879e-08
252 1.4027505612619078e-07
253 2.4653337113972716e-07
254 1.5438982128900508e-07
255 6.13672307546588e-08
256 1.5827003333589307e-07
257 5.4719082670199654e-08
258 1.772338979886785e-07
259 1.1560045056940954e-07
260 3.1321837205887574e-07
261 3.0333728231417823e-07
262 3.632120767528045e-08
263 2.287836649110939e-07
264 2.527305450145604e-07
265 1.3303625584183902e-07
266 1.7418468459480907e-07
267 1.6941290407877725e-07
268 3.7580750194405196e-07
269 2.8913677811502487e-07
270 1.7448176265399938e-07
271 3.27422392595317e-07
272 3.8408224024792507e-07
273 3.0725055793188374e-07
274 1.3601182121436117e-07
275 3.501754929844805e-07
276 2.4807850606451407e-07
277 2.4698618171109007e-07
278 4.510396003506792e-07
279 2.2738647205559642e-07
280 2.6186270072575487e-07
281 1.686114291273911e-07
282 5.876277125456323e-08
283 1.8617526607804207e-07
284 2.6778828634641596e-07
285 3.234668817315392e-07
286 1.4677685452299114e-07
287 2.413046838362771e-07
288 5.5547566316501024e-08
289 4.1758187473122187e-07
290 3.4785089176358817e-07
291 2.0889145350382993e-07
292 1.408634198000064e-07
293 1.548642881870303e-07
294 2.0941931622478863e-07
295 2.180046338001318e-07
296 2.711264097960844e-07
297 3.6468949996933715e-07
298 9.003999670452863e-08
299 1.9144836707757042e-07
