0 3.189796713402688e-06
1 3.371353165469168e-06
2 3.2909621261209114e-06
3 3.460387129754623e-06
4 3.3886749065644052e-06
5 3.3586063799487005e-06
6 3.4550063884406336e-06
7 3.3713387246992283e-06
8 3.1899401412854967e-06
9 3.265252953569801e-06
10 3.326120319051402e-06
11 3.306307091744361e-06
12 3.440472214459561e-06
13 3.3969122049719134e-06
14 3.50466952907939e-06
15 3.464972168812297e-06
16 3.2460071864017176e-06
17 3.3864309177785407e-06
18 3.462474849236914e-06
19 3.362666818347113e-06
20 3.4404725671915595e-06
21 3.4140889276682525e-06
22 3.3024927908102764e-06
23 3.3838599384636e-06
24 3.3679836391878755e-06
25 3.5068385568438495e-06
26 3.408781982075583e-06
27 3.373405655014596e-06
28 3.1502786213567855e-06
29 3.440549172802179e-06
30 3.3871181802173754e-06
31 3.356088684547859e-06
32 3.5002923674093013e-06
33 3.2772724113716085e-06
34 3.3795983497126504e-06
35 3.3312341119153505e-06
36 3.3165764849813906e-06
37 3.4071068376213957e-06
38 3.581811223188574e-06
39 3.4053649624994e-06
40 3.4163430052583034e-06
41 3.5835610911282877e-06
42 3.348119377688244e-06
43 3.384122302562319e-06
44 3.304071494347203e-06
45 3.2179609022259628e-06
46 3.2761047587496178e-06
47 3.315639154735835e-06
48 3.290525996753391e-06
49 3.3209067306217767e-06
50 3.3276890961414936e-06
51 3.4540127342305815e-06
52 3.420604600795498e-06
53 3.5123165105355148e-06
54 3.455125519424548e-06
55 3.547371692051397e-06
56 3.2917041429238455e-06
57 3.4162205836033943e-06
58 3.4282282473111323e-06
59 3.400539934493941e-06
60 3.411635864323026e-06
61 3.3086856636480195e-06
62 3.514735348207245e-06
63 3.260249168842676e-06
64 3.1236656165606245e-06
65 3.2325854155253975e-06
66 3.279355465631061e-06
67 3.5572759550846825e-06
68 3.5422075603516017e-06
69 3.186360966610962e-06
70 3.352981770461977e-06
71 3.4014019288473704e-06
72 3.3026733135564996e-06
73 3.432448300812191e-06
74 3.365639245848967e-06
75 3.3261012181379234e-06
76 3.586193279136838e-06
77 3.3507956793322007e-06
78 3.4016294863733744e-06
79 3.454566054847927e-06
80 3.458300572854583e-06
81 3.2039477681048724e-06
82 3.3249796625788158e-06
83 3.3478597245017745e-06
84 3.3744732484573127e-06
85 3.5826967948459077e-06
86 3.2968247633431357e-06
87 3.514101533039071e-06
88 3.480025496100476e-06
89 3.3382731211444116e-06
90 3.375486223391349e-06
91 3.49079543914966e-06
92 3.434920731742778e-06
93 3.5422596040851636e-06
94 3.227439113078157e-06
95 3.3107041897375346e-06
96 3.4130609025754096e-06
97 3.2681062410083824e-06
98 3.2002160030850705e-06
99 3.507731387950572e-06
100 3.1188874194941456e-06
101 3.3502838433459425e-06
102 3.392658066379724e-06
103 3.211891491286105e-06
104 3.2980939437009803e-06
105 3.3134861805958254e-06
106 3.2965996326843207e-06
107 3.505599064197567e-06
108 3.196748847717781e-06
109 3.415097257530851e-06
110 3.3561062613668073e-06
111 3.409361972917247e-06
112 3.228124985136236e-06
113 3.2303772448706457e-06
114 3.259830519717095e-06
115 3.330295493775694e-06
116 3.5786046530541103e-06
117 3.549559079798934e-06
118 3.363259409650608e-06
119 3.2206320178077434e-06
120 3.2279642530280157e-06
121 3.500775738507611e-06
122 3.5245787836092817e-06
123 3.3392367013191e-06
124 3.4720645354884894e-06
125 3.4190506001105267e-06
126 3.3715339570836924e-06
127 3.4422546974746467e-06
128 3.3588637097732167e-06
129 3.2622627726763606e-06
130 3.475202277563174e-06
131 3.2436483872710082e-06
132 3.2934443965733585e-06
133 3.220213905913731e-06
134 3.465209135069572e-06
135 3.4388531206076322e-06
136 3.4403618141568166e-06
137 3.3283357329828864e-06
138 3.1574643112829828e-06
139 3.4139839709224103e-06
140 3.561626591619235e-06
141 3.4322786870955187e-06
142 3.4150780041655572e-06
143 3.2064640247989978e-06
144 3.1682483573241006e-06
145 3.5360804841491424e-06
146 3.300199760095487e-06
147 3.189097518511751e-06
148 3.3694187738353986e-06
149 3.3841971449376807e-06
150 3.47921443803819e-06
151 3.300207776356892e-06
152 3.2892018028497673e-06
153 3.278749698453875e-06
154 3.441515789789342e-06
155 3.1967658649870554e-06
156 3.651378286815551e-06
157 3.291377937287337e-06
158 3.156251267639221e-06
159 3.324391294658133e-06
160 3.4235798318410172e-06
161 3.3763391402411124e-06
162 3.236923076297136e-06
163 3.4192791653481654e-06
164 3.2186377110561364e-06
165 3.5577215106120547e-06
166 3.464634470569289e-06
167 3.4451440725287854e-06
168 3.4764789290858114e-06
169 3.225433754019452e-06
170 3.394143386042148e-06
171 3.394679510027717e-06
172 3.304000258000866e-06
173 3.3354129209749228e-06
174 3.202959505352635e-06
175 3.312388507320681e-06
176 3.3845023122342028e-06
177 3.3507297678839454e-06
178 3.242687192421096e-06
179 3.2891832267222397e-06
180 3.2825166966216133e-06
181 3.427552997260237e-06
182 3.671830594618599e-06
183 3.387740755563007e-06
184 3.439054935068208e-06
185 3.2031683696828704e-06
186 3.5047744364350326e-06
187 3.2615271550022696e-06
188 3.4519077257869947e-06
189 3.0996748353641425e-06
190 3.533794882603906e-06
191 3.288641280998476e-06
192 3.1919067991908137e-06
193 3.455378509546257e-06
194 3.4463136420598235e-06
195 3.44310859850211e-06
196 3.3910900674678007e-06
197 3.534623917671342e-06
198 3.5693274755313816e-06
199 3.637661376511553e-06
200 3.050177153974137e-06
201 3.1939370446311867e-06
202 3.4029765288846245e-06
203 3.4916415144243273e-06
204 3.563605793350912e-06
205 3.3077701254969117e-06
206 3.4264820933849344e-06
207 3.3419261899710718e-06
208 3.4797341318330084e-06
209 3.481797621738299e-06
210 3.449621131997516e-06
211 3.4639364021993404e-06
212 3.1199377362348514e-06
213 3.717042148560571e-06
214 3.2341308067232516e-06
215 3.345023890428744e-06
216 3.3592194543978908e-06
217 3.2646403616711692e-06
218 3.2482794450439036e-06
219 3.4507164292836616e-06
220 3.327896853122192e-06
221 3.22664334286285e-06
222 3.408068219731395e-06
223 3.5396949954566527e-06
224 3.457354892324182e-06
225 3.299670218952147e-06
226 3.195261105292879e-06
227 3.317086533237506e-06
228 3.3607825274985766e-06
229 3.4716320763104903e-06
230 3.368119655232754e-06
231 3.1946600563486862e-06
232 3.3540512335739603e-06
233 3.2956741506614862e-06
234 3.480613422576295e-06
235 3.504486225770904e-06
236 3.383713859146673e-06
237 3.2695540159630665e-06
238 3.473186293424333e-06
239 3.258170986664754e-06
240 3.313033437325797e-06
241 3.4085579059575703e-06
242 3.2221605985121655e-06
243 3.420884174314761e-06
244 3.3973189977532154e-06
245 3.5956867698990945e-06
246 3.2776903330186173e-06
247 3.253857567082504e-06
248 3.3369611063829763e-06
249 3.2534533444830366e-06
250 3.3690111033553384e-06
251 3.1656364819283374e-06
252 3.4059105247313697e-06
253 3.419201934336973e-06
254 3.284308898217181e-06
255 3.2532481983005186e-06
256 3.2977871049558142e-06
257 3.2729290357198412e-06
258 3.3661735454487743e-06
259 3.315833083145614e-06
260 3.520016076502804e-06
261 3.5535160598815244e-06
262 3.2214577477221817e-06
263 3.3629711848775625e-06
264 3.4585401508715945e-06
265 3.2767309596771724e-06
266 3.316253128027509e-06
267 3.3068680073960296e-06
268 3.6508576583090124e-06
269 3.463553544795307e-06
270 3.3165757322030882e-06
271 3.4716593684263656e-06
272 3.658289342606145e-06
273 3.5545935869044152e-06
274 3.4348086032318762e-06
275 3.4728394663515176e-06
276 3.3465711012655846e-06
277 3.325493654811219e-06
278 3.613995803131149e-06
279 3.510429150482312e-06
280 3.467754073843476e-06
281 3.318252352963857e-06
282 3.2036975536155027e-06
283 3.3703829998302467e-06
284 3.4634352036607764e-06
285 3.561140830870201e-06
286 3.3662175913141955e-06
287 3.469269449764171e-06
288 3.236944582547834e-06
289 3.4887605501723884e-06
290 3.5006255461118767e-06
291 3.2685501915841035e-06
292 3.3995652803488423e-06
293 3.334746027171015e-06
294 3.3810439398862617e-06
295 3.4536430208431028e-06
296 3.3890143710508396e-06
297 3.480009679871917e-06
298 3.348750897106658e-06
299 3.4217800421214982e-06
