0 9.877413534517647e-07
1 9.532098491615983e-07
2 9.615400152396648e-07
3 9.702348656002732e-07
4 9.618020907018873e-07
5 9.605336991126189e-07
6 9.691103728507481e-07
7 9.777373146841858e-07
8 9.594211184686939e-07
9 9.659928117538231e-07
10 9.799977971962439e-07
11 9.67485598838306e-07
12 9.692221819356913e-07
13 9.643107540256273e-07
14 9.593658292467211e-07
15 9.387761677417198e-07
16 9.667872394873048e-07
17 9.579634628193405e-07
18 9.624548843613745e-07
19 9.62499256644896e-07
20 9.610916577793062e-07
21 9.669098418854404e-07
22 9.638871036015267e-07
23 9.688037496204178e-07
24 9.561243499665245e-07
25 9.671193183692844e-07
26 9.568018152460032e-07
27 9.634977312181863e-07
28 9.780856536235047e-07
29 9.775375750173906e-07
30 9.730966176618923e-07
31 9.68683533179328e-07
32 9.566913712727357e-07
33 9.78508479255103e-07
34 9.538101568725965e-07
35 9.534722831244517e-07
36 9.7661741772929e-07
37 9.72405147338842e-07
38 9.499251375524573e-07
39 9.822771847117643e-07
40 9.596975264057286e-07
41 9.568626510236592e-07
42 9.636722645925857e-07
43 9.795620641969027e-07
44 9.581572543675817e-07
45 9.764357335005025e-07
46 9.888919949606283e-07
47 9.681837322462022e-07
48 9.841299587631647e-07
49 9.75153086594942e-07
50 9.65105835872732e-07
51 9.629366548855726e-07
52 9.82030768931426e-07
53 9.512888418707132e-07
54 9.604598572710212e-07
55 9.43834951279693e-07
56 9.881669169440112e-07
57 9.613384948942486e-07
58 9.532802667507592e-07
59 9.657511848424487e-07
60 9.555584200040466e-07
61 9.472075160524057e-07
62 9.480428208215803e-07
63 9.791012038740892e-07
64 9.754476419290447e-07
65 9.706015156187325e-07
66 1.00046485815008e-06
67 9.726212578413408e-07
68 9.7297188248015e-07
69 9.749111835469565e-07
70 9.696789695075225e-07
71 9.770382766790532e-07
72 9.688353595533427e-07
73 9.552995582065552e-07
74 9.582166997548562e-07
75 9.676894158027514e-07
76 9.459274124641809e-07
77 9.688847247906938e-07
78 9.56073364371081e-07
79 9.647472051766179e-07
80 9.682206789459464e-07
81 9.76463310003371e-07
82 9.648819430919993e-07
83 9.5467234943534e-07
84 9.667248419638216e-07
85 9.540427127669147e-07
86 9.606893158221817e-07
87 9.536164372917244e-07
88 9.572356581261606e-07
89 9.5540754777842e-07
90 9.69193728831171e-07
91 9.602813739390519e-07
92 9.509449186793971e-07
93 9.628067550914151e-07
94 9.830591859810793e-07
95 9.538809525341928e-07
96 9.693721764212645e-07
97 9.563456838582577e-07
98 9.621252246499232e-07
99 9.538619049304917e-07
100 9.788098199089854e-07
101 9.669841045877116e-07
102 9.576804878565212e-07
103 9.707326958022744e-07
104 9.621063048021252e-07
105 9.676318533263172e-07
106 9.810684244289578e-07
107 9.537519686721007e-07
108 9.695219748703103e-07
109 9.409800579242034e-07
110 9.776844082873815e-07
111 9.59211010761802e-07
112 9.777172280908155e-07
113 9.627855805906207e-07
114 9.6676131845563e-07
115 9.647119565085347e-07
116 9.611045862643496e-07
117 9.70187339443086e-07
118 9.717284003323017e-07
119 9.775451756309163e-07
120 9.818340491230642e-07
121 9.628065865799892e-07
122 9.6462998325246e-07
123 9.779036807226343e-07
124 9.480652721411127e-07
125 9.548022492923504e-07
126 9.746402969747308e-07
127 9.709564605450563e-07
128 9.741848498032019e-07
129 9.718762331188542e-07
130 9.691342996390942e-07
131 9.883465333593633e-07
132 9.759755496098559e-07
133 9.603627392767108e-07
134 9.614173650293228e-07
135 9.523482607608588e-07
136 9.797885218299662e-07
137 9.620113450894874e-07
138 9.681845729457164e-07
139 9.693050800921144e-07
140 9.683174875670048e-07
141 9.424641930543055e-07
142 9.781787251555072e-07
143 9.655728871458944e-07
144 9.731026122416447e-07
145 9.465578024867672e-07
146 9.63018730357049e-07
147 9.6588715466914e-07
148 9.837422320177736e-07
149 9.581554898830352e-07
150 9.72144964163284e-07
151 9.70279496642032e-07
152 9.738227483957546e-07
153 9.678338012869976e-07
154 9.631184138822404e-07
155 9.724408205013512e-07
156 9.440214548148935e-07
157 9.756943180694956e-07
158 9.651754628300322e-07
159 9.567751429088421e-07
160 9.868716116253433e-07
161 9.63049473055175e-07
162 9.725541252843527e-07
163 9.522468777166952e-07
164 9.663804441290306e-07
165 9.524649660520447e-07
166 9.487420567536939e-07
167 9.633688510237376e-07
168 9.735393502235554e-07
169 9.710977851211293e-07
170 9.534445094157406e-07
171 9.844150672493576e-07
172 9.730610101490514e-07
173 9.776667703299531e-07
174 9.65316924844533e-07
175 9.705532835577425e-07
176 9.794615589119504e-07
177 9.77968431445556e-07
178 9.832109347665706e-07
179 9.650653352599174e-07
180 9.722945401329487e-07
181 9.509917808037744e-07
182 9.460298520017866e-07
183 9.618697497642172e-07
184 9.606099835692477e-07
185 9.880220595068238e-07
186 9.514595187230298e-07
187 9.684959500185156e-07
188 9.67135589947653e-07
189 1.0020018558883975e-06
190 9.7074641751076e-07
191 9.637292888863407e-07
192 9.755540220981543e-07
193 9.548997469697677e-07
194 9.6233327561238e-07
195 9.617881019625214e-07
196 9.757385342681338e-07
197 9.58013765234841e-07
198 9.58525225726237e-07
199 9.399473779595344e-07
200 9.795102796875595e-07
201 9.824179725912107e-07
202 9.719298964178445e-07
203 9.819278329771586e-07
204 9.711699402653235e-07
205 9.885513468053819e-07
206 9.555816022570596e-07
207 9.831698301730723e-07
208 9.55473088088739e-07
209 9.682266891897649e-07
210 9.612690149886938e-07
211 9.59341663319901e-07
212 9.901123424924592e-07
213 9.542510757942516e-07
214 9.540782768842527e-07
215 9.556541651067076e-07
216 9.686113035154218e-07
217 9.783029452180515e-07
218 9.889115804905304e-07
219 9.502995851223947e-07
220 9.647081074152998e-07
221 9.698048908318854e-07
222 9.596228091452515e-07
223 9.52129227027811e-07
224 9.774722361351054e-07
225 9.621898182134802e-07
226 9.63396549324759e-07
227 9.764732734783144e-07
228 9.57897679008458e-07
229 9.517092946602378e-07
230 9.656105479941627e-07
231 9.6267622967856e-07
232 9.743135851448646e-07
233 9.611293138322166e-07
234 9.685018672478605e-07
235 9.550262831927878e-07
236 9.598974240824094e-07
237 9.791928506717337e-07
238 9.57925061327413e-07
239 9.633461129173273e-07
240 9.669692853367717e-07
241 9.54306463480977e-07
242 9.43974536699267e-07
243 9.532363414151135e-07
244 9.591024215138827e-07
245 9.759142902584293e-07
246 9.906812015465846e-07
247 9.766870496549441e-07
248 9.580364339332398e-07
249 9.858196053691524e-07
250 9.589408104603146e-07
251 9.906329833232007e-07
252 9.746569184772806e-07
253 9.581908054063528e-07
254 9.628122429629006e-07
255 9.607926199659345e-07
256 9.6761917518712e-07
257 9.701502972333276e-07
258 9.60879660512279e-07
259 9.84026607379431e-07
260 9.662604133312482e-07
261 9.488136123812186e-07
262 9.717423366403459e-07
263 9.630184551852216e-07
264 9.617229964226784e-07
265 9.566900679590733e-07
266 9.664937635140176e-07
267 9.712108207712544e-07
268 9.66711990741487e-07
269 9.698354766319378e-07
270 9.723731840195367e-07
271 9.594623614800367e-07
272 9.485427810557634e-07
273 9.667859724926891e-07
274 9.82483831446907e-07
275 9.54154961499481e-07
276 9.600070956215703e-07
277 9.5707609023629e-07
278 9.482887374375028e-07
279 9.663727715452584e-07
280 9.721219010002697e-07
281 9.691502355637063e-07
282 9.699197956289778e-07
283 9.51086027097605e-07
284 9.62466179476944e-07
285 9.61405180955424e-07
286 9.587093093328973e-07
287 9.79832218998887e-07
288 9.70169025222789e-07
289 9.55585217297242e-07
290 9.435030904222121e-07
291 9.652294560017663e-07
292 9.637311152718504e-07
293 9.82507065479356e-07
294 9.699037870922477e-07
295 9.563479830818335e-07
296 9.657455347337685e-07
297 9.454047558134201e-07
298 9.73042356255949e-07
299 9.707157668082557e-07
