0 2.70947996606353e-06
1 2.4970019834024432e-06
2 2.588221020463883e-06
3 2.4948334123216374e-06
4 2.538115295961222e-06
5 2.5121690117295175e-06
6 2.4460124189788833e-06
7 2.602225394150657e-06
8 2.638508056036516e-06
9 2.6251761655907353e-06
10 2.55522478185985e-06
11 2.5436956002633316e-06
12 2.472212294469323e-06
13 2.532262323877715e-06
14 2.386543672871138e-06
15 2.4546699140276695e-06
16 2.586584781430428e-06
17 2.551547559671658e-06
18 2.5403372128770217e-06
19 2.5268231279843203e-06
20 2.5800133160237664e-06
21 2.521424800968789e-06
22 2.5913315532729005e-06
23 2.5385431347389057e-06
24 2.535494714991345e-06
25 2.404897617633918e-06
26 2.55290379493595e-06
27 2.472656084611442e-06
28 2.6437577083548288e-06
29 2.500492825370419e-06
30 2.545706528670571e-06
31 2.491809799097428e-06
32 2.4853710780562657e-06
33 2.5550004633059985e-06
34 2.5351874528807217e-06
35 2.5913042492791144e-06
36 2.6602622992580417e-06
37 2.482750022597007e-06
38 2.476436537444389e-06
39 2.5406898023216838e-06
40 2.522996811751161e-06
41 2.3996150231119018e-06
42 2.534697645824768e-06
43 2.5019099949218283e-06
44 2.6403872188738417e-06
45 2.5773569376249808e-06
46 2.532398127919276e-06
47 2.5995793492324496e-06
48 2.530611222938471e-06
49 2.531116485605515e-06
50 2.57900133740409e-06
51 2.422151332924203e-06
52 2.4971688951750177e-06
53 2.4249649830669294e-06
54 2.4931189941593574e-06
55 2.4803396886114017e-06
56 2.57313190765952e-06
57 2.586091167289959e-06
58 2.5429025807995194e-06
59 2.4845479875162096e-06
60 2.4941126943748863e-06
61 2.5711910877748628e-06
62 2.3966018704414336e-06
63 2.5844803459467026e-06
64 2.7014193514460498e-06
65 2.6114922142084652e-06
66 2.631365445925577e-06
67 2.449439209038096e-06
68 2.377375615052971e-06
69 2.6584302361119695e-06
70 2.5016680570424645e-06
71 2.462925432351912e-06
72 2.4962305491536205e-06
73 2.5359122591195767e-06
74 2.5083553657862835e-06
75 2.584483177237019e-06
76 2.501846830702144e-06
77 2.5233904941628526e-06
78 2.4763243879401214e-06
79 2.474170487739199e-06
80 2.4250614255728497e-06
81 2.664426490143637e-06
82 2.542576514549437e-06
83 2.5872983628176413e-06
84 2.453121072321325e-06
85 2.4648605076614115e-06
86 2.559338978728596e-06
87 2.525980551628492e-06
88 2.4167938734831484e-06
89 2.498087638085127e-06
90 2.491644054376859e-06
91 2.445134248738742e-06
92 2.4681948208019646e-06
93 2.3843575941350527e-06
94 2.552443960459296e-06
95 2.4954222982567734e-06
96 2.586862795633823e-06
97 2.642882300928019e-06
98 2.621267594596961e-06
99 2.4965283622763355e-06
100 2.6321002845925224e-06
101 2.515396192386722e-06
102 2.4992378282796985e-06
103 2.663955193844912e-06
104 2.5144000881092896e-06
105 2.564738471018198e-06
106 2.4790296887466587e-06
107 2.449916137993726e-06
108 2.586383508032725e-06
109 2.4972601879463644e-06
110 2.5381054150001073e-06
111 2.48335920125934e-06
112 2.601567646502581e-06
113 2.6144658474283505e-06
114 2.5143013221220695e-06
115 2.576102212834388e-06
116 2.445710908105195e-06
117 2.4086498678080866e-06
118 2.5377958393322494e-06
119 2.6655629636403725e-06
120 2.6275954411356374e-06
121 2.452406033429613e-06
122 2.4452312287121613e-06
123 2.61109038311439e-06
124 2.476631221864475e-06
125 2.4797460149760445e-06
126 2.5398232387592914e-06
127 2.530219371293519e-06
128 2.50738275410484e-06
129 2.599283272394822e-06
130 2.4734411452873966e-06
131 2.5847264000216434e-06
132 2.5597630544061354e-06
133 2.627757751968971e-06
134 2.553776907954856e-06
135 2.533215029481828e-06
136 2.507865051367411e-06
137 2.5545460191814485e-06
138 2.5947988604257194e-06
139 2.544953990449689e-06
140 2.3748481278150476e-06
141 2.5166318881102716e-06
142 2.4742256305030893e-06
143 2.7090639413269907e-06
144 2.586095596894532e-06
145 2.403630517735721e-06
146 2.591385412506783e-06
147 2.598002667732678e-06
148 2.4971856019968923e-06
149 2.55694252860941e-06
150 2.4854912619998175e-06
151 2.5034777302690746e-06
152 2.5754463247156847e-06
153 2.617121715342535e-06
154 2.448757244767605e-06
155 2.6210686547811437e-06
156 2.3916195792241343e-06
157 2.5563282013004067e-06
158 2.652841750907564e-06
159 2.5991180566972687e-06
160 2.528423186577812e-06
161 2.606109239372577e-06
162 2.617744508198433e-06
163 2.528953864364395e-06
164 2.5888768424223755e-06
165 2.424499477457862e-06
166 2.5184642839749415e-06
167 2.5631167220945157e-06
168 2.401829163507923e-06
169 2.6216407326506623e-06
170 2.483716464125525e-06
171 2.515478950076469e-06
172 2.5458633274680993e-06
173 2.581301727447688e-06
174 2.6037597102244562e-06
175 2.5481579996906967e-06
176 2.4526142885485955e-06
177 2.4861792062349587e-06
178 2.6237278016885106e-06
179 2.517270094538858e-06
180 2.552309923675407e-06
181 2.4708396721214485e-06
182 2.3920292937792686e-06
183 2.4164074857546655e-06
184 2.497156835889669e-06
185 2.653344214071307e-06
186 2.463837741125384e-06
187 2.5663702857350592e-06
188 2.4765823484840663e-06
189 2.690898129572902e-06
190 2.466450049466151e-06
191 2.597670018620105e-06
192 2.618775122205382e-06
193 2.4125329992295812e-06
194 2.527879376754565e-06
195 2.46422340974797e-06
196 2.4706930551726755e-06
197 2.4512204830032897e-06
198 2.401936552669045e-06
199 2.3774305692726376e-06
200 2.6966733950301574e-06
201 2.5563749616107513e-06
202 2.5874600936297078e-06
203 2.500574826844543e-06
204 2.4301397879461013e-06
205 2.544743124430571e-06
206 2.469901885206059e-06
207 2.5483778074285628e-06
208 2.4497096255645247e-06
209 2.4402750151955687e-06
210 2.522186925198438e-06
211 2.4256719645998144e-06
212 2.606687805805338e-06
213 2.370205623303946e-06
214 2.6195691030320794e-06
215 2.5133249778792626e-06
216 2.5378829706453304e-06
217 2.591873153673852e-06
218 2.537561197020518e-06
219 2.5059829453175824e-06
220 2.444793331895944e-06
221 2.596633791816583e-06
222 2.4901693000603912e-06
223 2.4874853718568487e-06
224 2.423677197503251e-06
225 2.533827433104659e-06
226 2.6761717502827685e-06
227 2.5170965510354965e-06
228 2.536832953600393e-06
229 2.4740487413710526e-06
230 2.591754251208082e-06
231 2.688374281195695e-06
232 2.562057029920736e-06
233 2.5927166915541106e-06
234 2.4991734527437237e-06
235 2.4199328878180334e-06
236 2.502318061948676e-06
237 2.5785819094171075e-06
238 2.5174008623747238e-06
239 2.555463984226543e-06
240 2.522708887031052e-06
241 2.5047815118707474e-06
242 2.5945040423158124e-06
243 2.4531691933390576e-06
244 2.5053839919498964e-06
245 2.4367175757547943e-06
246 2.5846289773634303e-06
247 2.582292597958735e-06
248 2.559135341201837e-06
249 2.6280802733722636e-06
250 2.490075771188434e-06
251 2.6380237029736104e-06
252 2.4857397940190196e-06
253 2.4786823228032135e-06
254 2.5128861992872248e-06
255 2.612428705039768e-06
256 2.6078575446716613e-06
257 2.615385685899691e-06
258 2.517983701607207e-06
259 2.5695475617281385e-06
260 2.4411339296193187e-06
261 2.4795334707804386e-06
262 2.639355114139603e-06
263 2.554691544873939e-06
264 2.5430088000867605e-06
265 2.6383100128550985e-06
266 2.612543043637084e-06
267 2.5290012820606125e-06
268 2.442038640417656e-06
269 2.5482991936574006e-06
270 2.5465021681327914e-06
271 2.4849001057498503e-06
272 2.4292724419799088e-06
273 2.405093061944814e-06
274 2.5547932395424173e-06
275 2.5376114300802054e-06
276 2.514466126365568e-06
277 2.5422827370827557e-06
278 2.3754968479042094e-06
279 2.45748216378349e-06
280 2.4289306741022833e-06
281 2.5579962168916997e-06
282 2.5977953704022092e-06
283 2.496995372432912e-06
284 2.5117173864428167e-06
285 2.4766367288014024e-06
286 2.514487512372858e-06
287 2.4806229951227034e-06
288 2.631952502946558e-06
289 2.40463043267559e-06
290 2.4424659727509635e-06
291 2.513001657435879e-06
292 2.452613166753308e-06
293 2.5660920249981565e-06
294 2.5323555223663277e-06
295 2.5371918772332383e-06
296 2.4882454554236706e-06
297 2.468521446839077e-06
298 2.6340241359812865e-06
299 2.53876513020683e-06
