0 3.848271748456809e-06
1 3.654217336442282e-06
2 3.6755042001660614e-06
3 3.6642035765260056e-06
4 3.66982995290974e-06
5 3.6133398750190545e-06
6 3.810730720088677e-06
7 3.810260771211067e-06
8 3.8134837493517624e-06
9 3.796944010959509e-06
10 3.7380023898531914e-06
11 3.8040184804010947e-06
12 3.71715462345429e-06
13 3.78512723534003e-06
14 3.560572050035891e-06
15 3.637464892044448e-06
16 3.800021270319106e-06
17 3.7675982279451615e-06
18 3.7249285902825057e-06
19 3.646653261840478e-06
20 3.708722890983588e-06
21 3.7262956381739715e-06
22 3.743318419629738e-06
23 3.67123013015562e-06
24 3.7940815312863173e-06
25 3.628405770874382e-06
26 3.7138125317203483e-06
27 3.704323458540411e-06
28 3.85786118347491e-06
29 3.7504218480214123e-06
30 3.887368663090088e-06
31 3.7350244085479908e-06
32 3.732943613616419e-06
33 3.694789917448217e-06
34 3.7053106053237938e-06
35 3.758201238285593e-06
36 3.871775722109809e-06
37 3.792945209236257e-06
38 3.6935122159573334e-06
39 3.7809216565482953e-06
40 3.8231739580342115e-06
41 3.648643570365009e-06
42 3.751200111772097e-06
43 3.823683715225106e-06
44 3.82728638966271e-06
45 3.7036961263450778e-06
46 3.801421530394279e-06
47 3.842440348672193e-06
48 3.7695754505685653e-06
49 3.719310548528748e-06
50 3.766093511273501e-06
51 3.592923782914063e-06
52 3.840357178258217e-06
53 3.7149582385289686e-06
54 3.5961863521192093e-06
55 3.6099660953246945e-06
56 3.8734998567903315e-06
57 3.7846944767858135e-06
58 3.7394363599767937e-06
59 3.638981889725167e-06
60 3.838338048260946e-06
61 3.5349456582530986e-06
62 3.615881013696922e-06
63 3.924401857633277e-06
64 3.892330078661953e-06
65 3.7117099481223734e-06
66 3.957685533685252e-06
67 3.7445780158811604e-06
68 3.7883491842093682e-06
69 3.8231976395507e-06
70 3.6006867276814638e-06
71 3.853997938134458e-06
72 3.708766445272942e-06
73 3.6446080948875183e-06
74 3.705288216506062e-06
75 3.822190610429635e-06
76 3.8037193826782924e-06
77 3.6422134670877457e-06
78 3.596637762259524e-06
79 3.6510710271542567e-06
80 3.6110958495950154e-06
81 3.7951883778237465e-06
82 3.7351085092047163e-06
83 3.6683017275047432e-06
84 3.6494790008340047e-06
85 3.671914850608813e-06
86 3.742550022467559e-06
87 3.7941092665877292e-06
88 3.6917952476337274e-06
89 3.5610795682372756e-06
90 3.723929737984267e-06
91 3.726302072676213e-06
92 3.5297497540908986e-06
93 3.648719805890206e-06
94 3.776755775619465e-06
95 3.636681251134044e-06
96 3.7610996730902025e-06
97 3.795486498128795e-06
98 3.80447608493406e-06
99 3.7227249687709807e-06
100 3.876155923198753e-06
101 3.805395244280833e-06
102 3.799048028694798e-06
103 3.8804436030929365e-06
104 3.6695132278127573e-06
105 3.663976739129069e-06
106 3.6601934358813883e-06
107 3.6104807478110986e-06
108 3.7224303352531656e-06
109 3.7002266099706723e-06
110 3.760687055842945e-06
111 3.623188162530784e-06
112 3.882076126427393e-06
113 3.6893648921830763e-06
114 3.631379102632224e-06
115 3.7097942366819567e-06
116 3.844860629372093e-06
117 3.714411018888888e-06
118 3.7350654816132985e-06
119 3.835566144227246e-06
120 3.808808165564164e-06
121 3.716286450649658e-06
122 3.751245786441e-06
123 3.718521410681659e-06
124 3.566976692888189e-06
125 3.6661587011158747e-06
126 3.7510312470349237e-06
127 3.889074849478508e-06
128 3.7930304106616534e-06
129 3.7888614754622025e-06
130 3.768316399083853e-06
131 3.867024998981269e-06
132 3.668349613928858e-06
133 3.77400968245842e-06
134 3.789253029321987e-06
135 3.714683428935008e-06
136 3.820035038482896e-06
137 3.6488341147522563e-06
138 3.771760610728842e-06
139 3.747695867175721e-06
140 3.6307945881659743e-06
141 3.6347429747440722e-06
142 3.83443913096803e-06
143 3.839292658491247e-06
144 3.6964704164799834e-06
145 3.5692805595207666e-06
146 3.668045087494668e-06
147 3.652407590632013e-06
148 3.6764237324814304e-06
149 3.655759618523895e-06
150 3.7808120088332418e-06
151 3.7358029918313576e-06
152 3.7932406555514144e-06
153 3.8805196309697695e-06
154 3.673871792716287e-06
155 3.874526721346223e-06
156 3.5703672169184398e-06
157 3.807644656512313e-06
158 3.8100839236070033e-06
159 3.7216799164901876e-06
160 3.938398685558476e-06
161 3.8801250997064086e-06
162 3.878390340410703e-06
163 3.769644057221037e-06
164 3.613604535547916e-06
165 3.6669000264227544e-06
166 3.5708159506405625e-06
167 3.82399491904515e-06
168 3.6501023579021443e-06
169 3.719979007941564e-06
170 3.671504929741574e-06
171 3.7296875704991075e-06
172 3.853903976790753e-06
173 3.765536442882503e-06
174 3.7540735890885895e-06
175 3.7116913215781954e-06
176 3.797382377525126e-06
177 3.6872969745055894e-06
178 3.8431966216980104e-06
179 3.673793642001308e-06
180 3.7312946480911016e-06
181 3.6995581210620987e-06
182 3.6823982142125885e-06
183 3.5916811076958456e-06
184 3.6514826345276676e-06
185 3.920464360072382e-06
186 3.675138531344317e-06
187 3.7137432709124025e-06
188 3.672195243322533e-06
189 4.04511431009774e-06
190 3.7437023853379656e-06
191 3.851298377864888e-06
192 3.772245232944797e-06
193 3.489163190466335e-06
194 3.7341083493646075e-06
195 3.683469527524937e-06
196 3.795031187655514e-06
197 3.7525668366884013e-06
198 3.6923378016813372e-06
199 3.6191361546043405e-06
200 3.823914616220311e-06
201 3.816417247331069e-06
202 3.827833958004186e-06
203 3.817414616347044e-06
204 3.6744376457282476e-06
205 3.833662979371513e-06
206 3.740635437095848e-06
207 3.8018952473399725e-06
208 3.7818986644741004e-06
209 3.606474048311927e-06
210 3.678076776046808e-06
211 3.6175600077126603e-06
212 3.895430318634066e-06
213 3.6397850798160168e-06
214 3.6847154802437743e-06
215 3.6267385657688526e-06
216 3.82561015656722e-06
217 3.7904983463832236e-06
218 3.901938865799072e-06
219 3.593397331007435e-06
220 3.678256867694827e-06
221 3.7195282931778428e-06
222 3.6619521238679605e-06
223 3.864518754153457e-06
224 3.7099647444477425e-06
225 3.672141039687733e-06
226 3.8405692868594275e-06
227 3.7803969542734146e-06
228 3.858414538463718e-06
229 3.5779916543301577e-06
230 3.826649421128328e-06
231 3.748399921588723e-06
232 3.863634740125835e-06
233 3.6954767284543954e-06
234 3.7205198100169198e-06
235 3.628008797945663e-06
236 3.732734060876102e-06
237 3.7661131372303484e-06
238 3.7504525637656597e-06
239 3.7224387296643965e-06
240 3.6932342076233372e-06
241 3.7234245643981224e-06
242 3.654031483039375e-06
243 3.5975631809865595e-06
244 3.7202766345961896e-06
245 3.6956829839424777e-06
246 3.868974718802712e-06
247 3.7864196000282543e-06
248 3.7797758998401916e-06
249 3.8571504093578495e-06
250 3.6744380911720114e-06
251 3.770278493051618e-06
252 3.828578960197606e-06
253 3.6413936044177724e-06
254 3.62183592170304e-06
255 3.7925710093450538e-06
256 3.751089798786973e-06
257 3.823541990249723e-06
258 3.7636795250513855e-06
259 3.825858850217611e-06
260 3.709147981442319e-06
261 3.7356743828241695e-06
262 3.817066904566671e-06
263 3.6603457775372347e-06
264 3.7768097544910165e-06
265 3.7807217133992727e-06
266 3.7176647192114686e-06
267 3.6641565009543137e-06
268 3.7490186928233724e-06
269 3.682501237813013e-06
270 3.658471008035484e-06
271 3.6050195121847233e-06
272 3.733622654333863e-06
273 3.774345984721268e-06
274 3.892120320372352e-06
275 3.55837464846632e-06
276 3.5942453070994382e-06
277 3.6290895137277945e-06
278 3.5135404509207103e-06
279 3.808260127349292e-06
280 3.6643820430544085e-06
281 3.7141640734099758e-06
282 3.7466156716458584e-06
283 3.7106554742898546e-06
284 3.7088531785047117e-06
285 3.735144019909343e-06
286 3.7907751923867624e-06
287 3.7657253906642773e-06
288 3.7894377939893797e-06
289 3.495908106627886e-06
290 3.6555314050129463e-06
291 3.5714445130398946e-06
292 3.820696888707585e-06
293 3.7468212527416403e-06
294 3.753663873084214e-06
295 3.7989242647664463e-06
296 3.6478952430962916e-06
297 3.4834082748489105e-06
298 3.913223383441053e-06
299 3.7762087506087818e-06
