0 2.119384531974349e-06
1 2.0937333498496377e-06
2 2.1368510184865592e-06
3 2.145119270035262e-06
4 2.1511809471238886e-06
5 2.175294760271654e-06
6 2.0966425961355497e-06
7 2.1387675078194287e-06
8 2.072739235317623e-06
9 2.1214725809986743e-06
10 2.1506104485023308e-06
11 2.1168675897179545e-06
12 2.1138905422378252e-06
13 2.084170315923589e-06
14 2.140591551637739e-06
15 2.1282343721964286e-06
16 2.1133968187581356e-06
17 2.069976775137709e-06
18 2.1473466594926023e-06
19 2.138649464373303e-06
20 2.1359170664368492e-06
21 2.1080352123974175e-06
22 2.110003031242556e-06
23 2.1485444463990664e-06
24 2.1028822674750736e-06
25 2.1697072004716157e-06
26 2.1245187184655218e-06
27 2.120937554043893e-06
28 2.0925599069825694e-06
29 2.1765280180422848e-06
30 2.0726420775019394e-06
31 2.101233842393915e-06
32 2.078517407544613e-06
33 2.146927761859501e-06
34 2.1283474189687853e-06
35 2.055196977032008e-06
36 2.0708014031273665e-06
37 2.0857599232606223e-06
38 2.178319983906774e-06
39 2.102120553402318e-06
40 2.0820117312191795e-06
41 2.1238703759445585e-06
42 2.086388261009002e-06
43 2.1075334330982518e-06
44 2.074300533140599e-06
45 2.117703152849306e-06
46 2.1333665258329076e-06
47 2.1116856905321946e-06
48 2.094414851134135e-06
49 2.1441310900715746e-06
50 2.1141444859385673e-06
51 2.1628567494566268e-06
52 2.0473831880519927e-06
53 2.1121952530116856e-06
54 2.1875830528176976e-06
55 2.123318721653492e-06
56 2.1201564775993927e-06
57 2.1465054683601737e-06
58 2.0816536735260976e-06
59 2.126737092159723e-06
60 2.0819077188258006e-06
61 2.1902718361114784e-06
62 2.0726778070226667e-06
63 2.065139332708769e-06
64 2.0600574239218685e-06
65 2.1390871986127253e-06
66 2.0755202638556623e-06
67 2.097060015631408e-06
68 2.131063443344777e-06
69 2.081410264630765e-06
70 2.2004002350801186e-06
71 2.0597722583352155e-06
72 2.143579417711487e-06
73 2.1275286591878836e-06
74 2.122788161685529e-06
75 2.092384663259867e-06
76 2.072858209196223e-06
77 2.1383232738095043e-06
78 2.175582191594656e-06
79 2.1557764721590283e-06
80 2.1512129311991665e-06
81 2.1089149043822042e-06
82 2.1287750638966866e-06
83 2.128939319235647e-06
84 2.142557645873876e-06
85 2.1271366290008853e-06
86 2.1128887268837464e-06
87 2.125190441428619e-06
88 2.1029933111378114e-06
89 2.1522011270486213e-06
90 2.106108751683345e-06
91 2.1287293138133773e-06
92 2.191775601952977e-06
93 2.1302941152333526e-06
94 2.1056354455320417e-06
95 2.126431380686445e-06
96 2.129148190416801e-06
97 2.1068292206561185e-06
98 2.096055212656617e-06
99 2.1270805965886848e-06
100 2.103021206023037e-06
101 2.0802866526472095e-06
102 2.0837770923264268e-06
103 2.0559243348395296e-06
104 2.1277557488387805e-06
105 2.1796124299622023e-06
106 2.1417008365744038e-06
107 2.1601507737449326e-06
108 2.1125064535857984e-06
109 2.084904901396104e-06
110 2.110825635162467e-06
111 2.1721423025200586e-06
112 2.1195673504178536e-06
113 2.136716799151051e-06
114 2.1279376493269404e-06
115 2.1498019294694043e-06
116 2.053108595241449e-06
117 2.135857012222383e-06
118 2.1348696209334888e-06
119 2.0977825778873312e-06
120 2.1321230352867796e-06
121 2.1320796135894146e-06
122 2.151380196292183e-06
123 2.163446935251326e-06
124 2.1372007963197833e-06
125 2.1510889679876683e-06
126 2.1264274697394806e-06
127 2.06956515264537e-06
128 2.077336093019664e-06
129 2.0825676449554253e-06
130 2.1226541617251255e-06
131 2.086844441187685e-06
132 2.1235028644020606e-06
133 2.0777088356098917e-06
134 2.0674012392976777e-06
135 2.0741956937677883e-06
136 2.106826884589925e-06
137 2.1563872345788838e-06
138 2.0997739120601254e-06
139 2.1144373102743214e-06
140 2.1613027228238347e-06
141 2.1319566543286185e-06
142 2.0991138953086707e-06
143 2.1459353832792238e-06
144 2.1165267482647745e-06
145 2.1560627419752223e-06
146 2.151030986047404e-06
147 2.1277660622847014e-06
148 2.105756643716322e-06
149 2.1400731254234774e-06
150 2.1242617385321875e-06
151 2.1263166950901857e-06
152 2.121974906585167e-06
153 2.0449967127840635e-06
154 2.129055719983586e-06
155 2.0922985861260817e-06
156 2.1321400625433464e-06
157 2.077271568536667e-06
158 2.085927066312712e-06
159 2.129018252436424e-06
160 2.0556803857671687e-06
161 2.0808786295710566e-06
162 2.050031014754777e-06
163 2.0834064423080613e-06
164 2.1437234352788093e-06
165 2.137319750662671e-06
166 2.154669174405549e-06
167 2.081246402129369e-06
168 2.117744872032265e-06
169 2.11825116469461e-06
170 2.0985467172930677e-06
171 2.0623033448520935e-06
172 2.107732615100919e-06
173 2.1394291366230084e-06
174 2.0814502215786184e-06
175 2.1592590780787256e-06
176 2.123668171299799e-06
177 2.1070123579942944e-06
178 2.092490945487596e-06
179 2.117790065912285e-06
180 2.1183687411015367e-06
181 2.127115834700234e-06
182 2.115794717158981e-06
183 2.1547668995102933e-06
184 2.115624585404625e-06
185 2.0922241192210066e-06
186 2.144767958776084e-06
187 2.1473111338542224e-06
188 2.092287960747878e-06
189 2.04969844547499e-06
190 2.141383150947898e-06
191 2.10259395106999e-06
192 2.1404155550960206e-06
193 2.171689009882521e-06
194 2.0990553474438667e-06
195 2.169089062101085e-06
196 2.078487113552543e-06
197 2.10483403425451e-06
198 2.0942933398244575e-06
199 2.171059608254111e-06
200 2.106365521603129e-06
201 2.123900589424909e-06
202 2.103127663895605e-06
203 2.0779755726660734e-06
204 2.179425575880657e-06
205 2.0982407188915947e-06
206 2.0841284764323096e-06
207 2.101882383861903e-06
208 2.09316383831779e-06
209 2.153136229256514e-06
210 2.139498857273116e-06
211 2.162992269506466e-06
212 2.0843426613407107e-06
213 2.1207406881277153e-06
214 2.118271367609083e-06
215 2.1483782683328966e-06
216 2.0944747605329785e-06
217 2.0909652073320404e-06
218 2.0726463934779205e-06
219 2.1468295841848985e-06
220 2.112220934194638e-06
221 2.0929469401625002e-06
222 2.1217805767507774e-06
223 2.0737944786637486e-06
224 2.1009606102944553e-06
225 2.0939736858672664e-06
226 2.080860054910855e-06
227 2.058248553412566e-06
228 2.063382984355924e-06
229 2.157994520159516e-06
230 2.131016045147988e-06
231 2.09888590067361e-06
232 2.0777026192092433e-06
233 2.10031171079692e-06
234 2.1394655614261934e-06
235 2.1491257072954596e-06
236 2.1439119272619844e-06
237 2.139458465972282e-06
238 2.0654724339445923e-06
239 2.113783689083254e-06
240 2.137436952402913e-06
241 2.1017389618542504e-06
242 2.1157251986664668e-06
243 2.1552907709304307e-06
244 2.1206300491187973e-06
245 2.089946581325959e-06
246 2.1344928042882163e-06
247 2.1000984676926655e-06
248 2.0847414759933066e-06
249 2.0847688238020077e-06
250 2.1554311745745267e-06
251 2.1346556742487024e-06
252 2.074328171899414e-06
253 2.1434880967894287e-06
254 2.1806018939999287e-06
255 2.1221213419629598e-06
256 2.0863613795861686e-06
257 2.0998055516682846e-06
258 2.0990698196038424e-06
259 2.073463073822381e-06
260 2.1133534720567323e-06
261 2.1058727840175048e-06
262 2.1237197778988605e-06
263 2.1622935470968608e-06
264 2.0633177665362007e-06
265 2.0817988119642815e-06
266 2.1025988049046823e-06
267 2.1309275018833295e-06
268 2.111543768586351e-06
269 2.137208183269162e-06
270 2.1926616562827904e-06
271 2.1763796549891517e-06
272 2.0828020039918027e-06
273 2.07598840452306e-06
274 2.0901170511951367e-06
275 2.1944121044190416e-06
276 2.1489990951866e-06
277 2.110709051489482e-06
278 2.169053670825359e-06
279 2.0895803577492177e-06
280 2.1507294048971417e-06
281 2.132935306619014e-06
282 2.107610693067546e-06
283 2.1437382176421043e-06
284 2.1219915713726413e-06
285 2.107834319328561e-06
286 2.096706040936754e-06
287 2.094893592150515e-06
288 2.1218321064470525e-06
289 2.174026027114151e-06
290 2.0655850779663457e-06
291 2.1918989741810923e-06
292 2.0981024304067164e-06
293 2.1242414191358657e-06
294 2.1039100452713718e-06
295 2.0902947567537735e-06
296 2.107413633340154e-06
297 2.208443309003525e-06
298 2.059846720856449e-06
299 2.141162650909714e-06
