0 6.6299911261655435e-06
1 6.764383609041942e-06
2 6.750232986588639e-06
3 6.763052572285143e-06
4 6.700579531091691e-06
5 6.764542683108497e-06
6 6.786631764540859e-06
7 6.715760777434358e-06
8 6.507787136321653e-06
9 6.5804877451103225e-06
10 6.750297821514665e-06
11 6.785102243452838e-06
12 6.707572674848055e-06
13 6.775327766733062e-06
14 6.490540883833262e-06
15 6.821684736104526e-06
16 6.657417969489048e-06
17 6.715934666738026e-06
18 6.834958059647249e-06
19 6.728915133337606e-06
20 6.62014288736147e-06
21 6.745173591047323e-06
22 6.6233185031584245e-06
23 6.693238738566618e-06
24 6.826737737972866e-06
25 6.634629095644233e-06
26 6.684571049772658e-06
27 6.695947625424979e-06
28 6.682551580494962e-06
29 6.970963685124521e-06
30 6.718448743408503e-06
31 6.8852728645057835e-06
32 6.661716787073335e-06
33 6.641942544338431e-06
34 6.641262245581855e-06
35 6.591004455758021e-06
36 6.6289977905098005e-06
37 6.658205373072459e-06
38 6.790659208290382e-06
39 6.7125083611674845e-06
40 6.652871343851137e-06
41 6.592502751778925e-06
42 6.670495433432576e-06
43 6.68274063964608e-06
44 6.71989394381633e-06
45 6.84461146127171e-06
46 6.686202604734603e-06
47 6.8033839851365804e-06
48 6.8120895708650566e-06
49 6.668878344413799e-06
50 6.8101402036159705e-06
51 6.6450517162598095e-06
52 6.619993360585006e-06
53 6.742673298406514e-06
54 6.640105952115305e-06
55 6.765453047450629e-06
56 6.7385183054743534e-06
57 6.574185566546804e-06
58 6.813810586087324e-06
59 6.7109723928556265e-06
60 6.644867130595279e-06
61 6.636773661601721e-06
62 6.655095233603381e-06
63 6.700641177034733e-06
64 6.849428256704187e-06
65 6.486619994176778e-06
66 6.566230604158239e-06
67 6.933784169390178e-06
68 6.556581444797011e-06
69 6.662540497632611e-06
70 6.6327209638981725e-06
71 6.545731625216042e-06
72 6.634299688738175e-06
73 6.720889858585754e-06
74 6.992010337178589e-06
75 6.67422691700088e-06
76 6.6709515082626175e-06
77 6.795419402238934e-06
78 6.589028494440162e-06
79 6.627201962815247e-06
80 6.836397359685338e-06
81 6.785747523006184e-06
82 6.74482355143043e-06
83 6.699249546617042e-06
84 6.798886916125281e-06
85 6.817601827721823e-06
86 6.666111637475465e-06
87 6.7392496482539255e-06
88 6.832094273520794e-06
89 6.707088728877411e-06
90 6.651525972322835e-06
91 6.819708560385568e-06
92 6.712838827572055e-06
93 6.70474257513698e-06
94 6.8500189826784015e-06
95 6.619730903368799e-06
96 6.66561535051858e-06
97 6.716740546012754e-06
98 6.7791628472832985e-06
99 6.7402180128879285e-06
100 6.701529066241785e-06
101 6.716054060576494e-06
102 6.593276688265068e-06
103 6.759424944884291e-06
104 6.658609126809297e-06
105 6.5833455348200434e-06
106 6.796697998705896e-06
107 6.6699382446753424e-06
108 6.554232851008596e-06
109 6.84941325742532e-06
110 6.762946464017147e-06
111 6.706691986893815e-06
112 6.731272342527845e-06
113 6.932125948718852e-06
114 6.759329097147867e-06
115 6.559781214394162e-06
116 6.836960241679406e-06
117 6.682829453861416e-06
118 6.822198688525779e-06
119 6.518770765099271e-06
120 6.627477653725436e-06
121 6.719231919971613e-06
122 6.668723763443616e-06
123 6.564516095417867e-06
124 6.67540905306285e-06
125 6.684916753364617e-06
126 6.953521448834684e-06
127 6.6080854652806055e-06
128 6.771992740979182e-06
129 6.870198730962658e-06
130 6.752402131351124e-06
131 6.728458687645351e-06
132 6.8304675958652005e-06
133 6.428615960011016e-06
134 6.746864569260978e-06
135 6.682090256362617e-06
136 6.701456629898865e-06
137 6.760657220372551e-06
138 6.730570059486321e-06
139 6.740261405116431e-06
140 6.670803236932697e-06
141 6.782910567890167e-06
142 6.713920383152298e-06
143 6.614378338670927e-06
144 6.7369082537988825e-06
145 6.700088599920668e-06
146 6.792646511832674e-06
147 6.669647132819312e-06
148 6.70681324900109e-06
149 6.744403389213748e-06
150 6.698180361924774e-06
151 6.781817088881259e-06
152 6.662003943224346e-06
153 6.703627940085526e-06
154 6.698840324817303e-06
155 6.659031158010634e-06
156 6.688684495392407e-06
157 6.6533794054385685e-06
158 6.816328474932169e-06
159 6.678419945528097e-06
160 6.714539345494171e-06
161 6.618418055997216e-06
162 6.821785107556763e-06
163 6.581826842251599e-06
164 6.815510619276338e-06
165 6.601468278447114e-06
166 6.766170521998543e-06
167 6.71572142389072e-06
168 6.733874175028983e-06
169 6.836030033010102e-06
170 6.455297522995718e-06
171 6.507415026893094e-06
172 6.742386065432255e-06
173 6.64328652535714e-06
174 6.620597822323476e-06
175 6.653992410488008e-06
176 6.521544623788967e-06
177 6.635276407632113e-06
178 6.8461846228927584e-06
179 6.867550814333953e-06
180 6.801720858847913e-06
181 6.579746761076598e-06
182 6.505706335899091e-06
183 6.593207816288034e-06
184 6.516579267425058e-06
185 6.560216001254819e-06
186 6.6826153165853144e-06
187 6.581761578667124e-06
188 6.854652062377359e-06
189 6.657020141538343e-06
190 6.7190851021780515e-06
191 6.6461565671126474e-06
192 6.596253236624041e-06
193 6.6583285884381975e-06
194 6.786471011702239e-06
195 6.744098047189506e-06
196 6.6860685541732355e-06
197 6.683869168822257e-06
198 6.757680174020138e-06
199 6.523800211956793e-06
200 6.826708922280249e-06
201 6.550430835576379e-06
202 6.71910750490733e-06
203 6.762206907171317e-06
204 6.875566076545026e-06
205 6.634090877919421e-06
206 6.771841637272162e-06
207 6.787867748705597e-06
208 6.8577523141892715e-06
209 6.605627333375935e-06
210 6.47268915550637e-06
211 6.632373578388313e-06
212 6.719990145991467e-06
213 6.83600813251891e-06
214 6.490772007233191e-06
215 6.675121120292757e-06
216 6.626153603056929e-06
217 6.752044548091511e-06
218 6.720383110868635e-06
219 6.619829706600758e-06
220 6.899599904109324e-06
221 6.8324116979109666e-06
222 6.588223285430142e-06
223 6.653473701272931e-06
224 6.532510853025279e-06
225 6.861108792635112e-06
226 6.8668390550677634e-06
227 6.741797966717897e-06
228 6.770865452988151e-06
229 6.641022598984417e-06
230 6.511101747544838e-06
231 6.720755662984671e-06
232 6.8213757164269665e-06
233 6.7664284474538535e-06
234 6.552945278754942e-06
235 6.7145274391039055e-06
236 6.807476362357031e-06
237 6.66114809437441e-06
238 6.603212676057839e-06
239 6.63273155233727e-06
240 6.8099632364335005e-06
241 6.65194247519578e-06
242 6.839053362809733e-06
243 6.737949121529395e-06
244 6.608184933466335e-06
245 6.724505208204934e-06
246 6.588493779713762e-06
247 6.610074979735882e-06
248 6.6084987967345984e-06
249 6.72346909690245e-06
250 6.58941045932895e-06
251 6.829700185080602e-06
252 6.580763876410387e-06
253 6.849910939581056e-06
254 6.71640255118082e-06
255 6.598921929580742e-06
256 6.886038693024853e-06
257 6.820490830825098e-06
258 6.8317115869020465e-06
259 6.525164251754674e-06
260 6.910034592095282e-06
261 6.396666627550946e-06
262 6.618247427132631e-06
263 6.790715813916356e-06
264 6.757543639872553e-06
265 6.777638264761717e-06
266 6.828794025591631e-06
267 6.7475028002553925e-06
268 6.72881949373909e-06
269 6.733517536323307e-06
270 6.6361569599631615e-06
271 6.415444706369661e-06
272 6.7510278909093335e-06
273 6.776216191357109e-06
274 6.595800986979348e-06
275 6.822698714957737e-06
276 6.876116508124803e-06
277 6.633951569335225e-06
278 6.7147989633833e-06
279 6.5150259635854765e-06
280 6.590624709395039e-06
281 6.699353580045132e-06
282 6.530026956212722e-06
283 6.401922469068696e-06
284 6.580569119881391e-06
285 6.592572853564963e-06
286 6.7079543503750965e-06
287 6.63326032910699e-06
288 6.656897050875565e-06
289 6.5904907737140675e-06
290 6.8136022059706054e-06
291 6.582786307327911e-06
292 6.697917265413995e-06
293 6.618137962500047e-06
294 6.639111872267253e-06
295 6.814103961454767e-06
296 6.63642842045353e-06
297 6.840906554389102e-06
298 6.730080009584105e-06
299 6.478023185187558e-06
