0 -5.221817730599553e-06
1 -5.413130506621364e-06
2 -5.417581328871667e-06
3 -5.374008410940619e-06
4 -5.367603672953263e-06
5 -5.543828906103567e-06
6 -5.576882602213457e-06
7 -5.312767572021968e-06
8 -5.212118145582894e-06
9 -5.448787476391764e-06
10 -5.432588257525949e-06
11 -5.375456838301866e-06
12 -5.3349710806778016e-06
13 -5.355290387335133e-06
14 -5.114891778091823e-06
15 -5.508030100310805e-06
16 -5.337258937983353e-06
17 -5.3829311461138724e-06
18 -5.531775317505068e-06
19 -5.376627223276095e-06
20 -5.3200381102469e-06
21 -5.265401481497458e-06
22 -5.369948823347316e-06
23 -5.406304264217621e-06
24 -5.506471402798854e-06
25 -5.27587976887461e-06
26 -5.307889456438545e-06
27 -5.322022357939928e-06
28 -5.3658348112133055e-06
29 -5.633331969228287e-06
30 -5.410437486982269e-06
31 -5.626680694519907e-06
32 -5.381787801299371e-06
33 -5.28998998168462e-06
34 -5.221829282680521e-06
35 -5.264300676271492e-06
36 -5.211467790692575e-06
37 -5.3461965214313745e-06
38 -5.378129663884685e-06
39 -5.343068183767731e-06
40 -5.297062401517918e-06
41 -5.250464421455943e-06
42 -5.442811545769872e-06
43 -5.414495585645865e-06
44 -5.346518340439047e-06
45 -5.546412028875752e-06
46 -5.302402937488221e-06
47 -5.556598878957687e-06
48 -5.530960916414761e-06
49 -5.3343690590556245e-06
50 -5.476998182728562e-06
51 -5.346213420620256e-06
52 -5.2797276564271765e-06
53 -5.306379297109555e-06
54 -5.356915651107007e-06
55 -5.457265971952485e-06
56 -5.337754230285116e-06
57 -5.282326894298559e-06
58 -5.560313552098207e-06
59 -5.351571602192531e-06
60 -5.196819989537279e-06
61 -5.145337793973189e-06
62 -5.303899541896564e-06
63 -5.367826793070254e-06
64 -5.518941909974837e-06
65 -5.088923002306407e-06
66 -5.167505941788185e-06
67 -5.526595539404686e-06
68 -5.307460228170286e-06
69 -5.3652993393580725e-06
70 -5.370959136692403e-06
71 -5.180613500889468e-06
72 -5.354903377110491e-06
73 -5.386894910981061e-06
74 -5.648850042876453e-06
75 -5.354488932460689e-06
76 -5.299232258916695e-06
77 -5.343467407195984e-06
78 -5.288347254286449e-06
79 -5.2720576649191e-06
80 -5.538277846823854e-06
81 -5.4666520860166854e-06
82 -5.423996629914673e-06
83 -5.1892544893073205e-06
84 -5.485041339498017e-06
85 -5.395791589106383e-06
86 -5.297597167099738e-06
87 -5.406857037868538e-06
88 -5.471060147359912e-06
89 -5.2743017593469e-06
90 -5.312356598062857e-06
91 -5.6201787578737135e-06
92 -5.345254500874202e-06
93 -5.4815354136272164e-06
94 -5.376210338319572e-06
95 -5.330529674082495e-06
96 -5.3510823938467495e-06
97 -5.404614346888095e-06
98 -5.3961746717987735e-06
99 -5.308269184127373e-06
100 -5.361964649717786e-06
101 -5.334483530242745e-06
102 -5.282573903433904e-06
103 -5.549785607950618e-06
104 -5.315770017479592e-06
105 -5.334325665310474e-06
106 -5.562736294361947e-06
107 -5.312720072664745e-06
108 -5.156575227994369e-06
109 -5.503083995066579e-06
110 -5.535903327895869e-06
111 -5.365587944917134e-06
112 -5.287752132091524e-06
113 -5.5764223230014995e-06
114 -5.436746560103676e-06
115 -5.268533101560424e-06
116 -5.465321971562888e-06
117 -5.298259578569554e-06
118 -5.384894115722677e-06
119 -5.256704611424714e-06
120 -5.3119826668444865e-06
121 -5.309580671972534e-06
122 -5.255880717057756e-06
123 -5.208986034388856e-06
124 -5.3925530227352634e-06
125 -5.300732185013188e-06
126 -5.675237011652519e-06
127 -5.2727282608543995e-06
128 -5.385147103052849e-06
129 -5.469190815644654e-06
130 -5.350504910126238e-06
131 -5.403207991580077e-06
132 -5.524281977013372e-06
133 -5.084416576035436e-06
134 -5.36354475595974e-06
135 -5.299125256667901e-06
136 -5.230908155535711e-06
137 -5.487847557619186e-06
138 -5.363036601044063e-06
139 -5.440975777727061e-06
140 -5.4436171037705626e-06
141 -5.4415262329981536e-06
142 -5.298076842766959e-06
143 -5.279336122426274e-06
144 -5.349007064817736e-06
145 -5.289839247712629e-06
146 -5.562482408615802e-06
147 -5.344007830292847e-06
148 -5.319499926502231e-06
149 -5.424362697412849e-06
150 -5.295471606476598e-06
151 -5.491423417344931e-06
152 -5.400707091453376e-06
153 -5.278953695359422e-06
154 -5.4335996990127485e-06
155 -5.343728838045714e-06
156 -5.3295504799046196e-06
157 -5.295935409200128e-06
158 -5.496645534812765e-06
159 -5.3300109703189735e-06
160 -5.405752724901332e-06
161 -5.314709685600251e-06
162 -5.393300603952516e-06
163 -5.216057843448138e-06
164 -5.5019903831575375e-06
165 -5.139700670090018e-06
166 -5.504183577447358e-06
167 -5.407131423902349e-06
168 -5.515609656191967e-06
169 -5.586213754392537e-06
170 -5.113165027722971e-06
171 -5.189396219115385e-06
172 -5.324027165294632e-06
173 -5.258654661783405e-06
174 -5.266039986844701e-06
175 -5.344947642002633e-06
176 -5.097017718346498e-06
177 -5.295890092021058e-06
178 -5.488046763806803e-06
179 -5.365640096282354e-06
180 -5.520286121600411e-06
181 -5.324260896099024e-06
182 -5.111179195529203e-06
183 -5.112776075226049e-06
184 -5.132455574151763e-06
185 -5.244457630570844e-06
186 -5.391183110830356e-06
187 -5.293655014856864e-06
188 -5.437469906969087e-06
189 -5.3674401503687e-06
190 -5.462659990071109e-06
191 -5.2982120059223034e-06
192 -5.368452361705258e-06
193 -5.229854126662331e-06
194 -5.455079550889978e-06
195 -5.4173113676517385e-06
196 -5.30242854487755e-06
197 -5.2826472085838625e-06
198 -5.551531241550614e-06
199 -5.2166911685992696e-06
200 -5.412649941689473e-06
201 -5.272610786139951e-06
202 -5.391926849067752e-06
203 -5.400372647807329e-06
204 -5.557643369220669e-06
205 -5.2520897880666825e-06
206 -5.29518209140955e-06
207 -5.391422293934388e-06
208 -5.5023474711315245e-06
209 -5.124707195485002e-06
210 -5.189792664173128e-06
211 -5.286112489197776e-06
212 -5.412101876487744e-06
213 -5.539881740899357e-06
214 -5.132707281967752e-06
215 -5.425760274417077e-06
216 -5.270122153237441e-06
217 -5.328550893562915e-06
218 -5.485103458399566e-06
219 -5.352958075519535e-06
220 -5.6790163187335545e-06
221 -5.491371973468251e-06
222 -5.2941411168252925e-06
223 -5.360827662466422e-06
224 -5.296387864394213e-06
225 -5.479648997373589e-06
226 -5.428869512373033e-06
227 -5.301433417996152e-06
228 -5.526263672740954e-06
229 -5.340522072016709e-06
230 -5.085362784532453e-06
231 -5.29711606217149e-06
232 -5.563703238949248e-06
233 -5.446904456531754e-06
234 -5.165430479452721e-06
235 -5.424051335090926e-06
236 -5.465060346609904e-06
237 -5.170432921657457e-06
238 -5.3616025854040966e-06
239 -5.274387918858437e-06
240 -5.5939043607487005e-06
241 -5.371283485535446e-06
242 -5.536403353971928e-06
243 -5.543759071972471e-06
244 -5.261436728632286e-06
245 -5.413271634582314e-06
246 -5.24658855116279e-06
247 -5.274627168248259e-06
248 -5.26416609175433e-06
249 -5.3536736550294335e-06
250 -5.292233672879843e-06
251 -5.574927081069423e-06
252 -5.263182657978799e-06
253 -5.586178586178051e-06
254 -5.409516098894912e-06
255 -5.141830553336041e-06
256 -5.635471710309627e-06
257 -5.547043538006794e-06
258 -5.509756737690147e-06
259 -5.162441283974217e-06
260 -5.603480170688209e-06
261 -5.0933762488353e-06
262 -5.330959593911968e-06
263 -5.434744730925837e-06
264 -5.396741355371944e-06
265 -5.397514218913239e-06
266 -5.496987233018212e-06
267 -5.485378752064683e-06
268 -5.568979379803064e-06
269 -5.362697101823895e-06
270 -5.290005184354595e-06
271 -5.0513329407960355e-06
272 -5.433793088734556e-06
273 -5.4975461198666794e-06
274 -5.317233792817347e-06
275 -5.489516378849702e-06
276 -5.5578112426906345e-06
277 -5.288772472378366e-06
278 -5.3080229912843124e-06
279 -5.288629063698519e-06
280 -5.297877555637537e-06
281 -5.451405420366641e-06
282 -5.294634068649392e-06
283 -5.172270994450259e-06
284 -5.324506032078155e-06
285 -5.201242011291359e-06
286 -5.306917740488425e-06
287 -5.32304141259971e-06
288 -5.304509824523957e-06
289 -5.281211544369095e-06
290 -5.546709539880637e-06
291 -5.204672489623429e-06
292 -5.47534808025762e-06
293 -5.31467918272205e-06
294 -5.215199923587e-06
295 -5.61344139451986e-06
296 -5.213198672784439e-06
297 -5.470781896133888e-06
298 -5.312460525493079e-06
299 -5.03063361801072e-06
