0 -9.775917532709625e-07
1 -7.530564093078305e-07
2 -7.83198402306894e-07
3 -7.771864687032971e-07
4 -9.357072801112082e-07
5 -9.234949470172073e-07
6 -6.995610720216427e-07
7 -7.89031110356669e-07
8 -1.0504248972194113e-06
9 -9.756484747079466e-07
10 -7.988864667471751e-07
11 -7.990682406552233e-07
12 -8.322660118636892e-07
13 -7.427642336159345e-07
14 -9.989892015778562e-07
15 -7.567083011717678e-07
16 -9.716680640326376e-07
17 -8.554035024920793e-07
18 -7.170300663194857e-07
19 -7.434492221384023e-07
20 -9.192874498308831e-07
21 -7.779503866492287e-07
22 -9.746467192436119e-07
23 -8.850176150033436e-07
24 -7.637630151831399e-07
25 -8.649487528628683e-07
26 -9.45597718202453e-07
27 -8.366518863783772e-07
28 -9.278187854785304e-07
29 -6.184126687914363e-07
30 -7.5274327081858e-07
31 -6.566249347300771e-07
32 -9.365147802653006e-07
33 -1.0435186729199367e-06
34 -7.978980564369599e-07
35 -1.006526859732304e-06
36 -1.0220349851189868e-06
37 -9.337375052000433e-07
38 -8.123710518730511e-07
39 -7.600747208904714e-07
40 -9.029896994531386e-07
41 -9.706034555480837e-07
42 -9.241880011723219e-07
43 -9.04625096970734e-07
44 -8.162606180826529e-07
45 -7.170615842807837e-07
46 -7.784318791099004e-07
47 -8.545343178663294e-07
48 -7.805517187651241e-07
49 -8.639440970702265e-07
50 -7.792608298888905e-07
51 -8.837394533671486e-07
52 -9.088133644553187e-07
53 -8.344460038788631e-07
54 -9.207516861694966e-07
55 -8.006027281012586e-07
56 -8.057431102923453e-07
57 -9.91663578688958e-07
58 -7.761176612610622e-07
59 -7.573298021285854e-07
60 -8.835529101837177e-07
61 -8.601313887261477e-07
62 -8.823593554777836e-07
63 -8.342097533887112e-07
64 -7.596514683835793e-07
65 -1.0237572871910263e-06
66 -9.671077541068886e-07
67 -6.38035251742773e-07
68 -1.0826239292302647e-06
69 -9.298214618252878e-07
70 -9.589422751554066e-07
71 -9.128285182332166e-07
72 -9.283310703488674e-07
73 -8.99248849872083e-07
74 -5.444452333009402e-07
75 -8.478657864389542e-07
76 -9.119274177620211e-07
77 -7.768077606319703e-07
78 -9.572043381808068e-07
79 -9.445233191496903e-07
80 -7.18602043812828e-07
81 -8.085656516125311e-07
82 -8.803630567044572e-07
83 -7.150602348565476e-07
84 -7.37767655346064e-07
85 -7.085495899918298e-07
86 -8.892052758195366e-07
87 -8.77758741356222e-07
88 -6.99393886703684e-07
89 -8.008745626586857e-07
90 -9.515019490095232e-07
91 -8.071990030075105e-07
92 -8.787841493496099e-07
93 -8.994146688686774e-07
94 -6.197142221038205e-07
95 -9.451853751981347e-07
96 -9.235825970056866e-07
97 -8.154777988357302e-07
98 -7.639915953422302e-07
99 -7.558843581435093e-07
100 -8.732392564749191e-07
101 -7.177521197222341e-07
102 -9.88735997536946e-07
103 -8.40200823336253e-07
104 -8.864937107390905e-07
105 -9.551210801891594e-07
106 -8.349613374928148e-07
107 -9.020158754977445e-07
108 -9.650736070271128e-07
109 -6.108595628164311e-07
110 -9.609580867474744e-07
111 -8.541372029549074e-07
112 -7.596966326376996e-07
113 -6.654515052612867e-07
114 -7.217713357807833e-07
115 -1.0074325372897404e-06
116 -6.888458752906054e-07
117 -8.400407967045281e-07
118 -6.817435331698372e-07
119 -1.043871859524771e-06
120 -9.80617931600151e-07
121 -9.045222892466932e-07
122 -8.27202983443787e-07
123 -9.537751726353188e-07
124 -9.251853130541292e-07
125 -8.086717482387654e-07
126 -5.343798353846184e-07
127 -9.313923968488821e-07
128 -7.692664715144563e-07
129 -5.772757280468608e-07
130 -8.519600552029566e-07
131 -9.12601562143152e-07
132 -7.466830154374159e-07
133 -1.232287325582826e-06
134 -7.913698424032967e-07
135 -8.224817011893301e-07
136 -7.805742285456468e-07
137 -7.772415518929033e-07
138 -7.344325444363873e-07
139 -7.644184557090196e-07
140 -9.213470807248601e-07
141 -7.174971982010386e-07
142 -8.289577517307514e-07
143 -8.298043345289672e-07
144 -7.372394177038286e-07
145 -8.441383171444096e-07
146 -8.475812472057053e-07
147 -9.253919527015133e-07
148 -7.818476975669605e-07
149 -8.75632072836546e-07
150 -8.337318427745223e-07
151 -6.733718702761237e-07
152 -1.0243827505793938e-06
153 -7.768250320694017e-07
154 -9.07298560698467e-07
155 -8.153311688230606e-07
156 -8.975292850969069e-07
157 -8.571132201641751e-07
158 -7.595179957825392e-07
159 -8.83823429304086e-07
160 -8.406378752587528e-07
161 -9.641096612867018e-07
162 -6.268373491233406e-07
163 -9.777507507812033e-07
164 -7.711452089743344e-07
165 -1.068395714271753e-06
166 -8.402238364758304e-07
167 -8.310045941856551e-07
168 -8.591076696981526e-07
169 -7.838452934170531e-07
170 -1.05627347939515e-06
171 -1.052314254271426e-06
172 -7.444758811394689e-07
173 -8.529522214887595e-07
174 -9.244069032852488e-07
175 -9.551906953091376e-07
176 -9.878672453677141e-07
177 -8.652210773469745e-07
178 -7.195633386197857e-07
179 -6.866746681395801e-07
180 -8.060756344848471e-07
181 -1.1109325527778754e-06
182 -9.797560203537411e-07
183 -8.376956995573766e-07
184 -1.0612138762312413e-06
185 -9.79627800075048e-07
186 -9.236297916118355e-07
187 -9.733474632948452e-07
188 -7.288278768101966e-07
189 -8.608837328842382e-07
190 -9.164238111360194e-07
191 -8.334147296494321e-07
192 -9.604974251786632e-07
193 -8.622954491908043e-07
194 -7.414271730927052e-07
195 -7.387475371537074e-07
196 -9.618799319515056e-07
197 -8.913372092836486e-07
198 -8.29909353710086e-07
199 -1.086595255402465e-06
200 -7.205375997674012e-07
201 -1.1087561944231647e-06
202 -8.381871522770996e-07
203 -6.432100781590413e-07
204 -6.710609918913021e-07
205 -8.903368888696371e-07
206 -8.123837160961184e-07
207 -8.049797696164671e-07
208 -6.330700585698694e-07
209 -9.141451347516858e-07
210 -1.0732027678651649e-06
211 -8.060518013538127e-07
212 -8.896172180531338e-07
213 -7.185257302105685e-07
214 -1.0227460576112203e-06
215 -8.408979713670014e-07
216 -8.704704774589022e-07
217 -8.323599779392572e-07
218 -8.658249987926061e-07
219 -9.937122536967936e-07
220 -5.31986404319111e-07
221 -5.936013157330508e-07
222 -8.521391983373436e-07
223 -9.446316841916566e-07
224 -1.0659579081168237e-06
225 -6.903364801611878e-07
226 -6.363995582800525e-07
227 -7.162885681082671e-07
228 -7.761874091599409e-07
229 -1.0062682381291359e-06
230 -1.0791952812077157e-06
231 -8.676742566468147e-07
232 -7.563321280273383e-07
233 -8.326355247987115e-07
234 -9.952161228566966e-07
235 -7.719212451746568e-07
236 -7.087223101454823e-07
237 -8.921222574444061e-07
238 -9.825635899979925e-07
239 -8.873732360669868e-07
240 -8.558840084818035e-07
241 -9.460761635066239e-07
242 -7.077710544409437e-07
243 -8.23655001794168e-07
244 -7.970843492572743e-07
245 -8.50729921289931e-07
246 -9.650707617815056e-07
247 -8.857974356154273e-07
248 -9.371874297966528e-07
249 -7.923251076605711e-07
250 -9.912654773378011e-07
251 -7.901525697873249e-07
252 -9.373072600357973e-07
253 -6.721161584491896e-07
254 -8.701031947793201e-07
255 -9.88001232494784e-07
256 -6.252890815265872e-07
257 -7.709647626604059e-07
258 -6.498671411111914e-07
259 -9.89949434394593e-07
260 -6.116523934490469e-07
261 -1.2784434364902304e-06
262 -8.721911898285582e-07
263 -7.373989458818477e-07
264 -7.874714152445714e-07
265 -7.632658208034741e-07
266 -7.738697015130556e-07
267 -8.127714736373333e-07
268 -8.307072718467669e-07
269 -8.297334986291251e-07
270 -9.423935780909299e-07
271 -1.0515317697070516e-06
272 -8.612030775314477e-07
273 -7.727720924269599e-07
274 -9.32340873819826e-07
275 -6.454390347241831e-07
276 -7.49344880323697e-07
277 -9.141081794521695e-07
278 -7.990716642173321e-07
279 -1.064594188939071e-06
280 -9.876476018295854e-07
281 -8.513907659790423e-07
282 -1.041051945408237e-06
283 -1.0993956775545835e-06
284 -9.589382126641396e-07
285 -9.223005324928542e-07
286 -8.22618730020847e-07
287 -8.884909227443115e-07
288 -9.08710544866167e-07
289 -1.0298272371225785e-06
290 -7.750204832433755e-07
291 -1.0111228038380501e-06
292 -8.763978194175877e-07
293 -9.53988437352052e-07
294 -8.638250707680513e-07
295 -7.84939109190433e-07
296 -8.169798643367709e-07
297 -6.607438559131398e-07
298 -7.441841775010542e-07
299 -1.1015056319927198e-06
