0 -2.2305864647084985e-06
1 -2.1863159463850813e-06
2 -2.157691406745615e-06
3 -2.1389124348614685e-06
4 -2.181499420772806e-06
5 -2.068183611310601e-06
6 -2.0947830514658112e-06
7 -2.229529449412535e-06
8 -2.1817022580832707e-06
9 -2.031211755226164e-06
10 -2.161586859106666e-06
11 -2.2587024294866246e-06
12 -2.253822149684379e-06
13 -2.2672262506327343e-06
14 -2.2159299084790843e-06
15 -2.1295559722288754e-06
16 -2.1739234076564064e-06
17 -2.202515392020046e-06
18 -2.1245975823100783e-06
19 -2.205721509853289e-06
20 -2.1774644471380623e-06
21 -2.2365863656170316e-06
22 -2.099096868919215e-06
23 -2.1536139985575355e-06
24 -2.1902605548290973e-06
25 -2.1748800517283326e-06
26 -2.229013997840026e-06
27 -2.2462121420544384e-06
28 -2.2162854514559525e-06
29 -2.123515296087309e-06
30 -2.1835467220678755e-06
31 -2.0876015891002987e-06
32 -2.1502832105588595e-06
33 -2.1720445265876525e-06
34 -2.2439167942934664e-06
35 -2.2279971585170155e-06
36 -2.3172328793009753e-06
37 -2.1856958460742844e-06
38 -2.2262472515057955e-06
39 -2.2169948078952994e-06
40 -2.1872180177210898e-06
41 -2.238773632965058e-06
42 -2.0691990441511644e-06
43 -2.1161400175457964e-06
44 -2.2259792555218297e-06
45 -2.1232818772286903e-06
46 -2.1973991390861677e-06
47 -2.045992630720512e-06
48 -2.092994083885604e-06
49 -2.1874136249252093e-06
50 -2.219485191651339e-06
51 -2.159409771448171e-06
52 -2.1699158867964507e-06
53 -2.2444062070374387e-06
54 -2.121988878491876e-06
55 -2.177873929741534e-06
56 -2.2041349842152883e-06
57 -2.2085115326538603e-06
58 -2.0739710569057874e-06
59 -2.215023539755175e-06
60 -2.303947359704884e-06
61 -2.3281489863314544e-06
62 -2.1483468573088272e-06
63 -2.104465190959017e-06
64 -2.1355360531339074e-06
65 -2.311236350169271e-06
66 -2.277013472078685e-06
67 -2.2189877791282375e-06
68 -2.1202769224620177e-06
69 -2.105723558256675e-06
70 -2.1308020237361977e-06
71 -2.2113690157315867e-06
72 -2.140182898235723e-06
73 -2.1860104008628957e-06
74 -2.088797366631147e-06
75 -2.1227256173997272e-06
76 -2.206681382733825e-06
77 -2.264473712470633e-06
78 -2.221955839722744e-06
79 -2.1629405594653734e-06
80 -2.0881687527333246e-06
81 -2.1155307128947962e-06
82 -2.1915523384489503e-06
83 -2.3163860948262693e-06
84 -2.137226965957992e-06
85 -2.22881852949507e-06
86 -2.2250506114594067e-06
87 -2.1237224262793188e-06
88 -2.050696385665751e-06
89 -2.3073193114590662e-06
90 -2.2017163928724484e-06
91 -2.0612606973269633e-06
92 -2.210485340654052e-06
93 -2.1075157279887353e-06
94 -2.2937574547162777e-06
95 -2.1349339489057264e-06
96 -2.1916023077003043e-06
97 -2.150282643132984e-06
98 -2.170161829550413e-06
99 -2.19070100110017e-06
100 -2.153364398650807e-06
101 -2.1990828467589535e-06
102 -2.1677530037176606e-06
103 -2.0468431809568715e-06
104 -2.2084104642251834e-06
105 -2.1487187935038785e-06
106 -2.096978664998242e-06
107 -2.1846254578409353e-06
108 -2.253030522223848e-06
109 -2.164820754648526e-06
110 -2.0991189343592155e-06
111 -2.2261267443405e-06
112 -2.289572081587549e-06
113 -2.176975381655381e-06
114 -2.1131985831656216e-06
115 -2.2197891392169755e-06
116 -2.2287450404947514e-06
117 -2.2440644644870046e-06
118 -2.258728597773394e-06
119 -2.156221525920359e-06
120 -2.2194498714163413e-06
121 -2.257730313411574e-06
122 -2.2618989500181207e-06
123 -2.212412748898763e-06
124 -2.1790829657647767e-06
125 -2.1857925273639497e-06
126 -2.052802517347179e-06
127 -2.1929632069893075e-06
128 -2.2082018204498123e-06
129 -2.237599193248776e-06
130 -2.206524355409063e-06
131 -2.188692458589393e-06
132 -2.1312241997279353e-06
133 -2.2551122808622942e-06
134 -2.1792983881012337e-06
135 -2.2362602998857116e-06
136 -2.2855017702894987e-06
137 -2.100075090266303e-06
138 -2.1597798597733664e-06
139 -2.1584635488347176e-06
140 -2.1108941548235047e-06
141 -2.1806972697292597e-06
142 -2.2670614375853832e-06
143 -2.1598361490915086e-06
144 -2.2322964648982595e-06
145 -2.2625284815430763e-06
146 -2.0752150906811377e-06
147 -2.2267286495075835e-06
148 -2.2303928108809658e-06
149 -2.1813313441808555e-06
150 -2.2481681694718456e-06
151 -2.108247627734974e-06
152 -2.1623944376489673e-06
153 -2.181027740439477e-06
154 -2.1043437214480423e-06
155 -2.2117177960113508e-06
156 -2.1534577885867507e-06
157 -2.2240097848097187e-06
158 -2.141314069905303e-06
159 -2.1861882697114167e-06
160 -2.19669416876231e-06
161 -2.197818580966024e-06
162 -2.251149925562989e-06
163 -2.271686110226042e-06
164 -2.1172683366600165e-06
165 -2.331401070904927e-06
166 -2.0489116800152496e-06
167 -2.1241357326485275e-06
168 -2.0830651506423436e-06
169 -2.1300988041122086e-06
170 -2.2397181301885227e-06
171 -2.213639305164438e-06
172 -2.19426681995058e-06
173 -2.245983132200123e-06
174 -2.179473280115945e-06
175 -2.158659657438023e-06
176 -2.3096111672404306e-06
177 -2.2336996287876096e-06
178 -2.1229086033801226e-06
179 -2.3175815991746043e-06
180 -2.104053705945535e-06
181 -2.1418692413333836e-06
182 -2.309968375453536e-06
183 -2.327197003521609e-06
184 -2.2786526359908504e-06
185 -2.215013618070916e-06
186 -2.1162695663346397e-06
187 -2.1593487279868883e-06
188 -2.2288914988074204e-06
189 -2.2232920500294832e-06
190 -2.191575698814417e-06
191 -2.207856428219237e-06
192 -2.1076074048934314e-06
193 -2.2209989578460804e-06
194 -2.139049227633191e-06
195 -2.0905809555085374e-06
196 -2.2970928886444392e-06
197 -2.2464509338502883e-06
198 -2.0595706599754416e-06
199 -2.2099961855344423e-06
200 -2.2256004088653883e-06
201 -2.1476473969392405e-06
202 -2.1347047656020353e-06
203 -2.172377373562808e-06
204 -2.1212891255313393e-06
205 -2.196361231471199e-06
206 -2.2484195645255426e-06
207 -2.2047324339991733e-06
208 -2.107730560959813e-06
209 -2.2846667811460763e-06
210 -2.222176126281221e-06
211 -2.242838860267447e-06
212 -2.164804224377971e-06
213 -2.1714159302123317e-06
214 -2.1545149769927476e-06
215 -2.0792597840231278e-06
216 -2.1865559011748894e-06
217 -2.2102982427107695e-06
218 -2.087479409368187e-06
219 -2.1936938028718066e-06
220 -2.0139885710198814e-06
221 -2.1129285685558857e-06
222 -2.1430826390643106e-06
223 -2.169354886986285e-06
224 -2.180742430986103e-06
225 -2.1291953425217517e-06
226 -2.2469016160795914e-06
227 -2.2264493455776364e-06
228 -2.090317138336857e-06
229 -2.12762783893946e-06
230 -2.2854016121578582e-06
231 -2.2388211707195795e-06
232 -2.1263077804612337e-06
233 -2.1398602756592585e-06
234 -2.2674124131645752e-06
235 -2.097045233753552e-06
236 -2.188795691532467e-06
237 -2.3103138143539607e-06
238 -2.1254855796837234e-06
239 -2.217499722940197e-06
240 -2.0509609669805173e-06
241 -2.178419032433681e-06
242 -2.173115106577368e-06
243 -2.07826092321227e-06
244 -2.2007512927403768e-06
245 -2.1707018771062524e-06
246 -2.229396066239579e-06
247 -2.1353208355799046e-06
248 -2.2017541303754724e-06
249 -2.1597747475933686e-06
250 -2.241168601399552e-06
251 -2.0866065658011513e-06
252 -2.1930000401654215e-06
253 -2.0665973270763003e-06
254 -2.2489301648962205e-06
255 -2.2799098208772458e-06
256 -2.10771171649023e-06
257 -2.0761057577062183e-06
258 -2.1198832571267563e-06
259 -2.21414621679542e-06
260 -2.04589500872094e-06
261 -2.2277649845214145e-06
262 -2.1944453367492695e-06
263 -2.210951625849987e-06
264 -2.2148759735579996e-06
265 -2.192401557725403e-06
266 -2.130321546758687e-06
267 -2.0650227731976078e-06
268 -2.0905288031477053e-06
269 -2.225155319754636e-06
270 -2.231486749333604e-06
271 -2.2544198519708845e-06
272 -2.2097251530420157e-06
273 -2.1405360750181386e-06
274 -2.1955928701532024e-06
275 -2.107789867207637e-06
276 -2.1242339208475633e-06
277 -2.116962439051797e-06
278 -2.2000631208544965e-06
279 -2.093897140513205e-06
280 -2.214157446727246e-06
281 -2.1503158385252867e-06
282 -2.18402269098863e-06
283 -2.176956029846405e-06
284 -2.166723403972298e-06
285 -2.235830225761576e-06
286 -2.2481184700751005e-06
287 -2.1686763933050707e-06
288 -2.189334424618485e-06
289 -2.181602299993826e-06
290 -2.0884404050597333e-06
291 -2.217049765098099e-06
292 -2.0427639457741006e-06
293 -2.2262499738117844e-06
294 -2.2187515068764693e-06
295 -2.016105029931108e-06
296 -2.275648887908148e-06
297 -2.1479168764389088e-06
298 -2.2104321020547364e-06
299 -2.3551270846146546e-06
