0 -7.375012903930671e-06
1 -7.143419593160305e-06
2 -7.206272124420223e-06
3 -7.212339167392617e-06
4 -7.388026704462769e-06
5 -7.474257526846339e-06
6 -7.0999898114318845e-06
7 -7.153056757697107e-06
8 -7.398626969054934e-06
9 -7.381923335260734e-06
10 -7.234987838041514e-06
11 -7.235212081125029e-06
12 -7.209389676821453e-06
13 -7.136896506516563e-06
14 -7.281289045470541e-06
15 -7.232356893383914e-06
16 -7.416250582602374e-06
17 -7.29304222545935e-06
18 -7.16938786857147e-06
19 -7.091607454188816e-06
20 -7.289759075390267e-06
21 -7.163398008619882e-06
22 -7.416247278816036e-06
23 -7.316476613330554e-06
24 -7.227655147793566e-06
25 -7.203731371668618e-06
26 -7.400598477469298e-06
27 -7.212105709058895e-06
28 -7.366306013037281e-06
29 -7.158079508630596e-06
30 -7.11143931278533e-06
31 -7.1448044628985004e-06
32 -7.355632683630054e-06
33 -7.515669610639145e-06
34 -7.09356835129784e-06
35 -7.409960292740445e-06
36 -7.440757002764969e-06
37 -7.368841961583773e-06
38 -7.2927029340234776e-06
39 -7.109826446690033e-06
40 -7.294121671171101e-06
41 -7.334882358091753e-06
42 -7.379868866346694e-06
43 -7.350799967231018e-06
44 -7.2110751243473185e-06
45 -7.1892237680672124e-06
46 -7.10116444629602e-06
47 -7.383519387838193e-06
48 -7.279735383663244e-06
49 -7.227928812687769e-06
50 -7.221274574650372e-06
51 -7.257998910752934e-06
52 -7.27836449019115e-06
53 -7.2690580544206e-06
54 -7.325245757313871e-06
55 -7.238762616516894e-06
56 -7.22409137501548e-06
57 -7.351337303007983e-06
58 -7.2794199152019035e-06
59 -7.08047803832554e-06
60 -7.216192868401365e-06
61 -7.16588327409111e-06
62 -7.285871247251695e-06
63 -7.255875323790483e-06
64 -7.261443103770653e-06
65 -7.2978099226684115e-06
66 -7.299169550574085e-06
67 -7.1234704285141434e-06
68 -7.5317509408448586e-06
69 -7.362631210482295e-06
70 -7.370216596470372e-06
71 -7.201474957087917e-06
72 -7.3406472065060454e-06
73 -7.352169493350548e-06
74 -7.063978203038038e-06
75 -7.243158392383549e-06
76 -7.308634445286492e-06
77 -7.223555037580002e-06
78 -7.314630633395925e-06
79 -7.358774687480602e-06
80 -7.204104638947867e-06
81 -7.284818975995874e-06
82 -7.360649225536625e-06
83 -6.977881973912269e-06
84 -7.1749609509144245e-06
85 -7.135398415844683e-06
86 -7.295587447827134e-06
87 -7.351734499995274e-06
88 -7.174676187253283e-06
89 -7.1518498476961916e-06
90 -7.373280514415481e-06
91 -7.339588936162009e-06
92 -7.3080542126917785e-06
93 -7.359283913834913e-06
94 -6.99100325945232e-06
95 -7.3477636660323875e-06
96 -7.3331682450593265e-06
97 -7.220471234764941e-06
98 -7.200568858393659e-06
99 -7.143937010925891e-06
100 -7.3030940348369945e-06
101 -7.0575717996447436e-06
102 -7.397906440947725e-06
103 -7.322273885972021e-06
104 -7.267922288023193e-06
105 -7.33203543670165e-06
106 -7.350883181475183e-06
107 -7.310559296929076e-06
108 -7.2923144936327484e-06
109 -7.017716200737742e-06
110 -7.521971317498625e-06
111 -7.270654449373818e-06
112 -7.1228129578030305e-06
113 -7.178473844556814e-06
114 -7.1040974824733875e-06
115 -7.376353429237078e-06
116 -7.11900739648255e-06
117 -7.2253711785658245e-06
118 -7.074289667623194e-06
119 -7.415929811250334e-06
120 -7.388048300646575e-06
121 -7.3452556799199486e-06
122 -7.173022562773995e-06
123 -7.262840664881149e-06
124 -7.351902572686506e-06
125 -7.164112498138597e-06
126 -7.0052093924604205e-06
127 -7.297259998595263e-06
128 -7.176630013237315e-06
129 -6.937251697575501e-06
130 -7.3042891489970845e-06
131 -7.372362249744824e-06
132 -7.219467404414723e-06
133 -7.6131428209595874e-06
134 -7.2147453241899186e-06
135 -7.171300864282947e-06
136 -7.109031055293872e-06
137 -7.227935155786814e-06
138 -7.1128248982413555e-06
139 -7.151462311298456e-06
140 -7.378312880500747e-06
141 -7.103236112831021e-06
142 -7.212038171294249e-06
143 -7.154358981358644e-06
144 -7.07825283974267e-06
145 -7.232131705510855e-06
146 -7.3607111145832525e-06
147 -7.330430540187761e-06
148 -7.144311321534737e-06
149 -7.344224991431402e-06
150 -7.212201280850308e-06
151 -7.047515404847734e-06
152 -7.526821742462316e-06
153 -7.12985666476923e-06
154 -7.3715410096461714e-06
155 -7.15465785607345e-06
156 -7.342870679487145e-06
157 -7.2084876458627484e-06
158 -7.227491738164201e-06
159 -7.280269216836155e-06
160 -7.270188226276717e-06
161 -7.359367623621039e-06
162 -6.997882136642557e-06
163 -7.341356005098097e-06
164 -7.2572212949291275e-06
165 -7.479425461898455e-06
166 -7.339773894938645e-06
167 -7.250803117875118e-06
168 -7.328501661493668e-06
169 -7.28779612645409e-06
170 -7.352257073292166e-06
171 -7.395350370145142e-06
172 -7.11243634207101e-06
173 -7.182439613219151e-06
174 -7.307618597648845e-06
175 -7.385619244817042e-06
176 -7.26311112359738e-06
177 -7.205011006992533e-06
178 -7.190168388732042e-06
179 -7.110529218781734e-06
180 -7.303242549235549e-06
181 -7.59459239011919e-06
182 -7.244182853612543e-06
183 -7.076041602878565e-06
184 -7.401291889703194e-06
185 -7.320235745317111e-06
186 -7.377331011253694e-06
187 -7.367300496317269e-06
188 -7.1935023318023044e-06
189 -7.2096448096871154e-06
190 -7.391275130757215e-06
191 -7.160676532880251e-06
192 -7.3678050160157866e-06
193 -7.225049190167091e-06
194 -7.1729715734407696e-06
195 -7.121510665267648e-06
196 -7.403054858143245e-06
197 -7.301115908168716e-06
198 -7.318351209384717e-06
199 -7.464973382574346e-06
200 -7.139317439787641e-06
201 -7.553715709971646e-06
202 -7.255704343517582e-06
203 -6.966718766922776e-06
204 -7.1335686787109e-06
205 -7.267388761106602e-06
206 -7.256053354713465e-06
207 -7.274351405011105e-06
208 -7.049351993795653e-06
209 -7.227189043699123e-06
210 -7.387822961151129e-06
211 -7.090196712649719e-06
212 -7.353437011797093e-06
213 -7.171705171491018e-06
214 -7.33870721213446e-06
215 -7.239411530733812e-06
216 -7.210867347560861e-06
217 -7.2721201115569166e-06
218 -7.32216244805601e-06
219 -7.420916160050154e-06
220 -6.945905320228884e-06
221 -6.965804629845161e-06
222 -7.159169682824943e-06
223 -7.376797650758038e-06
224 -7.456735873063833e-06
225 -7.15570131470642e-06
226 -7.043612436532599e-06
227 -7.048240267738955e-06
228 -7.233322029450681e-06
229 -7.469599729134623e-06
230 -7.422521122301376e-06
231 -7.3029376911518e-06
232 -7.233059087737974e-06
233 -7.31848385157766e-06
234 -7.321071965211547e-06
235 -7.151517925868417e-06
236 -7.137471257135073e-06
237 -7.285417862338911e-06
238 -7.40023334469716e-06
239 -7.2407860398262206e-06
240 -7.400669601441495e-06
241 -7.377769637132472e-06
242 -7.1379973849541664e-06
243 -7.258678675079452e-06
244 -7.057374777081467e-06
245 -7.281754650926406e-06
246 -7.3335469384920245e-06
247 -7.236428836941355e-06
248 -7.3038835723407594e-06
249 -7.1833585176680505e-06
250 -7.384002774696085e-06
251 -7.308155839736989e-06
252 -7.281213197097624e-06
253 -7.133647529939643e-06
254 -7.306799511584434e-06
255 -7.355007557913545e-06
256 -7.0904953475483025e-06
257 -7.2817288054654195e-06
258 -7.07488518549588e-06
259 -7.307464918569172e-06
260 -7.0905353876910695e-06
261 -7.667013196598848e-06
262 -7.212142593998847e-06
263 -7.150693180776042e-06
264 -7.206386563502972e-06
265 -7.1838139834988805e-06
266 -7.2563887721247e-06
267 -7.267905989554009e-06
268 -7.267885596184402e-06
269 -7.239876974918641e-06
270 -7.329796421978244e-06
271 -7.2776756225014355e-06
272 -7.330186307240363e-06
273 -7.203826652900271e-06
274 -7.27214608367608e-06
275 -7.058806812213133e-06
276 -7.280665547417475e-06
277 -7.3111151532226735e-06
278 -7.17254471518999e-06
279 -7.476467329374785e-06
280 -7.378937098801503e-06
281 -7.26800532063655e-06
282 -7.39590431681469e-06
283 -7.370284484928899e-06
284 -7.326185267866081e-06
285 -7.2508254387687225e-06
286 -7.187215308998417e-06
287 -7.23894912440424e-06
288 -7.307904007761723e-06
289 -7.435332265947662e-06
290 -7.270222096637074e-06
291 -7.403875362276945e-06
292 -7.333698567118826e-06
293 -7.337777983018369e-06
294 -7.195318926331159e-06
295 -7.294840550855619e-06
296 -7.107854392650699e-06
297 -7.0770789775986615e-06
298 -7.088409411172114e-06
299 -7.416227639394423e-06
