0 -1.0519690320241567e-06
1 -1.3308382122115748e-06
2 -1.220179262038775e-06
3 -1.1235262255386622e-06
4 -1.1481589479292459e-06
5 -1.1417318834044973e-06
6 -1.4729698944956574e-06
7 -1.233196956319064e-06
8 -1.0501462387742327e-06
9 -1.1701826123226548e-06
10 -1.1958363044920705e-06
11 -1.2439887758675465e-06
12 -1.2652401278389876e-06
13 -1.2619282152223014e-06
14 -1.0340824464007972e-06
15 -1.2599987242057877e-06
16 -1.070040272380583e-06
17 -1.1527760916680322e-06
18 -1.3567653962763959e-06
19 -1.34010261883246e-06
20 -1.1728261201550586e-06
21 -1.1276747204162746e-06
22 -1.0401374631338118e-06
23 -1.1847424213219688e-06
24 -1.3478514978903817e-06
25 -1.1701880549175286e-06
26 -1.0655159965963377e-06
27 -1.2344603272750343e-06
28 -1.1667656511020177e-06
29 -1.3567756563781016e-06
30 -1.3252628214728203e-06
31 -1.361383864090343e-06
32 -1.1848694585179185e-06
33 -9.815004554202904e-07
34 -1.2024268359085546e-06
35 -1.050226147018477e-06
36 -1.0582392085082297e-06
37 -1.077382398254839e-06
38 -1.103505804827343e-06
39 -1.2827416600903163e-06
40 -1.11580918956058e-06
41 -1.1156123867194223e-06
42 -1.1097091583693158e-06
43 -1.1228038097168256e-06
44 -1.2205100869535805e-06
45 -1.3178390832925642e-06
46 -1.2632436217879678e-06
47 -1.2080484134609834e-06
48 -1.2092566029658866e-06
49 -1.2524643526185246e-06
50 -1.3762445333853046e-06
51 -1.1934256708590268e-06
52 -1.0988653576959701e-06
53 -1.0847554250222731e-06
54 -1.1096077015348295e-06
55 -1.2729756087981286e-06
56 -1.1519579358230665e-06
57 -1.1579466853328378e-06
58 -1.2246072950746117e-06
59 -1.3711959164377486e-06
60 -1.197194653720676e-06
61 -1.1720369563154698e-06
62 -1.0488254055322155e-06
63 -1.091211732927124e-06
64 -1.2533234226871849e-06
65 -1.0887973887841163e-06
66 -1.0834900089051056e-06
67 -1.3810133262868139e-06
68 -9.450490116195806e-07
69 -1.0878852552555447e-06
70 -1.1573455724295358e-06
71 -1.1077622795989062e-06
72 -1.0902947972923217e-06
73 -1.1731838030291742e-06
74 -1.3657640616615671e-06
75 -1.1372570759081571e-06
76 -1.149965952055187e-06
77 -1.1487395042999708e-06
78 -1.1724110235082226e-06
79 -9.922714580981273e-07
80 -1.2419137469148464e-06
81 -1.1732460887864501e-06
82 -1.1649024453829924e-06
83 -1.3102581999280718e-06
84 -1.2853477506540312e-06
85 -1.2435411971266438e-06
86 -1.0858200157226626e-06
87 -1.0952802838486432e-06
88 -1.1195248423783213e-06
89 -1.246292401071525e-06
90 -1.1006969214331858e-06
91 -1.266809781309539e-06
92 -1.1592076743820813e-06
93 -1.2144633921436235e-06
94 -1.3858129388137482e-06
95 -1.0871365801563244e-06
96 -1.1856936244528766e-06
97 -1.2142598260369642e-06
98 -1.1771754596689366e-06
99 -1.1342194110733697e-06
100 -1.1115764816797446e-06
101 -1.2423781494397026e-06
102 -1.0139256477188607e-06
103 -1.25231370557832e-06
104 -1.184593317497448e-06
105 -1.129660883946621e-06
106 -1.24287474343703e-06
107 -1.097250125673227e-06
108 -1.0410969055063863e-06
109 -1.3729862306696353e-06
110 -1.1388580274600114e-06
111 -1.2013694765729971e-06
112 -1.2151065520581233e-06
113 -1.356034902079792e-06
114 -1.296105460790643e-06
115 -1.1243435812873415e-06
116 -1.3488073187707576e-06
117 -1.1272937507710388e-06
118 -1.3263017488699946e-06
119 -1.0154385365943375e-06
120 -1.1397145566526312e-06
121 -1.1263600042110678e-06
122 -1.1850440117428144e-06
123 -1.1559346150913969e-06
124 -1.1972331227742589e-06
125 -1.1833708091508232e-06
126 -1.4822292907076773e-06
127 -1.1021801409204872e-06
128 -1.2634585852667235e-06
129 -1.5077317029575987e-06
130 -1.1412153589878678e-06
131 -1.2001156239158211e-06
132 -1.303438069147724e-06
133 -8.284123622212669e-07
134 -1.1499649882232909e-06
135 -1.2480753090390127e-06
136 -1.229222802650268e-06
137 -1.2024041388213116e-06
138 -1.1819916977296932e-06
139 -1.3234243524409325e-06
140 -1.131675673836521e-06
141 -1.3633673604671883e-06
142 -1.2084883019487893e-06
143 -1.1313297172835604e-06
144 -1.3416769768759622e-06
145 -1.1690230170846234e-06
146 -1.234978658177361e-06
147 -1.221318597629074e-06
148 -1.2028452316536863e-06
149 -1.1762698916247832e-06
150 -1.1750036182544684e-06
151 -1.3820892746598367e-06
152 -1.0450686562358641e-06
153 -1.1546635744552914e-06
154 -1.1188455879656814e-06
155 -1.269781576736099e-06
156 -1.0277401600584602e-06
157 -1.2041873420193732e-06
158 -1.2670760158133278e-06
159 -1.1718919627040136e-06
160 -1.1942655474987135e-06
161 -1.1397096710196108e-06
162 -1.3420873715637225e-06
163 -1.0824041856599742e-06
164 -1.2105457364215526e-06
165 -9.974649425509338e-07
166 -1.134525197563052e-06
167 -1.1736359280973205e-06
168 -1.2327570293457107e-06
169 -1.352479966168879e-06
170 -9.84818061020021e-07
171 -1.039185938621515e-06
172 -1.2086993436800173e-06
173 -1.2058161863341587e-06
174 -1.0429141001682118e-06
175 -1.109852153684067e-06
176 -1.1189770342383476e-06
177 -1.225954807310884e-06
178 -1.26536050456714e-06
179 -1.3186799192578399e-06
180 -1.2141703443624782e-06
181 -9.322727893894298e-07
182 -1.1321691459889183e-06
183 -1.234235755173083e-06
184 -1.0076413326249525e-06
185 -1.1346902292329024e-06
186 -1.0801206792166727e-06
187 -1.0437532417059191e-06
188 -1.2774888500594184e-06
189 -1.3380023388903531e-06
190 -1.2380395959260372e-06
191 -1.248186092726242e-06
192 -1.0956508037868588e-06
193 -1.0801188012868729e-06
194 -1.254338627241341e-06
195 -1.2551782124936686e-06
196 -1.1501879284188447e-06
197 -1.105365192766735e-06
198 -1.202685833826902e-06
199 -1.027045780954754e-06
200 -1.3247391475096055e-06
201 -9.267786142338226e-07
202 -1.1904830430923769e-06
203 -1.3920635524430058e-06
204 -1.36761664521293e-06
205 -1.0472257701631436e-06
206 -1.0808790401496287e-06
207 -1.1407963711039426e-06
208 -1.3494620997872786e-06
209 -1.1129910016891653e-06
210 -1.0923604983550874e-06
211 -1.3289092249544794e-06
212 -1.146252769038491e-06
213 -1.3943642907741854e-06
214 -9.623328666424415e-07
215 -1.2011426850148148e-06
216 -1.152678274161836e-06
217 -1.1204287782566435e-06
218 -1.223048731372973e-06
219 -1.1156822886024764e-06
220 -1.5609963748656873e-06
221 -1.4059151391149376e-06
222 -1.1735836293141263e-06
223 -1.128889692649949e-06
224 -1.0839215757507256e-06
225 -1.2393670717033736e-06
226 -1.375278573009742e-06
227 -1.2734542877086113e-06
228 -1.238185483314803e-06
229 -1.0075505163875302e-06
230 -9.596022458212472e-07
231 -1.0903599926515516e-06
232 -1.330784191022734e-06
233 -1.1212457831515337e-06
234 -1.1104790366076324e-06
235 -1.2602274561395509e-06
236 -1.2948076220863497e-06
237 -9.744557142890758e-07
238 -1.0847291145698926e-06
239 -1.1697952002701554e-06
240 -1.207668098677804e-06
241 -1.133377798615762e-06
242 -1.4484575840333003e-06
243 -1.3357469002702974e-06
244 -1.2809692269037844e-06
245 -1.2239710868517441e-06
246 -1.0998327428838234e-06
247 -1.0939594099230203e-06
248 -1.0992675309635294e-06
249 -1.1853181607190417e-06
250 -1.1116302888479664e-06
251 -1.2652273191760688e-06
252 -1.1211949870277834e-06
253 -1.3416677086252028e-06
254 -1.2337252594133173e-06
255 -1.0270169241832995e-06
256 -1.4428998995399997e-06
257 -1.188526451871953e-06
258 -1.3199655163885712e-06
259 -1.0357241197011273e-06
260 -1.3459850875277563e-06
261 -8.106174099890983e-07
262 -1.236247303667721e-06
263 -1.3188100108935557e-06
264 -1.2379928932451531e-06
265 -1.231082317498654e-06
266 -1.2507188328182633e-06
267 -1.1913282503421074e-06
268 -1.3688921308888298e-06
269 -1.2289085614840698e-06
270 -1.1615373918879934e-06
271 -1.072550415505227e-06
272 -1.2033228701352768e-06
273 -1.3208725298590963e-06
274 -1.2465963442402526e-06
275 -1.2944380876367308e-06
276 -1.2344511462015416e-06
277 -1.0382235615432468e-06
278 -1.187939911721163e-06
279 -9.322305878672599e-07
280 -1.1218893538753317e-06
281 -1.266241239535454e-06
282 -1.1644456262550452e-06
283 -1.0870836308610167e-06
284 -1.1503720003930755e-06
285 -1.1210001258908015e-06
286 -1.2719059731187758e-06
287 -1.2217609906487246e-06
288 -1.1217609544239792e-06
289 -1.0727842805194517e-06
290 -1.2419603217816728e-06
291 -9.75690990654518e-07
292 -1.1201522033862286e-06
293 -1.1768947850049426e-06
294 -1.1345305302091707e-06
295 -1.2686135161255768e-06
296 -1.2455292133121176e-06
297 -1.3347311996715022e-06
298 -1.2540962088907748e-06
299 -9.736231116057803e-07
