0.05 2.1816467328132974
0.11694915254237288 2.701336081213415
0.1838983050847458 3.2792762404307623
0.2508474576271187 3.8511862251520883
0.31779661016949157 4.497375418511553
0.38474576271186445 5.166793784626215
0.45169491525423733 5.7225287821334465
0.5186440677966102 6.040209374055045
0.5855932203389831 6.063636632123144
0.652542372881356 5.809660063393263
0.7194915254237289 5.344416441872556
0.7864406779661017 4.75318856732067
0.8533898305084746 4.116688517724758
0.9203389830508475 3.4977273086470366
0.9872881355932204 2.9370360502005703
1.0542372881355933 2.4550851184312776
1.1211864406779661 2.056793558640846
1.188135593220339 1.7368773335596464
1.255084745762712 1.4845491954384942
1.3220338983050846 1.2870415599660436
1.3889830508474577 1.131904307726351
1.4559322033898305 1.008273052469375
1.5228813559322034 0.9073851477790674
1.589830508474576 0.822610312162906
1.6567796610169492 0.7492110566208495
1.723728813559322 0.6839863764721092
1.790677966101695 0.6248965727377936
1.8576271186440676 0.5707238573997777
1.9245762711864407 0.5207932510599745
1.9915254237288138 0.4747592713086296
2.0584745762711862 0.4324532822525804
2.1254237288135593 0.3937814822417395
2.1923728813559324 0.358662192564902
2.259322033898305 0.3269917967308481
2.326271186440678 0.2986303069155316
2.393220338983051 0.27339944517949905
2.460169491525424 0.2510879555043366
