0.05 1.0915284877944618
0.11694915254237288 1.4162335157479422
0.1838983050847458 1.7401708169146826
0.2508474576271187 1.9886864188006843
0.31779661016949157 2.2008089489737035
0.38474576271186445 2.3934718657376117
0.45169491525423733 2.5531869648083254
0.5186440677966102 2.655347927853764
0.5855932203389831 2.6805547225749464
0.652542372881356 2.621909388284203
0.7194915254237289 2.4852106467811828
0.7864406779661017 2.285455057345566
0.8533898305084746 2.042327679906516
0.9203389830508475 1.7762309509629355
0.9872881355932204 1.5054861178068606
1.0542372881355933 1.2447716703525809
1.1211864406779661 1.0045807396584334
1.188135593220339 0.791387559929587
1.255084745762712 0.6082273614460431
1.3220338983050846 0.4554553095917981
1.3889830508474577 0.33152251734536997
1.4559322033898305 0.23367218783663032
1.5228813559322034 0.15850922233631268
1.589830508474576 0.10243120028922797
1.6567796610169492 0.061929672491742145
1.723728813559322 0.03378147220137921
1.790677966101695 0.015153485391275354
1.8576271186440676 0.0036437389311850675
1.9245762711864407 -0.0027212135401504765
1.9915254237288138 -0.0055164281040176255
2.0584745762711862 -0.00596391990445375
2.1254237288135593 -0.004984393365524182
2.1923728813559324 -0.003249403681914704
2.259322033898305 -0.0012302467769308872
2.326271186440678 0.0007584646201287315
2.393220338983051 0.002521416460044804
2.460169491525424 0.003951507335237735
