0 3.510623341617135e-05
1 3.507532188092842e-05
2 3.420989053181531e-05
3 3.5058075214076445e-05
4 3.524907149056676e-05
5 3.478032279317216e-05
6 3.450608376333368e-05
7 3.446593234396527e-05
8 3.5031532858439715e-05
9 3.4669409876351775e-05
10 3.507483491652262e-05
11 3.4326227509679095e-05
12 3.5836465622843823e-05
13 3.564214218605686e-05
14 3.4823636600574015e-05
15 3.4440861401621754e-05
16 3.4807553059532315e-05
17 3.4922343541721006e-05
18 3.458320293251462e-05
19 3.524372179321561e-05
20 3.510286003499264e-05
21 3.4846878331674575e-05
22 3.4260564938117575e-05
23 3.5670445133121405e-05
24 3.478351286868907e-05
25 3.5778234226939814e-05
26 3.4393599399431166e-05
27 3.493626548576258e-05
28 3.5355574590019956e-05
29 3.527084204432508e-05
30 3.4500001776136365e-05
31 3.42287599676411e-05
32 3.413510335024997e-05
33 3.502345107418004e-05
34 3.443094262284167e-05
35 3.436589201515805e-05
36 3.4015212339717145e-05
37 3.5151616815197276e-05
38 3.40974492340063e-05
39 3.52175121400037e-05
40 3.419128122046009e-05
41 3.582410094729277e-05
42 3.551710172383336e-05
43 3.4922655169770326e-05
44 3.452229257374748e-05
45 3.4908973627550475e-05
46 3.535395555741246e-05
47 3.556170035267823e-05
48 3.568653768070906e-05
49 3.450804643719609e-05
50 3.4656897389380784e-05
51 3.471079977503494e-05
52 3.503989351884761e-05
53 3.4531394978400307e-05
54 3.5522166727196214e-05
55 3.422126423242589e-05
56 3.59543360299005e-05
57 3.444667400164308e-05
58 3.543646695820459e-05
59 3.58599474869919e-05
60 3.49434781036733e-05
61 3.3850044360628434e-05
62 3.4205200027375226e-05
63 3.431031094296162e-05
64 3.5306889621741633e-05
65 3.541743117453809e-05
66 3.444798074844183e-05
67 3.46841497972073e-05
68 3.5101315933069584e-05
69 3.4185190167392574e-05
70 3.49450181365312e-05
71 3.519539414325277e-05
72 3.52247654381598e-05
73 3.488224297026724e-05
74 3.609705336744829e-05
75 3.512559859795126e-05
76 3.548946590646862e-05
77 3.5003310702589664e-05
78 3.473219530243505e-05
79 3.483114678965698e-05
80 3.4418353576926724e-05
81 3.450791976155356e-05
82 3.499100462850523e-05
83 3.474684292518715e-05
84 3.513807229436116e-05
85 3.408398999288233e-05
86 3.434832863044461e-05
87 3.520301291478538e-05
88 3.4531465902875435e-05
89 3.630707343518088e-05
90 3.5036847784202386e-05
91 3.441442822098978e-05
92 3.5237819120839565e-05
93 3.497033125267064e-05
94 3.535942692041996e-05
95 3.5073809819697704e-05
96 3.503412540478899e-05
97 3.4476156350601926e-05
98 3.472970768720484e-05
99 3.6046025055509086e-05
100 3.512328431856933e-05
101 3.65729453947095e-05
102 3.555654867140986e-05
103 3.447116582371572e-05
104 3.55339331159204e-05
105 3.469909497933761e-05
106 3.435752438674239e-05
107 3.4847028184970735e-05
108 3.507787002095576e-05
109 3.458956901128061e-05
110 3.517674917155699e-05
111 3.583872797784301e-05
112 3.541292933019676e-05
113 3.472975696519937e-05
114 3.47694928343072e-05
115 3.4333807245960735e-05
116 3.376300192613579e-05
117 3.588902661632199e-05
118 3.4574316832023614e-05
119 3.592477425939176e-05
120 3.4212499611510885e-05
121 3.4440238106761794e-05
122 3.567056169027932e-05
123 3.598268725374158e-05
124 3.4378664773894056e-05
125 3.5073888583765875e-05
126 3.556451710448174e-05
127 3.4175965445876345e-05
128 3.398157502543317e-05
129 3.582967979355411e-05
130 3.46728655401074e-05
131 3.456982434424568e-05
132 3.358859424268327e-05
133 3.520997201027934e-05
134 3.6469479278657004e-05
135 3.43422331431028e-05
136 3.448739844064412e-05
137 3.407385427292247e-05
138 3.519218218196438e-05
139 3.5463202226689776e-05
140 3.5356561618505836e-05
141 3.455484951342054e-05
142 3.441724442680529e-05
143 3.496287368483269e-05
144 3.357755986395248e-05
145 3.593566999027276e-05
146 3.458958876939041e-05
147 3.514723754058388e-05
148 3.427621711261326e-05
149 3.47409070464427e-05
150 3.4944408381369075e-05
151 3.52933106692482e-05
152 3.489716691161353e-05
153 3.488710198349928e-05
154 3.508988537217046e-05
155 3.4775216304565186e-05
156 3.479570680253872e-05
157 3.4304602551811705e-05
158 3.3910382862769915e-05
159 3.455536794683285e-05
160 3.392416879687714e-05
161 3.536990915783787e-05
162 3.550915022520249e-05
163 3.509291606936867e-05
164 3.5375884451332443e-05
165 3.558106533809882e-05
166 3.3815744908352945e-05
167 3.526410056410436e-05
168 3.4627534962285515e-05
169 3.5179785205959724e-05
170 3.4774010631350166e-05
171 3.4043029596674184e-05
172 3.441425619737782e-05
173 3.5315452107621824e-05
174 3.5694211937231613e-05
175 3.459327917206916e-05
176 3.402882593062092e-05
177 3.451445821473951e-05
178 3.4983736366136314e-05
179 3.4374970118536244e-05
180 3.414173349229685e-05
181 3.529519242844057e-05
182 3.508182057714568e-05
183 3.467127156664215e-05
184 3.492430606830596e-05
185 3.446518218299105e-05
186 3.45008223242315e-05
187 3.41383384868217e-05
188 3.482329047937494e-05
189 3.482182265342101e-05
190 3.4393348170898234e-05
191 3.5135849821997646e-05
192 3.46873572885778e-05
193 3.468895589413255e-05
194 3.454210332681499e-05
195 3.6057667274823616e-05
196 3.544545264737037e-05
197 3.431976664114905e-05
198 3.404776298686953e-05
199 3.4173353252932365e-05
200 3.4021049194724295e-05
201 3.5455754407801696e-05
202 3.4316273962879375e-05
203 3.420409587549691e-05
204 3.528172746006745e-05
205 3.4842179430307136e-05
206 3.39532633986933e-05
207 3.5330931640275805e-05
208 3.5380289467683415e-05
209 3.5089095118745693e-05
210 3.3676311565024466e-05
211 3.461220409610458e-05
212 3.4469612306268234e-05
213 3.536578762239058e-05
214 3.5517329991082656e-05
215 3.407806332159275e-05
216 3.506666264309398e-05
217 3.534127776555471e-05
218 3.54803084509453e-05
219 3.557600605699975e-05
220 3.4701384412160366e-05
221 3.540804216961035e-05
222 3.361105411205112e-05
223 3.554860439075413e-05
224 3.50982332951347e-05
225 3.4218528747263336e-05
226 3.5092555606325964e-05
227 3.568200044593035e-05
228 3.574008019683391e-05
229 3.4535830297629716e-05
230 3.4838250260974874e-05
231 3.5147804016725763e-05
232 3.507046370175282e-05
233 3.495368356332045e-05
234 3.4565890849488645e-05
235 3.448108350099911e-05
236 3.570240087028357e-05
237 3.492174769603953e-05
238 3.4857133232578956e-05
239 3.479654895284842e-05
240 3.4410042068509095e-05
241 3.4580224328899326e-05
242 3.4618673822233456e-05
243 3.548995377791846e-05
244 3.4865411960550483e-05
245 3.4193603983601213e-05
246 3.491884837028446e-05
247 3.5728458969075935e-05
248 3.4350019211814324e-05
249 3.5738639705699154e-05
250 3.404245422426616e-05
251 3.55225318555757e-05
252 3.514742117560112e-05
253 3.529644417017506e-05
254 3.452853276221042e-05
255 3.5210233192645034e-05
256 3.517273574022446e-05
257 3.3990002585989614e-05
258 3.547654515321777e-05
259 3.5174335707845934e-05
260 3.4720911767742205e-05
261 3.482361218492886e-05
262 3.5214525630134726e-05
263 3.468245292096435e-05
264 3.443185301887043e-05
265 3.5382912558693854e-05
266 3.4761341874294934e-05
267 3.44502099875049e-05
268 3.563696765416671e-05
269 3.4643690769999124e-05
270 3.4482019434630527e-05
271 3.511209017317493e-05
272 3.5332476780167755e-05
273 3.489548302927491e-05
274 3.495500058092318e-05
275 3.4710673863862956e-05
276 3.500928232295153e-05
277 3.320915867536145e-05
278 3.4257649000561925e-05
279 3.496625766688396e-05
280 3.4590241387237095e-05
281 3.5237715260495365e-05
282 3.473564766720069e-05
283 3.45748345220784e-05
284 3.454050661951856e-05
285 3.4143672229653346e-05
286 3.3975139523799035e-05
287 3.536582594954459e-05
288 3.515401155571363e-05
289 3.477466997104999e-05
290 3.4523647031121506e-05
291 3.560653637563964e-05
292 3.509170925156259e-05
293 3.5041544259913585e-05
294 3.5144328199151213e-05
295 3.4133018732508125e-05
296 3.501362012008641e-05
297 3.4922264215855854e-05
298 3.480063611347101e-05
299 3.605038074478159e-05
