0 -9.477530514925902e-06
1 -9.832835269106075e-06
2 -9.226492650451405e-06
3 -9.377687035548165e-06
4 -9.685946786733457e-06
5 -9.569286492984146e-06
6 -9.658718057126032e-06
7 -9.634773159938697e-06
8 -9.890378543917238e-06
9 -9.436314365558054e-06
10 -9.765328209965176e-06
11 -9.35002719352882e-06
12 -1.003371254734266e-05
13 -1.0206382800106384e-05
14 -9.964060397567384e-06
15 -9.086871766568368e-06
16 -9.619721602199747e-06
17 -9.482999295077721e-06
18 -9.363903691085883e-06
19 -1.0229582218312348e-05
20 -9.899224977044386e-06
21 -9.60883053512982e-06
22 -9.137900802932063e-06
23 -9.921738361168366e-06
24 -9.458868335611041e-06
25 -1.01522999075456e-05
26 -9.334776201136335e-06
27 -9.741008669659953e-06
28 -9.92942830257711e-06
29 -9.879041630385667e-06
30 -9.324073491432469e-06
31 -9.055257182068875e-06
32 -9.02146515687979e-06
33 -9.856804943486015e-06
34 -9.202705966461878e-06
35 -9.129425999440622e-06
36 -9.07950581733978e-06
37 -1.0012438146919293e-05
38 -8.938872841712152e-06
39 -9.71664762382072e-06
40 -9.16906365358312e-06
41 -1.038243415065568e-05
42 -9.885667941359386e-06
43 -9.40112715834999e-06
44 -9.293140486519242e-06
45 -9.813384403701164e-06
46 -9.952146992593894e-06
47 -9.863188259478102e-06
48 -1.0389722009187944e-05
49 -9.354206138292539e-06
50 -9.624909322663347e-06
51 -9.537516633812623e-06
52 -9.909075675466962e-06
53 -9.545465306382034e-06
54 -1.0014368404113388e-05
55 -9.239468825247073e-06
56 -1.0567764700450418e-05
57 -9.496863423309953e-06
58 -9.673765675989434e-06
59 -1.067256019137374e-05
60 -9.68095454321703e-06
61 -9.165583153778705e-06
62 -9.111734544949874e-06
63 -9.005628460144801e-06
64 -9.783393984251842e-06
65 -9.90410783545704e-06
66 -9.063855511402559e-06
67 -9.207818096396852e-06
68 -1.0181133300144283e-05
69 -9.42380252480182e-06
70 -9.446197427753283e-06
71 -9.799548238789208e-06
72 -9.737505443996529e-06
73 -9.53771131700391e-06
74 -1.0088408220468737e-05
75 -1.0085656059166626e-05
76 -1.0226805330153053e-05
77 -9.433940935683194e-06
78 -9.454290330812946e-06
79 -9.165231594654371e-06
80 -9.094599769925685e-06
81 -9.50071841823563e-06
82 -9.695457573474373e-06
83 -9.525754837004584e-06
84 -9.602277410168866e-06
85 -8.834168838314554e-06
86 -9.436438175248746e-06
87 -9.86654507871354e-06
88 -9.19905832810181e-06
89 -1.069605977838762e-05
90 -9.653525040148633e-06
91 -9.207193336132363e-06
92 -9.99513675424078e-06
93 -9.7753169667813e-06
94 -9.728011449988278e-06
95 -9.788357260077069e-06
96 -9.912029227461071e-06
97 -8.707200207311627e-06
98 -9.674595262043998e-06
99 -1.0318314926496805e-05
100 -1.0247276493392897e-05
101 -1.073924705909933e-05
102 -1.0516674015934881e-05
103 -9.531901999123492e-06
104 -1.0204969175337133e-05
105 -9.489682036646239e-06
106 -9.19607449991764e-06
107 -9.715779737272448e-06
108 -9.935247674850998e-06
109 -9.521722870761588e-06
110 -9.819129751081626e-06
111 -1.0187223689009762e-05
112 -1.0176325503769087e-05
113 -9.750286425221446e-06
114 -9.446683242429487e-06
115 -8.888999475336453e-06
116 -8.591161524138184e-06
117 -1.0385435485272783e-05
118 -9.19384044611917e-06
119 -9.998548504657751e-06
120 -9.210244703801853e-06
121 -9.164242635962024e-06
122 -1.0475703726404409e-05
123 -1.0519778304936539e-05
124 -9.401355849761762e-06
125 -9.722559512161428e-06
126 -1.0369628091521225e-05
127 -9.32267361519518e-06
128 -9.170481261036609e-06
129 -1.0127308151821412e-05
130 -9.7769154719302e-06
131 -9.365760037895871e-06
132 -9.219399519966244e-06
133 -9.869774437736487e-06
134 -1.0534082877342184e-05
135 -9.053145366385456e-06
136 -9.177979471087682e-06
137 -8.910160908834938e-06
138 -9.818606126702777e-06
139 -1.005680415363715e-05
140 -9.565797676840761e-06
141 -9.195502694262252e-06
142 -9.696940053560275e-06
143 -9.251170652861474e-06
144 -8.355416838107976e-06
145 -1.0339870183755992e-05
146 -9.319821902877464e-06
147 -9.714945780763623e-06
148 -8.953678625880358e-06
149 -9.613729922713606e-06
150 -9.634166402103632e-06
151 -9.760372729217516e-06
152 -9.695672778945811e-06
153 -9.775887889432872e-06
154 -9.853096927001092e-06
155 -9.790135713989234e-06
156 -9.310585852429407e-06
157 -9.411080383774224e-06
158 -8.701546312957892e-06
159 -9.857906252849906e-06
160 -8.71481485338296e-06
161 -9.85665139664801e-06
162 -9.9924285695359e-06
163 -9.693596227572476e-06
164 -9.623885183828838e-06
165 -1.0186495826411066e-05
166 -8.58155397327947e-06
167 -1.00418213370522e-05
168 -9.281171006072133e-06
169 -9.817273921154794e-06
170 -9.808825061453702e-06
171 -8.739712179579484e-06
172 -9.304872994989411e-06
173 -1.0018471380872534e-05
174 -1.0408432476367656e-05
175 -9.35896920423448e-06
176 -8.861346400344322e-06
177 -9.55426076005362e-06
178 -9.606327367634383e-06
179 -9.184752218438641e-06
180 -8.959288921851828e-06
181 -9.746598937334754e-06
182 -9.524891073713506e-06
183 -9.437765780423671e-06
184 -1.0016740122169254e-05
185 -8.972173798141492e-06
186 -9.500459647383442e-06
187 -9.026103332293625e-06
188 -9.950202392321021e-06
189 -9.487391576155502e-06
190 -9.262220895280363e-06
191 -9.72230839933832e-06
192 -9.779997918432685e-06
193 -9.316714118165247e-06
194 -9.622519427802986e-06
195 -1.0399283738665326e-05
196 -1.0081441316366376e-05
197 -9.196289146985086e-06
198 -9.030553552065393e-06
199 -9.020605265130942e-06
200 -9.09364459851821e-06
201 -9.88369665402466e-06
202 -9.26987467572677e-06
203 -8.973404314983186e-06
204 -1.002350731779348e-05
205 -9.825249620719673e-06
206 -8.99253125642009e-06
207 -9.942393133944048e-06
208 -1.0113284496698543e-05
209 -9.869142154325332e-06
210 -8.60508249016438e-06
211 -9.23975363635472e-06
212 -9.371721533731882e-06
213 -9.592853984756046e-06
214 -1.017120122133164e-05
215 -9.007981654011048e-06
216 -9.691705969015415e-06
217 -1.011652689140498e-05
218 -1.0166095294354226e-05
219 -1.0045212144603743e-05
220 -9.561600766754895e-06
221 -9.947450355789973e-06
222 -8.813953796460195e-06
223 -9.891869524749567e-06
224 -9.601134661182396e-06
225 -9.056001643719182e-06
226 -9.94088216980174e-06
227 -1.0489561088162506e-05
228 -1.0248704593073366e-05
229 -9.308529428298371e-06
230 -9.950458702207073e-06
231 -9.741609446790345e-06
232 -9.62614136390125e-06
233 -9.77560269368309e-06
234 -9.711749901872103e-06
235 -9.137741446464264e-06
236 -1.0158322129773012e-05
237 -9.964840562835453e-06
238 -9.89260212479692e-06
239 -9.323248278448899e-06
240 -9.415558596788637e-06
241 -9.16127270234935e-06
242 -9.319985940030183e-06
243 -1.0120509088336597e-05
244 -9.375284580957814e-06
245 -8.897680817639816e-06
246 -9.450520204010318e-06
247 -1.0259482765321285e-05
248 -9.086307223336336e-06
249 -1.0430267657011968e-05
250 -9.131408144337613e-06
251 -9.844680402329579e-06
252 -9.676601895658962e-06
253 -1.0013608633888125e-05
254 -9.417116585765132e-06
255 -1.0069179776977335e-05
256 -9.635992171937306e-06
257 -9.06894353575004e-06
258 -1.054737224689475e-05
259 -9.767604801334504e-06
260 -9.806097461668573e-06
261 -9.778318752777152e-06
262 -9.711171831784814e-06
263 -9.660482667238116e-06
264 -9.717435709698395e-06
265 -9.674715707194244e-06
266 -9.278541387509643e-06
267 -9.324844343001257e-06
268 -1.0164591838054843e-05
269 -9.481594297375232e-06
270 -9.1512670935594e-06
271 -9.787216655577325e-06
272 -9.770321437894959e-06
273 -9.146065940721759e-06
274 -9.371256500490827e-06
275 -9.425742860366633e-06
276 -9.446772760730257e-06
277 -8.100372150747022e-06
278 -9.055494858385362e-06
279 -9.208628067561007e-06
280 -9.26187304129759e-06
281 -9.884479733302187e-06
282 -9.753628700502975e-06
283 -9.313294705357018e-06
284 -9.54580171345812e-06
285 -9.108904722101204e-06
286 -8.65598218025284e-06
287 -1.0001332715808341e-05
288 -1.0017918440526022e-05
289 -9.601692131684853e-06
290 -9.417047588063869e-06
291 -9.840746055754119e-06
292 -1.0066447201698583e-05
293 -9.95251075240841e-06
294 -9.836896005876902e-06
295 -9.42755665832919e-06
296 -9.668803602646526e-06
297 -9.045302752394729e-06
298 -9.578703706706829e-06
299 -1.0504963640195813e-05
