0 -2.23602333551881e-05
1 -2.1762065512449767e-05
2 -2.2439991334443106e-05
3 -2.212662147771682e-05
4 -2.2272696733837663e-05
5 -2.2305423913250098e-05
6 -2.1957769537126757e-05
7 -2.2256686366092534e-05
8 -2.1472065631292654e-05
9 -2.2025186301681527e-05
10 -2.1601696060228616e-05
11 -2.2153711524509094e-05
12 -2.1746558672433166e-05
13 -2.1058766924776205e-05
14 -2.1856533199407294e-05
15 -2.2562968156140274e-05
16 -2.2032024601188913e-05
17 -2.2485253671160546e-05
18 -2.2871322061151018e-05
19 -2.1518369977930775e-05
20 -2.078907141026086e-05
21 -2.1828007193605448e-05
22 -2.284404363338034e-05
23 -2.117681990187205e-05
24 -2.225985275087633e-05
25 -2.1477347854493953e-05
26 -2.3036801970302752e-05
27 -2.1796649184894534e-05
28 -2.154654595290342e-05
29 -2.1379878167418056e-05
30 -2.2630549576158462e-05
31 -2.2603148778229947e-05
32 -2.2774675015143806e-05
33 -2.209383630033051e-05
34 -2.2923590948985232e-05
35 -2.2764991172738917e-05
36 -2.257085158543631e-05
37 -2.0797301643698752e-05
38 -2.276451453508388e-05
39 -2.1772242141919675e-05
40 -2.2110065697506107e-05
41 -2.1107933649392983e-05
42 -2.2141430200990408e-05
43 -2.2520807821226888e-05
44 -2.2393826137187618e-05
45 -2.148013333844951e-05
46 -2.196331823450494e-05
47 -2.1859250244517676e-05
48 -2.0837934172724745e-05
49 -2.247027679999709e-05
50 -2.177681639476667e-05
51 -2.293514766747134e-05
52 -2.1116379781782244e-05
53 -2.221376126697226e-05
54 -2.126054299558995e-05
55 -2.2653261635523303e-05
56 -2.0606348829641485e-05
57 -2.2208791267358962e-05
58 -2.1510197799250644e-05
59 -2.0772145801367873e-05
60 -2.1639537633249752e-05
61 -2.2380600425267135e-05
62 -2.2976748611477934e-05
63 -2.2417641143402677e-05
64 -2.166004695832734e-05
65 -2.1190270526940088e-05
66 -2.3372095697356763e-05
67 -2.261880730738463e-05
68 -2.158521410786805e-05
69 -2.2002702974037034e-05
70 -2.198507360442694e-05
71 -2.181646207157796e-05
72 -2.1608997806853842e-05
73 -2.232661849764105e-05
74 -2.1305271745026235e-05
75 -2.0891955661501198e-05
76 -2.100760439830429e-05
77 -2.2469829030556377e-05
78 -2.2427899577667295e-05
79 -2.244474974035973e-05
80 -2.2837436592465704e-05
81 -2.2052610628008435e-05
82 -2.21190582148853e-05
83 -2.1931289128518792e-05
84 -2.188141119322911e-05
85 -2.3418317500622403e-05
86 -2.235085809622425e-05
87 -2.1582423236963215e-05
88 -2.2730081846746094e-05
89 -2.0729713176815097e-05
90 -2.162294633604565e-05
91 -2.2364618461210495e-05
92 -2.1783888197492065e-05
93 -2.2209471100346427e-05
94 -2.218634958402489e-05
95 -2.1908985991758415e-05
96 -2.092563578226701e-05
97 -2.3220404957640935e-05
98 -2.2342090742175354e-05
99 -2.1198094516651368e-05
100 -2.0969983229547695e-05
101 -2.017055417060218e-05
102 -2.1326866689274705e-05
103 -2.2136283890379e-05
104 -2.1013348104277778e-05
105 -2.2117743039424956e-05
106 -2.2715892868972766e-05
107 -2.184560952362844e-05
108 -2.1864804007869307e-05
109 -2.259809374546176e-05
110 -2.1809171183026075e-05
111 -2.137472834008073e-05
112 -2.1254200387493996e-05
113 -2.1836762358884177e-05
114 -2.1861551362376748e-05
115 -2.2570080400871615e-05
116 -2.341095426151836e-05
117 -2.0849283030491083e-05
118 -2.2887529083479183e-05
119 -2.1037157705611765e-05
120 -2.2440233836433085e-05
121 -2.2804886361717398e-05
122 -2.063513445504609e-05
123 -2.022600537346166e-05
124 -2.219103520209485e-05
125 -2.1822491025201387e-05
126 -2.066320911500126e-05
127 -2.2200606424279676e-05
128 -2.2526189687518972e-05
129 -2.078478442182046e-05
130 -2.171834401642467e-05
131 -2.210773602578653e-05
132 -2.2668980148228832e-05
133 -2.1856282029663684e-05
134 -2.0938614771872927e-05
135 -2.2580983201880497e-05
136 -2.2618718985283175e-05
137 -2.2977461890798843e-05
138 -2.1782751460521703e-05
139 -2.1478644031727118e-05
140 -2.1993677291590167e-05
141 -2.21724494478042e-05
142 -2.228038839683831e-05
143 -2.2361477336557804e-05
144 -2.37434653580626e-05
145 -2.0915213389673253e-05
146 -2.215220681295495e-05
147 -2.1942656228346908e-05
148 -2.3035066022167638e-05
149 -2.1679178988176186e-05
150 -2.158040012957049e-05
151 -2.2034362051122355e-05
152 -2.1440808881255028e-05
153 -2.238722361727586e-05
154 -2.1631443165680524e-05
155 -2.1446771820906487e-05
156 -2.217902031525572e-05
157 -2.231237654832187e-05
158 -2.3444226732707395e-05
159 -2.2075769911467948e-05
160 -2.3573623421727557e-05
161 -2.1603974526386576e-05
162 -2.1396481596002823e-05
163 -2.217696342406734e-05
164 -2.183274589110715e-05
165 -2.1238423828587534e-05
166 -2.3312755453128673e-05
167 -2.1686955590792126e-05
168 -2.2743764224881293e-05
169 -2.1978268557261016e-05
170 -2.1890515180387363e-05
171 -2.3468907855515742e-05
172 -2.2598781703253847e-05
173 -2.1699853427243547e-05
174 -2.0681877280834952e-05
175 -2.2207095296526915e-05
176 -2.3176599100922998e-05
177 -2.2186841283198925e-05
178 -2.232117388970234e-05
179 -2.1853346507457244e-05
180 -2.3488159762634856e-05
181 -2.1487320092424425e-05
182 -2.2132814578287107e-05
183 -2.2525717634973123e-05
184 -2.144217480295033e-05
185 -2.3614183684902783e-05
186 -2.2560536315962616e-05
187 -2.33865342088534e-05
188 -2.1449187361377692e-05
189 -2.1880462989070162e-05
190 -2.2506469924661627e-05
191 -2.1896558915230075e-05
192 -2.1465836002003015e-05
193 -2.2524284058717476e-05
194 -2.2086868169596477e-05
195 -2.0989210976199566e-05
196 -2.1647330250082162e-05
197 -2.2836807819418833e-05
198 -2.254196092635463e-05
199 -2.309950017289203e-05
200 -2.28493814537731e-05
201 -2.1802416901959605e-05
202 -2.2679637582263072e-05
203 -2.2640099069591964e-05
204 -2.1541264472045378e-05
205 -2.1981942644993375e-05
206 -2.304471238210613e-05
207 -2.1688772688597615e-05
208 -2.1310372320754845e-05
209 -2.0850059286361565e-05
210 -2.382868553870486e-05
211 -2.2572412064705278e-05
212 -2.2052479071386783e-05
213 -2.2205849902919047e-05
214 -2.0998493716657744e-05
215 -2.2957406277848143e-05
216 -2.1735967478672996e-05
217 -2.1054290499936777e-05
218 -2.123811146994042e-05
219 -2.0728513870979997e-05
220 -2.2128548845470962e-05
221 -2.1538624416292482e-05
222 -2.3103384306002046e-05
223 -2.1291149184210534e-05
224 -2.2365820739899244e-05
225 -2.2863160600074554e-05
226 -2.1297402522379174e-05
227 -2.1024550890121505e-05
228 -2.0884806784438317e-05
229 -2.302480096217098e-05
230 -2.1835619480737632e-05
231 -2.1450146972920613e-05
232 -2.1938454457638458e-05
233 -2.1552830101293855e-05
234 -2.1411982677243626e-05
235 -2.2633873401553532e-05
236 -2.131636396751282e-05
237 -2.0770163419311486e-05
238 -2.14286499894737e-05
239 -2.2292138652208302e-05
240 -2.2395108442287734e-05
241 -2.308058379384546e-05
242 -2.261756483202776e-05
243 -2.1110173648802575e-05
244 -2.237392413926838e-05
245 -2.2846407522019305e-05
246 -2.2152388215913793e-05
247 -2.1054151567089183e-05
248 -2.2757972896411815e-05
249 -2.0682792617833265e-05
250 -2.2528752061298967e-05
251 -2.157672072438201e-05
252 -2.215677761296878e-05
253 -2.162337013598227e-05
254 -2.2594506784395533e-05
255 -2.1404785031761565e-05
256 -2.2008844183441013e-05
257 -2.2728699784343865e-05
258 -2.1361100310385192e-05
259 -2.168763809866084e-05
260 -2.1910376886249814e-05
261 -2.1822179634745147e-05
262 -2.1697992921199582e-05
263 -2.1993360737371795e-05
264 -2.161067725150316e-05
265 -2.201088011498202e-05
266 -2.184305234954703e-05
267 -2.2572340253893037e-05
268 -2.074183541712741e-05
269 -2.1827080753918248e-05
270 -2.263964870079223e-05
271 -2.142173733630362e-05
272 -2.1884167948701136e-05
273 -2.242057476166743e-05
274 -2.2347916180557118e-05
275 -2.221432205449314e-05
276 -2.2273275935946735e-05
277 -2.4511392822127375e-05
278 -2.285870425063981e-05
279 -2.268909974972504e-05
280 -2.2353170784767158e-05
281 -2.2336755018705526e-05
282 -2.2093820840629236e-05
283 -2.2209449226780565e-05
284 -2.1306480477161403e-05
285 -2.2455917246039557e-05
286 -2.356851220472955e-05
287 -2.1716978943243414e-05
288 -2.1642895972446196e-05
289 -2.1348068354366512e-05
290 -2.2605342745974466e-05
291 -2.161667619551647e-05
292 -2.059535944642432e-05
293 -2.1813409629313992e-05
294 -2.1116197198659724e-05
295 -2.2083344664422665e-05
296 -2.1874721564904514e-05
297 -2.329794668448849e-05
298 -2.2027528547539023e-05
299 -2.0663308836111302e-05
