0 -3.8040112343232205e-05
1 -3.7877361473655394e-05
2 -3.6921935479937154e-05
3 -3.820048619478362e-05
4 -3.835709732517018e-05
5 -3.789681882070681e-05
6 -3.7088637540861833e-05
7 -3.712958270866961e-05
8 -3.738478642880729e-05
9 -3.7445402342605716e-05
10 -3.7542943935429204e-05
11 -3.695966992168219e-05
12 -3.8970212014305554e-05
13 -3.791560491103118e-05
14 -3.7583205876345935e-05
15 -3.735453840212118e-05
16 -3.7789229006556686e-05
17 -3.820793444482691e-05
18 -3.792456845709866e-05
19 -3.799083131737028e-05
20 -3.6825524534331735e-05
21 -3.7648669290677793e-05
22 -3.762056748608606e-05
23 -3.791178475772867e-05
24 -3.768173751326257e-05
25 -3.863002253140843e-05
26 -3.8131296367092886e-05
27 -3.778582878723156e-05
28 -3.785133835305085e-05
29 -3.748108890595604e-05
30 -3.774495944520579e-05
31 -3.7369116937095424e-05
32 -3.752110900363043e-05
33 -3.7994488056111065e-05
34 -3.7755869725526414e-05
35 -3.76650608528675e-05
36 -3.6838751177600674e-05
37 -3.7140816282924846e-05
38 -3.7233235013138406e-05
39 -3.807188459690383e-05
40 -3.667966837619288e-05
41 -3.8335645154504436e-05
42 -3.892805238672496e-05
43 -3.817197457691161e-05
44 -3.725091401063734e-05
45 -3.721347193330004e-05
46 -3.836681817483256e-05
47 -3.8773706611412174e-05
48 -3.8128790434360785e-05
49 -3.7648042213936546e-05
50 -3.704493803326289e-05
51 -3.8124314687645045e-05
52 -3.6986619479344166e-05
53 -3.7601244272417555e-05
54 -3.7626401726745614e-05
55 -3.735020571056545e-05
56 -3.7677282925233546e-05
57 -3.730297029220062e-05
58 -3.795158571096971e-05
59 -3.814916023421452e-05
60 -3.720030866504515e-05
61 -3.649539642504107e-05
62 -3.753156443798272e-05
63 -3.708431652364382e-05
64 -3.800115537194683e-05
65 -3.757146262988943e-05
66 -3.8389032591332764e-05
67 -3.770870263324395e-05
68 -3.7610366266981975e-05
69 -3.620891368252521e-05
70 -3.798976584507675e-05
71 -3.7601196671517025e-05
72 -3.74277198598016e-05
73 -3.783235775526234e-05
74 -3.865941917328572e-05
75 -3.680435871425732e-05
76 -3.7649808514239654e-05
77 -3.8468833322866344e-05
78 -3.785261375284127e-05
79 -3.8044040676875534e-05
80 -3.7825355448927254e-05
81 -3.700342796051301e-05
82 -3.8088417378435773e-05
83 -3.749171634497815e-05
84 -3.795296579093521e-05
85 -3.77801398978152e-05
86 -3.7295852237431655e-05
87 -3.788252355949477e-05
88 -3.793468581535835e-05
89 -3.87967550429832e-05
90 -3.740187493879608e-05
91 -3.724621931655638e-05
92 -3.8323730869508664e-05
93 -3.788422492082902e-05
94 -3.8428436696082906e-05
95 -3.7819797378539944e-05
96 -3.675399362806706e-05
97 -3.8088233119836706e-05
98 -3.7735722954249116e-05
99 -3.8691345995937256e-05
100 -3.732115466483528e-05
101 -3.831662782002687e-05
102 -3.835125649837613e-05
103 -3.7355987080941585e-05
104 -3.7935037839898934e-05
105 -3.730775556807909e-05
106 -3.754474945258713e-05
107 -3.740733825023215e-05
108 -3.788789813101516e-05
109 -3.772414775028829e-05
110 -3.7818488016369004e-05
111 -3.864042546673254e-05
112 -3.741358293332619e-05
113 -3.739720199903511e-05
114 -3.730341679973511e-05
115 -3.751047869299992e-05
116 -3.725253152981656e-05
117 -3.7959539215475154e-05
118 -3.7995609830481426e-05
119 -3.836484288857099e-05
120 -3.6924927618091234e-05
121 -3.780865173701328e-05
122 -3.758342181408187e-05
123 -3.806976915555448e-05
124 -3.705779685513836e-05
125 -3.761007599949686e-05
126 -3.749438626711831e-05
127 -3.673525414583736e-05
128 -3.7117078540324835e-05
129 -3.8035287316750426e-05
130 -3.751743564075561e-05
131 -3.73157633458018e-05
132 -3.648251766633819e-05
133 -3.810199561358749e-05
134 -3.896827575834045e-05
135 -3.7194777274273235e-05
136 -3.770248508803015e-05
137 -3.728831698017359e-05
138 -3.798047083180295e-05
139 -3.807308195472517e-05
140 -3.818048224229479e-05
141 -3.713860331891472e-05
142 -3.72747984212458e-05
143 -3.801927939167022e-05
144 -3.68578271728138e-05
145 -3.812011928128509e-05
146 -3.714986160392473e-05
147 -3.7817625238640566e-05
148 -3.750172492495637e-05
149 -3.691466408560603e-05
150 -3.7253162057672726e-05
151 -3.830113367665503e-05
152 -3.71863573657728e-05
153 -3.795448910491222e-05
154 -3.757361892907612e-05
155 -3.721756118258867e-05
156 -3.77283741685115e-05
157 -3.7142220349357085e-05
158 -3.763270748275102e-05
159 -3.732770241953602e-05
160 -3.7699790210077975e-05
161 -3.7494195920806614e-05
162 -3.8005231476526457e-05
163 -3.8046625997902645e-05
164 -3.846887395065017e-05
165 -3.780900343542037e-05
166 -3.699516963489592e-05
167 -3.801482829969189e-05
168 -3.7975687967670064e-05
169 -3.8051202519105956e-05
170 -3.7486575069771506e-05
171 -3.746628385381931e-05
172 -3.782097983970777e-05
173 -3.827017264338156e-05
174 -3.787733718715213e-05
175 -3.7307737224541194e-05
176 -3.745318537985979e-05
177 -3.7369783553029644e-05
178 -3.7967202596312405e-05
179 -3.691182990364573e-05
180 -3.7833815005447924e-05
181 -3.786011422480004e-05
182 -3.823329993277849e-05
183 -3.7968594874439414e-05
184 -3.7110551135843515e-05
185 -3.842519434593488e-05
186 -3.7730329138144195e-05
187 -3.786492828894693e-05
188 -3.704138972860633e-05
189 -3.7545569381739484e-05
190 -3.7039973931979575e-05
191 -3.784506789418433e-05
192 -3.691239645942859e-05
193 -3.796458963160331e-05
194 -3.726649544944999e-05
195 -3.8166352774803984e-05
196 -3.8047353719874344e-05
197 -3.7640066268119524e-05
198 -3.6775673616071905e-05
199 -3.72459194260685e-05
200 -3.729398879936671e-05
201 -3.8402981337343536e-05
202 -3.714259487892856e-05
203 -3.693207303942584e-05
204 -3.798164714629389e-05
205 -3.7455238836476556e-05
206 -3.728217244553801e-05
207 -3.800614233550933e-05
208 -3.778589289110764e-05
209 -3.664862423168184e-05
210 -3.7644765393333464e-05
211 -3.762152385874999e-05
212 -3.688389390413654e-05
213 -3.84889985700165e-05
214 -3.773438047987331e-05
215 -3.7109728874226254e-05
216 -3.768194722056154e-05
217 -3.769675213742087e-05
218 -3.7940130296269534e-05
219 -3.76120000773203e-05
220 -3.756048577234411e-05
221 -3.8083228955833535e-05
222 -3.7119068642668475e-05
223 -3.782245914199839e-05
224 -3.836963536705129e-05
225 -3.751104275669076e-05
226 -3.726675622066712e-05
227 -3.83662268465017e-05
228 -3.784692075249205e-05
229 -3.807667486371824e-05
230 -3.769893132751266e-05
231 -3.752545322288881e-05
232 -3.81178329722944e-05
233 -3.730816345514451e-05
234 -3.678879998445323e-05
235 -3.752053860409196e-05
236 -3.8250376824499746e-05
237 -3.6567388856865826e-05
238 -3.692714091974971e-05
239 -3.774923599040484e-05
240 -3.756923638552573e-05
241 -3.833944927839473e-05
242 -3.769646722636819e-05
243 -3.768820495563373e-05
244 -3.794685877265953e-05
245 -3.7384230306496516e-05
246 -3.794780988283713e-05
247 -3.7798019170953046e-05
248 -3.736667065721551e-05
249 -3.7686834517158805e-05
250 -3.713984734100505e-05
251 -3.828362769948638e-05
252 -3.8313386110735734e-05
253 -3.8084477276170134e-05
254 -3.7479087460457284e-05
255 -3.772465456186127e-05
256 -3.8171674594103584e-05
257 -3.711489158404054e-05
258 -3.8073145591799575e-05
259 -3.773765817616973e-05
260 -3.7395206712756596e-05
261 -3.747046228277987e-05
262 -3.782656552183049e-05
263 -3.7255005046449995e-05
264 -3.648232655242399e-05
265 -3.838334289283855e-05
266 -3.678789078221588e-05
267 -3.762776508886931e-05
268 -3.763610166605956e-05
269 -3.6990451490055686e-05
270 -3.7603218745799325e-05
271 -3.709054066740158e-05
272 -3.831645117303506e-05
273 -3.814379586262811e-05
274 -3.813935236047069e-05
275 -3.736008325492402e-05
276 -3.8008413544627774e-05
277 -3.7740516811179065e-05
278 -3.746226918576548e-05
279 -3.825700279169047e-05
280 -3.741239316088854e-05
281 -3.863265835927341e-05
282 -3.7456037799871735e-05
283 -3.7226374430591166e-05
284 -3.629127361869446e-05
285 -3.689764596169124e-05
286 -3.756647480213537e-05
287 -3.8201531471572856e-05
288 -3.7734508007077195e-05
289 -3.683849581240325e-05
290 -3.7746342247617935e-05
291 -3.81687107128494e-05
292 -3.669485803938101e-05
293 -3.784604668166591e-05
294 -3.696500512351959e-05
295 -3.662054714037813e-05
296 -3.7997568394741724e-05
297 -3.8556684287958465e-05
298 -3.754008684202508e-05
299 -3.8255323178237534e-05
