0 -4.667024354109154e-05
1 -4.6128776424579756e-05
2 -4.5685965988696714e-05
3 -4.668656492103087e-05
4 -4.6844125851910837e-05
5 -4.6434412367878345e-05
6 -4.552343098723751e-05
7 -4.570945946942543e-05
8 -4.5566922406220446e-05
9 -4.592803979568846e-05
10 -4.58071737024762e-05
11 -4.558181068853311e-05
12 -4.7102485636258086e-05
13 -4.583116997238343e-05
14 -4.586041039888843e-05
15 -4.617925452502827e-05
16 -4.618394717665326e-05
17 -4.680817614555225e-05
18 -4.676150284567047e-05
19 -4.6039640795996835e-05
20 -4.479125934210815e-05
21 -4.5986098959555126e-05
22 -4.6479980274976576e-05
23 -4.596834270812897e-05
24 -4.626063244282993e-05
25 -4.665421845936143e-05
26 -4.6963137517395546e-05
27 -4.607765734139188e-05
28 -4.6045212324791616e-05
29 -4.564740270849683e-05
30 -4.6474200365348366e-05
31 -4.616511309523509e-05
32 -4.636129229392726e-05
33 -4.636473127545249e-05
34 -4.665404477715972e-05
35 -4.6504488044514694e-05
36 -4.5682236033135725e-05
37 -4.503142500729518e-05
38 -4.6144051287206535e-05
39 -4.635326091478888e-05
40 -4.53430672164964e-05
41 -4.61675081104288e-05
42 -4.723765072853607e-05
43 -4.681603355658094e-05
44 -4.597877364393918e-05
45 -4.5439169794843316e-05
46 -4.665044871838895e-05
47 -4.698019512620516e-05
48 -4.5844593787773254e-05
49 -4.6312073538726534e-05
50 -4.5441423709566864e-05
51 -4.6916843180554284e-05
52 -4.5066770851452384e-05
53 -4.608797407265412e-05
54 -4.572806949230979e-05
55 -4.612871001607212e-05
56 -4.5386047015518034e-05
57 -4.586224318586433e-05
58 -4.617890066804579e-05
59 -4.581392461896178e-05
60 -4.555055686836471e-05
61 -4.5254694137196246e-05
62 -4.6475034164539915e-05
63 -4.589493855502381e-05
64 -4.623516704479406e-05
65 -4.5663193717204434e-05
66 -4.742339315041221e-05
67 -4.651438714048479e-05
68 -4.5742449916610265e-05
69 -4.485058588957203e-05
70 -4.6405025910124795e-05
71 -4.598294759263039e-05
72 -4.576439384543204e-05
73 -4.641792139406774e-05
74 -4.667450973342032e-05
75 -4.477429024523768e-05
76 -4.5557136196821966e-05
77 -4.7047991524309115e-05
78 -4.646553234389447e-05
79 -4.67185687957498e-05
80 -4.66705863561553e-05
81 -4.554912492302358e-05
82 -4.650287834441064e-05
83 -4.591273312656782e-05
84 -4.6318849720450116e-05
85 -4.694183201226101e-05
86 -4.592040264744869e-05
87 -4.607383350505942e-05
88 -4.6713646116749945e-05
89 -4.638180476557878e-05
90 -4.5713844928389706e-05
91 -4.595441982232722e-05
92 -4.648528931690964e-05
93 -4.635539854563724e-05
94 -4.6870331048014336e-05
95 -4.617204086611394e-05
96 -4.478448433114475e-05
97 -4.7205008420594225e-05
98 -4.6287099725559156e-05
99 -4.657184725233874e-05
100 -4.519792185678029e-05
101 -4.5761841560897186e-05
102 -4.620411838863358e-05
103 -4.584799072850959e-05
104 -4.5797725829906766e-05
105 -4.5872637258423857e-05
106 -4.635941609241748e-05
107 -4.578485938697915e-05
108 -4.6179885082245544e-05
109 -4.6420328593583745e-05
110 -4.614083560624295e-05
111 -4.661087043699938e-05
112 -4.550505545129923e-05
113 -4.573282673817672e-05
114 -4.575919317029872e-05
115 -4.633200471051052e-05
116 -4.651326913829911e-05
117 -4.5768597290897026e-05
118 -4.6836926857526144e-05
119 -4.627146624702345e-05
120 -4.569734051454162e-05
121 -4.664013374672709e-05
122 -4.529525137975297e-05
123 -4.550508675695767e-05
124 -4.566054822931985e-05
125 -4.596873241324919e-05
126 -4.522770220920575e-05
127 -4.538336658015057e-05
128 -4.5840234676468025e-05
129 -4.584132745633755e-05
130 -4.57364257714667e-05
131 -4.5861692949887446e-05
132 -4.532139547981248e-05
133 -4.6373540972443096e-05
134 -4.670385550750776e-05
135 -4.6040724004204767e-05
136 -4.645841190401478e-05
137 -4.629778963431323e-05
138 -4.623711671051454e-05
139 -4.6170048596752226e-05
140 -4.6608684783817336e-05
141 -4.580373123465648e-05
142 -4.580411087148014e-05
143 -4.6668809664010575e-05
144 -4.6394285884649304e-05
145 -4.596122434600555e-05
146 -4.5781586951424456e-05
147 -4.622282570803809e-05
148 -4.6520308336993004e-05
149 -4.532046269491869e-05
150 -4.5572312065269937e-05
151 -4.66721918481466e-05
152 -4.541745623803612e-05
153 -4.649104407197615e-05
154 -4.5822264179751496e-05
155 -4.5385278097052975e-05
156 -4.629531679335049e-05
157 -4.576570999004906e-05
158 -4.682221943014203e-05
159 -4.573660262642463e-05
160 -4.695083869708372e-05
161 -4.582132453644242e-05
162 -4.6100437128878256e-05
163 -4.652248239735647e-05
164 -4.6748177732219825e-05
165 -4.5841619922164956e-05
166 -4.6265458004279025e-05
167 -4.619195069680279e-05
168 -4.674806111614196e-05
169 -4.641241124931375e-05
170 -4.582585829008645e-05
171 -4.6741422356381204e-05
172 -4.650450689655774e-05
173 -4.642160721067508e-05
174 -4.5577407820758054e-05
175 -4.59211958445884e-05
176 -4.653481552749265e-05
177 -4.589186095851951e-05
178 -4.654089317014379e-05
179 -4.542354316668981e-05
180 -4.699683855982118e-05
181 -4.6043865241978786e-05
182 -4.6677453544756744e-05
183 -4.6600040536111795e-05
184 -4.527846476812573e-05
185 -4.7600655492131004e-05
186 -4.63811542622371e-05
187 -4.6951073817442323e-05
188 -4.5221900162614844e-05
189 -4.595980012688964e-05
190 -4.585993187310668e-05
191 -4.6221447092839825e-05
192 -4.5136110761440224e-05
193 -4.664448057109946e-05
194 -4.575323866008917e-05
195 -4.604747952965264e-05
196 -4.621878665025827e-05
197 -4.64893700960085e-05
198 -4.564782390254487e-05
199 -4.634031759618386e-05
200 -4.6184273922640874e-05
201 -4.664417148946793e-05
202 -4.600331771264409e-05
203 -4.5872264907259524e-05
204 -4.610697932178968e-05
205 -4.586618462098316e-05
206 -4.629195753237066e-05
207 -4.6229217025351175e-05
208 -4.582344895557844e-05
209 -4.4695308687052494e-05
210 -4.700062333021886e-05
211 -4.639092592126958e-05
212 -4.548846684447632e-05
213 -4.6961889392996276e-05
214 -4.5633453325833044e-05
215 -4.612868835923243e-05
216 -4.600523308889311e-05
217 -4.561803518286443e-05
218 -4.591249277965949e-05
219 -4.5454936047908206e-05
220 -4.6058210014004036e-05
221 -4.621790965962517e-05
222 -4.61686981718772e-05
223 -4.5945915249944445e-05
224 -4.688652614435863e-05
225 -4.640958799526437e-05
226 -4.5387763057817234e-05
227 -4.6101028816376014e-05
228 -4.5697801682123585e-05
229 -4.6946091119439746e-05
230 -4.5952742243214045e-05
231 -4.57408030238017e-05
232 -4.646032406464295e-05
233 -4.554844777912651e-05
234 -4.5010287525451586e-05
235 -4.635400042850848e-05
236 -4.6261500092351925e-05
237 -4.45145105472498e-05
238 -4.515072337500031e-05
239 -4.6358406197036767e-05
240 -4.616748518818074e-05
241 -4.723011443456604e-05
242 -4.645948747944103e-05
243 -4.566558117983255e-05
244 -4.656165486309259e-05
245 -4.6334460431535604e-05
246 -4.6448614507789766e-05
247 -4.574984776577088e-05
248 -4.6260048159383e-05
249 -4.5420926823373774e-05
250 -4.589228436138649e-05
251 -4.6447211070172554e-05
252 -4.672846707689598e-05
253 -4.623280918405808e-05
254 -4.623591363496762e-05
255 -4.579037769723518e-05
256 -4.65637926866689e-05
257 -4.598843618513553e-05
258 -4.598120845835335e-05
259 -4.601229075727479e-05
260 -4.574171727380163e-05
261 -4.578788315691682e-05
262 -4.610770775810938e-05
263 -4.5732829746974615e-05
264 -4.4840057114796424e-05
265 -4.677468583795497e-05
266 -4.5386838706396755e-05
267 -4.6344606185416535e-05
268 -4.54547717799819e-05
269 -4.5457575357015546e-05
270 -4.640567033167346e-05
271 -4.5354562670052505e-05
272 -4.660266973005935e-05
273 -4.68076484331094e-05
274 -4.672505397975016e-05
275 -4.5974968651504673e-05
276 -4.6579407592419996e-05
277 -4.7450469018310377e-05
278 -4.6387123896613483e-05
279 -4.704086571871395e-05
280 -4.611314671266761e-05
281 -4.7035320692355605e-05
282 -4.59296479524897e-05
283 -4.5866187264753276e-05
284 -4.4603460378864486e-05
285 -4.568785874020407e-05
286 -4.686948174131773e-05
287 -4.63815361690625e-05
288 -4.593672147045658e-05
289 -4.5084081130660875e-05
290 -4.6448306662167814e-05
291 -4.6396048490132436e-05
292 -4.4535069788461874e-05
293 -4.6093126073576526e-05
294 -4.510173884349185e-05
295 -4.5192021463742896e-05
296 -4.630857820146559e-05
297 -4.7614392987773754e-05
298 -4.6002256442969905e-05
299 -4.5898708532426476e-05
