0 -6.3491582378180984e-06
1 -6.287667691878769e-06
2 -6.652615314456594e-06
3 -5.992833443156322e-06
4 -6.216743262639343e-06
5 -6.308587126153089e-06
6 -6.626319497017467e-06
7 -6.694100788694452e-06
8 -6.564577715071394e-06
9 -6.348763010799584e-06
10 -6.4791238279721665e-06
11 -6.650158290568694e-06
12 -5.9182770009656465e-06
13 -6.371033044268402e-06
14 -6.495566352117365e-06
15 -6.433293006498915e-06
16 -6.241454215687449e-06
17 -6.104529195074597e-06
18 -6.358021355896597e-06
19 -6.355815306269643e-06
20 -6.695145285299927e-06
21 -6.274968475896578e-06
22 -6.266489562524551e-06
23 -6.324423093387081e-06
24 -6.397480968119598e-06
25 -6.118087309999127e-06
26 -6.139383869755806e-06
27 -6.276148745996405e-06
28 -6.488244441370765e-06
29 -6.541768094892832e-06
30 -6.315131877323206e-06
31 -6.284722781777561e-06
32 -6.193864060238139e-06
33 -6.3018184406618465e-06
34 -6.363670518434397e-06
35 -6.2833125948465436e-06
36 -6.620827421613371e-06
37 -6.536728419684046e-06
38 -6.385101084570147e-06
39 -6.1602259526079935e-06
40 -6.643459880590999e-06
41 -6.2190708512323036e-06
42 -5.927924043334973e-06
43 -6.121931268719397e-06
44 -6.57290156397739e-06
45 -6.633355393175849e-06
46 -6.230465992217037e-06
47 -5.8812683832428224e-06
48 -6.176435589227639e-06
49 -6.295251869736509e-06
50 -6.6282406375412924e-06
51 -6.340381059202161e-06
52 -6.69870330664191e-06
53 -6.2428438133691575e-06
54 -6.546187153389849e-06
55 -6.416057540575196e-06
56 -6.715796967719436e-06
57 -6.509303802623344e-06
58 -6.233387711971874e-06
59 -6.451949441407295e-06
60 -6.662304664642238e-06
61 -6.7403165048094546e-06
62 -6.384577271343508e-06
63 -6.513695501416696e-06
64 -6.247316295420794e-06
65 -6.527631758016863e-06
66 -6.036370748608598e-06
67 -6.402034050087273e-06
68 -6.551438871782382e-06
69 -7.0947496071741805e-06
70 -6.058025895516142e-06
71 -6.59043970529839e-06
72 -6.66806346923137e-06
73 -6.391971787970036e-06
74 -6.1449795041616035e-06
75 -6.836226447966876e-06
76 -6.498252354616044e-06
77 -5.9577345667428834e-06
78 -6.271527129751023e-06
79 -6.046442560775491e-06
80 -6.108474669012164e-06
81 -6.719788720734343e-06
82 -6.20041533216345e-06
83 -6.319361929528421e-06
84 -6.188726341090884e-06
85 -6.217359011512613e-06
86 -6.511959548719772e-06
87 -6.327039384374223e-06
88 -6.185379796040122e-06
89 -6.096421869135797e-06
90 -6.471260406438354e-06
91 -6.4787096078222235e-06
92 -6.099007843938506e-06
93 -6.408921379965466e-06
94 -6.186191587979751e-06
95 -6.422616694517609e-06
96 -6.8204002294622266e-06
97 -6.020125724293183e-06
98 -6.424634592610691e-06
99 -6.098978994926688e-06
100 -6.573740791068047e-06
101 -6.3859072579687445e-06
102 -6.234291368307862e-06
103 -6.399548805109011e-06
104 -6.250555983016816e-06
105 -6.5754526331120315e-06
106 -6.368399135341514e-06
107 -6.566867985394843e-06
108 -6.408781768396954e-06
109 -6.462508300576186e-06
110 -6.453309449879126e-06
111 -6.059775665850354e-06
112 -6.7632986572181514e-06
113 -6.501576228810539e-06
114 -6.4733346524600925e-06
115 -6.157890281419279e-06
116 -6.363962777395999e-06
117 -6.466858455895828e-06
118 -6.190458200010032e-06
119 -6.007124438468316e-06
120 -6.648892418667923e-06
121 -6.235386971842323e-06
122 -6.610882139887955e-06
123 -6.133557777131824e-06
124 -6.5873231113940635e-06
125 -6.461189144969747e-06
126 -6.554041431987164e-06
127 -6.684300902701154e-06
128 -6.358094163174116e-06
129 -6.227732909360581e-06
130 -6.262099608951267e-06
131 -6.395010474828937e-06
132 -6.789325006856482e-06
133 -6.263870025798964e-06
134 -6.106190995562245e-06
135 -6.495091415946927e-06
136 -6.174802370836404e-06
137 -6.416221228471999e-06
138 -6.255291778366423e-06
139 -6.3334188231911495e-06
140 -6.162556811869813e-06
141 -6.5080719811668785e-06
142 -6.600736658933873e-06
143 -6.171546304140595e-06
144 -6.643951587545023e-06
145 -6.389001345330419e-06
146 -6.607884054388714e-06
147 -6.406115162757203e-06
148 -6.340432300736875e-06
149 -6.813625151919566e-06
150 -6.5550406459719685e-06
151 -6.199488673146442e-06
152 -6.5497534137335736e-06
153 -6.432178406360184e-06
154 -6.507609425095337e-06
155 -6.445124809548108e-06
156 -6.228529632109128e-06
157 -6.528665138940875e-06
158 -6.159858963311191e-06
159 -6.639665522870263e-06
160 -6.201461677946231e-06
161 -6.752673580667848e-06
162 -6.312340729202694e-06
163 -6.374121345972583e-06
164 -5.924773854920776e-06
165 -6.548309472063324e-06
166 -6.5041124541194145e-06
167 -6.371628108975465e-06
168 -6.166729867921891e-06
169 -6.316532881518761e-06
170 -6.526134901707448e-06
171 -6.464694315563127e-06
172 -6.172571987560797e-06
173 -6.205037344555615e-06
174 -6.392965353598094e-06
175 -6.481287166085621e-06
176 -6.325131695699569e-06
177 -6.4954575812738035e-06
178 -6.412294120635711e-06
179 -6.407024225383864e-06
180 -6.303443980566744e-06
181 -6.243727356086995e-06
182 -6.03553042490625e-06
183 -6.15983534127336e-06
184 -6.755699738802998e-06
185 -6.068129149692779e-06
186 -6.338912147924093e-06
187 -6.219591512870792e-06
188 -6.699712940427607e-06
189 -6.2943298563173815e-06
190 -6.73853518802296e-06
191 -6.3767526179565366e-06
192 -6.655032419683851e-06
193 -6.192525594358068e-06
194 -6.583077164819945e-06
195 -6.514505823946079e-06
196 -6.3868562995533935e-06
197 -6.357078387219978e-06
198 -6.652014758060812e-06
199 -6.656633183424491e-06
200 -6.396180180867548e-06
201 -6.135391415641763e-06
202 -6.6957018722143765e-06
203 -6.681355992091069e-06
204 -6.3316868875376e-06
205 -6.628476119262261e-06
206 -6.418288299129354e-06
207 -6.319426982056202e-06
208 -6.4430020982683855e-06
209 -6.870884291348843e-06
210 -6.159025770683343e-06
211 -6.376699698885239e-06
212 -6.764226857829971e-06
213 -6.087935132198476e-06
214 -6.427904131044571e-06
215 -6.616917966959598e-06
216 -6.391579902244928e-06
217 -6.406496083971928e-06
218 -6.343393760679097e-06
219 -6.37057808903883e-06
220 -6.436366070836254e-06
221 -6.240162446568638e-06
222 -6.281348021688168e-06
223 -6.420012056129964e-06
224 -6.113323148886951e-06
225 -6.311241372360722e-06
226 -6.627935371663545e-06
227 -6.110999795252987e-06
228 -6.427073173111004e-06
229 -6.207340413429189e-06
230 -6.389458460330137e-06
231 -6.434882281383704e-06
232 -6.064112898320072e-06
233 -6.464470085851396e-06
234 -6.6424145541789e-06
235 -6.4557361843235164e-06
236 -6.264935981326129e-06
237 -6.800240089022441e-06
238 -6.806177228337277e-06
239 -6.283255248769421e-06
240 -6.31484432664526e-06
241 -5.9887948930870286e-06
242 -6.396526363677103e-06
243 -6.4377373481749925e-06
244 -6.2124445302801955e-06
245 -6.3483400690348345e-06
246 -6.1726894998894925e-06
247 -6.586733575795404e-06
248 -6.446428708707329e-06
249 -6.519359023737046e-06
250 -6.3817732793274746e-06
251 -6.149456094572326e-06
252 -6.112650335218127e-06
253 -6.264589861730214e-06
254 -6.593662898597404e-06
255 -6.404321500343564e-06
256 -6.1538723541875305e-06
257 -6.443657031587792e-06
258 -6.451103323353054e-06
259 -6.378929034741083e-06
260 -6.512798009202081e-06
261 -6.441194671823234e-06
262 -6.280189799031467e-06
263 -6.695382121445354e-06
264 -6.9509414356066936e-06
265 -6.135617740180757e-06
266 -6.818313961892066e-06
267 -6.370113700334187e-06
268 -6.407814317950822e-06
269 -6.649586228892927e-06
270 -6.338085601127225e-06
271 -6.757805738185897e-06
272 -6.109015788064484e-06
273 -5.975151687975342e-06
274 -6.109434201384765e-06
275 -6.577563462459097e-06
276 -6.271684393695503e-06
277 -5.943808234633845e-06
278 -6.410995581814482e-06
279 -6.142585268026484e-06
280 -6.473722480799008e-06
281 -6.058848083954042e-06
282 -6.626443312573471e-06
283 -6.53641917743992e-06
284 -6.977475418742205e-06
285 -6.5414045689403e-06
286 -6.2965463111987975e-06
287 -6.219007992026066e-06
288 -6.47575560826838e-06
289 -6.639049892864676e-06
290 -6.3662641777825275e-06
291 -6.221812072370878e-06
292 -6.7364638255256925e-06
293 -6.35500292797516e-06
294 -6.747653713084331e-06
295 -6.761940618117033e-06
296 -6.169437238395062e-06
297 -6.039158396002316e-06
298 -6.430995951973177e-06
299 -6.237425182676487e-06
