0 -2.8048468242151373e-06
1 -2.7967772978365795e-06
2 -2.761322594278967e-06
3 -2.8342781191994424e-06
4 -2.8330134398632917e-06
5 -2.787657653793905e-06
6 -2.761116081534103e-06
7 -2.729853413464852e-06
8 -2.7850059065714254e-06
9 -2.8195286900309095e-06
10 -2.773282417500528e-06
11 -2.737049339039782e-06
12 -2.8289461449643036e-06
13 -2.779777090712028e-06
14 -2.718068940127932e-06
15 -2.8181929625785947e-06
16 -2.8263969896555554e-06
17 -2.8312395065621364e-06
18 -2.759104623342962e-06
19 -2.7105465706263464e-06
20 -2.7732641594485297e-06
21 -2.809975797956478e-06
22 -2.795919298708248e-06
23 -2.81242875166826e-06
24 -2.813517278943452e-06
25 -2.8112182392608244e-06
26 -2.794273799503986e-06
27 -2.7572093394568033e-06
28 -2.7931412179071336e-06
29 -2.798280802245988e-06
30 -2.8126847495453586e-06
31 -2.860858658067793e-06
32 -2.8256545126060932e-06
33 -2.776631026994476e-06
34 -2.8161523794047915e-06
35 -2.805970625762706e-06
36 -2.775974901287251e-06
37 -2.7446012346338025e-06
38 -2.8432888826767887e-06
39 -2.7902826579876386e-06
40 -2.781875020955785e-06
41 -2.7937749292165654e-06
42 -2.8420483436075884e-06
43 -2.8283603953976687e-06
44 -2.768586016608351e-06
45 -2.7852829532405977e-06
46 -2.795364075394363e-06
47 -2.8405493266123465e-06
48 -2.769840829890575e-06
49 -2.7823060901662665e-06
50 -2.7572179676422675e-06
51 -2.7989886730509733e-06
52 -2.7647007443626158e-06
53 -2.7637697865601776e-06
54 -2.7815463211922974e-06
55 -2.8099282835238867e-06
56 -2.7676420150996814e-06
57 -2.766704993766732e-06
58 -2.8485196567670566e-06
59 -2.7071562920287893e-06
60 -2.7528134729371194e-06
61 -2.7649342297043544e-06
62 -2.8019658363281407e-06
63 -2.8233289770351613e-06
64 -2.8392720306641306e-06
65 -2.780460819825642e-06
66 -2.8161267172392625e-06
67 -2.8092174788468536e-06
68 -2.6914803601374966e-06
69 -2.7389322985872393e-06
70 -2.8129599197528086e-06
71 -2.766448064078367e-06
72 -2.757974549939228e-06
73 -2.822213281026076e-06
74 -2.867312196198852e-06
75 -2.7830446880715986e-06
76 -2.725997203240156e-06
77 -2.839271358886553e-06
78 -2.8301375814278576e-06
79 -2.8825210446254682e-06
80 -2.8586096687542133e-06
81 -2.774002541444072e-06
82 -2.7877947165617714e-06
83 -2.7828272605716584e-06
84 -2.8149339630561862e-06
85 -2.846638271198786e-06
86 -2.771966827940386e-06
87 -2.7721569893208138e-06
88 -2.850002147992474e-06
89 -2.7613197140134126e-06
90 -2.8344703474485186e-06
91 -2.82299678413551e-06
92 -2.792014352779998e-06
93 -2.777166363749746e-06
94 -2.8513166621251294e-06
95 -2.800044849131223e-06
96 -2.7836539082751936e-06
97 -2.8706721582896454e-06
98 -2.7247651398140673e-06
99 -2.8080013368545794e-06
100 -2.709951369622217e-06
101 -2.778964504833717e-06
102 -2.725908786400694e-06
103 -2.792996569581931e-06
104 -2.7731998375930723e-06
105 -2.7599946957041933e-06
106 -2.806039041663092e-06
107 -2.767672201403229e-06
108 -2.7184109751847563e-06
109 -2.758437159714759e-06
110 -2.76922139929604e-06
111 -2.7812135266242903e-06
112 -2.6912882330442998e-06
113 -2.76940044951681e-06
114 -2.7991012610311973e-06
115 -2.8439498366984485e-06
116 -2.8163204331763535e-06
117 -2.767761809618241e-06
118 -2.8745771695325386e-06
119 -2.8838001707588545e-06
120 -2.7781191453886073e-06
121 -2.8247810836320455e-06
122 -2.7424244338024797e-06
123 -2.8130981519297457e-06
124 -2.772295025267423e-06
125 -2.8187244093986e-06
126 -2.7551729236097875e-06
127 -2.7451831785797006e-06
128 -2.7635288489522983e-06
129 -2.849009144819871e-06
130 -2.7741191460680104e-06
131 -2.8286494545249202e-06
132 -2.748404047089171e-06
133 -2.7968865981859463e-06
134 -2.7965545976212334e-06
135 -2.8394401889872677e-06
136 -2.7932377073682343e-06
137 -2.8352963669176686e-06
138 -2.840391369299964e-06
139 -2.7870043827412116e-06
140 -2.8592870031851557e-06
141 -2.8060025037041976e-06
142 -2.760789189965031e-06
143 -2.8661368944525623e-06
144 -2.832875435495346e-06
145 -2.7608786464543497e-06
146 -2.8212722933486944e-06
147 -2.805771813177991e-06
148 -2.84142663237038e-06
149 -2.7695160581368995e-06
150 -2.783985603564893e-06
151 -2.8412459144971142e-06
152 -2.794971963986167e-06
153 -2.7450497710669065e-06
154 -2.785148943101286e-06
155 -2.7840801927363705e-06
156 -2.845402347117784e-06
157 -2.758665001445049e-06
158 -2.868340843778042e-06
159 -2.697031979021452e-06
160 -2.817824695685372e-06
161 -2.767171508848929e-06
162 -2.7965076838811585e-06
163 -2.8075909884497253e-06
164 -2.8770620341817187e-06
165 -2.7503403814838714e-06
166 -2.855247534882713e-06
167 -2.761176549421963e-06
168 -2.8154305701721174e-06
169 -2.792120256434681e-06
170 -2.7713277944289827e-06
171 -2.8253351954965753e-06
172 -2.8098446255836254e-06
173 -2.7806461766989355e-06
174 -2.741521030768351e-06
175 -2.805827053864324e-06
176 -2.837970979403561e-06
177 -2.7705349506346207e-06
178 -2.7798769077601376e-06
179 -2.8189746413283907e-06
180 -2.8146253918855475e-06
181 -2.8132844685285903e-06
182 -2.863528687744667e-06
183 -2.7867436455194194e-06
184 -2.735381533388963e-06
185 -2.8179668511102927e-06
186 -2.7542511976589933e-06
187 -2.810583482517002e-06
188 -2.7242608279493247e-06
189 -2.7732897411101106e-06
190 -2.7482784026492103e-06
191 -2.7842927669350773e-06
192 -2.775021280902264e-06
193 -2.8006515440646533e-06
194 -2.772557860701949e-06
195 -2.753486099495549e-06
196 -2.7785596844065845e-06
197 -2.820430838808861e-06
198 -2.758803616272499e-06
199 -2.7664532102849614e-06
200 -2.7507059411748243e-06
201 -2.772931332183269e-06
202 -2.753601712732079e-06
203 -2.8193138993826484e-06
204 -2.7523943130989518e-06
205 -2.736076105218484e-06
206 -2.7815911077313496e-06
207 -2.780286543291206e-06
208 -2.78220635109363e-06
209 -2.742744208632206e-06
210 -2.8523595292764775e-06
211 -2.8154358578329605e-06
212 -2.8205185253866465e-06
213 -2.853900155647144e-06
214 -2.795347568181175e-06
215 -2.798543395844633e-06
216 -2.7821550936137138e-06
217 -2.781166616526594e-06
218 -2.7756466031850694e-06
219 -2.808855243016224e-06
220 -2.799495786590597e-06
221 -2.8055694777697835e-06
222 -2.7371720966769282e-06
223 -2.7841200734241353e-06
224 -2.8279761477721123e-06
225 -2.838139854540571e-06
226 -2.751064226977838e-06
227 -2.741922975569174e-06
228 -2.785478196005248e-06
229 -2.7899726650876097e-06
230 -2.716296441397782e-06
231 -2.7524653740037205e-06
232 -2.802191016756854e-06
233 -2.8095724428333702e-06
234 -2.717709913636673e-06
235 -2.8293219983667425e-06
236 -2.7688990444554837e-06
237 -2.7331096033785262e-06
238 -2.718915427897429e-06
239 -2.870610873859054e-06
240 -2.794401667760698e-06
241 -2.83186606503615e-06
242 -2.7887090126335897e-06
243 -2.7497850894687513e-06
244 -2.8294446460493993e-06
245 -2.8528692509222697e-06
246 -2.8440191157482293e-06
247 -2.7370272753095505e-06
248 -2.826814729128224e-06
249 -2.756485800314037e-06
250 -2.766327951011735e-06
251 -2.8496658061320904e-06
252 -2.832508418254338e-06
253 -2.7549163643229933e-06
254 -2.7563520842993984e-06
255 -2.7652407896344004e-06
256 -2.8531182616006115e-06
257 -2.7652687195128947e-06
258 -2.691423289092459e-06
259 -2.8225307538748768e-06
260 -2.779724870089367e-06
261 -2.7785867470853422e-06
262 -2.818155128807603e-06
263 -2.754715355922795e-06
264 -2.727082582973696e-06
265 -2.819934434345641e-06
266 -2.8169967942496e-06
267 -2.8133921304951315e-06
268 -2.800794743674646e-06
269 -2.778522243333599e-06
270 -2.814229095249604e-06
271 -2.787688205506442e-06
272 -2.844753191741442e-06
273 -2.875685849942717e-06
274 -2.8755763666454887e-06
275 -2.8144099321362653e-06
276 -2.8548762509454404e-06
277 -2.876868935713453e-06
278 -2.822491094977449e-06
279 -2.865851797338804e-06
280 -2.798048250879777e-06
281 -2.814629438798205e-06
282 -2.71769321715989e-06
283 -2.8039706340506138e-06
284 -2.78511667215552e-06
285 -2.7584772357919293e-06
286 -2.8226867456796882e-06
287 -2.768252563890097e-06
288 -2.721731508477324e-06
289 -2.7884725161468174e-06
290 -2.811142875983651e-06
291 -2.820644691683313e-06
292 -2.7621583500409044e-06
293 -2.742280408079847e-06
294 -2.740986724152259e-06
295 -2.7743277575696056e-06
296 -2.8274673321850967e-06
297 -2.8804926396115746e-06
298 -2.782604275193783e-06
299 -2.781674036387624e-06
