0 -5.101597304944921e-06
1 -5.29211343692861e-06
2 -5.3023941558926435e-06
3 -4.7761614531304676e-06
4 -5.097876975426819e-06
5 -5.157679293399467e-06
6 -5.522179469751893e-06
7 -5.566944598554915e-06
8 -5.556924344221988e-06
9 -5.144464040431322e-06
10 -5.407860986474741e-06
11 -5.365023376312492e-06
12 -5.025343231689553e-06
13 -5.551644173600827e-06
14 -5.569726296623188e-06
15 -5.008953867696832e-06
16 -5.144084037757162e-06
17 -4.935920858034971e-06
18 -5.088267054620056e-06
19 -5.580300760709247e-06
20 -5.693381049003875e-06
21 -5.1723544575249445e-06
22 -4.921972412838402e-06
23 -5.336933749512773e-06
24 -5.162863970441041e-06
25 -5.259778394212954e-06
26 -4.90503519414664e-06
27 -5.246385720495237e-06
28 -5.461556482771991e-06
29 -5.517410276649566e-06
30 -5.0353761957078005e-06
31 -4.894009063543797e-06
32 -4.802541656174687e-06
33 -5.322863692965219e-06
34 -5.002900905041469e-06
35 -4.908837676910031e-06
36 -5.201612543133966e-06
37 -5.628047837227595e-06
38 -4.904096410761165e-06
39 -5.1098549154676605e-06
40 -5.279477878785541e-06
41 -5.506484039181362e-06
42 -4.957024710853539e-06
43 -4.896765092852074e-06
44 -5.245443452492198e-06
45 -5.576624722525951e-06
46 -5.269410324404684e-06
47 -4.924250151877017e-06
48 -5.508553789303637e-06
49 -5.058971204945531e-06
50 -5.500050842875571e-06
51 -5.1585727762914195e-06
52 -5.697058492207573e-06
53 -5.150731203794357e-06
54 -5.5888080953361865e-06
55 -5.10713564875125e-06
56 -6.009465605652151e-06
57 -5.323887907026747e-06
58 -5.120306501390857e-06
59 -5.86220690740552e-06
60 -5.523691894679633e-06
61 -5.377823222663418e-06
62 -4.995756053768245e-06
63 -5.036929281604846e-06
64 -5.203152476911029e-06
65 -5.4979781157224954e-06
66 -4.6345603894210015e-06
67 -5.016853672416522e-06
68 -5.7334733834049435e-06
69 -5.796004934759865e-06
70 -4.8885104276305835e-06
71 -5.512029392449432e-06
72 -5.522657079546973e-06
73 -5.1949586067433496e-06
74 -5.216064383857576e-06
75 -5.915570565809397e-06
76 -5.684810760806951e-06
77 -4.7684876556032035e-06
78 -5.0676354701478976e-06
79 -4.701720527750398e-06
80 -4.759901137361874e-06
81 -5.484430644932016e-06
82 -5.138102249482333e-06
83 -5.182084118902553e-06
84 -5.0737956596031925e-06
85 -4.691761749800766e-06
86 -5.291909214994781e-06
87 -5.329371390755111e-06
88 -4.842053911452109e-06
89 -5.554241768751163e-06
90 -5.3494350833284526e-06
91 -5.1189194934148154e-06
92 -5.217380345720868e-06
93 -5.359813165208298e-06
94 -5.0916576134581146e-06
95 -5.3587832694608135e-06
96 -5.793732776560221e-06
97 -4.424678500082573e-06
98 -5.341001629874099e-06
99 -5.340175005529902e-06
100 -5.7936824470236395e-06
101 -5.796384282959168e-06
102 -5.6249317340555445e-06
103 -5.2657447482047824e-06
104 -5.4734292568993315e-06
105 -5.353552480070364e-06
106 -5.02063877277357e-06
107 -5.462540480131052e-06
108 -5.451907632942437e-06
109 -5.269415491362148e-06
110 -5.397392610444051e-06
111 -5.248847459311689e-06
112 -5.874449859272959e-06
113 -5.4472562460959504e-06
114 -5.239886062414481e-06
115 -4.680411985577885e-06
116 -4.699438791368464e-06
117 -5.70980711349905e-06
118 -4.839285635756608e-06
119 -5.105352945925985e-06
120 -5.289017117631595e-06
121 -4.879925978533101e-06
122 -5.904811051962587e-06
123 -5.531514798610678e-06
124 -5.344575206655542e-06
125 -5.36870310657034e-06
126 -5.8094786797891224e-06
127 -5.406856212820758e-06
128 -5.0575879373801825e-06
129 -5.362003101168743e-06
130 -5.295051696187002e-06
131 -5.151412102892455e-06
132 -5.463914769115015e-06
133 -5.269729803714044e-06
134 -5.431521430358472e-06
135 -5.044728488854056e-06
136 -4.868604685834335e-06
137 -4.910596315200532e-06
138 -5.239298900578864e-06
139 -5.421669863247882e-06
140 -4.998430745575794e-06
141 -5.140310285567731e-06
142 -5.522399485517173e-06
143 -4.832499294465236e-06
144 -4.795055558519807e-06
145 -5.614069346240724e-06
146 -5.277102373518983e-06
147 -5.309628504841382e-06
148 -4.867818079934377e-06
149 -5.6095488913143905e-06
150 -5.413070755399287e-06
151 -5.133322559258458e-06
152 -5.44691625063564e-06
153 -5.3756631534161444e-06
154 -5.478900168476912e-06
155 -5.447348017397628e-06
156 -4.949380944738326e-06
157 -5.308525604063439e-06
158 -4.586774185182894e-06
159 -5.635420829460138e-06
160 -4.626726185638141e-06
161 -5.647515581390103e-06
162 -5.3749433418438654e-06
163 -5.2426919184019285e-06
164 -4.830177961725148e-06
165 -5.67600044253242e-06
166 -4.8131283868890136e-06
167 -5.459062152918557e-06
168 -4.895495063740144e-06
169 -5.290146835408495e-06
170 -5.4881458944582514e-06
171 -4.830444662317106e-06
172 -4.92321073603621e-06
173 -5.299805978505498e-06
174 -5.681994176706534e-06
175 -5.209220833344939e-06
176 -4.8124148746944775e-06
177 -5.336049418922282e-06
178 -5.236647481812943e-06
179 -5.089330361716491e-06
180 -4.822202351452524e-06
181 -5.190980998579565e-06
182 -4.8920571726921295e-06
183 -4.984645193761484e-06
184 -5.807469993897108e-06
185 -4.606077129564246e-06
186 -5.177809987639575e-06
187 -4.811314192996068e-06
188 -5.746225020577076e-06
189 -5.128911099948656e-06
190 -5.369601490003887e-06
191 -5.290155457220394e-06
192 -5.6187435345318645e-06
193 -4.918152904311946e-06
194 -5.448252480513168e-06
195 -5.72493276799868e-06
196 -5.4913408746499895e-06
197 -5.001240808184583e-06
198 -5.2054243200144846e-06
199 -5.158294974295115e-06
200 -5.023567441196165e-06
201 -5.157851928499081e-06
202 -5.340340302453429e-06
203 -5.154153875229124e-06
204 -5.421687895753788e-06
205 -5.582172595331644e-06
206 -4.986072324358883e-06
207 -5.371075549146331e-06
208 -5.563880164587055e-06
209 -5.817257012144403e-06
210 -4.546497924263549e-06
211 -5.03714983441308e-06
212 -5.441601509753713e-06
213 -4.929556445773582e-06
214 -5.578779608260869e-06
215 -5.129260222960664e-06
216 -5.2936909876903075e-06
217 -5.5377749967913025e-06
218 -5.5103084031576605e-06
219 -5.465905371725135e-06
220 -5.269084355647319e-06
221 -5.291857106342413e-06
222 -4.820949344444264e-06
223 -5.395368781123014e-06
224 -4.98253594493955e-06
225 -4.9047621216968084e-06
226 -5.642530534816206e-06
227 -5.514979862091934e-06
228 -5.6111000195414265e-06
229 -4.939210347517112e-06
230 -5.4787940389673545e-06
231 -5.362686136238506e-06
232 -4.991719754345635e-06
233 -5.445713266457688e-06
234 -5.5868670677643506e-06
235 -5.02933623077542e-06
236 -5.419237658086414e-06
237 -5.846732386185679e-06
238 -5.788186460689071e-06
239 -4.985501577120369e-06
240 -5.111278160898053e-06
241 -4.663873879639739e-06
242 -5.0951287065097735e-06
243 -5.578515538475626e-06
244 -4.959900353669366e-06
245 -4.831984707105726e-06
246 -4.974321292086441e-06
247 -5.738270279050575e-06
248 -5.026658510360509e-06
249 -5.808137182921854e-06
250 -5.043478164839558e-06
251 -5.129713532227371e-06
252 -5.029965978030065e-06
253 -5.366278838430354e-06
254 -5.314416900900542e-06
255 -5.527490538653773e-06
256 -5.041985547140623e-06
257 -5.061783968599989e-06
258 -5.828805910745914e-06
259 -5.3173114618887085e-06
260 -5.497197818988986e-06
261 -5.421579410406964e-06
262 -5.209511698736924e-06
263 -5.539748609711382e-06
264 -5.8349012032796615e-06
265 -5.027979220658972e-06
266 -5.417150401183665e-06
267 -5.084390196353229e-06
268 -5.568791170721828e-06
269 -5.422989873894923e-06
270 -4.956454737877829e-06
271 -5.653850724950247e-06
272 -5.070157001749525e-06
273 -4.630180007912659e-06
274 -4.857498701597109e-06
275 -5.298623319233752e-06
276 -5.023180284283946e-06
277 -4.097549057290763e-06
278 -4.972066656470219e-06
279 -4.769788056634549e-06
280 -5.130633546504367e-06
281 -5.101627603792112e-06
282 -5.542454888640592e-06
283 -5.22235277176714e-06
284 -5.736338248325259e-06
285 -5.166763365934549e-06
286 -4.667889661874626e-06
287 -5.315162112008376e-06
288 -5.560332766701554e-06
289 -5.489915904779047e-06
290 -5.12861399328833e-06
291 -5.20756344012771e-06
292 -5.842695338191095e-06
293 -5.430756102917905e-06
294 -5.690093685762434e-06
295 -5.526323299991782e-06
296 -5.087214708903002e-06
297 -4.594695602453152e-06
298 -5.279050814104247e-06
299 -5.588023546229586e-06
