0 -7.140217281718932e-06
1 -6.9767292660687305e-06
2 -7.29032157983291e-06
3 -6.93953801150786e-06
4 -7.027889050695844e-06
5 -7.048681504748804e-06
6 -7.165658569969748e-06
7 -7.191409455704263e-06
8 -7.132639432420384e-06
9 -7.099919159215388e-06
10 -7.11298015334538e-06
11 -7.255019732529815e-06
12 -6.779565744964225e-06
13 -6.951141985296057e-06
14 -7.0041768128411486e-06
15 -7.243287237464797e-06
16 -7.004027611031466e-06
17 -6.961814740924326e-06
18 -7.102764522833244e-06
19 -6.873153024482236e-06
20 -7.1995455110211986e-06
21 -7.015516322222713e-06
22 -7.087643943527207e-06
23 -7.024781289936214e-06
24 -7.15208967135035e-06
25 -6.871679513681428e-06
26 -6.9734002475069295e-06
27 -6.963721457561667e-06
28 -7.132746727760342e-06
29 -7.138684261749284e-06
30 -7.113550165308947e-06
31 -7.147420541815487e-06
32 -7.085000518902065e-06
33 -6.956314603461071e-06
34 -7.1709458766466125e-06
35 -7.1316301878120225e-06
36 -7.307010039241276e-06
37 -7.056013373082075e-06
38 -7.24408509449183e-06
39 -6.936657442404443e-06
40 -7.2932521355207896e-06
41 -6.836417254016705e-06
42 -6.816890257949629e-06
43 -7.002895972271503e-06
44 -7.252599151382301e-06
45 -7.187062076459958e-06
46 -6.9463465630282514e-06
47 -6.780411221536362e-06
48 -6.771226041305821e-06
49 -7.059383622966615e-06
50 -7.1825937607942305e-06
51 -7.071915255995689e-06
52 -7.192527829961534e-06
53 -6.947567681248995e-06
54 -7.105219535977586e-06
55 -7.1597595610944795e-06
56 -7.10225191748796e-06
57 -7.143706440037421e-06
58 -7.047121483541485e-06
59 -6.874611464323514e-06
60 -7.226589206605731e-06
61 -7.32674502181784e-06
62 -7.176939766954079e-06
63 -7.311588123449587e-06
64 -7.009672841112574e-06
65 -7.146839051429487e-06
66 -7.020511955401749e-06
67 -7.220640023194859e-06
68 -6.980993971902371e-06
69 -7.4901228905292926e-06
70 -6.937467383393435e-06
71 -7.164258535416155e-06
72 -7.259603270837434e-06
73 -7.13467523410332e-06
74 -6.953851408417297e-06
75 -7.2296198462885625e-06
76 -6.992024607001015e-06
77 -6.907700441240434e-06
78 -7.065118694288218e-06
79 -7.040406292020953e-06
80 -7.030105572096853e-06
81 -7.300176194012693e-06
82 -6.95250839670136e-06
83 -7.033567851821322e-06
84 -6.9871995138538965e-06
85 -7.162224903083984e-06
86 -7.161904374861337e-06
87 -7.000782585221603e-06
88 -7.096906339973871e-06
89 -6.696391979392018e-06
90 -7.145281056578927e-06
91 -7.2410475434034325e-06
92 -6.8230950193493306e-06
93 -7.044728998890454e-06
94 -7.008342033890134e-06
95 -7.089779647903031e-06
96 -7.281572507657385e-06
97 -7.122372797259416e-06
98 -7.036041035222296e-06
99 -6.812331695115802e-06
100 -6.995672709187327e-06
101 -6.90505251560754e-06
102 -6.748951079684384e-06
103 -7.065688534850912e-06
104 -6.8549445602283026e-06
105 -7.210144495651477e-06
106 -7.1635242499000575e-06
107 -7.165121717947158e-06
108 -6.986280387416952e-06
109 -7.126779505013785e-06
110 -7.094483885245813e-06
111 -6.796770806783949e-06
112 -7.145613973035955e-06
113 -7.096451278017971e-06
114 -7.186236470048934e-06
115 -7.128961807362622e-06
116 -7.29152790404896e-06
117 -6.984481820768763e-06
118 -7.108491398879305e-06
119 -6.8528360420916735e-06
120 -7.297154033723936e-06
121 -7.10727475464698e-06
122 -7.020045022127748e-06
123 -6.758004817480966e-06
124 -7.2111233769717174e-06
125 -7.122030348069463e-06
126 -7.011284880214804e-06
127 -7.256130221243164e-06
128 -7.096439242873966e-06
129 -6.946219744654875e-06
130 -6.916089475490338e-06
131 -7.138916281891103e-06
132 -7.313095332238343e-06
133 -6.973865085181954e-06
134 -6.793869569728898e-06
135 -7.296146298779919e-06
136 -7.025466565932609e-06
137 -7.2646175837765876e-06
138 -6.996312616096555e-06
139 -6.979698334379059e-06
140 -7.027194576492685e-06
141 -7.256304523785402e-06
142 -7.131978710353586e-06
143 -7.114570096067856e-06
144 -7.526752313844733e-06
145 -6.949762757825557e-06
146 -7.303024720370196e-06
147 -7.0883330735249465e-06
148 -7.208863912226925e-06
149 -7.350044271439317e-06
150 -7.1804189690757285e-06
151 -6.99491995116454e-06
152 -7.168050415392423e-06
153 -7.04826365574956e-06
154 -7.11212925828099e-06
155 -7.0379679510455396e-06
156 -7.089681607596536e-06
157 -7.161987996059962e-06
158 -7.1586617510310755e-06
159 -7.109260961668275e-06
160 -7.1583946707546075e-06
161 -7.287808733642623e-06
162 -6.9804513067942955e-06
163 -7.106839917204998e-06
164 -6.883441913625828e-06
165 -7.062500064153435e-06
166 -7.389871446683386e-06
167 -6.979720008675287e-06
168 -7.019215909669147e-06
169 -7.0037524730081845e-06
170 -7.107839108605777e-06
171 -7.348213229750631e-06
172 -7.013729024249374e-06
173 -6.8984543503218334e-06
174 -6.910748857371326e-06
175 -7.1945553769178276e-06
176 -7.2084823851738015e-06
177 -7.1356699481519865e-06
178 -7.126760297705011e-06
179 -7.167673696533386e-06
180 -7.1849676904694444e-06
181 -7.003277357658093e-06
182 -6.93855472012291e-06
183 -6.964370975339497e-06
184 -7.175026398850971e-06
185 -7.058825708677378e-06
186 -7.03342754180248e-06
187 -7.090237698639681e-06
188 -7.1286560779328855e-06
189 -7.039671353839723e-06
190 -7.346971714759801e-06
191 -7.063973523624302e-06
192 -7.1608482036673685e-06
193 -7.0494409107908655e-06
194 -7.1682759081476e-06
195 -7.032395065172353e-06
196 -6.9837433773481965e-06
197 -7.170256390111895e-06
198 -7.3222707319076864e-06
199 -7.3620627415626565e-06
200 -7.149165420503502e-06
201 -6.894132843230915e-06
202 -7.315054922187817e-06
203 -7.420461070215329e-06
204 -6.954747026089427e-06
205 -7.1472928586707276e-06
206 -7.188450499037782e-06
207 -6.9628512282266715e-06
208 -7.013055896362729e-06
209 -7.304966120530848e-06
210 -7.152673610136062e-06
211 -7.174179664279511e-06
212 -7.381779138664825e-06
213 -6.994888554221733e-06
214 -7.007479639098419e-06
215 -7.350396455587664e-06
216 -7.076260515043901e-06
217 -6.996786649019215e-06
218 -6.939574769249316e-06
219 -7.00918156377612e-06
220 -7.130401802510791e-06
221 -6.950782899435386e-06
222 -7.088472084609852e-06
223 -7.0854511917917546e-06
224 -6.966019608588696e-06
225 -7.161524438795629e-06
226 -7.144908428318624e-06
227 -6.682141888085225e-06
228 -6.992756508711942e-06
229 -7.02933464430015e-06
230 -6.937626787131668e-06
231 -7.08502126389787e-06
232 -6.892793419107753e-06
233 -7.064904845802702e-06
234 -7.140478898146185e-06
235 -7.27211795046693e-06
236 -6.906644326418997e-06
237 -7.201162943805697e-06
238 -7.224100694133409e-06
239 -7.147645795713881e-06
240 -7.064048072897822e-06
241 -6.961176595703636e-06
242 -7.160280932968824e-06
243 -6.9848326157829565e-06
244 -7.0666084038112444e-06
245 -7.2534468824526175e-06
246 -7.023025708199182e-06
247 -7.077079464486167e-06
248 -7.240692829111707e-06
249 -6.973174226585453e-06
250 -7.132982494028625e-06
251 -6.967536611111228e-06
252 -6.9445924290763455e-06
253 -6.906607762508206e-06
254 -7.241546918532818e-06
255 -6.973402414034826e-06
256 -6.9889703123349204e-06
257 -7.175554039826571e-06
258 -6.852801354727944e-06
259 -7.075919805761247e-06
260 -7.079887521132068e-06
261 -7.042525979190169e-06
262 -7.021471810700076e-06
263 -7.245936594693764e-06
264 -7.337457235481443e-06
265 -6.975289124468512e-06
266 -7.460936147898103e-06
267 -7.143640580568541e-06
268 -6.989623772980844e-06
269 -7.256842430512201e-06
270 -7.176704647715647e-06
271 -7.282472467476723e-06
272 -6.939579756199055e-06
273 -7.0033400239994535e-06
274 -7.035141257268908e-06
275 -7.268319514956912e-06
276 -7.120004194374266e-06
277 -7.141670836176969e-06
278 -7.234129750700498e-06
279 -7.114103781317501e-06
280 -7.227933947567358e-06
281 -6.843573107391421e-06
282 -7.152740333492869e-06
283 -7.248658343286661e-06
284 -7.454549361921032e-06
285 -7.2273656593783794e-06
286 -7.238138731728118e-06
287 -6.892323808228375e-06
288 -7.0041154875839085e-06
289 -7.225859999101749e-06
290 -7.119003303275172e-06
291 -6.975506570046729e-06
292 -7.157217717394273e-06
293 -6.946807337973724e-06
294 -7.236121531239007e-06
295 -7.295587843809007e-06
296 -6.978283658344431e-06
297 -7.0762310574126774e-06
298 -7.11186034340408e-06
299 -6.823687902962839e-06
