0 -4.141147745702901e-05
1 -4.070945787973386e-05
2 -4.0903929807149235e-05
3 -4.124984175474717e-05
4 -4.142878921946189e-05
5 -4.120983785996098e-05
6 -4.0501797082501176e-05
7 -4.0795487113348286e-05
8 -4.0240830359494543e-05
9 -4.076981123371764e-05
10 -4.045953590257063e-05
11 -4.067128949230434e-05
12 -4.123744205856451e-05
13 -4.0138538422575575e-05
14 -4.0610133886036446e-05
15 -4.1259246241928783e-05
16 -4.0895715897179496e-05
17 -4.152622251933989e-05
18 -4.1746972543791346e-05
19 -4.049825992755187e-05
20 -3.9420760951353746e-05
21 -4.067161431674606e-05
22 -4.156144146833697e-05
23 -4.0309049490929295e-05
24 -4.1103860080489985e-05
25 -4.0827762882841216e-05
26 -4.192125116570833e-05
27 -4.0701430465674894e-05
28 -4.0558693203567614e-05
29 -4.024694704422401e-05
30 -4.142996461670064e-05
31 -4.1247403647198206e-05
32 -4.1444341016528484e-05
33 -4.1037221631751045e-05
34 -4.172003134835922e-05
35 -4.1534911383214095e-05
36 -4.097614003318165e-05
37 -3.9534634603022344e-05
38 -4.1341912242212464e-05
39 -4.084949442490406e-05
40 -4.052107396983823e-05
41 -4.0330792352063066e-05
42 -4.153911750252774e-05
43 -4.155883852638794e-05
44 -4.104789211244714e-05
45 -4.018130265860196e-05
46 -4.1119833633103334e-05
47 -4.122894687846768e-05
48 -3.997869683040674e-05
49 -4.124451252581606e-05
50 -4.0364300224264e-05
51 -4.186014649561482e-05
52 -3.976443239310248e-05
53 -4.094670616309966e-05
54 -4.023146090115741e-05
55 -4.125284551546395e-05
56 -3.963792936128814e-05
57 -4.084038465230711e-05
58 -4.0620088595477696e-05
59 -3.993301101927957e-05
60 -4.0358548381384236e-05
61 -4.061784896204766e-05
62 -4.1648598704774944e-05
63 -4.101941386913164e-05
64 -4.072210652012314e-05
65 -4.0147253089423266e-05
66 -4.2394876363726916e-05
67 -4.147833999971612e-05
68 -4.0389254952609747e-05
69 -4.020616699261247e-05
70 -4.100076653963344e-05
71 -4.0709096150665784e-05
72 -4.047311113999776e-05
73 -4.123319141793796e-05
74 -4.0768083270596995e-05
75 -3.947101860509361e-05
76 -3.9954135227360475e-05
77 -4.164314746152167e-05
78 -4.130559622864354e-05
79 -4.1465086753290705e-05
80 -4.1663952714380013e-05
81 -4.059357431557338e-05
82 -4.113163023226977e-05
83 -4.070340641467613e-05
84 -4.090414143909644e-05
85 -4.2172393728065385e-05
86 -4.09547225488851e-05
87 -4.0580076686624276e-05
88 -4.1621441096892756e-05
89 -4.021793222736795e-05
90 -4.0430287117344634e-05
91 -4.100360202884687e-05
92 -4.0896384183001604e-05
93 -4.111772171035725e-05
94 -4.1393848876891246e-05
95 -4.083678564213125e-05
96 -3.950107199294911e-05
97 -4.2220517766928194e-05
98 -4.1155411890248615e-05
99 -4.06205921976956e-05
100 -3.9711554434242264e-05
101 -3.957997186829916e-05
102 -4.045429164915902e-05
103 -4.0776998426166725e-05
104 -4.00738719471349e-05
105 -4.081840851694198e-05
106 -4.142607536839615e-05
107 -4.059019591788009e-05
108 -4.080549537892275e-05
109 -4.1387550694519244e-05
110 -4.076825073379746e-05
111 -4.074100256808294e-05
112 -4.0104594818743394e-05
113 -4.0537719960925636e-05
114 -4.0596271221298854e-05
115 -4.132941725424536e-05
116 -4.1943713728606904e-05
117 -3.998693150534481e-05
118 -4.178783423175581e-05
119 -4.0370034201920784e-05
120 -4.091338302400368e-05
121 -4.162988297472198e-05
122 -3.9584439647350195e-05
123 -3.942175851514699e-05
124 -4.073032840641579e-05
125 -4.068524295049142e-05
126 -3.9557959925042626e-05
127 -4.058622745556578e-05
128 -4.099893602384384e-05
129 -3.997914001560183e-05
130 -4.0439536971558686e-05
131 -4.078778566783139e-05
132 -4.080839011776716e-05
133 -4.0902485242905206e-05
134 -4.0548265753242646e-05
135 -4.119308329707176e-05
136 -4.141924902123989e-05
137 -4.155975890017161e-05
138 -4.0785272107227704e-05
139 -4.05707119399547e-05
140 -4.11479557307777e-05
141 -4.082218298145135e-05
142 -4.08393934470967e-05
143 -4.140013322969481e-05
144 -4.2118184299021843e-05
145 -4.013568010120099e-05
146 -4.079491271570011e-05
147 -4.090153622974168e-05
148 -4.1725598604995465e-05
149 -4.0258742614628224e-05
150 -4.0329278513138326e-05
151 -4.1185908492029306e-05
152 -4.014661580939952e-05
153 -4.12946208660608e-05
154 -4.048111464311014e-05
155 -4.0107169401344346e-05
156 -4.1074338056831335e-05
157 -4.08494314036498e-05
158 -4.211493285267724e-05
159 -4.0675305578359714e-05
160 -4.2269810939155655e-05
161 -4.0511528272779625e-05
162 -4.04936901044995e-05
163 -4.1196367038197703e-05
164 -4.109594926216207e-05
165 -4.026821866632147e-05
166 -4.176917693762716e-05
167 -4.069957942945108e-05
168 -4.1654464251329794e-05
169 -4.1011907781771185e-05
170 -4.0619618139996754e-05
171 -4.212272615699737e-05
172 -4.140919926839054e-05
173 -4.082288264310352e-05
174 -3.975348297286821e-05
175 -4.0893561009499086e-05
176 -4.180521812330375e-05
177 -4.083794406487491e-05
178 -4.130135538670994e-05
179 -4.039798902754307e-05
180 -4.224454621253574e-05
181 -4.0515663903175634e-05
182 -4.124143903549567e-05
183 -4.142833803535709e-05
184 -4.006448732580958e-05
185 -4.265498357506602e-05
186 -4.132562467570846e-05
187 -4.214704984687973e-05
188 -4.003356243455207e-05
189 -4.070419567134718e-05
190 -4.106298438994063e-05
191 -4.0867767428945926e-05
192 -3.999556653548302e-05
193 -4.1464045935883455e-05
194 -4.070718843585269e-05
195 -4.024043974250526e-05
196 -4.070573774945764e-05
197 -4.156450984542744e-05
198 -4.0954107677464094e-05
199 -4.1682648385613265e-05
200 -4.139928420180324e-05
201 -4.102710250572619e-05
202 -4.1233583764019684e-05
203 -4.1153134746430136e-05
204 -4.056600486839364e-05
205 -4.071673470854079e-05
206 -4.158693645901712e-05
207 -4.07385850352431e-05
208 -4.0279614450033705e-05
209 -3.942459441486077e-05
210 -4.243841081826606e-05
211 -4.1374347853779636e-05
212 -4.05746118304694e-05
213 -4.145813295521821e-05
214 -3.9986948327816495e-05
215 -4.146673045306e-05
216 -4.064887117179359e-05
217 -4.000114686201072e-05
218 -4.027753298823004e-05
219 -3.973952288332352e-05
220 -4.0902626855510536e-05
221 -4.0632040800119597e-05
222 -4.153699431661921e-05
223 -4.036732115467993e-05
224 -4.149497461429024e-05
225 -4.154035002682946e-05
226 -4.004345993448247e-05
227 -4.021762809790656e-05
228 -3.996643586645157e-05
229 -4.192721207657095e-05
230 -4.064282793266639e-05
231 -4.0336837082931e-05
232 -4.099725910072741e-05
233 -4.028306934091101e-05
234 -3.98913873816543e-05
235 -4.1394415137800753e-05
236 -4.0530880258586596e-05
237 -3.9246932606848975e-05
238 -4.000007159105913e-05
239 -4.117814288341871e-05
240 -4.1102655024191016e-05
241 -4.211123565952545e-05
242 -4.143518118820632e-05
243 -4.008383422769147e-05
244 -4.133543384459764e-05
245 -4.1501104855325155e-05
246 -4.1133968658010215e-05
247 -4.011136900034313e-05
248 -4.1415559578233125e-05
249 -3.968573759568143e-05
250 -4.104091527806354e-05
251 -4.0785374376610486e-05
252 -4.127886107106975e-05
253 -4.068245525845577e-05
254 -4.129877710455849e-05
255 -4.0305138307770985e-05
256 -4.111136341908853e-05
257 -4.122795119364009e-05
258 -4.0367147276715286e-05
259 -4.0621409764271054e-05
260 -4.058426224986502e-05
261 -4.0560970397324234e-05
262 -4.068003432183776e-05
263 -4.065747513413192e-05
264 -3.993606122864924e-05
265 -4.123894662899545e-05
266 -4.042912849225957e-05
267 -4.1324602851519924e-05
268 -3.974559080709225e-05
269 -4.041454359760442e-05
270 -4.141479154052959e-05
271 -4.013159844187193e-05
272 -4.10479910052539e-05
273 -4.150143679943353e-05
274 -4.140631471134954e-05
275 -4.093480863896849e-05
276 -4.129179176958301e-05
277 -4.3088337729423724e-05
278 -4.153773900401927e-05
279 -4.180536416163791e-05
280 -4.109391828584664e-05
281 -4.154167473231364e-05
282 -4.081791165583473e-05
283 -4.0870748595900736e-05
284 -3.964343047338265e-05
285 -4.0914243502868526e-05
286 -4.224270560910968e-05
287 -4.08226664756536e-05
288 -4.0543477177886466e-05
289 -3.9915416369103177e-05
290 -4.13998871765583e-05
291 -4.080713739720652e-05
292 -3.9150570004445434e-05
293 -4.071663236867681e-05
294 -3.980664768975096e-05
295 -4.0400855514883036e-05
296 -4.087114891321708e-05
297 -4.249794329686331e-05
298 -4.0817077105343736e-05
299 -3.9922850044690915e-05
