0 -1.1730149272322692e-05
1 -1.1945698815793023e-05
2 -1.1682925318134958e-05
3 -1.1860290439064448e-05
4 -1.1665566836772538e-05
5 -1.1864116276681289e-05
6 -1.1998671181527299e-05
7 -1.1878289258421298e-05
8 -1.1606773274465292e-05
9 -1.1652812018100998e-05
10 -1.1637058979658533e-05
11 -1.1697998206975365e-05
12 -1.1915594630151486e-05
13 -1.1434063991272655e-05
14 -1.1513300281672174e-05
15 -1.1798595025827389e-05
16 -1.140504138334723e-05
17 -1.185755802851126e-05
18 -1.1598954594464942e-05
19 -1.1781139352258402e-05
20 -1.1529679268480972e-05
21 -1.1739303685307869e-05
22 -1.2369770987380683e-05
23 -1.1617673663791323e-05
24 -1.1857185742269305e-05
25 -1.174073340360503e-05
26 -1.1632810831607104e-05
27 -1.1777558480844408e-05
28 -1.177524861100435e-05
29 -1.1467364201419896e-05
30 -1.161277046266962e-05
31 -1.1522002595047398e-05
32 -1.18374090218711e-05
33 -1.1994010815038083e-05
34 -1.1894325967607663e-05
35 -1.1745173476468893e-05
36 -1.1875185673761853e-05
37 -1.1985495856724444e-05
38 -1.166159470296809e-05
39 -1.151552052927568e-05
40 -1.181230608527733e-05
41 -1.1756987227063286e-05
42 -1.1550096081745624e-05
43 -1.1736424756513922e-05
44 -1.166094707389431e-05
45 -1.1668605958378985e-05
46 -1.1704871438985468e-05
47 -1.180728334975024e-05
48 -1.1829945723414589e-05
49 -1.1791855065071864e-05
50 -1.1892658895755103e-05
51 -1.156584412755422e-05
52 -1.1580361222463625e-05
53 -1.172462552338488e-05
54 -1.1777812264039842e-05
55 -1.1628595345834666e-05
56 -1.1945539220443986e-05
57 -1.1617570480317265e-05
58 -1.185020524215965e-05
59 -1.1763248625666911e-05
60 -1.19089997279194e-05
61 -1.1946327939365547e-05
62 -1.197785189377721e-05
63 -1.1824282237032562e-05
64 -1.1727043017861762e-05
65 -1.1726884163203028e-05
66 -1.1608126841983864e-05
67 -1.1723174801790473e-05
68 -1.1827792861827403e-05
69 -1.1510698696331589e-05
70 -1.179036335908796e-05
71 -1.1739145552813997e-05
72 -1.181122589706732e-05
73 -1.19675729213819e-05
74 -1.19023414178829e-05
75 -1.173470297559577e-05
76 -1.1486524883213612e-05
77 -1.1643745368135545e-05
78 -1.1884634734310574e-05
79 -1.183853120143831e-05
80 -1.1804301112661846e-05
81 -1.1688922785482232e-05
82 -1.1719844514496087e-05
83 -1.1730272810960206e-05
84 -1.1800790730687986e-05
85 -1.2032301017105869e-05
86 -1.1624694276846552e-05
87 -1.1661664894720989e-05
88 -1.1830244972191705e-05
89 -1.1749746919019961e-05
90 -1.1836361249316437e-05
91 -1.1833106731424617e-05
92 -1.1445728777348004e-05
93 -1.1533868861719371e-05
94 -1.1866223968558681e-05
95 -1.1686081512925839e-05
96 -1.1990711792530999e-05
97 -1.1845477704968328e-05
98 -1.1831927371204183e-05
99 -1.1604634807164879e-05
100 -1.1583622090817621e-05
101 -1.168142208349167e-05
102 -1.1668664429825226e-05
103 -1.2115320108773168e-05
104 -1.1605251670309994e-05
105 -1.1779625183184404e-05
106 -1.1816700116172002e-05
107 -1.1669180774904758e-05
108 -1.1654805588634304e-05
109 -1.1912543653959992e-05
110 -1.1957554071769774e-05
111 -1.1744404414254341e-05
112 -1.171555267173475e-05
113 -1.1925720017329906e-05
114 -1.1608549981738745e-05
115 -1.2000056373275148e-05
116 -1.2020085827695737e-05
117 -1.156693001783313e-05
118 -1.1676273312336967e-05
119 -1.1896703047597941e-05
120 -1.154815890898497e-05
121 -1.1793304267299062e-05
122 -1.1587679796834295e-05
123 -1.1800268976756204e-05
124 -1.1558050123715898e-05
125 -1.1598960747396129e-05
126 -1.2103116322018775e-05
127 -1.1843715454997145e-05
128 -1.1556961065763995e-05
129 -1.1752167520545977e-05
130 -1.1942784921285907e-05
131 -1.167874853864155e-05
132 -1.1816273213269796e-05
133 -1.1557308911346267e-05
134 -1.186684737983392e-05
135 -1.1675412080331495e-05
136 -1.1782056790455807e-05
137 -1.1594622297750288e-05
138 -1.1764799833037322e-05
139 -1.1979335447728453e-05
140 -1.1736997763208188e-05
141 -1.1617548943371769e-05
142 -1.167871325096281e-05
143 -1.1570637986828747e-05
144 -1.1579834327018181e-05
145 -1.1831194687456326e-05
146 -1.138760631767012e-05
147 -1.1350743980876859e-05
148 -1.1809694107758268e-05
149 -1.1963781165696208e-05
150 -1.1727234577875318e-05
151 -1.1742701555158897e-05
152 -1.1748092363204014e-05
153 -1.1859500728702237e-05
154 -1.1565620011753473e-05
155 -1.2057868888014601e-05
156 -1.1659140836019484e-05
157 -1.200717862401261e-05
158 -1.1796080819126368e-05
159 -1.1322299614989993e-05
160 -1.1915366403779369e-05
161 -1.1775961557052614e-05
162 -1.1973046669898893e-05
163 -1.1998609637294678e-05
164 -1.1873053599071826e-05
165 -1.1683406009454733e-05
166 -1.1895703998594874e-05
167 -1.177221370008078e-05
168 -1.1813153834288627e-05
169 -1.1930608557588812e-05
170 -1.1490145656045188e-05
171 -1.162433212241707e-05
172 -1.1894583147077998e-05
173 -1.1847326211037846e-05
174 -1.179526194885168e-05
175 -1.193925803527968e-05
176 -1.17853929792198e-05
177 -1.1866574279887326e-05
178 -1.185248487221588e-05
179 -1.1956980398160889e-05
180 -1.1546635405979183e-05
181 -1.2004506361314057e-05
182 -1.177393061550439e-05
183 -1.1646493664401817e-05
184 -1.173135134249122e-05
185 -1.1691352903150084e-05
186 -1.1759180149436608e-05
187 -1.1582952539932061e-05
188 -1.1940930891934153e-05
189 -1.1571815312978345e-05
190 -1.1574403293528394e-05
191 -1.144258647362967e-05
192 -1.1913571891232146e-05
193 -1.1419975350992351e-05
194 -1.1642578188658992e-05
195 -1.1845935555305752e-05
196 -1.1890251003750211e-05
197 -1.1625194359429912e-05
198 -1.1699133722222475e-05
199 -1.1880352422980235e-05
200 -1.195089228106876e-05
201 -1.1450865387594352e-05
202 -1.1774385961135035e-05
203 -1.152217263812169e-05
204 -1.1785230556645635e-05
205 -1.1865359387679363e-05
206 -1.2148616262014717e-05
207 -1.1805095015197753e-05
208 -1.1696789087409802e-05
209 -1.1726819279703357e-05
210 -1.1841863015220524e-05
211 -1.1514309173289348e-05
212 -1.1490287119867382e-05
213 -1.178168666565287e-05
214 -1.1587335190396626e-05
215 -1.1831443097406825e-05
216 -1.1744626923766252e-05
217 -1.1934163085680556e-05
218 -1.1667835240101914e-05
219 -1.1806938229911982e-05
220 -1.1832972913896481e-05
221 -1.1804900223343368e-05
222 -1.1480978398980745e-05
223 -1.196726979620805e-05
224 -1.184519323899752e-05
225 -1.1589051563005671e-05
226 -1.1740915951731763e-05
227 -1.180585610598682e-05
228 -1.151479791956712e-05
229 -1.1664227060317267e-05
230 -1.1733699804576268e-05
231 -1.1599010806838228e-05
232 -1.1451668945769206e-05
233 -1.1986007310267141e-05
234 -1.1642290410882892e-05
235 -1.1515068905771855e-05
236 -1.189785163955916e-05
237 -1.139632850517495e-05
238 -1.1749679944846767e-05
239 -1.1814804309127048e-05
240 -1.1825185663383875e-05
241 -1.1465879082354846e-05
242 -1.1791491993185305e-05
243 -1.1750759915679222e-05
244 -1.1845037088332174e-05
245 -1.1457283818634385e-05
246 -1.181909837283162e-05
247 -1.2113855921093428e-05
248 -1.15960903028529e-05
249 -1.1841265835440621e-05
250 -1.1914516436666131e-05
251 -1.2003726419718613e-05
252 -1.1665380436787483e-05
253 -1.1813951840624262e-05
254 -1.158515255618061e-05
255 -1.1477944725853225e-05
256 -1.1562038041641008e-05
257 -1.1854925109797643e-05
258 -1.1885019337477236e-05
259 -1.1826941231213366e-05
260 -1.1791845604084266e-05
261 -1.176449652188673e-05
262 -1.1776244404325017e-05
263 -1.1513722248184207e-05
264 -1.1845009984703813e-05
265 -1.1613142401043684e-05
266 -1.1911182317599528e-05
267 -1.1735949353607244e-05
268 -1.17294482443291e-05
269 -1.1643030303191778e-05
270 -1.1828604864676186e-05
271 -1.1716943789691797e-05
272 -1.1924650873458228e-05
273 -1.181110194234366e-05
274 -1.1433068229552398e-05
275 -1.1656444658149927e-05
276 -1.1832009584298437e-05
277 -1.1823565728254583e-05
278 -1.1828488528194283e-05
279 -1.1661077975932593e-05
280 -1.1754234201246654e-05
281 -1.1976383010230982e-05
282 -1.1863189924047251e-05
283 -1.1651307252250598e-05
284 -1.1876402480974555e-05
285 -1.1629525670860568e-05
286 -1.1737523488752858e-05
287 -1.1572867778594373e-05
288 -1.1618954381550112e-05
289 -1.1632310243727638e-05
290 -1.162886865160813e-05
291 -1.1867966213895358e-05
292 -1.1439383973748652e-05
293 -1.1906124775787807e-05
294 -1.1622396189812008e-05
295 -1.1595577166737772e-05
296 -1.1707134348952932e-05
297 -1.1674533909592666e-05
298 -1.1721816147166774e-05
299 -1.1579806087071069e-05
