0 -3.2908146422875193e-06
1 -3.370397631724491e-06
2 -3.403214271516703e-06
3 -3.460049328647121e-06
4 -3.37324802557895e-06
5 -3.336167296304799e-06
6 -3.34484874029211e-06
7 -3.3777613036620532e-06
8 -3.3963890897254667e-06
9 -3.4757652772506624e-06
10 -3.5251158325561955e-06
11 -3.521986179931197e-06
12 -3.432628279747337e-06
13 -3.5697229262070765e-06
14 -3.5122335853672076e-06
15 -3.441075821017666e-06
16 -3.513351111245598e-06
17 -3.415894792913207e-06
18 -3.5339656826271485e-06
19 -3.3676467817804404e-06
20 -3.4548829263646996e-06
21 -3.3503466272004882e-06
22 -3.1637633487440635e-06
23 -3.5424125935160345e-06
24 -3.3455464227159864e-06
25 -3.430283959216488e-06
26 -3.4030479792766545e-06
27 -3.3810675498036725e-06
28 -3.4847690926040943e-06
29 -3.454537496937386e-06
30 -3.491476762164626e-06
31 -3.503885244749801e-06
32 -3.4659834554082578e-06
33 -3.3571036374037768e-06
34 -3.388883945692657e-06
35 -3.411104339886002e-06
36 -3.349485075638691e-06
37 -3.3203316235974494e-06
38 -3.469787642071858e-06
39 -3.54102084646189e-06
40 -3.4649407840328803e-06
41 -3.4038479433867932e-06
42 -3.464187817759976e-06
43 -3.4771988772982606e-06
44 -3.481561983233248e-06
45 -3.432632526823057e-06
46 -3.3859397019568588e-06
47 -3.3526031446781255e-06
48 -3.2746323459082534e-06
49 -3.3510483422437714e-06
50 -3.3604995293828497e-06
51 -3.383588603752204e-06
52 -3.5849456715287992e-06
53 -3.4205832553722954e-06
54 -3.4227506347107953e-06
55 -3.3625128822801866e-06
56 -3.293754302684486e-06
57 -3.3909736250678996e-06
58 -3.413494526683216e-06
59 -3.406954599938986e-06
60 -3.3347218865916034e-06
61 -3.4286241875180257e-06
62 -3.349171310472928e-06
63 -3.4514574534526646e-06
64 -3.323758374270762e-06
65 -3.432310979988601e-06
66 -3.555557480982586e-06
67 -3.3528691706829808e-06
68 -3.292224405279108e-06
69 -3.394853042746687e-06
70 -3.4343474610139146e-06
71 -3.2836648312469537e-06
72 -3.468590566206568e-06
73 -3.363107767127632e-06
74 -3.4336705976998332e-06
75 -3.3985548306511513e-06
76 -3.5216492549413933e-06
77 -3.35662111344759e-06
78 -3.2760840148040046e-06
79 -3.409990073229759e-06
80 -3.2889625468982544e-06
81 -3.4485102742424194e-06
82 -3.4445755413332835e-06
83 -3.3376105371376653e-06
84 -3.325662032588087e-06
85 -3.3269885767231575e-06
86 -3.505363030854631e-06
87 -3.490961363022214e-06
88 -3.321408920888768e-06
89 -3.419713128895492e-06
90 -3.3778767242644692e-06
91 -3.447664237430995e-06
92 -3.444698651503916e-06
93 -3.3607464552622066e-06
94 -3.3860335985509974e-06
95 -3.3402812659424636e-06
96 -3.306471778790352e-06
97 -3.495453502564556e-06
98 -3.405631374540104e-06
99 -3.452964365714793e-06
100 -3.456749278232317e-06
101 -3.5273433262937975e-06
102 -3.3484513847792936e-06
103 -3.3589525640002713e-06
104 -3.3660917530275285e-06
105 -3.4574994552918077e-06
106 -3.3745369582383183e-06
107 -3.349186676144663e-06
108 -3.4713758021998303e-06
109 -3.3812570084295584e-06
110 -3.329119050778195e-06
111 -3.3902311153478862e-06
112 -3.4683415127619173e-06
113 -3.329645634469627e-06
114 -3.3197766999925962e-06
115 -3.3822916204309728e-06
116 -3.380613675525846e-06
117 -3.4990944628060693e-06
118 -3.3607467544854505e-06
119 -3.3037570438328783e-06
120 -3.4619646716587336e-06
121 -3.4683536050589364e-06
122 -3.443318687156408e-06
123 -3.5033005920961586e-06
124 -3.4314826016861716e-06
125 -3.4522343025529332e-06
126 -3.2981288261485293e-06
127 -3.358310972561163e-06
128 -3.4788745653142787e-06
129 -3.3496773082196197e-06
130 -3.403476663726392e-06
131 -3.4560777256224293e-06
132 -3.48267204061386e-06
133 -3.4729650814958763e-06
134 -3.3811106968237903e-06
135 -3.4595904748305364e-06
136 -3.4066251589619903e-06
137 -3.446821158711774e-06
138 -3.321549639132971e-06
139 -3.414294795553365e-06
140 -3.4739347743280123e-06
141 -3.502872870437529e-06
142 -3.4129032877474106e-06
143 -3.467511550375914e-06
144 -3.485985535659711e-06
145 -3.366856096821488e-06
146 -3.5617792374593793e-06
147 -3.5677437834040375e-06
148 -3.4117304668382527e-06
149 -3.2894620599500323e-06
150 -3.4963855256908642e-06
151 -3.464348817788624e-06
152 -3.371125045127777e-06
153 -3.2762274619147546e-06
154 -3.4906203550410425e-06
155 -3.2665844880167275e-06
156 -3.417515873657213e-06
157 -3.3317695253265163e-06
158 -3.458102567286071e-06
159 -3.5710413038247354e-06
160 -3.3348224334356182e-06
161 -3.3774995881376632e-06
162 -3.3471987246686977e-06
163 -3.273418674247515e-06
164 -3.3275760629995056e-06
165 -3.4286245483357175e-06
166 -3.351079982248581e-06
167 -3.369521550629347e-06
168 -3.2574326227784774e-06
169 -3.378921999187549e-06
170 -3.5246144420020564e-06
171 -3.512526956947571e-06
172 -3.3889539063760326e-06
173 -3.4626750195051133e-06
174 -3.290054729203292e-06
175 -3.2301141701021333e-06
176 -3.3653408062191505e-06
177 -3.397383374602124e-06
178 -3.4919396577645274e-06
179 -3.31603092087132e-06
180 -3.3721834843562293e-06
181 -3.326902481894984e-06
182 -3.406220294623805e-06
183 -3.467930105606302e-06
184 -3.4232448678690985e-06
185 -3.3792877887802005e-06
186 -3.371851018424736e-06
187 -3.425223956339148e-06
188 -3.4184268117961188e-06
189 -3.5363144091334005e-06
190 -3.4357212769312675e-06
191 -3.4748052931282956e-06
192 -3.405764138907159e-06
193 -3.4763705494624297e-06
194 -3.4942638835217766e-06
195 -3.4508614309076664e-06
196 -3.3307716068321295e-06
197 -3.479913998486013e-06
198 -3.406443425925354e-06
199 -3.2939666103824857e-06
200 -3.28637071423143e-06
201 -3.5084142254451742e-06
202 -3.3751927739526264e-06
203 -3.484888307730967e-06
204 -3.4847535772231946e-06
205 -3.3685156899302663e-06
206 -3.345906325060165e-06
207 -3.392182100543062e-06
208 -3.42573721183298e-06
209 -3.3444274015254356e-06
210 -3.4228349877322376e-06
211 -3.358808782288961e-06
212 -3.3896590096674863e-06
213 -3.3661558595375836e-06
214 -3.4538579605870697e-06
215 -3.405468103964109e-06
216 -3.4004347870939696e-06
217 -3.283567614544174e-06
218 -3.4308014310150993e-06
219 -3.5018702850177936e-06
220 -3.4193022653284447e-06
221 -3.491233112061714e-06
222 -3.440743250814176e-06
223 -3.435696035568526e-06
224 -3.4016110073282003e-06
225 -3.460113544340906e-06
226 -3.441201330105863e-06
227 -3.5279275157811415e-06
228 -3.479011818236815e-06
229 -3.4805437653746806e-06
230 -3.447135238091535e-06
231 -3.5072382764114962e-06
232 -3.4989002995225325e-06
233 -3.351816289158774e-06
234 -3.5430473230619495e-06
235 -3.602252210135743e-06
236 -3.356370655287674e-06
237 -3.5339352364189748e-06
238 -3.446665221060509e-06
239 -3.3115250751261177e-06
240 -3.35594851050919e-06
241 -3.3600262575403586e-06
242 -3.3752017224474113e-06
243 -3.4246926544219057e-06
244 -3.3895476074902727e-06
245 -3.4609642942880897e-06
246 -3.3400243296286355e-06
247 -3.244128624857164e-06
248 -3.5431907135639146e-06
249 -3.328597562080153e-06
250 -3.396305207984157e-06
251 -3.3484281791365017e-06
252 -3.3734703873170853e-06
253 -3.4854862457588355e-06
254 -3.520304802258941e-06
255 -3.4725000784726197e-06
256 -3.567386274223977e-06
257 -3.3305752371724087e-06
258 -3.3324318303359956e-06
259 -3.402564527873377e-06
260 -3.3625873332141374e-06
261 -3.485997882742397e-06
262 -3.4497280136532852e-06
263 -3.446457096499259e-06
264 -3.3317295035672823e-06
265 -3.4487288267728484e-06
266 -3.434195771640399e-06
267 -3.3924965315549145e-06
268 -3.3245280154284786e-06
269 -3.5209421208886773e-06
270 -3.3670142508600035e-06
271 -3.405641203559581e-06
272 -3.353722630083598e-06
273 -3.280859437531355e-06
274 -3.548998678663007e-06
275 -3.414658616141123e-06
276 -3.439132034540493e-06
277 -3.3416683561420467e-06
278 -3.4013585238334234e-06
279 -3.39120236189277e-06
280 -3.37220759133805e-06
281 -3.3428610579090784e-06
282 -3.41572087840951e-06
283 -3.3595981464979332e-06
284 -3.4035953695617653e-06
285 -3.3578359003086457e-06
286 -3.369079959100691e-06
287 -3.4279983779975397e-06
288 -3.4521829390486627e-06
289 -3.3585456485019684e-06
290 -3.432382814672512e-06
291 -3.364202637849015e-06
292 -3.5467850773348885e-06
293 -3.3688620780238854e-06
294 -3.5334516021952404e-06
295 -3.576149859278111e-06
296 -3.555059512799264e-06
297 -3.503021522199838e-06
298 -3.4490917389205533e-06
299 -3.4203033943017584e-06
