0 -1.6007979835020946e-06
1 -1.5084851471493853e-06
2 -1.558166257937007e-06
3 -1.5138476732244964e-06
4 -1.5501525336328487e-06
5 -1.5266892599576366e-06
6 -1.5590627935727525e-06
7 -1.593171462167159e-06
8 -1.4860089838111828e-06
9 -1.5007224969969374e-06
10 -1.5125039006610496e-06
11 -1.5076401169929753e-06
12 -1.5445280646667409e-06
13 -1.529631211343341e-06
14 -1.465057961211822e-06
15 -1.4923352733915548e-06
16 -1.4506011641145798e-06
17 -1.5290315923427099e-06
18 -1.5108931472010043e-06
19 -1.4665160635828453e-06
20 -1.5551756687898646e-06
21 -1.5114737459436868e-06
22 -1.6214031582056772e-06
23 -1.5027436036059722e-06
24 -1.587461387868783e-06
25 -1.5211433652588526e-06
26 -1.493319742609647e-06
27 -1.514258627130372e-06
28 -1.6461913815668052e-06
29 -1.3555093457481062e-06
30 -1.5493383684435488e-06
31 -1.4695514084481816e-06
32 -1.64663186131999e-06
33 -1.5325793097175023e-06
34 -1.5592378257299227e-06
35 -1.499402488185578e-06
36 -1.5301757939292453e-06
37 -1.5671636226771958e-06
38 -1.5195450997454496e-06
39 -1.5502844200525207e-06
40 -1.4989949715138661e-06
41 -1.479722758444021e-06
42 -1.4161155045992544e-06
43 -1.5046620541156695e-06
44 -1.535067202427868e-06
45 -1.5009916457138785e-06
46 -1.4905303484130638e-06
47 -1.527737591600399e-06
48 -1.4538487606855061e-06
49 -1.4851211639974194e-06
50 -1.4835771582247153e-06
51 -1.4472693937137038e-06
52 -1.527137090912833e-06
53 -1.4838055155007683e-06
54 -1.496895242486131e-06
55 -1.476374960082091e-06
56 -1.5209670139629575e-06
57 -1.4934046157143792e-06
58 -1.4841550620758407e-06
59 -1.484597640114391e-06
60 -1.5137039791500823e-06
61 -1.561863393929989e-06
62 -1.5069515311215841e-06
63 -1.578521446628399e-06
64 -1.5686627875434092e-06
65 -1.5492085366074632e-06
66 -1.509556894361693e-06
67 -1.4417785451472553e-06
68 -1.547696307465285e-06
69 -1.3792853700088377e-06
70 -1.5739363220431368e-06
71 -1.486085304509622e-06
72 -1.5822150061037172e-06
73 -1.5191735676064997e-06
74 -1.6035035628879514e-06
75 -1.4567287502391897e-06
76 -1.4587942573138542e-06
77 -1.5033090257564507e-06
78 -1.5077750972639621e-06
79 -1.4943912728563214e-06
80 -1.3832275619530229e-06
81 -1.4849693622993495e-06
82 -1.523022624515282e-06
83 -1.4191410496609117e-06
84 -1.501817421415615e-06
85 -1.5895006986593198e-06
86 -1.525217282581872e-06
87 -1.5778848332644861e-06
88 -1.4713233267444373e-06
89 -1.5018245966297923e-06
90 -1.5200640974385657e-06
91 -1.6175027093492583e-06
92 -1.4040835785746157e-06
93 -1.4279104251958786e-06
94 -1.5531548439236187e-06
95 -1.5249973814008024e-06
96 -1.5565421734582046e-06
97 -1.5169737646573632e-06
98 -1.4638947097345585e-06
99 -1.4663463086228152e-06
100 -1.4912624521323912e-06
101 -1.4661826717663621e-06
102 -1.4575885802435155e-06
103 -1.6038456151933507e-06
104 -1.5049855912714088e-06
105 -1.5677263079561963e-06
106 -1.5201214784932595e-06
107 -1.5588793395552023e-06
108 -1.5197095210550499e-06
109 -1.6552619541151506e-06
110 -1.5184697270094867e-06
111 -1.4858072274540864e-06
112 -1.513803597905328e-06
113 -1.522725249068142e-06
114 -1.4709331553243199e-06
115 -1.673231029053262e-06
116 -1.6447855306643723e-06
117 -1.483434198308642e-06
118 -1.4420972229822018e-06
119 -1.556676269431622e-06
120 -1.428784335325642e-06
121 -1.5433187635277806e-06
122 -1.4511481376730577e-06
123 -1.567711324141446e-06
124 -1.4484954190459418e-06
125 -1.4993097928118888e-06
126 -1.6216728915368422e-06
127 -1.5458847657685414e-06
128 -1.492711746350937e-06
129 -1.4425705922745926e-06
130 -1.4915368564491296e-06
131 -1.5388311871210098e-06
132 -1.5377977417766029e-06
133 -1.3879722902023792e-06
134 -1.6095731244396683e-06
135 -1.5354270037352402e-06
136 -1.4776662890880635e-06
137 -1.4766261093933616e-06
138 -1.455719098516683e-06
139 -1.5920846752281553e-06
140 -1.5871319389252804e-06
141 -1.473729004391171e-06
142 -1.4443356985532948e-06
143 -1.5384226776914389e-06
144 -1.5053679793361916e-06
145 -1.5296853041886063e-06
146 -1.5107579278285578e-06
147 -1.5464752414449684e-06
148 -1.5248591516701224e-06
149 -1.5224542334782288e-06
150 -1.6118817023573802e-06
151 -1.5247480750761203e-06
152 -1.4278991876149866e-06
153 -1.5087336827782882e-06
154 -1.5016507177561067e-06
155 -1.584809850727358e-06
156 -1.5249880833909333e-06
157 -1.60953552731558e-06
158 -1.4994662938755036e-06
159 -1.4110446535716869e-06
160 -1.5604060597157947e-06
161 -1.5661829556593468e-06
162 -1.5194547189222271e-06
163 -1.5232530830405793e-06
164 -1.525379591865825e-06
165 -1.4428342483660274e-06
166 -1.5050711488786569e-06
167 -1.4932487980808776e-06
168 -1.4746754275975332e-06
169 -1.5326069310438803e-06
170 -1.5128451635924682e-06
171 -1.4733142135371812e-06
172 -1.5479538763787567e-06
173 -1.5118543691997145e-06
174 -1.4386580739498703e-06
175 -1.5296225262518736e-06
176 -1.512667538720418e-06
177 -1.5551146760372168e-06
178 -1.5292890552449716e-06
179 -1.5548433089778103e-06
180 -1.4534915548478264e-06
181 -1.5775954512801596e-06
182 -1.5144992202850537e-06
183 -1.5481758345160886e-06
184 -1.5366120792776704e-06
185 -1.5422195674276307e-06
186 -1.527334773156482e-06
187 -1.4925583302488777e-06
188 -1.556971680459709e-06
189 -1.4262085130063835e-06
190 -1.5087170692222058e-06
191 -1.454005431084923e-06
192 -1.532658373137157e-06
193 -1.4522824848997796e-06
194 -1.468458561819344e-06
195 -1.66179099699117e-06
196 -1.519041067653368e-06
197 -1.4672645343586734e-06
198 -1.4931763480923604e-06
199 -1.5331865815037537e-06
200 -1.5852627982319704e-06
201 -1.4332891118153038e-06
202 -1.5168246150476533e-06
203 -1.514194408509286e-06
204 -1.5974266671804185e-06
205 -1.6262058906101354e-06
206 -1.5705806965860747e-06
207 -1.5340884593913873e-06
208 -1.509650272726273e-06
209 -1.463886812527577e-06
210 -1.5727764877543014e-06
211 -1.3448911418011585e-06
212 -1.3800346548430312e-06
213 -1.5071893069803923e-06
214 -1.4699573064201383e-06
215 -1.543982298536038e-06
216 -1.5167427635935135e-06
217 -1.5102189594022939e-06
218 -1.5010721311752352e-06
219 -1.605377032619489e-06
220 -1.5542903519560776e-06
221 -1.4974979436299212e-06
222 -1.550702887341403e-06
223 -1.563131137579374e-06
224 -1.503599230738997e-06
225 -1.4529759471752024e-06
226 -1.4665130990492245e-06
227 -1.5981616127092517e-06
228 -1.5444770361670374e-06
229 -1.5518940258343066e-06
230 -1.4700999656020023e-06
231 -1.4886962208050153e-06
232 -1.4433752409645975e-06
233 -1.619192598640064e-06
234 -1.5552060127922794e-06
235 -1.5637464841906409e-06
236 -1.4957402535503926e-06
237 -1.5137666217214679e-06
238 -1.5105693380663434e-06
239 -1.461138636292643e-06
240 -1.4840846425359083e-06
241 -1.4831378515469087e-06
242 -1.5642358744762473e-06
243 -1.5298978109137584e-06
244 -1.5226218471149572e-06
245 -1.4258309680700031e-06
246 -1.479268813749294e-06
247 -1.5776298531647017e-06
248 -1.5044872625695222e-06
249 -1.5102485577541403e-06
250 -1.6132855573419805e-06
251 -1.5499527422276309e-06
252 -1.4463292610479763e-06
253 -1.5410909336223888e-06
254 -1.548067804393406e-06
255 -1.3449612456001425e-06
256 -1.5730114093500368e-06
257 -1.6186116753476396e-06
258 -1.5609657902637597e-06
259 -1.5202403411141277e-06
260 -1.6082502481447013e-06
261 -1.5391157286823328e-06
262 -1.4915378939398626e-06
263 -1.3700431502328683e-06
264 -1.4697583141226176e-06
265 -1.4430441244833866e-06
266 -1.5640094399851108e-06
267 -1.4591675001346257e-06
268 -1.4835175299302684e-06
269 -1.4283961480197593e-06
270 -1.5493099180649953e-06
271 -1.5857875722152338e-06
272 -1.487038214753111e-06
273 -1.5020160871032722e-06
274 -1.430229077577369e-06
275 -1.489033780841805e-06
276 -1.535323328677075e-06
277 -1.5567813599507577e-06
278 -1.4738824464535762e-06
279 -1.6057412172855294e-06
280 -1.5420761925870045e-06
281 -1.5622170174541618e-06
282 -1.4610041309020346e-06
283 -1.4875798830045803e-06
284 -1.5924027471165264e-06
285 -1.5171586296117556e-06
286 -1.487743059547532e-06
287 -1.5090342947068996e-06
288 -1.4232966709504832e-06
289 -1.4679886027735388e-06
290 -1.4457033286064004e-06
291 -1.4821723349759069e-06
292 -1.4499943844104978e-06
293 -1.5148512608501758e-06
294 -1.5519562104006507e-06
295 -1.4405173180593532e-06
296 -1.566959157543595e-06
297 -1.5215645533010753e-06
298 -1.5283873000169658e-06
299 -1.4755428519628308e-06
