0 2.969428076433415e-07
1 2.605546854460997e-07
2 2.8190413484992743e-07
3 2.8628767653053373e-07
4 2.9920133888129915e-07
5 2.781243367209582e-07
6 2.7302979718688163e-07
7 2.896161540443107e-07
8 2.8807744288025083e-07
9 2.9567750156305647e-07
10 2.945908631757914e-07
11 3.041876716529712e-07
12 3.0443000914589344e-07
13 2.9180149074880916e-07
14 3.1367944741719633e-07
15 2.9351513337986e-07
16 2.8922311444372494e-07
17 2.953265666141038e-07
18 2.8585274747248466e-07
19 3.04373988271806e-07
20 3.0236665707284036e-07
21 2.869823039949871e-07
22 2.78954408574667e-07
23 2.8098007016232667e-07
24 2.936389867459901e-07
25 2.947445233838155e-07
26 2.8873138283156025e-07
27 2.890078187829916e-07
28 2.828705908755776e-07
29 2.924643599412819e-07
30 2.8220540891851824e-07
31 2.722444837969546e-07
32 3.128537139674346e-07
33 2.943749340098049e-07
34 2.995681235800037e-07
35 2.883429805258052e-07
36 2.7738381599842493e-07
37 2.662227584188047e-07
38 2.7755340602272734e-07
39 3.091795313091172e-07
40 2.8261371317329715e-07
41 2.913180668394796e-07
42 2.7553453459498227e-07
43 2.7762456432437757e-07
44 3.014486942163869e-07
45 2.5976143954145085e-07
46 2.8366010155678206e-07
47 3.0291021344558595e-07
48 2.73078017840488e-07
49 2.961061500839648e-07
50 2.8143397312436684e-07
51 2.814235574795416e-07
52 2.878003698628613e-07
53 2.896378528165708e-07
54 3.0382248675897e-07
55 2.993635374135464e-07
56 2.86921893677696e-07
57 2.8543309654612353e-07
58 2.80116257313212e-07
59 3.0534187162964026e-07
60 2.9321327316739497e-07
61 3.1689829002499216e-07
62 2.8672297176928336e-07
63 2.8088015720290224e-07
64 2.9417010027638017e-07
65 2.9876078180140687e-07
66 2.8752919755819644e-07
67 2.986808592335683e-07
68 3.0229477764082495e-07
69 2.8237653930091307e-07
70 2.825917824245659e-07
71 3.034190884470928e-07
72 3.020237524310059e-07
73 2.9001605802470524e-07
74 3.0336149757727335e-07
75 3.0623392065113624e-07
76 2.810532900827762e-07
77 3.1102356452752624e-07
78 3.061426954797758e-07
79 2.811947976295697e-07
80 2.645191814108977e-07
81 3.032293754931401e-07
82 3.0767744005684135e-07
83 2.7220927335636363e-07
84 2.792450259084657e-07
85 2.9056638654114024e-07
86 2.8158887256950086e-07
87 2.9693860561957885e-07
88 2.8037291708184917e-07
89 2.728303208648269e-07
90 2.923729403858155e-07
91 2.91670317982913e-07
92 2.7446512608137265e-07
93 2.972289762594663e-07
94 2.9898749523657664e-07
95 2.9285816325746397e-07
96 2.8665001695487464e-07
97 2.820088368481974e-07
98 2.9192890548043094e-07
99 3.025503996332255e-07
100 3.108814055963516e-07
101 2.7603389653408944e-07
102 3.0862639879183333e-07
103 2.9544638273427975e-07
104 2.9327204405184904e-07
105 3.0105001745909887e-07
106 2.926994608429024e-07
107 2.870905164521539e-07
108 2.971993099381633e-07
109 3.1390101164449804e-07
110 2.9439340342016375e-07
111 2.7549224327066326e-07
112 2.843859488560887e-07
113 2.885475747605617e-07
114 2.623152399803476e-07
115 2.7700156646421135e-07
116 2.891621231524606e-07
117 2.919248301917643e-07
118 2.9752516200844954e-07
119 2.921709012251961e-07
120 2.780204629896363e-07
121 2.9076848241616206e-07
122 2.7970054757612425e-07
123 2.866185713086821e-07
124 2.8371350802059323e-07
125 2.803949265877618e-07
126 2.876095771020278e-07
127 2.955375096956326e-07
128 2.8979022565765276e-07
129 2.939124852524186e-07
130 2.8213247758968574e-07
131 2.9306194466230974e-07
132 2.8806764425441083e-07
133 2.813357478231849e-07
134 3.0046852398110194e-07
135 2.957543508137617e-07
136 2.822344009865062e-07
137 2.902944730427884e-07
138 2.8385965294141974e-07
139 2.990584764678447e-07
140 2.931204216776093e-07
141 2.709396280796236e-07
142 2.669769758991177e-07
143 3.072958713845479e-07
144 2.7013346033761865e-07
145 3.0478743038235556e-07
146 2.8068375961590463e-07
147 2.963149299337783e-07
148 2.746330320568754e-07
149 2.540052607056818e-07
150 2.819899686312386e-07
151 2.7039394138843033e-07
152 2.6853199540148993e-07
153 2.9105612322284365e-07
154 2.954316785531739e-07
155 2.6717409535393675e-07
156 2.971613753423254e-07
157 2.90422567566956e-07
158 2.8766440019992084e-07
159 2.749123655772619e-07
160 2.9320935240139266e-07
161 2.892194546752387e-07
162 2.6894770570421173e-07
163 2.8516252013423093e-07
164 2.796745520165369e-07
165 2.8765492043898114e-07
166 2.7811910773495264e-07
167 2.8381179692248474e-07
168 2.968057093340345e-07
169 2.8974451777902015e-07
170 3.0538292379185983e-07
171 2.829806430895048e-07
172 2.801715534112822e-07
173 3.0096307020513876e-07
174 3.084357392825409e-07
175 3.016937083412176e-07
176 3.0450079686826355e-07
177 2.882168091158162e-07
178 2.6451213981455215e-07
179 2.759157079056192e-07
180 2.9325511157013546e-07
181 3.1092475354238745e-07
182 2.823948316537703e-07
183 2.7194675429251317e-07
184 2.7942743832516126e-07
185 2.7792322683129295e-07
186 2.802351239513128e-07
187 3.009513305920986e-07
188 3.002197451778353e-07
189 3.006882636305911e-07
190 2.680657459020285e-07
191 2.8318688083767e-07
192 3.010770544166134e-07
193 2.9606762908668165e-07
194 2.901501438018544e-07
195 2.915638347475687e-07
196 2.8599013485290965e-07
197 2.9113554331432517e-07
198 2.8217259596109306e-07
199 2.8314147820375917e-07
200 3.2097502250349094e-07
201 2.756451343676951e-07
202 2.699960184883427e-07
203 2.8907696490614424e-07
204 2.962431308410297e-07
205 2.796652503126678e-07
206 2.929578466919405e-07
207 2.886462317163874e-07
208 2.93303608255683e-07
209 3.0506444897151216e-07
210 2.8142890772881394e-07
211 2.7779832343142286e-07
212 2.6831429741692065e-07
213 2.9477728026850074e-07
214 3.0192371879187557e-07
215 2.795267880724911e-07
216 2.530900101074228e-07
217 2.9710117968660345e-07
218 2.9578176116450497e-07
219 2.886552829241594e-07
220 2.8119156210116384e-07
221 2.712236635884761e-07
222 2.8383592074688237e-07
223 2.6686601400357146e-07
224 2.769863391490977e-07
225 2.9085816968455003e-07
226 3.0248192579790804e-07
227 2.8390449283985184e-07
228 2.7928799844588455e-07
229 2.924407258647728e-07
230 2.845260360563838e-07
231 2.8681937245586103e-07
232 2.844648973067944e-07
233 2.987210476686373e-07
234 3.0579772824120774e-07
235 2.856590347743963e-07
236 2.796943059818616e-07
237 3.0551700229642133e-07
238 3.0370245145977726e-07
239 2.807207182418106e-07
240 2.6898334293489855e-07
241 3.025068508869908e-07
242 2.8481477965363626e-07
243 2.811699587729884e-07
244 2.915376753087738e-07
245 2.946494149168353e-07
246 2.931426972588297e-07
247 3.1858557142670536e-07
248 2.8925276419535104e-07
249 2.889721931658161e-07
250 2.923753217790007e-07
251 2.974099910154569e-07
252 3.0557012581426514e-07
253 2.944425999897048e-07
254 2.851015829955378e-07
255 2.837574216380342e-07
256 2.9402489349070773e-07
257 3.121868995632147e-07
258 2.9440900979872433e-07
259 2.7950736137448306e-07
260 3.1515305512227146e-07
261 2.933719526031517e-07
262 2.9695742531448074e-07
263 2.8245817085186425e-07
264 2.867524485902083e-07
265 2.967215196926532e-07
266 2.7720575099665107e-07
267 2.823063608257844e-07
268 2.9370440689732954e-07
269 2.7664328996128757e-07
270 2.985452261279596e-07
271 2.750577035797883e-07
272 2.6375612702671146e-07
273 3.188938268209791e-07
274 2.6273444428731225e-07
275 2.888348291079909e-07
276 2.880944344084733e-07
277 2.98558737432741e-07
278 2.774470580165869e-07
279 3.0339857780940304e-07
280 2.7869951613149574e-07
281 2.764171338105786e-07
282 2.7134624644957485e-07
283 2.874270945788818e-07
284 3.0756132606675967e-07
285 2.867408769445306e-07
286 2.7059476855172653e-07
287 2.9243565646548924e-07
288 2.8643614432402997e-07
289 2.8839689826989327e-07
290 3.0193550651611646e-07
291 2.974607295745071e-07
292 2.848652060138408e-07
293 2.724518044907506e-07
294 2.815340319699895e-07
295 2.7998893085246353e-07
296 2.72995759634482e-07
297 3.0066777377854374e-07
298 2.715136410706017e-07
299 3.0907107395497494e-07
