0 -2.4930992359125514e-07
1 -3.178607978714277e-07
2 -2.5490904920204403e-07
3 -2.6744935621536344e-07
4 -2.3933621297548115e-07
5 -2.8990037800264784e-07
6 -2.633111429731961e-07
7 -2.399372248436314e-07
8 -2.8449923973094526e-07
9 -2.7111531761702964e-07
10 -2.6264056458191085e-07
11 -2.5640711286623324e-07
12 -2.4390225871706923e-07
13 -2.7084907396067024e-07
14 -2.655903328666357e-07
15 -2.7430112581400625e-07
16 -2.87165241463352e-07
17 -2.484603825507599e-07
18 -2.873693515767286e-07
19 -2.6743096182768433e-07
20 -2.4243051074964865e-07
21 -2.680769170254577e-07
22 -2.5802294635407647e-07
23 -2.9440000165796005e-07
24 -2.443279128284465e-07
25 -2.651147373428816e-07
26 -2.785093622222481e-07
27 -2.7679639631796976e-07
28 -2.352359157915221e-07
29 -3.2954962614615607e-07
30 -2.786046330933831e-07
31 -3.0624330150749405e-07
32 -2.1002852018372988e-07
33 -2.518539968932322e-07
34 -2.401759202935612e-07
35 -2.6729363747487464e-07
36 -2.680236821815357e-07
37 -2.6094623709113564e-07
38 -2.9599700240587133e-07
39 -2.471227294112363e-07
40 -2.9870237885504333e-07
41 -3.0548243542473223e-07
42 -3.502965819356493e-07
43 -2.880601089797953e-07
44 -2.5216139649132213e-07
45 -3.1448402460137987e-07
46 -2.673089973134727e-07
47 -2.552728256579575e-07
48 -3.014021373307571e-07
49 -2.843564287280319e-07
50 -2.941276665016025e-07
51 -3.044030215027167e-07
52 -2.580220372765033e-07
53 -2.757233985951809e-07
54 -2.678004810474717e-07
55 -2.770573888748789e-07
56 -2.6434429030835794e-07
57 -2.802911298230058e-07
58 -2.8559077339706994e-07
59 -2.498099040059602e-07
60 -2.63468403085362e-07
61 -2.324145905528228e-07
62 -3.022524758725372e-07
63 -2.5936367291047523e-07
64 -2.7622483538886916e-07
65 -2.57687678671109e-07
66 -2.784441810762737e-07
67 -3.002601805265558e-07
68 -2.3525974172985633e-07
69 -3.3490234045984157e-07
70 -2.6624970444678106e-07
71 -2.800665513029094e-07
72 -2.4881290058697393e-07
73 -2.6804960054822355e-07
74 -2.093890420398551e-07
75 -2.8892577583541955e-07
76 -2.999934626327497e-07
77 -2.3470423059914827e-07
78 -2.64099114787665e-07
79 -2.921117104979136e-07
80 -3.435964027061606e-07
81 -2.498840622214994e-07
82 -2.644662488038893e-07
83 -3.200484721237895e-07
84 -3.045713707584432e-07
85 -2.3650398492188573e-07
86 -2.8293674277300444e-07
87 -2.5793963851229527e-07
88 -3.0141009798096016e-07
89 -2.9341176097068304e-07
90 -2.8137500952428713e-07
91 -2.2385675642948907e-07
92 -3.114847417108544e-07
93 -2.871260209679976e-07
94 -2.739916008569801e-07
95 -2.5619495106434764e-07
96 -2.620905983671589e-07
97 -2.767648575014307e-07
98 -2.849080560245123e-07
99 -2.821753268977809e-07
100 -2.3917683247701613e-07
101 -3.027008056442261e-07
102 -2.855603505895106e-07
103 -2.508230469478016e-07
104 -3.0126918327203845e-07
105 -2.4160220398517517e-07
106 -2.732861218765091e-07
107 -2.5534044461036207e-07
108 -2.693183998942521e-07
109 -1.960172828121661e-07
110 -2.88135633045571e-07
111 -2.7748552480929e-07
112 -2.642450586087764e-07
113 -2.503513671815817e-07
114 -3.1847160070483004e-07
115 -2.1641138074897604e-07
116 -2.3432770983498542e-07
117 -2.83129697744088e-07
118 -3.0494658344221195e-07
119 -2.6850731994763455e-07
120 -3.2131546099909147e-07
121 -2.3778052648320435e-07
122 -3.2979227072337786e-07
123 -2.3778480064880987e-07
124 -3.100265306543194e-07
125 -2.6838276792979786e-07
126 -2.317245870027019e-07
127 -2.586679357772659e-07
128 -2.6437281904588535e-07
129 -2.8542966535465395e-07
130 -3.2264148903352777e-07
131 -2.545810315310089e-07
132 -2.6574449156462516e-07
133 -3.2813570842242245e-07
134 -2.2627493869177016e-07
135 -2.5468693009112994e-07
136 -2.9737355377580006e-07
137 -3.002081405278981e-07
138 -3.188304854702438e-07
139 -2.2508157515809563e-07
140 -2.528351274886219e-07
141 -3.074362662094153e-07
142 -3.0843149007795485e-07
143 -2.592631494269558e-07
144 -2.9233010220807097e-07
145 -2.426588719119108e-07
146 -2.755407491776286e-07
147 -2.685925311404251e-07
148 -2.638250500057765e-07
149 -2.942027923107647e-07
150 -2.438405238028049e-07
151 -2.8487243394265325e-07
152 -3.2364778181211705e-07
153 -2.67709178708916e-07
154 -2.824730194287793e-07
155 -2.529021102632997e-07
156 -2.625640340737947e-07
157 -2.255487654057343e-07
158 -2.729435898997268e-07
159 -3.3850843394203766e-07
160 -2.4677830527909755e-07
161 -2.529779144757155e-07
162 -3.029617549538479e-07
163 -2.6621782221848627e-07
164 -2.7047194478667827e-07
165 -3.079818301653016e-07
166 -2.8871535683623073e-07
167 -2.903425220792672e-07
168 -2.9579144897387427e-07
169 -2.7867643827062803e-07
170 -2.54638718426764e-07
171 -2.950718101529281e-07
172 -2.6970538606885085e-07
173 -2.5888079948484657e-07
174 -2.885021839003065e-07
175 -2.5271421145998433e-07
176 -2.656726774654594e-07
177 -2.7843081252005464e-07
178 -2.8307605622236135e-07
179 -2.7996585162624166e-07
180 -2.967213473769624e-07
181 -2.3242386102580337e-07
182 -2.7533057885068117e-07
183 -2.6793853399648124e-07
184 -2.807626646732539e-07
185 -2.715943968964001e-07
186 -2.8310203593776326e-07
187 -2.7565986890772346e-07
188 -2.4632573244402456e-07
189 -3.043829062505198e-07
190 -3.152883014709706e-07
191 -2.993101537143325e-07
192 -2.4615052493021784e-07
193 -2.80523379768067e-07
194 -2.9250486685397224e-07
195 -2.2853072542634125e-07
196 -2.7962985928347725e-07
197 -2.777989394441523e-07
198 -2.91609050026816e-07
199 -2.766160420623003e-07
200 -2.2241078625072025e-07
201 -3.3483748381114917e-07
202 -2.8851544853054035e-07
203 -2.5352459927512685e-07
204 -2.240396100758964e-07
205 -2.4371367363505616e-07
206 -2.461375009759348e-07
207 -2.7273964781937445e-07
208 -2.7177697955515155e-07
209 -2.758515931008512e-07
210 -2.55977524259547e-07
211 -3.6807839308697646e-07
212 -3.5209417412337276e-07
213 -2.715868437971632e-07
214 -2.734155231552278e-07
215 -2.695276214747232e-07
216 -3.134783030851303e-07
217 -2.774661660033771e-07
218 -2.672913872522252e-07
219 -2.351454955676293e-07
220 -2.6311090804006555e-07
221 -2.935018995102941e-07
222 -2.70477397464276e-07
223 -2.642733930139725e-07
224 -2.975688350185435e-07
225 -2.9136527149371337e-07
226 -2.7386245796375987e-07
227 -2.5236885224345643e-07
228 -2.8852017997868496e-07
229 -2.5866886938702576e-07
230 -2.89123133617185e-07
231 -2.902703363191707e-07
232 -3.19691839983899e-07
233 -2.293130315952375e-07
234 -2.4586565415969184e-07
235 -2.675518006346474e-07
236 -2.7937957521741806e-07
237 -2.6077349544742466e-07
238 -2.574659171743084e-07
239 -2.794207285400367e-07
240 -2.9699923243598363e-07
241 -2.933760448355939e-07
242 -2.8134605833223704e-07
243 -2.8577086516074574e-07
244 -2.456848742210846e-07
245 -3.052415508036464e-07
246 -2.9219049487769836e-07
247 -2.1405265883148541e-07
248 -2.771593020625397e-07
249 -2.9579933149496137e-07
250 -2.4234569464039174e-07
251 -2.2942065346196196e-07
252 -2.678895075062359e-07
253 -2.501973747343604e-07
254 -2.6037919860841276e-07
255 -3.25192553946833e-07
256 -2.4528325086995373e-07
257 -2.2402430635952098e-07
258 -2.4991454913127706e-07
259 -2.722188295178267e-07
260 -2.2737226969003722e-07
261 -2.6992436167921535e-07
262 -2.8559121517488617e-07
263 -3.386986198995541e-07
264 -2.869794789168859e-07
265 -2.9527049230179123e-07
266 -2.74065969280481e-07
267 -2.9344376583814303e-07
268 -3.0582975619077585e-07
269 -3.195913494194989e-07
270 -2.547464226128824e-07
271 -2.473747524898629e-07
272 -3.0428661571188623e-07
273 -2.795272867877038e-07
274 -3.2487022621689083e-07
275 -2.7982943577541086e-07
276 -2.745058861477543e-07
277 -2.611102444934899e-07
278 -3.0406083041690435e-07
279 -2.1882970939410287e-07
280 -2.587642259813781e-07
281 -2.531733432106428e-07
282 -3.133751836217443e-07
283 -2.9164736865569554e-07
284 -2.1062321847223634e-07
285 -2.5893373409584363e-07
286 -3.02330710031646e-07
287 -2.846332795590107e-07
288 -3.199727844908918e-07
289 -2.86837199323126e-07
290 -3.050188002134572e-07
291 -2.811480555349188e-07
292 -3.1309509661291295e-07
293 -2.7002860046114003e-07
294 -2.6301278270720253e-07
295 -2.888972743502083e-07
296 -2.7871885965731164e-07
297 -2.6179243016016905e-07
298 -2.8940396349756024e-07
299 -2.6728248166964736e-07
