0 -5.830106142955076e-06
1 -6.393454067840711e-06
2 -6.519638249368885e-06
3 -6.940172657550041e-06
4 -6.4541722124158385e-06
5 -6.365660577095964e-06
6 -6.436979030350658e-06
7 -6.7442227331408725e-06
8 -6.373862541020798e-06
9 -6.570989017118064e-06
10 -6.7982750294937005e-06
11 -6.994116236503413e-06
12 -7.024909965893876e-06
13 -6.5839308194548345e-06
14 -6.636391826263051e-06
15 -6.605988049613616e-06
16 -6.2648756792156075e-06
17 -6.729680406474077e-06
18 -6.4757885735361344e-06
19 -6.917298406294596e-06
20 -6.559573456981186e-06
21 -6.611250793976464e-06
22 -6.6590888602328326e-06
23 -6.614253163024292e-06
24 -6.592910841329991e-06
25 -6.7161098322009645e-06
26 -6.410295829687602e-06
27 -6.655985103533427e-06
28 -6.6019466357628185e-06
29 -6.288845784065345e-06
30 -6.5138946894792785e-06
31 -6.50321632913415e-06
32 -6.539983462294427e-06
33 -6.4256068612320304e-06
34 -6.986676545470397e-06
35 -6.693810816643597e-06
36 -6.7859977608875e-06
37 -6.6386589731459825e-06
38 -6.457383448719563e-06
39 -6.630683381410107e-06
40 -6.8623048870834175e-06
41 -6.4568900216529574e-06
42 -6.455119173829464e-06
43 -6.76459493940831e-06
44 -6.691174044570328e-06
45 -6.276885191418867e-06
46 -6.563500807842943e-06
47 -6.738890912046127e-06
48 -6.199106213004184e-06
49 -6.3598939656422415e-06
50 -6.532823246078203e-06
51 -6.234625668455091e-06
52 -7.005950105264975e-06
53 -6.48662254522455e-06
54 -6.805291012169604e-06
55 -6.51977957752146e-06
56 -6.578685304423704e-06
57 -6.543402246901524e-06
58 -6.58352986781484e-06
59 -6.769016498591255e-06
60 -6.764791005951113e-06
61 -6.9072717399381805e-06
62 -6.3764736907617265e-06
63 -6.546174618258575e-06
64 -6.1379143549657915e-06
65 -6.3648627803548915e-06
66 -6.7317333478628515e-06
67 -6.455889173240595e-06
68 -6.2805206278234725e-06
69 -6.1183976452814195e-06
70 -6.425250996841832e-06
71 -6.565937434026615e-06
72 -6.529358857603531e-06
73 -6.907512134221823e-06
74 -6.720630047658039e-06
75 -6.450944593000372e-06
76 -6.4783558339383065e-06
77 -6.672838446064411e-06
78 -6.252259948314926e-06
79 -6.592953595168484e-06
80 -6.1782245612275055e-06
81 -6.664694119906934e-06
82 -6.780852417647921e-06
83 -6.379364794105783e-06
84 -6.150617334525984e-06
85 -6.605088127686991e-06
86 -6.494931207469241e-06
87 -6.834146021296237e-06
88 -6.4439120483097065e-06
89 -6.3623321956448225e-06
90 -6.499119965121817e-06
91 -6.787273727257735e-06
92 -6.179564330268622e-06
93 -6.5417598413222665e-06
94 -6.546857182310463e-06
95 -6.54022611940179e-06
96 -6.464318176906415e-06
97 -6.812278527077813e-06
98 -6.821990271118529e-06
99 -6.584160995675298e-06
100 -6.848027760738219e-06
101 -6.533922353353814e-06
102 -6.148358276694303e-06
103 -6.777531104723787e-06
104 -6.25539178759997e-06
105 -6.6841742286470514e-06
106 -6.291339595998844e-06
107 -6.057697928397868e-06
108 -6.668371476415515e-06
109 -6.863442344298412e-06
110 -6.249396348543425e-06
111 -6.3492269631149455e-06
112 -6.6757321011073764e-06
113 -6.676929338673015e-06
114 -6.123785496099133e-06
115 -6.6912409652911445e-06
116 -6.7547206933030585e-06
117 -6.69375586353088e-06
118 -6.056831892813786e-06
119 -6.322698301633603e-06
120 -6.573316983465891e-06
121 -6.736734719976865e-06
122 -6.533587189360185e-06
123 -6.852034821765129e-06
124 -6.4309405299060945e-06
125 -6.397078450906899e-06
126 -6.542241547394363e-06
127 -6.411978297932332e-06
128 -6.811632054988467e-06
129 -6.654543670249262e-06
130 -6.435080222133453e-06
131 -6.489548605920236e-06
132 -6.689031270948561e-06
133 -6.420367400245494e-06
134 -6.578663201733491e-06
135 -6.8872416644390115e-06
136 -6.284031642642371e-06
137 -6.610507926385396e-06
138 -6.343532302803936e-06
139 -6.814110264190383e-06
140 -6.772272567899079e-06
141 -6.362248271853003e-06
142 -6.8469496194432804e-06
143 -6.749506327650063e-06
144 -6.550462215322179e-06
145 -6.760485156286717e-06
146 -6.535632224405721e-06
147 -6.310418237285771e-06
148 -6.719324959580724e-06
149 -6.474353837880257e-06
150 -6.498911666402554e-06
151 -6.493092346100138e-06
152 -6.578148652199885e-06
153 -6.677046972725581e-06
154 -6.774524136830424e-06
155 -6.53886255392945e-06
156 -6.690111545419193e-06
157 -6.4442743157097505e-06
158 -6.873870496452133e-06
159 -6.346822084916107e-06
160 -6.299670098479983e-06
161 -6.357753748330906e-06
162 -6.342295238474633e-06
163 -6.593774462162068e-06
164 -6.552717858308077e-06
165 -6.5985594881789326e-06
166 -6.246074193224564e-06
167 -6.342884149538815e-06
168 -6.3709778249217214e-06
169 -6.49506630829636e-06
170 -6.658624716837189e-06
171 -6.666344271706266e-06
172 -6.5706800302568935e-06
173 -6.894804327900938e-06
174 -6.7714653870901525e-06
175 -6.452590290563811e-06
176 -6.763103817798835e-06
177 -6.480351842031617e-06
178 -6.5815657097666485e-06
179 -6.233118570691808e-06
180 -6.282356859707441e-06
181 -6.653213674322374e-06
182 -6.548635757733751e-06
183 -6.253383181835996e-06
184 -6.523491678536202e-06
185 -6.3330428827119055e-06
186 -6.477396206360904e-06
187 -7.061507655919232e-06
188 -6.764003478591722e-06
189 -6.54169795787579e-06
190 -6.1528636062461955e-06
191 -6.185772193269502e-06
192 -6.555825639402932e-06
193 -6.786693325914929e-06
194 -6.590373892300067e-06
195 -6.587961704152008e-06
196 -6.494776033251212e-06
197 -6.5676334881685316e-06
198 -6.80573858296128e-06
199 -6.456441807837143e-06
200 -6.707400508266826e-06
201 -6.671247962947958e-06
202 -6.530239019787567e-06
203 -6.820731724887989e-06
204 -6.686671909113621e-06
205 -6.8310720988367855e-06
206 -6.727310013558839e-06
207 -6.5742396993552285e-06
208 -6.726499674171408e-06
209 -6.50184614860302e-06
210 -6.692770362179965e-06
211 -6.170044955140267e-06
212 -6.203890245720465e-06
213 -6.710059196634014e-06
214 -6.559856102092882e-06
215 -6.534014384131437e-06
216 -6.313794132232347e-06
217 -6.709777133494683e-06
218 -6.442284707520422e-06
219 -6.823035736266219e-06
220 -6.5613955017379445e-06
221 -6.504449305107806e-06
222 -6.203650970437712e-06
223 -6.726251418225705e-06
224 -6.502699314863662e-06
225 -6.7415985646757276e-06
226 -6.612975718230518e-06
227 -6.803427897764685e-06
228 -6.248834609496731e-06
229 -6.327074389759199e-06
230 -6.615466060188982e-06
231 -6.696713204342321e-06
232 -6.676545560143338e-06
233 -6.835515432945095e-06
234 -6.969826349871914e-06
235 -6.75404367009508e-06
236 -6.311906228897904e-06
237 -6.752790480202136e-06
238 -6.835704563523012e-06
239 -6.660855392673242e-06
240 -6.377418473067462e-06
241 -6.1286167637951005e-06
242 -6.578369253344915e-06
243 -6.526792632174253e-06
244 -6.597348940615667e-06
245 -6.537488612045612e-06
246 -6.3279875724223955e-06
247 -6.6686834848803e-06
248 -7.005351123837764e-06
249 -6.494896177690818e-06
250 -6.553695143932146e-06
251 -7.147963584612771e-06
252 -6.500986208101408e-06
253 -6.711868895038047e-06
254 -6.65762429809979e-06
255 -6.600912084824718e-06
256 -6.925603175077197e-06
257 -6.578076338315356e-06
258 -6.433839695137432e-06
259 -6.587832649248933e-06
260 -6.584109910302155e-06
261 -6.591900088165488e-06
262 -6.71692781018882e-06
263 -6.324426292252081e-06
264 -6.390041278096104e-06
265 -6.422079265062978e-06
266 -6.555027056458499e-06
267 -6.153514051588249e-06
268 -6.392758405236487e-06
269 -6.975578619133416e-06
270 -6.268944458243828e-06
271 -6.551504266103458e-06
272 -6.53877961744965e-06
273 -6.679553736589387e-06
274 -6.3791292631199505e-06
275 -6.510909660929194e-06
276 -6.734736152141626e-06
277 -6.382164707251554e-06
278 -6.38477748793935e-06
279 -6.551737462636513e-06
280 -6.4833976252337445e-06
281 -6.45969248438385e-06
282 -6.340312633095451e-06
283 -6.311727420763918e-06
284 -6.697709169370429e-06
285 -6.4772397478877124e-06
286 -6.329082452839239e-06
287 -6.428387463420093e-06
288 -6.68030468571507e-06
289 -6.566067926668152e-06
290 -6.258356997654322e-06
291 -6.48997642667531e-06
292 -6.359696389819105e-06
293 -6.487156805462243e-06
294 -6.4716147443385406e-06
295 -6.803719493181014e-06
296 -6.4141714568011595e-06
297 -6.705132077045642e-06
298 -6.1489378259312365e-06
299 -6.836598521437319e-06
