0 -4.866677579058932e-06
1 -4.709468047203289e-06
2 -4.372000357471945e-06
3 -4.341713237963075e-06
4 -4.410929817377233e-06
5 -4.680350360748737e-06
6 -4.668198594231652e-06
7 -4.397493333552839e-06
8 -4.505661829887266e-06
9 -4.400429870468329e-06
10 -4.220694283298799e-06
11 -4.149710793252089e-06
12 -4.320567921144511e-06
13 -4.18889801961191e-06
14 -4.311444879320143e-06
15 -4.514338246714691e-06
16 -4.418937795099756e-06
17 -4.441340546971481e-06
18 -4.386145818707596e-06
19 -4.356306613640057e-06
20 -4.265394338019106e-06
21 -4.421849662324443e-06
22 -4.841790869549731e-06
23 -4.3236196315227135e-06
24 -4.49929903619609e-06
25 -4.372354395783521e-06
26 -4.484399815160728e-06
27 -4.434922826650657e-06
28 -4.328596118030083e-06
29 -4.577134063162672e-06
30 -4.337729971099109e-06
31 -4.3333584549383e-06
32 -4.468482666980831e-06
33 -4.721932322990398e-06
34 -4.2931488210293814e-06
35 -4.391311156851917e-06
36 -4.389229340451713e-06
37 -4.536386517785422e-06
38 -4.47211524908779e-06
39 -4.224579895294888e-06
40 -4.325589770298243e-06
41 -4.6004518055983185e-06
42 -4.484278561149915e-06
43 -4.330757657405296e-06
44 -4.286102819268845e-06
45 -4.577350176570954e-06
46 -4.424327245569961e-06
47 -4.415124662097247e-06
48 -4.804479307902004e-06
49 -4.6951277599148775e-06
50 -4.643148505877562e-06
51 -4.560224652461648e-06
52 -4.026691786488789e-06
53 -4.483106007431277e-06
54 -4.372206903346649e-06
55 -4.435205084678681e-06
56 -4.5931376319869915e-06
57 -4.378184953373981e-06
58 -4.579454765354443e-06
59 -4.400270823240995e-06
60 -4.50181026335376e-06
61 -4.394553904163051e-06
62 -4.818157708087275e-06
63 -4.4792207964421875e-06
64 -4.726512681667315e-06
65 -4.5686630635966665e-06
66 -4.250116869051139e-06
67 -4.630767905416934e-06
68 -4.690083272268642e-06
69 -4.691341767288869e-06
70 -4.5149246333272305e-06
71 -4.515550775066845e-06
72 -4.493639372140844e-06
73 -4.434718831378048e-06
74 -4.427989262633312e-06
75 -4.6418789999239335e-06
76 -4.367625798011975e-06
77 -4.332173854026367e-06
78 -4.843222368142062e-06
79 -4.539561816185253e-06
80 -4.881650436285837e-06
81 -4.375870407916403e-06
82 -4.339698998764445e-06
83 -4.634223903386294e-06
84 -4.8011899721180174e-06
85 -4.584426005084924e-06
86 -4.3999396930177935e-06
87 -4.193859313039763e-06
88 -4.644544635885304e-06
89 -4.593727881095123e-06
90 -4.607915071420497e-06
91 -4.289886778969688e-06
92 -4.529565842999704e-06
93 -4.387767416144753e-06
94 -4.576963240570121e-06
95 -4.4328737461262196e-06
96 -4.707753602055217e-06
97 -4.350551947350921e-06
98 -4.436814230885355e-06
99 -4.413365343805248e-06
100 -4.173512998395076e-06
101 -4.451005821796315e-06
102 -4.770231887986808e-06
103 -4.58359714248258e-06
104 -4.572357479728803e-06
105 -4.368265647616385e-06
106 -4.722564566386118e-06
107 -4.684385951268387e-06
108 -4.351190548728916e-06
109 -4.277958320826318e-06
110 -4.863098198257961e-06
111 -4.570394053835602e-06
112 -4.358714500600844e-06
113 -4.5056018404089725e-06
114 -4.648921700702883e-06
115 -4.441720994226896e-06
116 -4.435414986394769e-06
117 -4.240205534338624e-06
118 -4.849504338537308e-06
119 -4.7235377063135995e-06
120 -4.384057874796627e-06
121 -4.347468012220848e-06
122 -4.421623252882776e-06
123 -4.228032757580617e-06
124 -4.459741519436964e-06
125 -4.421115305453e-06
126 -4.664795585920851e-06
127 -4.635094262353566e-06
128 -4.159783398316559e-06
129 -4.511582083700739e-06
130 -4.730468100336884e-06
131 -4.42547401216718e-06
132 -4.429285201494087e-06
133 -4.5341716978692005e-06
134 -4.458642681939434e-06
135 -4.174035379760511e-06
136 -4.71667622072499e-06
137 -4.349398657786226e-06
138 -4.715431773866887e-06
139 -4.440206403844848e-06
140 -4.273986771532139e-06
141 -4.519876889933471e-06
142 -4.245310045647007e-06
143 -4.222237712156791e-06
144 -4.318712514303805e-06
145 -4.436268687745373e-06
146 -4.182063507763917e-06
147 -4.292525284034353e-06
148 -4.36457581945412e-06
149 -4.672594843013222e-06
150 -4.378075327418873e-06
151 -4.487532943055979e-06
152 -4.521538655491212e-06
153 -4.484480899060505e-06
154 -4.2150528210920585e-06
155 -4.6348530770803735e-06
156 -4.320648574792679e-06
157 -4.671999545667706e-06
158 -4.319235159458385e-06
159 -4.348127449401833e-06
160 -4.722905959793394e-06
161 -4.567302711721862e-06
162 -4.777894937093032e-06
163 -4.656331325979146e-06
164 -4.566435481190146e-06
165 -4.459662219953881e-06
166 -4.788377338818232e-06
167 -4.673883749137912e-06
168 -4.7109970251746616e-06
169 -4.652186833424262e-06
170 -4.2201521722501e-06
171 -4.344823170442568e-06
172 -4.540983932448782e-06
173 -4.378780004498133e-06
174 -4.483010717441693e-06
175 -4.71099357304873e-06
176 -4.4181634445280135e-06
177 -4.610333123918428e-06
178 -4.510645309208634e-06
179 -4.8367192175612495e-06
180 -4.57122982712744e-06
181 -4.579182912401667e-06
182 -4.504849986310589e-06
183 -4.507456228819455e-06
184 -4.44814353995794e-06
185 -4.556135918853557e-06
186 -4.52177253949621e-06
187 -4.0446238153317225e-06
188 -4.475097879513972e-06
189 -4.44334076807152e-06
190 -4.596447355407037e-06
191 -4.512828001989597e-06
192 -4.649560058475317e-06
193 -4.115139641879562e-06
194 -4.415959926918445e-06
195 -4.3812621045404854e-06
196 -4.649703472765444e-06
197 -4.402189244165366e-06
198 -4.305195282921093e-06
199 -4.6159074756598525e-06
200 -4.511655165362979e-06
201 -4.223031795354761e-06
202 -4.495867656389742e-06
203 -4.119091875360551e-06
204 -4.346345150898065e-06
205 -4.261211314839719e-06
206 -4.646320651538036e-06
207 -4.502310790813225e-06
208 -4.314891100649098e-06
209 -4.560857404255125e-06
210 -4.4033710331792045e-06
211 -4.707189535796444e-06
212 -4.5783504367484394e-06
213 -4.427643589439275e-06
214 -4.395085918797941e-06
215 -4.525815082757843e-06
216 -4.586132864840019e-06
217 -4.562851406741951e-06
218 -4.50961274096643e-06
219 -4.236717832194305e-06
220 -4.4729431249719205e-06
221 -4.550408293204628e-06
222 -4.478659910501701e-06
223 -4.455189168277992e-06
224 -4.610837494792724e-06
225 -4.288820928400857e-06
226 -4.481605494901124e-06
227 -4.2849317023837545e-06
228 -4.437536524302495e-06
229 -4.519636133860443e-06
230 -4.460253812543986e-06
231 -4.279605837245699e-06
232 -4.224193570664295e-06
233 -4.400697157966902e-06
234 -4.1040752546328145e-06
235 -4.0957554735021715e-06
236 -4.743981844503545e-06
237 -4.1034426186384305e-06
238 -4.3463230880004855e-06
239 -4.463423054588125e-06
240 -4.650838853469192e-06
241 -4.587426875640498e-06
242 -4.448443415145346e-06
243 -4.463892731518072e-06
244 -4.488703398576497e-06
245 -4.351999976189109e-06
246 -4.747678474024484e-06
247 -4.681161975288178e-06
248 -4.083512891169598e-06
249 -4.605777204470177e-06
250 -4.527651202106078e-06
251 -4.274974955528675e-06
252 -4.53062136679913e-06
253 -4.410096459559519e-06
254 -4.225739329514013e-06
255 -4.369069343221258e-06
256 -4.0382053559878655e-06
257 -4.469791222099546e-06
258 -4.651233252271225e-06
259 -4.517715430605539e-06
260 -4.438012790320949e-06
261 -4.4773036381543465e-06
262 -4.433404277247793e-06
263 -4.558621354745252e-06
264 -4.729782064934768e-06
265 -4.5351207808060615e-06
266 -4.547679615458254e-06
267 -4.78010359786918e-06
268 -4.625006711861244e-06
269 -4.16537857058718e-06
270 -4.711801353270104e-06
271 -4.339815982366152e-06
272 -4.6348579271461e-06
273 -4.5420225322146465e-06
274 -4.345023981875966e-06
275 -4.4297214425850336e-06
276 -4.418461052322651e-06
277 -4.632735129140675e-06
278 -4.673340833159015e-06
279 -4.338031345100007e-06
280 -4.4749750335399385e-06
281 -4.666238932778093e-06
282 -4.7502454214102885e-06
283 -4.566087621799341e-06
284 -4.4286630660695195e-06
285 -4.410156199347179e-06
286 -4.59449467863034e-06
287 -4.434806347313502e-06
288 -4.393397446686698e-06
289 -4.414549493984707e-06
290 -4.670770839037407e-06
291 -4.653244631734181e-06
292 -4.401383722345988e-06
293 -4.591108453296221e-06
294 -4.376166469606429e-06
295 -4.2408855361186595e-06
296 -4.458905876942644e-06
297 -4.325726277369818e-06
298 -4.692570494106426e-06
299 -4.233537966962879e-06
