0 6.743434392927868e-07
1 6.586846412407132e-07
2 7.138816067756179e-07
3 7.05044020766274e-07
4 6.878985873860432e-07
5 6.550984746282774e-07
6 6.875978154708566e-07
7 7.166006325523934e-07
8 6.758504476437091e-07
9 6.458222850042535e-07
10 7.065421829897136e-07
11 6.677366793108437e-07
12 7.06189245624922e-07
13 6.690027453323358e-07
14 6.903752443485942e-07
15 6.880582492710629e-07
16 6.758369485103081e-07
17 6.921822723916931e-07
18 7.130021077951693e-07
19 7.009083120903444e-07
20 6.815843029720606e-07
21 7.104587663954013e-07
22 7.027329798307747e-07
23 6.817751078361408e-07
24 6.834523971444116e-07
25 6.800891579356133e-07
26 7.247374262550523e-07
27 6.641496826443014e-07
28 7.029745486457455e-07
29 6.859957101699681e-07
30 7.104595832164541e-07
31 6.759739515762903e-07
32 7.047494304486026e-07
33 6.723978053180922e-07
34 6.807400752700203e-07
35 7.189973014588893e-07
36 6.784307867368003e-07
37 6.896932022633809e-07
38 7.014125122975709e-07
39 6.861993265184024e-07
40 6.538753100987033e-07
41 6.767153333734198e-07
42 7.20834854272219e-07
43 6.755251260679162e-07
44 7.284038402920353e-07
45 6.685713288669561e-07
46 6.996583086822583e-07
47 6.728798537208283e-07
48 6.819368336865602e-07
49 6.501946043166401e-07
50 6.676178635489477e-07
51 6.833798200969066e-07
52 6.728652768116762e-07
53 7.336953939741023e-07
54 6.536098723302033e-07
55 7.009464917426579e-07
56 6.999760605019015e-07
57 6.450781295387758e-07
58 6.848658580331548e-07
59 6.854671612645758e-07
60 7.034020380729673e-07
61 6.400238796034203e-07
62 6.903153870710601e-07
63 6.626006526040851e-07
64 7.195051264497808e-07
65 6.904891350866381e-07
66 7.006163833246346e-07
67 7.085617409974007e-07
68 6.6649489449029e-07
69 7.390797220681738e-07
70 7.012561854058878e-07
71 7.016589337956406e-07
72 6.85893978889623e-07
73 6.900872472870041e-07
74 7.009330115280504e-07
75 6.87048653778111e-07
76 7.009027599469052e-07
77 7.106853990547584e-07
78 6.942532383655022e-07
79 6.397548988392068e-07
80 7.271684736204865e-07
81 6.475751418036411e-07
82 7.054688682801538e-07
83 7.096049051961282e-07
84 6.68683413916785e-07
85 7.094495598193401e-07
86 6.56243066859011e-07
87 7.007744647099796e-07
88 7.09421985997309e-07
89 6.773749339428804e-07
90 6.638218643934648e-07
91 6.563953567873897e-07
92 6.562721452317146e-07
93 6.776780310064856e-07
94 7.239255416939942e-07
95 6.9201396576631e-07
96 6.84666061378739e-07
97 6.669093633536486e-07
98 6.80881536463274e-07
99 6.852253522234888e-07
100 6.817463566522721e-07
101 6.681731007634085e-07
102 6.866635239288528e-07
103 6.667130897275039e-07
104 6.990465224560032e-07
105 6.904794255093553e-07
106 6.903563723950125e-07
107 7.068615752337816e-07
108 6.760397739930593e-07
109 6.935333902219752e-07
110 6.686942735518325e-07
111 6.839925782921004e-07
112 7.114629429782678e-07
113 7.338652037153377e-07
114 6.645634803803246e-07
115 6.619875489118744e-07
116 6.543752803728014e-07
117 6.585683922454185e-07
118 7.172499472220543e-07
119 6.727163022251844e-07
120 6.775387268402817e-07
121 7.055919433854966e-07
122 6.899220844154499e-07
123 7.378723469283349e-07
124 6.598938765125018e-07
125 6.64257313796403e-07
126 6.709595197730631e-07
127 6.851461746683042e-07
128 6.736644886888649e-07
129 6.851882041235932e-07
130 6.92954019306443e-07
131 6.927036092743889e-07
132 6.684692086061357e-07
133 6.694306355213517e-07
134 6.801987334027769e-07
135 6.632360115618776e-07
136 6.671863076633478e-07
137 7.019237657839318e-07
138 6.752415546299627e-07
139 6.719487022210568e-07
140 7.494452313527573e-07
141 7.415632306889135e-07
142 7.465520099089974e-07
143 7.224517526581327e-07
144 7.117656413440421e-07
145 7.074920233958423e-07
146 6.47708618757904e-07
147 7.246409609728375e-07
148 6.814867554352286e-07
149 7.252014248115799e-07
150 7.197122859901968e-07
151 7.222966829335289e-07
152 7.312715951788697e-07
153 6.766244284829662e-07
154 6.714047199374319e-07
155 7.121125123591114e-07
156 7.181395727684403e-07
157 6.8106431304123e-07
158 7.064957835559135e-07
159 6.861642459030874e-07
160 6.426488966851452e-07
161 6.701946722952147e-07
162 6.804933322955759e-07
163 7.067147865377213e-07
164 7.005764889511477e-07
165 7.150479812682646e-07
166 6.818903503217522e-07
167 6.616188609970144e-07
168 7.102542849053846e-07
169 6.662161525079679e-07
170 6.785866882219899e-07
171 7.390231390210142e-07
172 6.692294809119609e-07
173 7.092186930460397e-07
174 6.882907673957141e-07
175 6.858624885204968e-07
176 6.865457817614616e-07
177 7.250834505529153e-07
178 6.328634124109893e-07
179 7.156811727461483e-07
180 6.746240524042607e-07
181 6.853641724919589e-07
182 6.996312724756385e-07
183 7.130618722786897e-07
184 6.68131459666976e-07
185 6.939305936670284e-07
186 6.722224581079434e-07
187 6.977393305686314e-07
188 7.233102520023487e-07
189 6.820592052610321e-07
190 6.856333634307474e-07
191 6.44640887939267e-07
192 6.787656718207056e-07
193 6.879960679395363e-07
194 7.098529312028629e-07
195 6.868688163834067e-07
196 6.821837310942649e-07
197 6.844425362630283e-07
198 6.723764039772532e-07
199 6.872998551865976e-07
200 6.732124018960386e-07
201 6.992546582585714e-07
202 6.98791658928585e-07
203 6.817582318368087e-07
204 6.80000317453041e-07
205 7.230920439886061e-07
206 6.953565576917637e-07
207 6.973206826438611e-07
208 6.841415825830818e-07
209 6.766477130422181e-07
210 6.630017339522912e-07
211 6.910781066834655e-07
212 6.303646749188908e-07
213 6.792966973741252e-07
214 6.71903149123595e-07
215 6.760784705099906e-07
216 6.92714370431806e-07
217 7.201471806945689e-07
218 6.756343518182761e-07
219 6.978342377403096e-07
220 6.90824474728286e-07
221 7.024325157130844e-07
222 6.901321182854939e-07
223 6.789757102713274e-07
224 7.160896809174649e-07
225 6.916127907837202e-07
226 7.193900374763085e-07
227 6.827158188373889e-07
228 7.290815122035741e-07
229 7.202107596908868e-07
230 6.983925212978672e-07
231 6.925810514619539e-07
232 6.980975017745221e-07
233 6.519133807876771e-07
234 6.773420425637668e-07
235 7.237133525187607e-07
236 6.411604717268605e-07
237 6.621024871361202e-07
238 6.903085321190933e-07
239 6.956972763004355e-07
240 6.972541001051846e-07
241 6.561881045832616e-07
242 7.545575621302668e-07
243 6.751063343035497e-07
244 6.719044522896981e-07
245 6.747241833349387e-07
246 7.254981579080517e-07
247 6.861364566076012e-07
248 7.035652946530048e-07
249 6.790549092590591e-07
250 6.618044160125016e-07
251 7.151014089382197e-07
252 6.7468784093041e-07
253 6.835190136221422e-07
254 7.098751325133894e-07
255 7.31631548572794e-07
256 6.761027877597509e-07
257 6.96655062315233e-07
258 7.199647899057477e-07
259 7.243317353141972e-07
260 6.73549960566628e-07
261 7.103240993313096e-07
262 6.732929339187384e-07
263 6.788750387003669e-07
264 6.723666249959248e-07
265 6.977346861344243e-07
266 6.887841407370279e-07
267 6.964758019201794e-07
268 6.614775940434776e-07
269 6.710841460676702e-07
270 7.103763822007758e-07
271 7.087342224345058e-07
272 7.057200130458374e-07
273 6.84869964557853e-07
274 7.226639154250119e-07
275 6.867611000943406e-07
276 6.95696091741079e-07
277 7.008613939930439e-07
278 6.81901599555419e-07
279 6.955191961739234e-07
280 6.833481837530587e-07
281 7.208325515817644e-07
282 6.811950881742423e-07
283 6.969412753881701e-07
284 6.800505455619793e-07
285 6.57909865540668e-07
286 7.132675432456685e-07
287 6.780852484224469e-07
288 6.795933833314525e-07
289 6.699823046807039e-07
290 7.076803073904142e-07
291 6.893620062591272e-07
292 7.255026325185009e-07
293 6.898374823406973e-07
294 7.076142851748013e-07
295 6.839381251858523e-07
296 6.793544263585581e-07
297 7.041307898423291e-07
298 6.564552653366772e-07
299 6.903534597322152e-07
