0 5.3318158006239576e-06
1 5.625473452414051e-06
2 5.450365597831741e-06
3 5.4884390031628785e-06
4 5.503547952671918e-06
5 5.611404846086074e-06
6 5.316658364195047e-06
7 5.265973409443387e-06
8 5.543290856648477e-06
9 5.5839483946282935e-06
10 5.697878476655246e-06
11 5.606348526622278e-06
12 5.531363844027534e-06
13 5.2017176082158376e-06
14 5.37754537468295e-06
15 5.531557630247037e-06
16 5.730229991930751e-06
17 5.433779196953165e-06
18 5.506961255349265e-06
19 5.47605839318054e-06
20 5.197026161845045e-06
21 5.3900644036413175e-06
22 5.6715696480313115e-06
23 5.708144738369421e-06
24 5.2507552920798775e-06
25 5.541176269370672e-06
26 5.945637736646651e-06
27 5.6091736445445e-06
28 5.693608883780429e-06
29 5.278601508836e-06
30 5.302239627182279e-06
31 5.589311314839311e-06
32 5.480689559580888e-06
33 5.528936000660993e-06
34 5.643584944076598e-06
35 5.570034894239325e-06
36 5.5619999502560575e-06
37 5.3552930021696285e-06
38 5.499080571566341e-06
39 5.32682535335887e-06
40 5.57231277563231e-06
41 5.523675345644709e-06
42 5.430473807258318e-06
43 5.643991988326477e-06
44 5.717313243564738e-06
45 5.304612759532772e-06
46 5.411162997674911e-06
47 5.5808378908907e-06
48 5.564608305381857e-06
49 5.534760557340823e-06
50 5.793131260824171e-06
51 5.478006609562932e-06
52 5.384030417849225e-06
53 5.427996834603346e-06
54 5.483096582223633e-06
55 5.547473095353057e-06
56 5.575996500937261e-06
57 5.548755078247572e-06
58 5.520184673542518e-06
59 5.2301997711742665e-06
60 5.7181921819696935e-06
61 5.349508865836932e-06
62 5.5254408234005916e-06
63 5.720132895836558e-06
64 5.3067426657372766e-06
65 5.138075312918296e-06
66 5.548556966462205e-06
67 5.323461435723004e-06
68 5.4586236611615485e-06
69 5.838813148286773e-06
70 5.810196663067484e-06
71 5.364911153481524e-06
72 5.387511851914008e-06
73 5.842864854900479e-06
74 5.769948156795192e-06
75 5.593352822492195e-06
76 5.725863035815538e-06
77 5.63394589911164e-06
78 5.726156875538839e-06
79 5.362752886728034e-06
80 5.667974968230339e-06
81 5.458484487039106e-06
82 5.654600308235871e-06
83 5.745967081076294e-06
84 5.518461231697357e-06
85 5.3845163903029585e-06
86 5.4324653691816176e-06
87 5.505311210080634e-06
88 5.8278734413459006e-06
89 5.7417962074986095e-06
90 5.4390659122712455e-06
91 5.526831370823707e-06
92 5.4661212874652895e-06
93 5.893253221272347e-06
94 5.520362595837542e-06
95 5.5159496539843705e-06
96 5.682840252926383e-06
97 5.523029162350255e-06
98 5.302570419790343e-06
99 5.699967774776784e-06
100 5.6354613649992995e-06
101 5.748592806197453e-06
102 5.588529876730401e-06
103 5.455018783125936e-06
104 5.668792484194568e-06
105 5.570784418759555e-06
106 5.412077803745825e-06
107 5.54124621639109e-06
108 5.454651124018966e-06
109 5.460240365122747e-06
110 5.440332197306154e-06
111 5.202403082031414e-06
112 5.4907035236565555e-06
113 5.6588950201211e-06
114 5.5364147821824345e-06
115 5.6333046194847305e-06
116 5.615052786868155e-06
117 5.4838438567927845e-06
118 5.503681346704998e-06
119 5.641394362898804e-06
120 5.727478744211462e-06
121 5.5052218709218795e-06
122 5.609062874986255e-06
123 5.648349414136967e-06
124 5.541259775152423e-06
125 5.46590345883876e-06
126 5.409322247776373e-06
127 5.5150205717076595e-06
128 5.52260154973185e-06
129 5.539856974639137e-06
130 5.249057971930901e-06
131 5.55992249491312e-06
132 5.347279952777935e-06
133 5.667261412972256e-06
134 5.45094128141408e-06
135 5.528085042562963e-06
136 5.4901154370754555e-06
137 5.519210646468205e-06
138 5.489005988064935e-06
139 5.577983378194191e-06
140 5.4364055343521846e-06
141 5.88797965926642e-06
142 5.598763878336032e-06
143 5.813751796527098e-06
144 5.577218922110012e-06
145 5.5538159603677524e-06
146 5.2892325979829916e-06
147 5.593136478797651e-06
148 5.775792248285208e-06
149 5.630867458686992e-06
150 5.5366650389277225e-06
151 5.5187189079556466e-06
152 5.5369839513174675e-06
153 5.776292807992337e-06
154 5.3861691720005105e-06
155 5.569351975224356e-06
156 5.624672040334447e-06
157 5.660799261470808e-06
158 5.107065574915014e-06
159 5.693827145231123e-06
160 5.581769920196594e-06
161 5.742177568048037e-06
162 5.418711378726876e-06
163 5.580116116796976e-06
164 5.438709088114759e-06
165 5.500892310408266e-06
166 5.382157111866912e-06
167 5.253061286829221e-06
168 5.607645680152079e-06
169 5.638226419067511e-06
170 5.712723626714468e-06
171 5.4424034312495885e-06
172 5.80279269455866e-06
173 5.602714612767999e-06
174 5.492096913910053e-06
175 5.560259306246959e-06
176 5.332625799265588e-06
177 5.4459485098471925e-06
178 5.411817224060182e-06
179 5.697179034228742e-06
180 5.680746102877469e-06
181 5.373477139715695e-06
182 5.5388607604181035e-06
183 5.753569356066189e-06
184 5.457674491979282e-06
185 5.553812850641231e-06
186 5.456820893092483e-06
187 5.673978499571879e-06
188 5.358476053162895e-06
189 5.550283228894523e-06
190 5.54800656457945e-06
191 5.755525981125431e-06
192 5.559578034654319e-06
193 5.73174612858781e-06
194 5.325995336920605e-06
195 5.545508479520557e-06
196 5.579487953825699e-06
197 5.2830044911357e-06
198 5.314443928524092e-06
199 5.555807424506985e-06
200 5.494785718514202e-06
201 5.49958922308116e-06
202 5.5318668330571576e-06
203 5.726849301589035e-06
204 5.370895004935522e-06
205 5.192345728703246e-06
206 5.5614976989151665e-06
207 5.672631454168286e-06
208 5.163120149216661e-06
209 5.512445178268374e-06
210 5.563115144094958e-06
211 5.487865682681504e-06
212 5.483214560001e-06
213 5.785132811899172e-06
214 5.720306930329696e-06
215 5.540131088238637e-06
216 5.300987159126984e-06
217 5.752348951958429e-06
218 5.702427638209056e-06
219 5.364865100451711e-06
220 5.405143911390163e-06
221 5.473930736462007e-06
222 5.417751431845918e-06
223 5.392323884055361e-06
224 5.683900715335618e-06
225 5.453942552349085e-06
226 5.58657682399176e-06
227 5.44954557952507e-06
228 5.667811769419867e-06
229 5.760072902206288e-06
230 5.867536946494822e-06
231 5.588210227340593e-06
232 5.3993498521282375e-06
233 5.436968398357808e-06
234 5.729890420704528e-06
235 5.623274477662516e-06
236 5.1739484763964705e-06
237 5.5262075601270575e-06
238 5.472869698074402e-06
239 5.431643759960002e-06
240 5.682419832069475e-06
241 5.540890124505671e-06
242 5.6823630813581605e-06
243 5.506258483150376e-06
244 5.440589243348431e-06
245 5.631232380959043e-06
246 5.408233854118534e-06
247 5.719139763742922e-06
248 5.775514838591908e-06
249 5.818330530201179e-06
250 5.57552243445208e-06
251 5.547489735590017e-06
252 5.534165866887573e-06
253 5.608103145689101e-06
254 5.639539469507046e-06
255 5.702674596153309e-06
256 5.900204730117272e-06
257 5.543595141200386e-06
258 5.632669651353438e-06
259 5.800714289135053e-06
260 5.643997096461191e-06
261 5.587061943195575e-06
262 5.717966487720137e-06
263 5.69913575796059e-06
264 5.562575478552022e-06
265 5.509012729274061e-06
266 5.715243585735495e-06
267 5.696156877904262e-06
268 5.50810665799695e-06
269 5.714636887573838e-06
270 5.424708768319444e-06
271 5.515489429536424e-06
272 5.62186881373543e-06
273 5.6920177697142295e-06
274 5.6717533047460925e-06
275 5.548401084033741e-06
276 5.248351287403125e-06
277 5.3953546571813466e-06
278 5.492039811737332e-06
279 5.4379071651136495e-06
280 5.5695504993615765e-06
281 5.467033680787719e-06
282 5.514190489522041e-06
283 5.685017962880226e-06
284 5.3630450460204765e-06
285 5.359465286225807e-06
286 5.615502701912561e-06
287 5.530262750424109e-06
288 5.8879628150217456e-06
289 5.628098434584805e-06
290 5.5010502208906534e-06
291 5.385057403053278e-06
292 5.673921187610974e-06
293 5.544470485552612e-06
294 5.591139561144592e-06
295 5.583239663570139e-06
296 5.540944955648706e-06
297 5.657257926193378e-06
298 5.713468039661513e-06
299 5.555851114885033e-06
