0 -3.298429756906363e-05
1 -3.291364518523946e-05
2 -3.350003765139149e-05
3 -3.313971414136059e-05
4 -3.300295138721965e-05
5 -3.224215913049731e-05
6 -3.3372451920051225e-05
7 -3.437135960046122e-05
8 -3.280760817807884e-05
9 -3.347124392714626e-05
10 -3.2476634681994574e-05
11 -3.193498616868191e-05
12 -3.263000325386446e-05
13 -3.331263638140274e-05
14 -3.365673597957685e-05
15 -3.216254264520249e-05
16 -3.283112631209865e-05
17 -3.417068543249189e-05
18 -3.3271633289586984e-05
19 -3.302484483909443e-05
20 -3.3956020694520246e-05
21 -3.293752336475301e-05
22 -3.295025501613617e-05
23 -3.247333780568723e-05
24 -3.385639495529531e-05
25 -3.243935288326582e-05
26 -3.267511071704303e-05
27 -3.1935334227428684e-05
28 -3.3074836123394664e-05
29 -3.344925305406441e-05
30 -3.3165548288987534e-05
31 -3.313858908574977e-05
32 -3.261727561615749e-05
33 -3.2264596877389814e-05
34 -3.233917757774e-05
35 -3.347136432047817e-05
36 -3.232749435249989e-05
37 -3.304801065152104e-05
38 -3.355505893759796e-05
39 -3.3331090493681006e-05
40 -3.2660558156391e-05
41 -3.346061207173558e-05
42 -3.311393184047799e-05
43 -3.261836542564148e-05
44 -3.223604600410286e-05
45 -3.29636023445642e-05
46 -3.305553305249809e-05
47 -3.222650154168176e-05
48 -3.242441822798558e-05
49 -3.3249669494555666e-05
50 -3.186421269119247e-05
51 -3.304969370658691e-05
52 -3.299771707232553e-05
53 -3.314034881845505e-05
54 -3.246437425765395e-05
55 -3.2358478503003616e-05
56 -3.34790351471634e-05
57 -3.24102755143422e-05
58 -3.3236354261082897e-05
59 -3.3660584828686915e-05
60 -3.243207051373032e-05
61 -3.3168088962428514e-05
62 -3.239064981491409e-05
63 -3.298024450276992e-05
64 -3.314853578644584e-05
65 -3.3545235042187724e-05
66 -3.230205753416489e-05
67 -3.346573553984823e-05
68 -3.285588663261028e-05
69 -3.3372017374581833e-05
70 -3.278545211413046e-05
71 -3.256912685160554e-05
72 -3.191612568856114e-05
73 -3.2681026732526926e-05
74 -3.2833626652673914e-05
75 -3.287351617405911e-05
76 -3.226922905630148e-05
77 -3.3129340740651116e-05
78 -3.2737946563378936e-05
79 -3.3435718741090774e-05
80 -3.240388954872675e-05
81 -3.180969777392808e-05
82 -3.288338804397868e-05
83 -3.238664552147737e-05
84 -3.3419410277102574e-05
85 -3.345275954115211e-05
86 -3.2908153887128976e-05
87 -3.295925386590332e-05
88 -3.2455074510561925e-05
89 -3.226243799460965e-05
90 -3.236430943268619e-05
91 -3.315753922733125e-05
92 -3.29637832657133e-05
93 -3.236358418187484e-05
94 -3.350973434543261e-05
95 -3.320924397794903e-05
96 -3.159699425641659e-05
97 -3.2417455339855615e-05
98 -3.3643871082125576e-05
99 -3.215318452954413e-05
100 -3.274718873511957e-05
101 -3.2270271501723773e-05
102 -3.25144573185528e-05
103 -3.274307465358424e-05
104 -3.25832988376995e-05
105 -3.25902677977448e-05
106 -3.258343166103785e-05
107 -3.360592188424053e-05
108 -3.24992109526319e-05
109 -3.265640771622045e-05
110 -3.3325035907286933e-05
111 -3.3140617453759737e-05
112 -3.327856678514811e-05
113 -3.270005082754011e-05
114 -3.2893425399731295e-05
115 -3.2603895258678e-05
116 -3.3194543674314066e-05
117 -3.263921715626866e-05
118 -3.387798395279452e-05
119 -3.306635731109293e-05
120 -3.22320233657107e-05
121 -3.3057769207762446e-05
122 -3.2099155374455955e-05
123 -3.3013626122935776e-05
124 -3.305631368396407e-05
125 -3.23597069537911e-05
126 -3.3082063871964086e-05
127 -3.282458378116729e-05
128 -3.3780539939146174e-05
129 -3.257596551763682e-05
130 -3.288123810411541e-05
131 -3.2803848284263055e-05
132 -3.326720708652219e-05
133 -3.23984367160687e-05
134 -3.333300633147795e-05
135 -3.312510454086092e-05
136 -3.240011611562249e-05
137 -3.254378318336508e-05
138 -3.31857345020539e-05
139 -3.2854364390459824e-05
140 -3.3523931450076267e-05
141 -3.304952710221445e-05
142 -3.347062721090639e-05
143 -3.31352755520986e-05
144 -3.294799473679737e-05
145 -3.331229757823119e-05
146 -3.288599492008265e-05
147 -3.323246765468375e-05
148 -3.2918209025216886e-05
149 -3.291535304127827e-05
150 -3.3064617836852074e-05
151 -3.290187622852231e-05
152 -3.254757825047721e-05
153 -3.228113134139072e-05
154 -3.3206365441925974e-05
155 -3.308995867593001e-05
156 -3.2791749392816205e-05
157 -3.353097566099143e-05
158 -3.330656991834329e-05
159 -3.305560680882696e-05
160 -3.260397377022187e-05
161 -3.272718335233306e-05
162 -3.3607060131958066e-05
163 -3.332990460022936e-05
164 -3.2348765013873914e-05
165 -3.300205597044728e-05
166 -3.318120544729532e-05
167 -3.3693947334112086e-05
168 -3.293179992895608e-05
169 -3.31070941119099e-05
170 -3.3250612928010526e-05
171 -3.3408315529127344e-05
172 -3.168147180594335e-05
173 -3.214158369569973e-05
174 -3.2692443385594974e-05
175 -3.296531412141655e-05
176 -3.3157058171930524e-05
177 -3.342182919583595e-05
178 -3.313328198394322e-05
179 -3.238601745291529e-05
180 -3.230186139787306e-05
181 -3.258655036392225e-05
182 -3.251836726535238e-05
183 -3.2832533831281114e-05
184 -3.313848695131524e-05
185 -3.294624854025029e-05
186 -3.217557883152756e-05
187 -3.332441909883299e-05
188 -3.337786431185935e-05
189 -3.294851467047486e-05
190 -3.241104043947811e-05
191 -3.237233431506805e-05
192 -3.3016321605747543e-05
193 -3.2141006935245736e-05
194 -3.311993590160458e-05
195 -3.325936369428569e-05
196 -3.22854052989403e-05
197 -3.266757820707781e-05
198 -3.344875187822502e-05
199 -3.2558258064553636e-05
200 -3.281904897498371e-05
201 -3.332514639744496e-05
202 -3.258156833771091e-05
203 -3.210345841646161e-05
204 -3.3390439325007834e-05
205 -3.3888835930809895e-05
206 -3.3129818366899726e-05
207 -3.310765446076565e-05
208 -3.367995151511827e-05
209 -3.2450201406958625e-05
210 -3.2667715200741076e-05
211 -3.335838091938267e-05
212 -3.2449608461230125e-05
213 -3.239580911157651e-05
214 -3.2584280732223714e-05
215 -3.1920898586950304e-05
216 -3.325393674395366e-05
217 -3.246303530953956e-05
218 -3.2186129694198774e-05
219 -3.335479162582444e-05
220 -3.307799022309738e-05
221 -3.3462506287808e-05
222 -3.324489977471963e-05
223 -3.325100910947575e-05
224 -3.230662386824979e-05
225 -3.3013927849289856e-05
226 -3.216816356258231e-05
227 -3.308796032644892e-05
228 -3.2666695011361175e-05
229 -3.249476522488201e-05
230 -3.2580025828058343e-05
231 -3.342348567475865e-05
232 -3.345356343177588e-05
233 -3.347463346455788e-05
234 -3.280371156998995e-05
235 -3.284630790551528e-05
236 -3.352926370778232e-05
237 -3.257974507618893e-05
238 -3.331482652599198e-05
239 -3.3149277512192646e-05
240 -3.3017341138291456e-05
241 -3.280230838852241e-05
242 -3.306015878677228e-05
243 -3.260308170159125e-05
244 -3.2859829093757494e-05
245 -3.275437705224006e-05
246 -3.329915632131963e-05
247 -3.2728327024297726e-05
248 -3.301610006373992e-05
249 -3.2931884739694125e-05
250 -3.3280223627284665e-05
251 -3.3854345602628104e-05
252 -3.290069913322382e-05
253 -3.3502668535073565e-05
254 -3.3163854994256466e-05
255 -3.297443041148224e-05
256 -3.202617398080476e-05
257 -3.2175913139392926e-05
258 -3.324668021178588e-05
259 -3.2470894993116665e-05
260 -3.3139020724428794e-05
261 -3.256020108197293e-05
262 -3.247266404950478e-05
263 -3.263457974973673e-05
264 -3.267463129641047e-05
265 -3.358384532153558e-05
266 -3.339217885382311e-05
267 -3.309852742206656e-05
268 -3.204625026976807e-05
269 -3.257047647560167e-05
270 -3.358416691952567e-05
271 -3.3269792790975354e-05
272 -3.328735076153605e-05
273 -3.218478060183692e-05
274 -3.2681835755307504e-05
275 -3.305008767354266e-05
276 -3.30374245074926e-05
277 -3.302791998395505e-05
278 -3.3329382508374156e-05
279 -3.299607081873178e-05
280 -3.303134426989574e-05
281 -3.298196259705465e-05
282 -3.3325565229246095e-05
283 -3.278452165932007e-05
284 -3.303113442068028e-05
285 -3.3461031825206685e-05
286 -3.325083287061227e-05
287 -3.34011202759016e-05
288 -3.228314893539213e-05
289 -3.2456609802447364e-05
290 -3.3037040307070584e-05
291 -3.3121708292273564e-05
292 -3.3030009762572736e-05
293 -3.280254396486257e-05
294 -3.258980594903793e-05
295 -3.318371337400625e-05
296 -3.2895058269304545e-05
297 -3.2035405792556954e-05
298 -3.2755339909260346e-05
299 -3.3389117765418993e-05
