0 6.9998692923571045e-06
1 7.58917904877295e-06
2 7.291235253330938e-06
3 7.290230807061998e-06
4 7.125478308094643e-06
5 7.496520316782639e-06
6 7.015147978658939e-06
7 6.607587274399168e-06
8 7.185513652914389e-06
9 7.674964918481537e-06
10 7.068014768358322e-06
11 7.5878881253643985e-06
12 7.082388553195233e-06
13 7.164678580261989e-06
14 7.011486655139221e-06
15 7.471072361333195e-06
16 7.515089846932932e-06
17 7.316380621799089e-06
18 7.388628755060354e-06
19 7.039078935063194e-06
20 6.893685954053269e-06
21 6.859896223045061e-06
22 7.218999520688318e-06
23 7.49350257663724e-06
24 6.783801886112676e-06
25 7.214216902111298e-06
26 7.674752299531411e-06
27 7.325546063241953e-06
28 7.454475405573551e-06
29 6.937814975228422e-06
30 6.740881135221878e-06
31 7.147955781087777e-06
32 7.424592043205616e-06
33 7.463431947450036e-06
34 7.468533105751047e-06
35 7.080267359489823e-06
36 7.440332106077291e-06
37 7.182453089034042e-06
38 7.410623211367316e-06
39 7.199018888770168e-06
40 7.309797836965683e-06
41 7.188137939001865e-06
42 7.104286755325153e-06
43 7.431771459555531e-06
44 7.262208593384261e-06
45 6.945935984222901e-06
46 6.957036374624019e-06
47 7.4662994458760095e-06
48 7.457046845179723e-06
49 7.139815847535726e-06
50 7.58325021686922e-06
51 7.372044910399229e-06
52 7.155315930717874e-06
53 7.001453389057546e-06
54 7.0095040117892134e-06
55 7.220900883826948e-06
56 7.201436585576322e-06
57 7.651666218504943e-06
58 7.108517374727111e-06
59 6.944403702292193e-06
60 7.146915995641692e-06
61 7.190948487115608e-06
62 7.041965760834647e-06
63 7.400969848236286e-06
64 7.087150962319634e-06
65 6.700941970909833e-06
66 7.169905728765343e-06
67 7.07813830257685e-06
68 7.152825724492135e-06
69 7.487495986413997e-06
70 7.623996029033912e-06
71 6.954125624151125e-06
72 7.030479321863203e-06
73 7.649609744449114e-06
74 7.412848458520542e-06
75 7.5557932507106e-06
76 7.3178516074540446e-06
77 7.0802430913166575e-06
78 7.3937560287893165e-06
79 7.509018677244926e-06
80 7.521902639551732e-06
81 7.455185348010664e-06
82 7.109051172091301e-06
83 7.153854746356117e-06
84 7.302080559946864e-06
85 6.6621314718769345e-06
86 7.194793522399052e-06
87 6.951595293165883e-06
88 7.618431620847713e-06
89 7.557484357074134e-06
90 7.1130770373297586e-06
91 7.401080522764303e-06
92 7.175208496194667e-06
93 7.452615222963698e-06
94 6.884619180870021e-06
95 7.3220461441504695e-06
96 7.742531475102582e-06
97 7.3220838164740415e-06
98 7.2157648991530625e-06
99 7.541547245850908e-06
100 7.20551763756197e-06
101 7.3243317457268235e-06
102 7.305574619478299e-06
103 7.153845411874959e-06
104 7.3314353878045275e-06
105 7.063299849410278e-06
106 7.43840048309597e-06
107 7.23401941645668e-06
108 7.171581417263201e-06
109 7.366847283604252e-06
110 7.430890190696417e-06
111 6.598702211912398e-06
112 7.07305979857064e-06
113 7.4866254467890635e-06
114 7.511575889302103e-06
115 7.513911641240532e-06
116 7.289065488355713e-06
117 7.537596737017463e-06
118 7.352232547816846e-06
119 7.2078903635919565e-06
120 7.3041701034359475e-06
121 7.224057877162231e-06
122 7.405328856442377e-06
123 7.297415589372722e-06
124 7.3696262243146846e-06
125 7.2918186296169304e-06
126 7.153940242797567e-06
127 6.862109057281644e-06
128 7.331388968952462e-06
129 7.566222827174916e-06
130 7.083250945932521e-06
131 7.3374222683788644e-06
132 7.145476971964359e-06
133 7.540284389133129e-06
134 7.1841278666358495e-06
135 7.324315417947695e-06
136 7.038331007094456e-06
137 7.154954885623034e-06
138 7.386227188051701e-06
139 7.448695736533846e-06
140 7.007331832655819e-06
141 7.1848626490723645e-06
142 6.990957638171881e-06
143 7.5530695876330695e-06
144 7.540586997634577e-06
145 7.409214970339375e-06
146 7.260386976402913e-06
147 7.098852494121617e-06
148 7.5323091388309205e-06
149 7.197245590097148e-06
150 7.2423890969730525e-06
151 7.070931882577908e-06
152 7.127836093430946e-06
153 7.741272016719748e-06
154 7.296000092071196e-06
155 7.416927406334797e-06
156 7.243597992237519e-06
157 7.209944330161465e-06
158 6.776090499766712e-06
159 7.4464929599680945e-06
160 7.575506502679471e-06
161 7.692458369841903e-06
162 7.076472369986302e-06
163 7.148334868771004e-06
164 7.3499715925478e-06
165 7.211385164655829e-06
166 7.257129844505953e-06
167 7.0828196687011205e-06
168 7.057996511009403e-06
169 7.3868620013881826e-06
170 7.343638503734374e-06
171 6.790396456683627e-06
172 7.501385705256085e-06
173 7.464917370851998e-06
174 7.369100353380435e-06
175 7.197607196827377e-06
176 7.077918232800869e-06
177 7.01886652376536e-06
178 7.4262995824047055e-06
179 7.419419601839782e-06
180 7.508422389916842e-06
181 7.297958659295588e-06
182 7.439605603975901e-06
183 7.5877618681491055e-06
184 6.993820131109654e-06
185 7.16255593774654e-06
186 7.236323482564473e-06
187 7.521558292262563e-06
188 6.945530857823204e-06
189 7.42336930515281e-06
190 7.4511234173692905e-06
191 7.445581225046965e-06
192 7.2003484493270456e-06
193 7.6172524659322425e-06
194 6.819736205823318e-06
195 7.148180187316704e-06
196 7.757608478184194e-06
197 6.979322080334699e-06
198 7.094156480151013e-06
199 7.348346036955416e-06
200 7.208774162728113e-06
201 6.9420011993932905e-06
202 7.029690628437832e-06
203 7.553994491347085e-06
204 7.222956679451794e-06
205 6.7660493255131785e-06
206 7.467491817139548e-06
207 7.148153054853283e-06
208 6.708312334860552e-06
209 6.945553569125578e-06
210 7.351666492294702e-06
211 7.048554806167366e-06
212 7.405169897494961e-06
213 7.62522876639403e-06
214 7.391209883225758e-06
215 7.344941265677193e-06
216 7.179917806490286e-06
217 7.172288173211433e-06
218 7.529566386508036e-06
219 6.855839965726009e-06
220 7.017067177915337e-06
221 7.142425252469734e-06
222 7.189781408635468e-06
223 7.115257670795438e-06
224 7.3563352233158295e-06
225 6.893576339523479e-06
226 7.0969737331564075e-06
227 7.260362028540095e-06
228 7.317555312028508e-06
229 7.1560770935205905e-06
230 7.736799657682097e-06
231 7.278407218224853e-06
232 7.06191529522255e-06
233 6.867185038290686e-06
234 7.635833610338803e-06
235 7.298025134675654e-06
236 7.171824582989329e-06
237 7.461944593673239e-06
238 7.046950594777586e-06
239 7.1342999729449575e-06
240 7.239885863745421e-06
241 7.510111989392118e-06
242 7.227726450529809e-06
243 7.237082957729887e-06
244 7.372867951943123e-06
245 7.2479576726000615e-06
246 7.075169480020933e-06
247 7.761368515054927e-06
248 7.638824775759046e-06
249 7.636378529299124e-06
250 7.4109610492533835e-06
251 7.016014827227319e-06
252 7.1872429629470415e-06
253 7.433512667068373e-06
254 7.125719138288006e-06
255 7.417641696873417e-06
256 7.888885252282418e-06
257 7.307715017662168e-06
258 7.2851889460530646e-06
259 7.452006913734294e-06
260 7.55653847534017e-06
261 7.025703264463967e-06
262 7.683021418918338e-06
263 7.6412837451562e-06
264 7.4915782940855535e-06
265 7.072943293668162e-06
266 7.383378687064276e-06
267 7.212574068824661e-06
268 7.522169484974815e-06
269 7.951204376547272e-06
270 7.079238771591409e-06
271 7.077561140504603e-06
272 7.081415056607481e-06
273 7.51420730321968e-06
274 7.371856561173707e-06
275 6.883406671495264e-06
276 6.675512340083129e-06
277 7.133558904918645e-06
278 7.2301812085443595e-06
279 7.007258382672443e-06
280 7.1117078330476456e-06
281 6.8676143642029585e-06
282 7.4179633642724825e-06
283 7.3169412587977125e-06
284 7.187528671087212e-06
285 7.186844846402629e-06
286 7.067104665364241e-06
287 7.2105419571251265e-06
288 7.756659581862767e-06
289 7.428492441789696e-06
290 6.956661602078197e-06
291 7.245241100332224e-06
292 7.056816478481153e-06
293 7.14794204878354e-06
294 7.326382640042517e-06
295 7.37065335786978e-06
296 7.316015409346104e-06
297 7.4047907009541745e-06
298 7.661836852249114e-06
299 7.148437451274281e-06
