0 -3.6016257113387032e-06
1 -4.15232378619754e-06
2 -4.99527281098493e-06
3 -4.664127182704631e-06
4 -3.460385076918499e-06
5 -4.095574670124894e-06
6 -4.175951256616668e-06
7 -3.2113858849916714e-06
8 -2.9332077708417e-06
9 -4.636988282515415e-06
10 -2.4534486006642096e-06
11 -4.400311945859019e-06
12 -3.1069829807627283e-06
13 -5.05156850855664e-06
14 -3.7748477558305666e-06
15 -4.328993409444589e-06
16 -3.536036930711592e-06
17 -4.485440933377151e-06
18 -4.531687692279525e-06
19 -3.2887383452640244e-06
20 -3.989327489443321e-06
21 -3.4862091250156868e-06
22 -3.0256617517283017e-06
23 -3.726955224306644e-06
24 -3.7601822080409073e-06
25 -3.4068009756951277e-06
26 -3.2327235534223863e-06
27 -3.6048759750520512e-06
28 -3.876315830648098e-06
29 -3.862142486835356e-06
30 -3.7282003811390377e-06
31 -3.1043318609645474e-06
32 -5.047180780744128e-06
33 -4.11774135106267e-06
34 -3.9037818069664765e-06
35 -3.700975601120971e-06
36 -4.0142891618842675e-06
37 -4.350811369173027e-06
38 -4.815575397920801e-06
39 -4.736520773310161e-06
40 -3.661246038987121e-06
41 -3.790092215666318e-06
42 -4.317390629856632e-06
43 -3.907303083180846e-06
44 -2.86465637053475e-06
45 -3.6196723547428603e-06
46 -3.616504945500069e-06
47 -4.0873925090025494e-06
48 -3.905941774147044e-06
49 -2.337643237790716e-06
50 -3.3634355724411167e-06
51 -4.837630829856713e-06
52 -3.867143775388498e-06
53 -4.251238920390874e-06
54 -2.79125339446597e-06
55 -3.738495476492083e-06
56 -3.806026449116501e-06
57 -4.233880819852433e-06
58 -3.685662255081803e-06
59 -4.551065462982881e-06
60 -2.754662156063431e-06
61 -4.069502773050125e-06
62 -2.9297978702056338e-06
63 -3.22334994561532e-06
64 -4.4330999878208385e-06
65 -3.822687473627384e-06
66 -3.5863080082283606e-06
67 -4.429358314742309e-06
68 -3.6186544124856074e-06
69 -3.612383926701417e-06
70 -4.015575956498396e-06
71 -3.603053001016558e-06
72 -3.8511025129249406e-06
73 -3.849944851861476e-06
74 -3.0791410892608465e-06
75 -4.62813286247209e-06
76 -2.6800530313731946e-06
77 -2.8051033303420794e-06
78 -3.6337452855987353e-06
79 -5.296661871146017e-06
80 -4.908625440335469e-06
81 -4.250772428285877e-06
82 -2.8791974679927723e-06
83 -2.4955796884736654e-06
84 -3.890035272155924e-06
85 -2.7717743112684323e-06
86 -3.483624760777347e-06
87 -3.0849753949591767e-06
88 -3.7583580930038906e-06
89 -3.7264238423149483e-06
90 -3.5937176779622587e-06
91 -4.157235314863589e-06
92 -3.4986981758817235e-06
93 -2.1008513403252058e-06
94 -2.8107687564256675e-06
95 -4.584283574020192e-06
96 -4.670652832580605e-06
97 -4.018360674433757e-06
98 -5.017991031920361e-06
99 -3.6567832277242595e-06
100 -3.320133762134044e-06
101 -2.689654108683111e-06
102 -3.960751865047048e-06
103 -3.622018147141469e-06
104 -3.379359798571335e-06
105 -3.056143097865244e-06
106 -4.781169074719639e-06
107 -3.5583940670147065e-06
108 -4.488495791285427e-06
109 -4.315799760382363e-06
110 -4.775257308929529e-06
111 -3.3974761523887894e-06
112 -4.138189432766353e-06
113 -4.692798047737892e-06
114 -4.613015434427843e-06
115 -3.848919298856841e-06
116 -3.3700550725193763e-06
117 -5.157025269272124e-06
118 -5.0758724817012065e-06
119 -2.7107950076962697e-06
120 -2.7990001413303333e-06
121 -4.082123194234701e-06
122 -3.9764228592606115e-06
123 -3.851249241298619e-06
124 -4.12289061836359e-06
125 -4.271310164805909e-06
126 -3.9631036231988515e-06
127 -2.3257404350779824e-06
128 -4.230647927547262e-06
129 -5.416154726285224e-06
130 -4.372190353326322e-06
131 -3.801875525269986e-06
132 -4.126104473379578e-06
133 -4.189259722661192e-06
134 -3.885048541328396e-06
135 -3.600535806554337e-06
136 -3.0663253374639717e-06
137 -3.6466868484344147e-06
138 -4.313382315600438e-06
139 -4.033189654841336e-06
140 -4.303873504466621e-06
141 -2.155149425104454e-06
142 -3.306499707257482e-06
143 -3.5890575006414556e-06
144 -5.229612342798501e-06
145 -4.747170134749838e-06
146 -4.694899512943665e-06
147 -3.584699459133366e-06
148 -3.959005146265935e-06
149 -3.5093203559783453e-06
150 -4.423585935628038e-06
151 -3.658693802261797e-06
152 -3.5733896898575943e-06
153 -4.621350640666247e-06
154 -5.093179712540184e-06
155 -4.715240580960245e-06
156 -3.6396435541987856e-06
157 -3.2071274569265526e-06
158 -4.949572374920072e-06
159 -3.8032151246338734e-06
160 -3.926054889409465e-06
161 -4.234192349117629e-06
162 -3.828670112583352e-06
163 -3.833990967456881e-06
164 -4.9459269616856836e-06
165 -4.303238580024925e-06
166 -4.562909184120144e-06
167 -4.790561538394823e-06
168 -3.2034778121577496e-06
169 -3.6886567294540147e-06
170 -3.4036429383723417e-06
171 -3.070752447563004e-06
172 -2.794381948438718e-06
173 -4.4061233156874045e-06
174 -4.597307628957611e-06
175 -3.7055235871069405e-06
176 -4.736635313662509e-06
177 -3.6542318969438354e-06
178 -4.404027124206462e-06
179 -4.066751995848667e-06
180 -3.855881100147577e-06
181 -4.370586169587274e-06
182 -4.722310376361898e-06
183 -4.258222790828684e-06
184 -2.906562594051627e-06
185 -3.6182276518153657e-06
186 -4.187508473520784e-06
187 -4.196775037367945e-06
188 -4.187652275774092e-06
189 -4.183274489143175e-06
190 -4.016981069862495e-06
191 -3.061635560993133e-06
192 -3.2192115462428844e-06
193 -4.253608394670434e-06
194 -3.5397109277757514e-06
195 -3.2321978529850675e-06
196 -5.6662083427077604e-06
197 -4.002275199174455e-06
198 -4.390781554650769e-06
199 -4.036207583660825e-06
200 -3.6457314947710183e-06
201 -2.7453322395802006e-06
202 -2.887033130741299e-06
203 -3.8756996994491e-06
204 -4.513487924161069e-06
205 -4.361756224401989e-06
206 -4.962099290505e-06
207 -2.946490022817107e-06
208 -3.7269350069828246e-06
209 -2.702916174349248e-06
210 -3.9234046070732386e-06
211 -3.422441028526977e-06
212 -3.750379959447867e-06
213 -4.017237627465236e-06
214 -3.141968672839311e-06
215 -3.7851466429050386e-06
216 -5.064022863123577e-06
217 -2.5025607044461163e-06
218 -4.42255428506567e-06
219 -3.573008791198806e-06
220 -3.91715026326302e-06
221 -3.848603561106046e-06
222 -4.1244648135132005e-06
223 -3.857356923665714e-06
224 -3.90413825111335e-06
225 -2.772236900041459e-06
226 -3.4645094193147642e-06
227 -4.675564638903102e-06
228 -3.5674290510984307e-06
229 -2.366946892232291e-06
230 -4.212860153344549e-06
231 -3.703579604064834e-06
232 -3.5316803126711247e-06
233 -2.8413577805272193e-06
234 -3.98244602811625e-06
235 -3.95748236119818e-06
236 -5.118524882980985e-06
237 -4.351467113035568e-06
238 -3.5843393976852613e-06
239 -4.06459338451644e-06
240 -3.5903816745461814e-06
241 -4.376161530971232e-06
242 -3.691371504217176e-06
243 -3.679438596279048e-06
244 -4.634557918465581e-06
245 -3.0339721594934924e-06
246 -4.262771395490707e-06
247 -5.1456972877033505e-06
248 -4.119863786603213e-06
249 -3.9043607616899944e-06
250 -4.355849543685459e-06
251 -3.400275969790383e-06
252 -3.3920299940450724e-06
253 -4.163260274223962e-06
254 -3.2547296169432366e-06
255 -4.018396428957844e-06
256 -3.9653846875780655e-06
257 -4.265062495944264e-06
258 -3.546822042689338e-06
259 -3.4787639551756503e-06
260 -4.249100246016759e-06
261 -2.956253352220915e-06
262 -4.453912868403667e-06
263 -4.1257787502034e-06
264 -4.19588360743085e-06
265 -3.5146525595244285e-06
266 -3.1440153644970797e-06
267 -2.6316561082666237e-06
268 -4.640670510390525e-06
269 -5.216988542966421e-06
270 -4.050699502477816e-06
271 -3.7122527385558576e-06
272 -2.854577784413229e-06
273 -3.965649052011807e-06
274 -3.8848892001135325e-06
275 -2.556380704027041e-06
276 -3.615970247990783e-06
277 -4.277810519251018e-06
278 -4.494644607333895e-06
279 -3.67776879169985e-06
280 -3.097225739280773e-06
281 -3.0924899379759855e-06
282 -4.225006585888059e-06
283 -3.3104411507883324e-06
284 -4.538529833775896e-06
285 -4.036795106807921e-06
286 -3.0238672300934297e-06
287 -3.6529036569278847e-06
288 -3.8104773986034324e-06
289 -3.6998452818142608e-06
290 -3.1479240307464885e-06
291 -4.64949749449589e-06
292 -3.1613154354030334e-06
293 -3.154528877002698e-06
294 -3.611047679767961e-06
295 -3.83685324274131e-06
296 -3.932790005773104e-06
297 -3.700151410654338e-06
298 -3.7624234353321243e-06
299 -3.8704618378885655e-06
