0 3.4298211961121823e-06
1 3.453232401202709e-06
2 3.5036387834160164e-06
3 3.5069720078521256e-06
4 3.5093551069540507e-06
5 3.4837674120638116e-06
6 3.445728646329778e-06
7 3.517695042276325e-06
8 3.515766543453661e-06
9 3.412869002391599e-06
10 3.6806402176201595e-06
11 3.4605982449092106e-06
12 3.55991729271416e-06
13 3.299704227622205e-06
14 3.4798805626037006e-06
15 3.4409445765193145e-06
16 3.545256879469761e-06
17 3.440972758095115e-06
18 3.4865697806986864e-06
19 3.5290881034068155e-06
20 3.3901609958193674e-06
21 3.5542140420004257e-06
22 3.6064895628071446e-06
23 3.557969376862895e-06
24 3.4578021084380064e-06
25 3.513722080611892e-06
26 3.674909296272815e-06
27 3.544301525547621e-06
28 3.5824251138093605e-06
29 3.417036089035326e-06
30 3.5243608151630517e-06
31 3.5710854073627814e-06
32 3.455868609423985e-06
33 3.439224469078255e-06
34 3.5170946544325997e-06
35 3.634832673268377e-06
36 3.455066781914359e-06
37 3.4097194958580594e-06
38 3.478576216869586e-06
39 3.38627888933694e-06
40 3.509163291803985e-06
41 3.5378779720203235e-06
42 3.503584407449009e-06
43 3.531605156056026e-06
44 3.6402033197381276e-06
45 3.414168044043837e-06
46 3.5120018158692455e-06
47 3.471143906421099e-06
48 3.4371920824610457e-06
49 3.478243436146486e-06
50 3.5722724101053075e-06
51 3.4524529491994304e-06
52 3.424840580333501e-06
53 3.568401996415581e-06
54 3.5270330781129584e-06
55 3.525147969440707e-06
56 3.573922937772664e-06
57 3.3656380527428373e-06
58 3.553006733545809e-06
59 3.3799373746521216e-06
60 3.6610421419734285e-06
61 3.3703923261157346e-06
62 3.5622947903199702e-06
63 3.585613057866486e-06
64 3.4016903337688365e-06
65 3.390411631906187e-06
66 3.558299273120745e-06
67 3.4372899666997944e-06
68 3.457478397783705e-06
69 3.707667783087092e-06
70 3.615632481516665e-06
71 3.480434284098047e-06
72 3.4880029148035324e-06
73 3.6142250909525794e-06
74 3.622595089083611e-06
75 3.463606666026981e-06
76 3.580081257113718e-06
77 3.6454287894393543e-06
78 3.6269108819508385e-06
79 3.3184343638855815e-06
80 3.5616047781829736e-06
81 3.3769175961593914e-06
82 3.646891569329209e-06
83 3.6769151164458672e-06
84 3.482172684108923e-06
85 3.5855169941879357e-06
86 3.418283179939864e-06
87 3.5802277410379964e-06
88 3.6302335345467618e-06
89 3.547923517179937e-06
90 3.4426472365615957e-06
91 3.4318199208748882e-06
92 3.46081940228836e-06
93 3.67577354003792e-06
94 3.624697240783149e-06
95 3.5240438160440734e-06
96 3.49270069051938e-06
97 3.463241959077021e-06
98 3.3881028408861425e-06
99 3.5155859187287086e-06
100 3.6267468587120437e-06
101 3.602581473705386e-06
102 3.558899537743572e-06
103 3.489659871752845e-06
104 3.5982922033694966e-06
105 3.5616859006098474e-06
106 3.3596231658515875e-06
107 3.523376630950107e-06
108 3.524687368919362e-06
109 3.4050017850609872e-06
110 3.4078240833246834e-06
111 3.4577905403909156e-06
112 3.5758553195634694e-06
113 3.579058197766838e-06
114 3.447401433124743e-06
115 3.4831862757672757e-06
116 3.5522025763881318e-06
117 3.3978564679623208e-06
118 3.5161342961422177e-06
119 3.5779786358885494e-06
120 3.6049690659591667e-06
121 3.5254856987884784e-06
122 3.554825631512963e-06
123 3.6163392324718118e-06
124 3.47669980373283e-06
125 3.458485657979681e-06
126 3.4330399222459108e-06
127 3.5939269817537945e-06
128 3.510445853469655e-06
129 3.4427917142859453e-06
130 3.3514231216118277e-06
131 3.507031572974062e-06
132 3.4123463358317266e-06
133 3.518239716947449e-06
134 3.474991714638264e-06
135 3.4563259738254204e-06
136 3.527048870827804e-06
137 3.5382755725359956e-06
138 3.440175106061304e-06
139 3.4682502193344474e-06
140 3.579369099736003e-06
141 3.7763059554890458e-06
142 3.6753778028334276e-06
143 3.616963828553397e-06
144 3.5010445321639028e-06
145 3.505318081608633e-06
146 3.3110043346201984e-06
147 3.6474902932326635e-06
148 3.622891310884853e-06
149 3.626979614392047e-06
150 3.548956322982221e-06
151 3.60551998349997e-06
152 3.546061806918495e-06
153 3.5550628447087395e-06
154 3.432340811216352e-06
155 3.5274931387938147e-06
156 3.6074197319337497e-06
157 3.603143584683732e-06
158 3.3834911432476267e-06
159 3.58727456969865e-06
160 3.4117184944114567e-06
161 3.528990982518781e-06
162 3.49376032754983e-06
163 3.591623728956058e-06
164 3.467289198300635e-06
165 3.5231148186276005e-06
166 3.3864125854185725e-06
167 3.369981464687338e-06
168 3.6308345989625907e-06
169 3.551120943434803e-06
170 3.6258309940791722e-06
171 3.6207648045884553e-06
172 3.598699883332637e-06
173 3.51849835744268e-06
174 3.462167421145352e-06
175 3.5537495365314815e-06
176 3.4441424196515157e-06
177 3.5469869593394153e-06
178 3.3286150788577674e-06
179 3.6050851974115555e-06
180 3.5411814537055166e-06
181 3.3769673296707755e-06
182 3.478775293095178e-06
183 3.582068851069181e-06
184 3.480654737059007e-06
185 3.5449248408515748e-06
186 3.483375345934285e-06
187 3.5400364956139544e-06
188 3.510983746622957e-06
189 3.4818943050364907e-06
190 3.4720515928859168e-06
191 3.6030536124650505e-06
192 3.5680348766403072e-06
193 3.5591558805049297e-06
194 3.5068144336881793e-06
195 3.549899739665358e-06
196 3.455028983000701e-06
197 3.406191912493612e-06
198 3.3964247146673267e-06
199 3.4999582433876207e-06
200 3.495235851170231e-06
201 3.5746127082746144e-06
202 3.5718143361872313e-06
203 3.5570225519514532e-06
204 3.4126952655502284e-06
205 3.4414516582060376e-06
206 3.5149756691712438e-06
207 3.650402207322374e-06
208 3.4016477568644714e-06
209 3.5623486141689663e-06
210 3.4925916871298026e-06
211 3.524161343856376e-06
212 3.4175458160096346e-06
213 3.5966147082421498e-06
214 3.587814849696583e-06
215 3.461265563642911e-06
216 3.3834812242057256e-06
217 3.665876922913698e-06
218 3.597155480080307e-06
219 3.521762823819551e-06
220 3.5062348197770246e-06
221 3.526384848909029e-06
222 3.459233152831109e-06
223 3.4390353514397363e-06
224 3.6255003058013266e-06
225 3.533696419390454e-06
226 3.61758551324813e-06
227 3.4853359127735225e-06
228 3.611026310494887e-06
229 3.6885439139244203e-06
230 3.6358413658439307e-06
231 3.564457031140447e-06
232 3.4581330648031317e-06
233 3.5167732941845565e-06
234 3.544084248326464e-06
235 3.5864550756445362e-06
236 3.2661761208676217e-06
237 3.4391575847739847e-06
238 3.5491890035790053e-06
239 3.4883546884970066e-06
240 3.635109417393665e-06
241 3.416503605651872e-06
242 3.69000823894124e-06
243 3.4841604261888018e-06
244 3.4270693242338703e-06
245 3.5390893362038114e-06
246 3.5003570718982295e-06
247 3.5404520327856835e-06
248 3.594460123360162e-06
249 3.6045901738666566e-06
250 3.5068658047789166e-06
251 3.617197877617556e-06
252 3.5373538690740074e-06
253 3.5110651014905626e-06
254 3.6281210700152157e-06
255 3.6294625585081034e-06
256 3.5543975026321545e-06
257 3.5290020823542183e-06
258 3.594023214151793e-06
259 3.647602252194364e-06
260 3.493544963741332e-06
261 3.641353414687997e-06
262 3.5257397430455427e-06
263 3.4944796994584184e-06
264 3.4458209276207946e-06
265 3.558958901600686e-06
266 3.5836318774532704e-06
267 3.6067770546215014e-06
268 3.407279240094107e-06
269 3.469305538972343e-06
270 3.513835895206857e-06
271 3.5727024852712243e-06
272 3.618531243368804e-06
273 3.548333392991516e-06
274 3.598236138880104e-06
275 3.6271885605825594e-06
276 3.4860423828760607e-06
277 3.469782842964692e-06
278 3.5076757022030084e-06
279 3.5115300532860945e-06
280 3.5931792086456544e-06
281 3.6027502773292464e-06
282 3.4633832803976346e-06
283 3.5966814734497887e-06
284 3.412485911185585e-06
285 3.3867466404526683e-06
286 3.6357686140911122e-06
287 3.5340433869037867e-06
288 3.6252705664018794e-06
289 3.503033427611837e-06
290 3.5674462707277066e-06
291 3.446101729038286e-06
292 3.6906773146778065e-06
293 3.5181648817790785e-06
294 3.523940940799515e-06
295 3.513948446415363e-06
296 3.498626108149083e-06
297 3.556349934891279e-06
298 3.4822596194234934e-06
299 3.5982103276448754e-06
