0 -1.627534924627188e-05
1 -1.6527782945092788e-05
2 -1.7475998730788566e-05
3 -1.706982185159882e-05
4 -1.6175431709147655e-05
5 -1.621560941224738e-05
6 -1.6848899412157587e-05
7 -1.665429234108926e-05
8 -1.5693913757238992e-05
9 -1.7102386921923642e-05
10 -1.5255537623780629e-05
11 -1.632642593467037e-05
12 -1.5767098878223548e-05
13 -1.739859986773595e-05
14 -1.6684374357003308e-05
15 -1.636743077459458e-05
16 -1.6058970971959646e-05
17 -1.7378966875370713e-05
18 -1.703052554851915e-05
19 -1.605294375321752e-05
20 -1.6961486740608738e-05
21 -1.6191913726036153e-05
22 -1.5840404682827177e-05
23 -1.607395914649024e-05
24 -1.6784114211127383e-05
25 -1.586322254394689e-05
26 -1.5792126869850624e-05
27 -1.577167442782981e-05
28 -1.6438955078506225e-05
29 -1.6664956347711992e-05
30 -1.6476630226013103e-05
31 -1.5965909646074713e-05
32 -1.7096070826561908e-05
33 -1.624732656714571e-05
34 -1.6144759151259203e-05
35 -1.6555630059617404e-05
36 -1.6223946448746344e-05
37 -1.6789652505311306e-05
38 -1.7336951445859007e-05
39 -1.7196617001054865e-05
40 -1.6119019813526195e-05
41 -1.657028444959648e-05
42 -1.68271268237348e-05
43 -1.6288059279405604e-05
44 -1.5392803448491732e-05
45 -1.6247504542727685e-05
46 -1.6322649470509254e-05
47 -1.6225609403950108e-05
48 -1.615885391236553e-05
49 -1.5420549332324673e-05
50 -1.556045091024326e-05
51 -1.712602335163596e-05
52 -1.6433826914595832e-05
53 -1.6820717510803893e-05
54 -1.548176057206701e-05
55 -1.6087466089117903e-05
56 -1.6609647748156683e-05
57 -1.6365827784811136e-05
58 -1.6439002130282173e-05
59 -1.720684593892414e-05
60 -1.5401839557360255e-05
61 -1.663563770448322e-05
62 -1.5571457198858075e-05
63 -1.5931450466114555e-05
64 -1.692080325741781e-05
65 -1.6727636336087834e-05
66 -1.5950179808635417e-05
67 -1.7069672082948185e-05
68 -1.618834588974421e-05
69 -1.636583284421818e-05
70 -1.6390609490441668e-05
71 -1.612536532128877e-05
72 -1.6029897871247453e-05
73 -1.6235204705304993e-05
74 -1.5774390409277506e-05
75 -1.6878781531245285e-05
76 -1.5248536964618445e-05
77 -1.5748641301742557e-05
78 -1.6130744137718756e-05
79 -1.7576866278249437e-05
80 -1.6922546469860897e-05
81 -1.6160046828062388e-05
82 -1.5732812802129517e-05
83 -1.5225083418382017e-05
84 -1.6575675246285285e-05
85 -1.593060112047719e-05
86 -1.6125271159161462e-05
87 -1.5893485924391763e-05
88 -1.6063552775886227e-05
89 -1.5979468699377507e-05
90 -1.5953394037444195e-05
91 -1.666034772785098e-05
92 -1.6153692433572234e-05
93 -1.4838959553607134e-05
94 -1.597131760149855e-05
95 -1.705418047905876e-05
96 -1.6322701506955058e-05
97 -1.6263405131285568e-05
98 -1.7554499825700914e-05
99 -1.5842164331030312e-05
100 -1.593993115074214e-05
101 -1.527177976440578e-05
102 -1.6322193804899857e-05
103 -1.6172796001087415e-05
104 -1.591504178536689e-05
105 -1.5681117962111804e-05
106 -1.689040817545295e-05
107 -1.6471703910503743e-05
108 -1.670909533417916e-05
109 -1.6551737084497615e-05
110 -1.7191422870870118e-05
111 -1.6245109626336632e-05
112 -1.6790335933889874e-05
113 -1.6887993461890684e-05
114 -1.6866876823280128e-05
115 -1.617271090419775e-05
116 -1.6125669901023687e-05
117 -1.7144670609025634e-05
118 -1.7670812168168085e-05
119 -1.563931253533445e-05
120 -1.5307409346629358e-05
121 -1.6615267047035993e-05
122 -1.6110966881651325e-05
123 -1.645813942057141e-05
124 -1.6598868167796075e-05
125 -1.640085534859285e-05
126 -1.6532494368112985e-05
127 -1.5295632739267643e-05
128 -1.704144541313381e-05
129 -1.7300914295925774e-05
130 -1.67434614666561e-05
131 -1.630544449410607e-05
132 -1.6722429151851297e-05
133 -1.636166335785916e-05
134 -1.660601518410402e-05
135 -1.627353266336233e-05
136 -1.564465604897433e-05
137 -1.6122323469815545e-05
138 -1.679238159497776e-05
139 -1.643062596975348e-05
140 -1.7027170787953443e-05
141 -1.5257405584432424e-05
142 -1.6294954222336855e-05
143 -1.6196894585476716e-05
144 -1.7372917038642477e-05
145 -1.7197655348628244e-05
146 -1.692038136917274e-05
147 -1.640233144491156e-05
148 -1.641873305382166e-05
149 -1.617232954032548e-05
150 -1.6881663513059593e-05
151 -1.6311082834262405e-05
152 -1.6072967362535986e-05
153 -1.6570176250828425e-05
154 -1.740045734346638e-05
155 -1.707118275605462e-05
156 -1.6208235189691556e-05
157 -1.6181110447058295e-05
158 -1.7424161547761203e-05
159 -1.640058974431373e-05
160 -1.6234005718548032e-05
161 -1.6493422655166243e-05
162 -1.670646025750934e-05
163 -1.655444738658747e-05
164 -1.6943592132377887e-05
165 -1.674586973996723e-05
166 -1.698600188313574e-05
167 -1.7397491977694494e-05
168 -1.5980326727416386e-05
169 -1.631442653117403e-05
170 -1.620180150485958e-05
171 -1.6138705939423827e-05
172 -1.507312731442109e-05
173 -1.6434709952744877e-05
174 -1.6822543429919444e-05
175 -1.6311021435868675e-05
176 -1.716490092865265e-05
177 -1.651920736963239e-05
178 -1.6818588938638377e-05
179 -1.632908266151561e-05
180 -1.6095997639974095e-05
181 -1.6572199057249254e-05
182 -1.68032658758726e-05
183 -1.6623445632454078e-05
184 -1.5799610030149515e-05
185 -1.6227036809677474e-05
186 -1.6336643142089326e-05
187 -1.674773123785951e-05
188 -1.6884559109730583e-05
189 -1.6600607738940844e-05
190 -1.6273546359127965e-05
191 -1.556025811058831e-05
192 -1.599665706691185e-05
193 -1.63102876290507e-05
194 -1.6342498178432555e-05
195 -1.611184162810113e-05
196 -1.7349431547432788e-05
197 -1.6443588839058373e-05
198 -1.702282862363685e-05
199 -1.6360627049718897e-05
200 -1.6210282174287634e-05
201 -1.582680716659334e-05
202 -1.5590764211000008e-05
203 -1.6026995347719687e-05
204 -1.707116334402171e-05
205 -1.7251708308109886e-05
206 -1.7232923949874035e-05
207 -1.5834832881605058e-05
208 -1.6694301582248205e-05
209 -1.541391419159145e-05
210 -1.6306665631493967e-05
211 -1.6287488648533656e-05
212 -1.6067330851452087e-05
213 -1.6214643555120497e-05
214 -1.5704872564355792e-05
215 -1.5898468879174408e-05
216 -1.741474090427819e-05
217 -1.5262385777240052e-05
218 -1.64524118400613e-05
219 -1.6426872774828854e-05
220 -1.6528569037178666e-05
221 -1.664023347236241e-05
222 -1.672519831569239e-05
223 -1.654747855917639e-05
224 -1.616343998946181e-05
225 -1.570796395855881e-05
226 -1.5826328142571055e-05
227 -1.7025086709345166e-05
228 -1.609269023245081e-05
229 -1.5164400758623118e-05
230 -1.6426485954763576e-05
231 -1.6492840996218213e-05
232 -1.6413409369334275e-05
233 -1.5956838153238062e-05
234 -1.63823403756809e-05
235 -1.642921288440685e-05
236 -1.755864670508119e-05
237 -1.65577512568369e-05
238 -1.6394991127139002e-05
239 -1.667084766698324e-05
240 -1.626164295772384e-05
241 -1.6662370528730156e-05
242 -1.6356485561471548e-05
243 -1.6151431273287907e-05
244 -1.690835954679834e-05
245 -1.5709940291981428e-05
246 -1.6856639929513794e-05
247 -1.7150488224424197e-05
248 -1.657659838472051e-05
249 -1.6358234670893037e-05
250 -1.6857647523864424e-05
251 -1.652801843590643e-05
252 -1.6051848801945806e-05
253 -1.6804814022813406e-05
254 -1.610552551440052e-05
255 -1.6550894936856476e-05
256 -1.5986088122554483e-05
257 -1.636453484767742e-05
258 -1.632594134297604e-05
259 -1.5917381161551662e-05
260 -1.6698020945097675e-05
261 -1.5627640564409127e-05
262 -1.6569303092385947e-05
263 -1.639225418305956e-05
264 -1.6493644802016647e-05
265 -1.644659179964775e-05
266 -1.6061526746318354e-05
267 -1.559337416789492e-05
268 -1.650878480517077e-05
269 -1.71036230188112e-05
270 -1.6808838780035665e-05
271 -1.646202499743543e-05
272 -1.5880135805852922e-05
273 -1.612218894608182e-05
274 -1.63191857241487e-05
275 -1.5562267625215233e-05
276 -1.6387569775766838e-05
277 -1.6754082851266625e-05
278 -1.7042746790733088e-05
279 -1.6344927884889083e-05
280 -1.5906570960935567e-05
281 -1.5956789384921264e-05
282 -1.677884680749665e-05
283 -1.593691838715189e-05
284 -1.696847760811036e-05
285 -1.6707596281934305e-05
286 -1.5982337648851208e-05
287 -1.6478372542746774e-05
288 -1.599516087123873e-05
289 -1.6044874063268907e-05
290 -1.5997123886778955e-05
291 -1.7071483094911913e-05
292 -1.5985678087615894e-05
293 -1.584845416324836e-05
294 -1.606186734070286e-05
295 -1.644925345281723e-05
296 -1.643678327730286e-05
297 -1.5888891717704818e-05
298 -1.616467573979841e-05
299 -1.660745214870146e-05
