0 -7.922520213442804e-05
1 -7.570846252927981e-05
2 -7.575531498900352e-05
3 -7.455736040520401e-05
4 -7.525929714682358e-05
5 -7.626919785608157e-05
6 -7.491400680415981e-05
7 -7.666692060826433e-05
8 -7.622759363122561e-05
9 -7.38200590973327e-05
10 -7.64269527322453e-05
11 -7.478765875765266e-05
12 -7.548442000972537e-05
13 -7.558338685250162e-05
14 -7.683935465259386e-05
15 -7.254618044180158e-05
16 -7.810997688849584e-05
17 -7.733544229708907e-05
18 -7.854899731876132e-05
19 -7.615219491842987e-05
20 -7.771351018389928e-05
21 -7.786815630430697e-05
22 -7.409469993518452e-05
23 -7.725982753735032e-05
24 -7.56287169007064e-05
25 -7.771106207775816e-05
26 -7.590463963370341e-05
27 -7.92315937873229e-05
28 -7.324208747778489e-05
29 -7.316516384182189e-05
30 -7.650996999978882e-05
31 -7.403008409543997e-05
32 -7.821388202789731e-05
33 -7.82676940000693e-05
34 -7.466217397442552e-05
35 -7.568975133889224e-05
36 -7.344793079436281e-05
37 -7.470163241825671e-05
38 -7.826386581114181e-05
39 -7.799194547688266e-05
40 -7.62118424145054e-05
41 -7.584449392231822e-05
42 -7.725631098505599e-05
43 -7.354086012210982e-05
44 -7.299833163977819e-05
45 -7.921634702081945e-05
46 -7.816188631686133e-05
47 -7.65968339313256e-05
48 -7.703655789779004e-05
49 -7.696145658204876e-05
50 -7.539187575756198e-05
51 -7.65046563556975e-05
52 -7.829851457135531e-05
53 -7.534355900342306e-05
54 -7.599577516300747e-05
55 -7.461981102366749e-05
56 -7.726159281444355e-05
57 -7.542956811877602e-05
58 -7.434592035250147e-05
59 -7.316234694437217e-05
60 -7.875182024753929e-05
61 -7.472365918391054e-05
62 -7.510352277136949e-05
63 -7.72299167972483e-05
64 -7.802504029572264e-05
65 -7.829617815440487e-05
66 -7.516741021758623e-05
67 -7.407406505114825e-05
68 -7.457549985020459e-05
69 -7.911601053121481e-05
70 -7.558563448538417e-05
71 -7.642391379430286e-05
72 -7.490944339113597e-05
73 -7.607343354591374e-05
74 -7.684820057105646e-05
75 -7.521658579691809e-05
76 -7.66017864149026e-05
77 -7.589056857726437e-05
78 -7.784272995178966e-05
79 -7.816373495805034e-05
80 -7.650095796834013e-05
81 -7.474337402863239e-05
82 -7.762072630399483e-05
83 -7.325263276919178e-05
84 -7.65751198472869e-05
85 -8.006647603169775e-05
86 -7.389994219458774e-05
87 -7.891071227551942e-05
88 -7.843969923075623e-05
89 -7.85124240802842e-05
90 -7.714903630560023e-05
91 -7.724736900374965e-05
92 -7.561471305482186e-05
93 -7.610101828073468e-05
94 -7.930800314251908e-05
95 -7.92396041763213e-05
96 -7.460103729779906e-05
97 -7.645771033279072e-05
98 -7.999374482883884e-05
99 -7.80120994244989e-05
100 -7.606735042551534e-05
101 -7.836016043744275e-05
102 -7.857732391337747e-05
103 -7.680167052195302e-05
104 -7.812608585931234e-05
105 -7.614806112732903e-05
106 -7.499015443456194e-05
107 -7.642218483618915e-05
108 -7.439358272405887e-05
109 -7.745448345210063e-05
110 -7.570280064826465e-05
111 -7.636380629299324e-05
112 -7.497220860447068e-05
113 -7.757919968094937e-05
114 -7.793324092657445e-05
115 -7.419060095972576e-05
116 -7.498149225496919e-05
117 -7.872756548464356e-05
118 -7.416267232027528e-05
119 -7.698619484505884e-05
120 -7.715407887219995e-05
121 -7.71181733343797e-05
122 -7.629744320508805e-05
123 -7.771768986167182e-05
124 -7.637356411889668e-05
125 -7.806768345352073e-05
126 -7.82406969333159e-05
127 -7.518337794149715e-05
128 -7.92951294883421e-05
129 -7.495828835754292e-05
130 -7.728412865407169e-05
131 -7.351707559121048e-05
132 -7.375634849178505e-05
133 -7.684250550262406e-05
134 -7.53273601603187e-05
135 -7.683929973736397e-05
136 -7.503508148865411e-05
137 -7.350716855367366e-05
138 -7.69234371436084e-05
139 -7.558923791572431e-05
140 -7.720638819026692e-05
141 -7.715725377901268e-05
142 -7.593833864217333e-05
143 -7.660544483009706e-05
144 -7.615771684520134e-05
145 -7.707998062277631e-05
146 -7.859063472462242e-05
147 -7.521028442281667e-05
148 -7.961970161640365e-05
149 -7.834719764171746e-05
150 -7.712343341863657e-05
151 -7.636542260387621e-05
152 -7.370046283400596e-05
153 -7.652046550111611e-05
154 -7.822817697092661e-05
155 -7.499076316775281e-05
156 -7.650064536483375e-05
157 -7.67338958213955e-05
158 -7.648450832068265e-05
159 -7.627647160313893e-05
160 -7.350095991908686e-05
161 -7.728554999312863e-05
162 -7.847738885693099e-05
163 -7.524211680608048e-05
164 -7.49903176204746e-05
165 -7.359237106276043e-05
166 -7.699037310468611e-05
167 -7.574995748831575e-05
168 -7.884686597381064e-05
169 -7.977235532956558e-05
170 -7.667423694033002e-05
171 -7.421280362654476e-05
172 -7.563501297331259e-05
173 -7.675888435387707e-05
174 -7.840330619489683e-05
175 -7.900742329584229e-05
176 -7.851414073815468e-05
177 -7.446513893507689e-05
178 -7.765820746663711e-05
179 -7.561637707211868e-05
180 -7.463660798014874e-05
181 -7.460482089112255e-05
182 -7.358939543446823e-05
183 -7.40487135741237e-05
184 -7.69099148947067e-05
185 -7.767430992197188e-05
186 -7.19758041889704e-05
187 -7.581310389634972e-05
188 -7.455683308624403e-05
189 -7.696094870265411e-05
190 -7.865615289640867e-05
191 -7.52864353925235e-05
192 -7.626978448280391e-05
193 -7.682910534358061e-05
194 -7.645161665937842e-05
195 -7.693711634677243e-05
196 -7.63828537463386e-05
197 -7.554573371181751e-05
198 -7.709114980891958e-05
199 -7.694243501241248e-05
200 -7.559485334779833e-05
201 -7.781113296107773e-05
202 -7.67776267053977e-05
203 -7.493970318481847e-05
204 -7.387459250078527e-05
205 -7.688776632488157e-05
206 -7.717381941585533e-05
207 -7.243685730337449e-05
208 -7.455652468148422e-05
209 -7.674023822528637e-05
210 -7.56242476034582e-05
211 -7.83005374633715e-05
212 -7.555722177032753e-05
213 -7.394654725067528e-05
214 -7.68969336108485e-05
215 -7.69303002263336e-05
216 -7.822610506305497e-05
217 -7.532627743421441e-05
218 -7.619488825039459e-05
219 -7.545429266986497e-05
220 -7.853450262425152e-05
221 -7.682008875165224e-05
222 -7.76696280329219e-05
223 -7.844408303621551e-05
224 -7.744940747816541e-05
225 -7.946229803703496e-05
226 -7.39174989834242e-05
227 -7.874160456610872e-05
228 -7.694112640396719e-05
229 -7.859852091834162e-05
230 -7.708689005344331e-05
231 -7.910938056725262e-05
232 -7.750094354866303e-05
233 -7.909726028347947e-05
234 -7.764038832469267e-05
235 -7.65850195975193e-05
236 -7.657788522302026e-05
237 -7.635892435387337e-05
238 -7.834006533551552e-05
239 -7.634767531462164e-05
240 -7.970430936083626e-05
241 -7.906808964539135e-05
242 -7.963845355463532e-05
243 -7.918378613570295e-05
244 -7.693803632507026e-05
245 -7.542842048093577e-05
246 -8.073821520347713e-05
247 -7.554186459305316e-05
248 -7.769150663127385e-05
249 -7.563062025569062e-05
250 -7.277795127411983e-05
251 -7.624852471931641e-05
252 -7.534094993682167e-05
253 -7.402743893035445e-05
254 -7.367496404592078e-05
255 -7.784156994925479e-05
256 -7.404799279241401e-05
257 -7.563399384368819e-05
258 -7.739370116572765e-05
259 -7.522611627073652e-05
260 -7.732662232092133e-05
261 -7.628576214105404e-05
262 -7.90320425506787e-05
263 -7.606801293047106e-05
264 -7.51192078714105e-05
265 -7.735140746403628e-05
266 -7.508936080457282e-05
267 -7.745897515658678e-05
268 -7.515680277647789e-05
269 -7.664477312760358e-05
270 -7.292724679380149e-05
271 -7.65042443186457e-05
272 -8.111535750406277e-05
273 -7.83256558073433e-05
274 -7.357259420798388e-05
275 -7.551966539491391e-05
276 -7.848712993124553e-05
277 -7.714399138137263e-05
278 -7.533903453611162e-05
279 -7.825787808074373e-05
280 -7.296792331880955e-05
281 -7.332539548169864e-05
282 -7.528001930717299e-05
283 -7.776363467003427e-05
284 -7.764033998989099e-05
285 -7.86961163161312e-05
286 -7.814115861885374e-05
287 -7.708573470873306e-05
288 -7.509172831043781e-05
289 -7.807330294335544e-05
290 -7.581943133766036e-05
291 -7.47456047282521e-05
292 -7.509528316020634e-05
293 -7.865315853283471e-05
294 -7.615642026333903e-05
295 -7.899118308854198e-05
296 -7.722740021279506e-05
297 -7.80322198047166e-05
298 -7.551090525888103e-05
299 -7.709007961126853e-05
