0 -4.645936865309023e-06
1 -6.227258855109712e-06
2 -6.294073398112944e-06
3 -6.430814204774616e-06
4 -5.8953837613803e-06
5 -5.149664749939847e-06
6 -6.836991287771899e-06
7 -4.949772497783008e-06
8 -6.251504661717114e-06
9 -6.799476819786203e-06
10 -5.480032065513503e-06
11 -7.448192114737211e-06
12 -7.4105395806516636e-06
13 -5.211378840956729e-06
14 -5.277763301553217e-06
15 -7.127738651012689e-06
16 -5.812616362541388e-06
17 -5.7445842124386325e-06
18 -5.3773230121962095e-06
19 -6.016620852918772e-06
20 -5.06522484790827e-06
21 -4.901483799092846e-06
22 -6.225544230180006e-06
23 -7.340682591549791e-06
24 -6.773163727930621e-06
25 -5.157093079090531e-06
26 -5.497376764915094e-06
27 -5.270003174877667e-06
28 -7.515154531110931e-06
29 -7.059250533987177e-06
30 -6.2441487727572334e-06
31 -6.209937594770929e-06
32 -4.853592873320714e-06
33 -5.537862767419999e-06
34 -7.243855468357501e-06
35 -6.5399703618286375e-06
36 -7.3352789285497164e-06
37 -5.928013701465203e-06
38 -5.725192395008605e-06
39 -6.203383726402977e-06
40 -5.39004536703933e-06
41 -6.5479376144211176e-06
42 -5.632042463246466e-06
43 -7.197880266965678e-06
44 -7.038042163770993e-06
45 -4.517804610718244e-06
46 -5.609509852262396e-06
47 -5.468667494828924e-06
48 -5.366483919843355e-06
49 -6.325664400442067e-06
50 -6.364168702392533e-06
51 -5.467786963277889e-06
52 -5.845612279620508e-06
53 -6.798191196130052e-06
54 -6.05739749382912e-06
55 -6.027898117701787e-06
56 -5.28746349611615e-06
57 -5.690394882564333e-06
58 -5.777339603682643e-06
59 -7.6173917048082936e-06
60 -4.97871973725364e-06
61 -6.485937745094492e-06
62 -6.0373498193281755e-06
63 -4.952457351269755e-06
64 -5.2041765716516325e-06
65 -4.670297883800579e-06
66 -5.768922119272113e-06
67 -6.282121152083441e-06
68 -6.513452123810772e-06
69 -4.648454408802333e-06
70 -6.807696955415749e-06
71 -6.368561243909247e-06
72 -6.406472651248328e-06
73 -5.9735541533542706e-06
74 -5.564236695535801e-06
75 -6.027877202262852e-06
76 -6.161177210229893e-06
77 -6.455230427574149e-06
78 -5.627909298817758e-06
79 -5.482819657791638e-06
80 -7.195404757626732e-06
81 -7.25505210398193e-06
82 -5.389038523257852e-06
83 -6.787343365212139e-06
84 -6.0387049722444115e-06
85 -4.533895057086475e-06
86 -6.1512831211247035e-06
87 -4.702800896591278e-06
88 -5.0163890776547675e-06
89 -4.673650563990749e-06
90 -6.826092993666415e-06
91 -5.322360052165944e-06
92 -5.201043438834991e-06
93 -5.7398268351392096e-06
94 -5.229066641210024e-06
95 -4.762648809317938e-06
96 -6.475787366062385e-06
97 -5.70699110199337e-06
98 -4.144733357143939e-06
99 -5.721080233061668e-06
100 -5.24934127598786e-06
101 -4.542564212079584e-06
102 -5.85577286979465e-06
103 -5.679179485389641e-06
104 -5.410694857052015e-06
105 -6.33016885751316e-06
106 -7.5629860511205385e-06
107 -5.387194413373956e-06
108 -6.984667163312724e-06
109 -5.996215807770626e-06
110 -5.668071317213708e-06
111 -5.2390647116105066e-06
112 -6.354066945588269e-06
113 -4.259722212480755e-06
114 -4.888895446212749e-06
115 -7.978868844410626e-06
116 -6.461893077066084e-06
117 -5.588664492955046e-06
118 -5.847876407254809e-06
119 -5.662962912170234e-06
120 -6.301254590820893e-06
121 -4.51952754052792e-06
122 -5.42509800508814e-06
123 -6.095479163340497e-06
124 -5.648469445561332e-06
125 -5.624983723955361e-06
126 -5.9370885691279145e-06
127 -7.188687475859166e-06
128 -4.61060082512366e-06
129 -7.022845935084859e-06
130 -5.120890454237943e-06
131 -6.55769503137597e-06
132 -6.792584706525697e-06
133 -6.6654197345203946e-06
134 -6.231009196439957e-06
135 -5.993845523036419e-06
136 -6.556988470711802e-06
137 -7.7419722591115e-06
138 -5.3723852443777825e-06
139 -6.526069272875972e-06
140 -6.047771096032226e-06
141 -5.14159115227953e-06
142 -6.300475253496108e-06
143 -5.567268975180855e-06
144 -6.364155168411279e-06
145 -5.348713474341472e-06
146 -4.866569330437345e-06
147 -5.658295515833562e-06
148 -5.125525563880971e-06
149 -4.996858668991151e-06
150 -6.192103854939729e-06
151 -5.843220770837608e-06
152 -6.733047351984861e-06
153 -4.531465752951907e-06
154 -5.4366339075183546e-06
155 -6.1997351081233585e-06
156 -5.465216305962226e-06
157 -6.404730138998834e-06
158 -6.28072303920281e-06
159 -6.4983023761087635e-06
160 -7.285073301633263e-06
161 -6.278830024707643e-06
162 -5.5022442817916705e-06
163 -6.420949574723172e-06
164 -6.529655056897625e-06
165 -6.385373548235278e-06
166 -5.337616885132011e-06
167 -7.172973939688112e-06
168 -5.334014265269719e-06
169 -4.190771772919577e-06
170 -6.669962020899758e-06
171 -6.2877165289562305e-06
172 -7.208529797092169e-06
173 -6.032830254728295e-06
174 -5.346080780655469e-06
175 -4.744887724910984e-06
176 -4.347280121050154e-06
177 -5.591206840062528e-06
178 -6.166424222072075e-06
179 -5.738197296790973e-06
180 -7.4667733285220925e-06
181 -5.615695080330834e-06
182 -7.20573147472473e-06
183 -7.835090874430038e-06
184 -5.50233565007079e-06
185 -5.523762309833314e-06
186 -7.839646611354535e-06
187 -5.740779819921104e-06
188 -6.532807280359306e-06
189 -6.2386906335065734e-06
190 -4.924058702757069e-06
191 -5.801170346548444e-06
192 -5.477001752397347e-06
193 -5.28990175129098e-06
194 -6.1836810045141396e-06
195 -5.482496201401444e-06
196 -5.9682291653104525e-06
197 -6.59345126104437e-06
198 -6.613240037999672e-06
199 -5.978419530422143e-06
200 -5.798853178399113e-06
201 -4.939689239450207e-06
202 -5.366458122948659e-06
203 -7.644358130337255e-06
204 -6.444275586262149e-06
205 -5.356412447799694e-06
206 -6.821662616917788e-06
207 -7.503102930626425e-06
208 -7.100201091578516e-06
209 -5.978958792789177e-06
210 -6.315511045622599e-06
211 -5.6047487005926045e-06
212 -6.063350618426257e-06
213 -7.060526115472827e-06
214 -6.443401657963824e-06
215 -6.937830329630143e-06
216 -4.701926956635292e-06
217 -6.6662084060872436e-06
218 -6.276447822476082e-06
219 -6.3014198458480174e-06
220 -6.015703338692773e-06
221 -6.666024748602956e-06
222 -5.97689621180036e-06
223 -5.532692307541317e-06
224 -4.094881437748503e-06
225 -3.9687779955644805e-06
226 -6.807217062424082e-06
227 -4.467293328097904e-06
228 -5.8134402822565454e-06
229 -5.449743161678861e-06
230 -5.797135328123908e-06
231 -4.395722725421237e-06
232 -4.50266625901373e-06
233 -4.393314442394042e-06
234 -5.7701336784817555e-06
235 -5.717852680214744e-06
236 -6.683641092324353e-06
237 -6.659564792962104e-06
238 -5.622441460623219e-06
239 -6.00346439180442e-06
240 -3.5488782845869464e-06
241 -4.465456699016289e-06
242 -4.440568077742517e-06
243 -4.496373011806627e-06
244 -6.03582613917076e-06
245 -7.207544946475236e-06
246 -4.3487617691434055e-06
247 -5.799973559952182e-06
248 -6.0652100460956345e-06
249 -6.171146943837866e-06
250 -7.768996133662426e-06
251 -6.734624980226696e-06
252 -6.097062583112129e-06
253 -7.0008041933461885e-06
254 -6.972754694284509e-06
255 -6.415826316286072e-06
256 -6.271593481992908e-06
257 -6.708738883887487e-06
258 -5.161240553879342e-06
259 -6.086902937179368e-06
260 -6.099004106966775e-06
261 -5.633138244598332e-06
262 -5.6344889639786075e-06
263 -5.733520332051027e-06
264 -6.044464070814669e-06
265 -5.828782754065612e-06
266 -7.033753779185218e-06
267 -6.003794044565372e-06
268 -5.827134884812013e-06
269 -5.725515922357582e-06
270 -6.445034566032319e-06
271 -6.059718812006197e-06
272 -4.725605143763582e-06
273 -5.705169350837721e-06
274 -6.0832120581186405e-06
275 -6.899688373528727e-06
276 -5.5470496138868645e-06
277 -5.2925248786926734e-06
278 -6.0012310391746665e-06
279 -5.551886804262081e-06
280 -6.676990771490427e-06
281 -6.445728041763631e-06
282 -7.097845406050497e-06
283 -5.681724122389314e-06
284 -5.5017843508255e-06
285 -4.795361708736432e-06
286 -5.311131323922949e-06
287 -5.799602005051502e-06
288 -6.90458438947061e-06
289 -5.222370196335355e-06
290 -5.6208524258912095e-06
291 -7.723628585031957e-06
292 -5.937551962215873e-06
293 -5.279115026451286e-06
294 -6.450178322275209e-06
295 -5.073280768450466e-06
296 -5.46932775805834e-06
297 -6.091058644046257e-06
298 -6.195872513934998e-06
299 -6.2264810911457605e-06
