0 -4.8229519869766026e-05
1 -4.519084491129593e-05
2 -4.751143890269926e-05
3 -4.6627382519099464e-05
4 -4.863494992201457e-05
5 -4.8120270814820344e-05
6 -4.720525443725429e-05
7 -4.7400498516053186e-05
8 -4.4413305657817046e-05
9 -4.5496895898395596e-05
10 -4.633091274652386e-05
11 -4.59237054193923e-05
12 -4.427540228377377e-05
13 -4.834320194189092e-05
14 -4.6899130127331e-05
15 -5.0049932623486584e-05
16 -4.332172083289548e-05
17 -4.7219520462332916e-05
18 -4.573933262231211e-05
19 -4.937340887377299e-05
20 -4.612648410650902e-05
21 -4.7610966556737066e-05
22 -4.821900488472797e-05
23 -4.4719598182424875e-05
24 -4.7214221601354595e-05
25 -4.894834368862254e-05
26 -4.853382916155802e-05
27 -4.6971558157826024e-05
28 -4.671645130768147e-05
29 -4.773264427820188e-05
30 -4.268661450114553e-05
31 -4.7437826177444274e-05
32 -4.702109525015759e-05
33 -4.8038362999807916e-05
34 -4.636541491841101e-05
35 -4.613634205130648e-05
36 -4.5248441970844916e-05
37 -4.8421860672533774e-05
38 -4.633694547070969e-05
39 -4.7273308805870624e-05
40 -4.791604163187215e-05
41 -4.778213883277671e-05
42 -4.6068324496303004e-05
43 -4.742185605334465e-05
44 -4.8830506479837486e-05
45 -4.8149284884970373e-05
46 -4.635316309844595e-05
47 -4.942691627715284e-05
48 -4.8628860058241906e-05
49 -4.674593731980318e-05
50 -4.55996430767253e-05
51 -4.7678705429228784e-05
52 -4.720411727386675e-05
53 -4.4291343676157696e-05
54 -4.702514246528314e-05
55 -4.843218899196614e-05
56 -4.6787462039627544e-05
57 -4.8516281354303395e-05
58 -5.0195257263984275e-05
59 -4.624618527918178e-05
60 -4.825248960900351e-05
61 -4.651551067173126e-05
62 -4.578232226437359e-05
63 -4.920718759026685e-05
64 -4.813835736187034e-05
65 -4.823925866953807e-05
66 -4.747223419109369e-05
67 -4.936542283959063e-05
68 -4.646807178579299e-05
69 -5.003443083210265e-05
70 -4.583783934178728e-05
71 -4.665221807742047e-05
72 -4.880523973770794e-05
73 -4.5871729791844674e-05
74 -4.666760760222704e-05
75 -4.908577492550998e-05
76 -4.8259128246127354e-05
77 -4.660433750899867e-05
78 -4.680968959265341e-05
79 -4.6210512091077455e-05
80 -4.584212692919317e-05
81 -4.890934843790575e-05
82 -4.7793760712430623e-05
83 -4.850938708353098e-05
84 -4.6320070347783815e-05
85 -4.704015553736103e-05
86 -4.812184014605511e-05
87 -4.8885334599823946e-05
88 -4.75235034111814e-05
89 -4.7401256275450475e-05
90 -4.504166415130413e-05
91 -4.8043584160314814e-05
92 -4.698302953709135e-05
93 -4.829666533010387e-05
94 -4.5016525238055445e-05
95 -4.675551292793709e-05
96 -4.9513811888803486e-05
97 -4.8453196791984474e-05
98 -4.564801624024361e-05
99 -4.7680313734362726e-05
100 -4.8560897043850905e-05
101 -4.8817919621437944e-05
102 -4.462244937996843e-05
103 -4.706445592223444e-05
104 -4.838408312788157e-05
105 -4.665359268695784e-05
106 -4.608794361051591e-05
107 -4.7945579814598246e-05
108 -4.829518052359242e-05
109 -4.453605998715209e-05
110 -4.6146715775377644e-05
111 -4.850673364953539e-05
112 -4.793494962864218e-05
113 -4.873760038164553e-05
114 -4.8525572500560895e-05
115 -4.568540644747688e-05
116 -4.6658338082025286e-05
117 -4.5679249128703135e-05
118 -4.803619756058322e-05
119 -4.5273552892345844e-05
120 -4.785483766328278e-05
121 -4.598596069819054e-05
122 -4.73423631669798e-05
123 -4.694692716473028e-05
124 -4.5274826666745996e-05
125 -4.5542642520021283e-05
126 -4.56110013635421e-05
127 -4.5908118350368536e-05
128 -4.7659701644724796e-05
129 -4.81987015818146e-05
130 -4.801745777897624e-05
131 -4.652501165453279e-05
132 -4.556775881722669e-05
133 -4.5446798684385506e-05
134 -4.442835956672784e-05
135 -4.555773749403743e-05
136 -4.7060101038530475e-05
137 -4.62353366684228e-05
138 -4.849831074640024e-05
139 -4.614566564898742e-05
140 -4.5280926862290396e-05
141 -4.746577217639735e-05
142 -4.7509912404248266e-05
143 -4.687927613001795e-05
144 -4.63404928839447e-05
145 -4.735408555648456e-05
146 -4.534096734104861e-05
147 -5.098011224713478e-05
148 -4.770943758362988e-05
149 -4.6938765520039825e-05
150 -4.699689514448096e-05
151 -4.632915545040823e-05
152 -4.863915498331401e-05
153 -4.7853456494897836e-05
154 -4.692939280728165e-05
155 -4.5232102707665354e-05
156 -4.7626064804190396e-05
157 -4.592669201548282e-05
158 -4.826435930119496e-05
159 -4.635441650055595e-05
160 -4.8523195064166015e-05
161 -4.6701893773199615e-05
162 -4.536771441310779e-05
163 -4.612820357981028e-05
164 -4.6875963678606526e-05
165 -4.862899969706371e-05
166 -4.5450473994061415e-05
167 -4.5471003537389124e-05
168 -4.710707259278871e-05
169 -4.636664292661927e-05
170 -4.71176975970958e-05
171 -4.7204557656432246e-05
172 -4.5809023199151464e-05
173 -4.68502269079866e-05
174 -4.5535291563609814e-05
175 -4.4729768553084595e-05
176 -4.6443524292223123e-05
177 -4.733519855017887e-05
178 -4.586114590739759e-05
179 -4.808422908943615e-05
180 -4.5560396709751655e-05
181 -4.784740660908864e-05
182 -4.762241302555216e-05
183 -4.428339514605528e-05
184 -4.633705714223758e-05
185 -4.499759976425349e-05
186 -4.8459920290341544e-05
187 -4.8074519870800204e-05
188 -4.736585964144753e-05
189 -4.58365913093282e-05
190 -4.5933672921399384e-05
191 -4.975934054206449e-05
192 -4.783015872637532e-05
193 -4.6750096981848806e-05
194 -4.3677420564359795e-05
195 -4.738057375281268e-05
196 -4.5331946003443316e-05
197 -4.756642854756366e-05
198 -4.499866714930348e-05
199 -4.561256668738199e-05
200 -4.7705818366127344e-05
201 -4.7404803256811064e-05
202 -4.625198602876396e-05
203 -4.472330393293474e-05
204 -4.7585059106906794e-05
205 -4.6025100564188894e-05
206 -4.512605487623304e-05
207 -4.705663979742908e-05
208 -4.584323455955525e-05
209 -4.9493503852309025e-05
210 -4.8443717366365404e-05
211 -4.6352417120446615e-05
212 -4.6336357890882963e-05
213 -4.783167373592746e-05
214 -4.620227346316371e-05
215 -4.507700512449642e-05
216 -4.771163727470363e-05
217 -4.6695785579457286e-05
218 -4.66230142567226e-05
219 -4.448827489929775e-05
220 -4.5424205213006565e-05
221 -4.1455661760603084e-05
222 -4.533268027414103e-05
223 -4.5421906615370144e-05
224 -4.844322606563025e-05
225 -4.824576867919264e-05
226 -4.877339728994131e-05
227 -4.997842493782034e-05
228 -4.665030894603734e-05
229 -4.664359145166607e-05
230 -4.61453140282992e-05
231 -4.955774630111282e-05
232 -4.789966948617379e-05
233 -4.8300864805117405e-05
234 -4.6868613891610634e-05
235 -4.9605426130827616e-05
236 -4.4600139519696286e-05
237 -4.699175511592947e-05
238 -4.754718532776426e-05
239 -5.060196671734066e-05
240 -4.93030739594519e-05
241 -4.820934682190249e-05
242 -4.61108045322305e-05
243 -4.653987452461842e-05
244 -4.6882253425011285e-05
245 -4.5181160293819566e-05
246 -4.499619688940554e-05
247 -4.875484043401118e-05
248 -4.472855969887666e-05
249 -4.892554279756737e-05
250 -4.6872930038406776e-05
251 -4.574503733619405e-05
252 -4.585536585491247e-05
253 -4.5820142448826814e-05
254 -4.764829445069531e-05
255 -4.6317961298763624e-05
256 -4.7538356891698355e-05
257 -4.600671215848024e-05
258 -4.5459594518902254e-05
259 -4.82905200925893e-05
260 -4.798048409192692e-05
261 -4.932290662064613e-05
262 -4.7111190265516724e-05
263 -4.6817529254186066e-05
264 -4.64542873864173e-05
265 -4.5115472182201465e-05
266 -4.7164929635371895e-05
267 -4.468816658175491e-05
268 -4.7822780445642896e-05
269 -4.679191022712428e-05
270 -5.006114347538558e-05
271 -4.584182625940571e-05
272 -4.4332046239611236e-05
273 -4.4432741201527716e-05
274 -4.946578920642206e-05
275 -4.7186972672719764e-05
276 -4.683626910344439e-05
277 -4.7159810197003535e-05
278 -4.868766621383858e-05
279 -4.4256574640426285e-05
280 -4.941799585886555e-05
281 -4.726020689986466e-05
282 -4.773350065222593e-05
283 -4.8179907095476736e-05
284 -4.7309526467181174e-05
285 -4.9418881427736836e-05
286 -4.5694438440147794e-05
287 -4.816066106891434e-05
288 -4.601165726908143e-05
289 -4.586821624572246e-05
290 -4.701465500860416e-05
291 -4.465142345930711e-05
292 -4.6829171658360833e-05
293 -4.750222732898694e-05
294 -4.799616112214954e-05
295 -4.585248911399188e-05
296 -4.755959554718698e-05
297 -4.7830086769376035e-05
298 -4.6573810335114645e-05
299 -4.533954699238755e-05
