0 -1.1933249928029597e-05
1 -1.3031076104625588e-05
2 -1.232412608928995e-05
3 -1.2333082932328218e-05
4 -1.1496644721752232e-05
5 -1.161364479305501e-05
6 -1.2359927235554264e-05
7 -1.1318557430757676e-05
8 -1.2885942975868491e-05
9 -1.2792125479009054e-05
10 -1.1983876315801996e-05
11 -1.2958443433804572e-05
12 -1.3634287737363845e-05
13 -1.1245748182296336e-05
14 -1.2067167320109289e-05
15 -1.1580900690477975e-05
16 -1.3125189861202739e-05
17 -1.235821247819539e-05
18 -1.2289925978095423e-05
19 -1.1857491883492266e-05
20 -1.2072545217623416e-05
21 -1.1459572571603933e-05
22 -1.1856944655081168e-05
23 -1.3374904058817907e-05
24 -1.2568344859004575e-05
25 -1.1407642500027768e-05
26 -1.15871558845663e-05
27 -1.2004636715883123e-05
28 -1.2714673315496246e-05
29 -1.1898700673408595e-05
30 -1.3409887833620709e-05
31 -1.1851833268903048e-05
32 -1.1771225393320996e-05
33 -1.1873300320165622e-05
34 -1.2424793645434223e-05
35 -1.242909667868484e-05
36 -1.3015513459503874e-05
37 -1.144436367637702e-05
38 -1.23235719033487e-05
39 -1.229537741890973e-05
40 -1.1672052209703868e-05
41 -1.250978873629412e-05
42 -1.2294836517806235e-05
43 -1.2736851151365846e-05
44 -1.1864680502745639e-05
45 -1.1506738914860081e-05
46 -1.2216782161020054e-05
47 -1.1187490613693134e-05
48 -1.1289016046277266e-05
49 -1.260791970850076e-05
50 -1.2403589180765802e-05
51 -1.1694331164531145e-05
52 -1.198794231339892e-05
53 -1.2944013449951304e-05
54 -1.2212724837229721e-05
55 -1.1958564957126594e-05
56 -1.2027205920218257e-05
57 -1.1737486904372947e-05
58 -1.0928701300814917e-05
59 -1.2905605830644633e-05
60 -1.1773313966479997e-05
61 -1.2480715568928646e-05
62 -1.2215459186272606e-05
63 -1.109120090144053e-05
64 -1.1852664309840917e-05
65 -1.1052763315573862e-05
66 -1.1617203243639672e-05
67 -1.1276015323323385e-05
68 -1.256861000895519e-05
69 -1.1103443741468555e-05
70 -1.2910261007473787e-05
71 -1.249713628078121e-05
72 -1.201874808766668e-05
73 -1.2375663351264497e-05
74 -1.2106096132811327e-05
75 -1.1733796376889262e-05
76 -1.204763781439588e-05
77 -1.2082899416062829e-05
78 -1.2440698355678164e-05
79 -1.228441642389331e-05
80 -1.314859929711704e-05
81 -1.221886541048358e-05
82 -1.1664207552085275e-05
83 -1.1907883519406246e-05
84 -1.2549255969804399e-05
85 -1.2083662247136449e-05
86 -1.1884560143512039e-05
87 -1.1395289452201636e-05
88 -1.165412533093077e-05
89 -1.1731770334701382e-05
90 -1.3406881855671414e-05
91 -1.1629029149187008e-05
92 -1.1682030256527504e-05
93 -1.1541308818709501e-05
94 -1.245165275677773e-05
95 -1.1842788425678109e-05
96 -1.1706042489510672e-05
97 -1.1530305164639155e-05
98 -1.1674296486185399e-05
99 -1.2048261706040525e-05
100 -1.1412588650683268e-05
101 -1.0952114799254756e-05
102 -1.2985246812593467e-05
103 -1.2020622511839416e-05
104 -1.1853320304844004e-05
105 -1.2315525785630115e-05
106 -1.3200457597520378e-05
107 -1.1643229046719649e-05
108 -1.2028545932983464e-05
109 -1.2789645647185291e-05
110 -1.2165048708804473e-05
111 -1.1699832945814873e-05
112 -1.2199288490562986e-05
113 -1.0925338841740796e-05
114 -1.1494440680721004e-05
115 -1.3172490445669415e-05
116 -1.232136018591738e-05
117 -1.2678511373377357e-05
118 -1.1648010729936561e-05
119 -1.2541800357060282e-05
120 -1.2313652246076745e-05
121 -1.1529327761324664e-05
122 -1.181228777699948e-05
123 -1.2233356640473436e-05
124 -1.2425928180174415e-05
125 -1.2588881949509223e-05
126 -1.2713917415273452e-05
127 -1.2689403111291882e-05
128 -1.1475185477009037e-05
129 -1.230550424710992e-05
130 -1.1419259641591085e-05
131 -1.2239856114532135e-05
132 -1.2773340800061919e-05
133 -1.284073614881566e-05
134 -1.2973827596897004e-05
135 -1.2825066450271285e-05
136 -1.2047153178066912e-05
137 -1.2995028259468054e-05
138 -1.1520595604071139e-05
139 -1.2355965518150865e-05
140 -1.250265557066258e-05
141 -1.1603894668329425e-05
142 -1.2058149590409935e-05
143 -1.2022986697154894e-05
144 -1.2525838951166887e-05
145 -1.1911744993823908e-05
146 -1.2142779631939968e-05
147 -1.053748993068674e-05
148 -1.1795911379429112e-05
149 -1.1831914196530066e-05
150 -1.2127020956296151e-05
151 -1.2200870883367932e-05
152 -1.1853631540512292e-05
153 -1.1112590747058372e-05
154 -1.2117627161107653e-05
155 -1.2632679573081075e-05
156 -1.1829674439824447e-05
157 -1.264521955511618e-05
158 -1.1868036626283409e-05
159 -1.2503764229088358e-05
160 -1.2015699829261486e-05
161 -1.248512559287656e-05
162 -1.2550361139710234e-05
163 -1.2446708327752812e-05
164 -1.2218941965177609e-05
165 -1.1599130247990848e-05
166 -1.2326702365986428e-05
167 -1.3149192929447507e-05
168 -1.2083427928740697e-05
169 -1.1922712876161903e-05
170 -1.2489062419389983e-05
171 -1.1959393397425538e-05
172 -1.2801679656394875e-05
173 -1.2127624306630782e-05
174 -1.2495088317795244e-05
175 -1.200420961549251e-05
176 -1.1708429559380293e-05
177 -1.1716745158052772e-05
178 -1.296777808238759e-05
179 -1.1381775290603038e-05
180 -1.336789910898737e-05
181 -1.1298539238956638e-05
182 -1.2469541903719531e-05
183 -1.3520963801675929e-05
184 -1.2202237187467898e-05
185 -1.2218411029171073e-05
186 -1.2259306159803785e-05
187 -1.1580723675868365e-05
188 -1.2164566445478053e-05
189 -1.2548688670945878e-05
190 -1.1945726850277162e-05
191 -1.1128877925969384e-05
192 -1.1773504274135789e-05
193 -1.2092372961338508e-05
194 -1.306924679955e-05
195 -1.2123152666525447e-05
196 -1.2226648538955252e-05
197 -1.2052969800967513e-05
198 -1.3036017035929684e-05
199 -1.2459032561354677e-05
200 -1.1841963798163703e-05
201 -1.178461508698931e-05
202 -1.2169799083876943e-05
203 -1.350803857509185e-05
204 -1.20789960170548e-05
205 -1.202886732498721e-05
206 -1.3500768049160192e-05
207 -1.2598532757626459e-05
208 -1.2554713705692518e-05
209 -1.150435713318043e-05
210 -1.1955862285563639e-05
211 -1.2359903844023907e-05
212 -1.2282851901686745e-05
213 -1.2414367513341316e-05
214 -1.257080587798792e-05
215 -1.30954060463799e-05
216 -1.1492267379574894e-05
217 -1.2472684646902734e-05
218 -1.2543844541591047e-05
219 -1.2902904521530651e-05
220 -1.2682186967852741e-05
221 -1.353584974087028e-05
222 -1.2955222562108997e-05
223 -1.2823151798977714e-05
224 -1.0798067134698136e-05
225 -1.0956899328183036e-05
226 -1.191607905383504e-05
227 -1.0831500588790018e-05
228 -1.233941164438015e-05
229 -1.2422242276340038e-05
230 -1.2223172153328195e-05
231 -1.0917271520186178e-05
232 -1.1242090778659278e-05
233 -1.1332003217622128e-05
234 -1.2495095718178266e-05
235 -1.1072407865760036e-05
236 -1.3087556029462465e-05
237 -1.26234464985648e-05
238 -1.233154682325514e-05
239 -1.1403474084978862e-05
240 -1.043163959187376e-05
241 -1.11581680719458e-05
242 -1.159170480239561e-05
243 -1.1771515099623983e-05
244 -1.2046329854977159e-05
245 -1.3088439240388828e-05
246 -1.2252834527965789e-05
247 -1.164333626492764e-05
248 -1.2999336040618633e-05
249 -1.173466834642055e-05
250 -1.2444390050915704e-05
251 -1.3040820270893097e-05
252 -1.2456003665917088e-05
253 -1.297830416814382e-05
254 -1.2219084069300396e-05
255 -1.2729103872107878e-05
256 -1.2174678761520577e-05
257 -1.2414458648349729e-05
258 -1.2397833716728823e-05
259 -1.1893546905378186e-05
260 -1.2304702118640923e-05
261 -1.1472047092686407e-05
262 -1.2352491784801883e-05
263 -1.209702351564889e-05
264 -1.2327714213357142e-05
265 -1.2794076554276181e-05
266 -1.261479468094568e-05
267 -1.2839829705433143e-05
268 -1.1656733083161785e-05
269 -1.2099821218898977e-05
270 -1.1360026844189148e-05
271 -1.2510993829076701e-05
272 -1.2534800961865787e-05
273 -1.2779487180002075e-05
274 -1.1118444840584816e-05
275 -1.2524475940421918e-05
276 -1.2140059805898683e-05
277 -1.1555101336527738e-05
278 -1.1748755603416506e-05
279 -1.27670279879388e-05
280 -1.144201214865681e-05
281 -1.1894601555108196e-05
282 -1.2630246999854893e-05
283 -1.1652022152230262e-05
284 -1.1899098435579453e-05
285 -1.124189189116217e-05
286 -1.2262328359836484e-05
287 -1.2004807673936963e-05
288 -1.2731471364187215e-05
289 -1.2215156522679775e-05
290 -1.1985843528985195e-05
291 -1.3735093736330968e-05
292 -1.1915157713986553e-05
293 -1.2113308040502347e-05
294 -1.1975049870765135e-05
295 -1.2223828139014918e-05
296 -1.1716820238021726e-05
297 -1.2079308813877982e-05
298 -1.251138697401204e-05
299 -1.2648534505519614e-05
