0 -4.901394465219575e-07
1 -4.794246098366122e-07
2 -4.7079255472198605e-07
3 -4.261698383878262e-07
4 -4.781204915605133e-07
5 -5.218580149705207e-07
6 -4.5202525240125575e-07
7 -4.7072006049186555e-07
8 -4.2191299002430576e-07
9 -4.0625340238814743e-07
10 -4.530612588652391e-07
11 -4.216941832930633e-07
12 -4.156056686870636e-07
13 -4.869473771222679e-07
14 -4.5174403244726665e-07
15 -4.515587183944688e-07
16 -4.055692716340722e-07
17 -5.008289258512593e-07
18 -4.9863003970282e-07
19 -4.842475751755609e-07
20 -4.733131551488337e-07
21 -5.2129953041365e-07
22 -4.874239158329435e-07
23 -4.3949411580775177e-07
24 -4.984598230395036e-07
25 -4.852667624702318e-07
26 -4.6303803399070674e-07
27 -4.4359651140498305e-07
28 -4.11287430023643e-07
29 -4.760955289402031e-07
30 -4.192719703726112e-07
31 -4.475570004766573e-07
32 -4.994520383314936e-07
33 -4.3165483447321835e-07
34 -3.9925845044601375e-07
35 -4.2709022017096635e-07
36 -4.772656589220353e-07
37 -5.154783302761486e-07
38 -4.653577642109621e-07
39 -4.1198566062169275e-07
40 -4.900792807606983e-07
41 -4.846071684154138e-07
42 -4.113202134128717e-07
43 -4.5240538849827884e-07
44 -5.318547901320641e-07
45 -4.5124261293019433e-07
46 -4.416153981914374e-07
47 -4.619416316171736e-07
48 -4.737532609119576e-07
49 -4.685558988089302e-07
50 -4.371670544986394e-07
51 -4.927490111972222e-07
52 -4.450510486009357e-07
53 -4.221390110791831e-07
54 -4.538433450653047e-07
55 -4.907765061028933e-07
56 -4.294319408124146e-07
57 -5.176195749712914e-07
58 -4.754955408381155e-07
59 -5.009168282337997e-07
60 -4.4194624288758024e-07
61 -4.7445703733480277e-07
62 -4.7072681936624803e-07
63 -4.5456950369592775e-07
64 -4.792431914503049e-07
65 -4.772633606208622e-07
66 -4.5582295971945883e-07
67 -4.688983525200771e-07
68 -4.3724127057764186e-07
69 -4.516855392900308e-07
70 -4.568670357052977e-07
71 -4.603932613851576e-07
72 -4.1685724789761363e-07
73 -4.5980557114469685e-07
74 -4.945169611376427e-07
75 -4.2438405294735037e-07
76 -4.679803244915778e-07
77 -4.387848854983522e-07
78 -4.100426338763505e-07
79 -4.4059553120248074e-07
80 -4.402405444933819e-07
81 -4.2319346531680937e-07
82 -4.7192711186419015e-07
83 -5.044864744438684e-07
84 -4.629471081237695e-07
85 -4.409407505352963e-07
86 -5.084606934774607e-07
87 -5.031342592016211e-07
88 -4.352506841912852e-07
89 -5.001887094905381e-07
90 -4.207428972130416e-07
91 -4.5263352092352416e-07
92 -4.90554417719466e-07
93 -4.1922312195576975e-07
94 -4.234917727260277e-07
95 -4.1250953424126377e-07
96 -4.823476393051581e-07
97 -4.7191229796601245e-07
98 -4.728464913072085e-07
99 -4.5547109109310795e-07
100 -4.5676898906114584e-07
101 -4.370678826640627e-07
102 -4.7341718311982315e-07
103 -4.1759385217607673e-07
104 -4.863882804946777e-07
105 -4.5019070547478685e-07
106 -4.494191532492008e-07
107 -4.2252361786937015e-07
108 -4.646827193983695e-07
109 -4.537886381437794e-07
110 -4.638607134829659e-07
111 -4.4755594313559395e-07
112 -4.7041113798628033e-07
113 -4.3486323812806096e-07
114 -4.447148107180424e-07
115 -4.6351382306771403e-07
116 -4.5220808962409843e-07
117 -4.3018226478815215e-07
118 -4.691563463860794e-07
119 -4.088804938153848e-07
120 -4.2923188168474327e-07
121 -4.915447151397549e-07
122 -4.3030083994070384e-07
123 -4.3227463521511606e-07
124 -4.6108304113397215e-07
125 -4.489748409255368e-07
126 -4.4761934428386164e-07
127 -4.0874724266108926e-07
128 -4.2725039726055774e-07
129 -5.024417030595346e-07
130 -4.352997176879939e-07
131 -4.429935327304563e-07
132 -4.5280645685756183e-07
133 -4.1526837268922235e-07
134 -4.303496724350109e-07
135 -4.4651234875074403e-07
136 -4.479775196789128e-07
137 -4.1626412791393255e-07
138 -4.7221722796650756e-07
139 -4.444693346017918e-07
140 -3.8237184917091493e-07
141 -4.5038667361479345e-07
142 -4.4932894088960205e-07
143 -4.7674885829202087e-07
144 -4.3399017669729466e-07
145 -4.5187214992161075e-07
146 -4.251895569616571e-07
147 -4.750473728839129e-07
148 -4.201235995385756e-07
149 -4.5655875447724286e-07
150 -4.172261583956138e-07
151 -4.259487933696314e-07
152 -4.5170494077108885e-07
153 -5.169300844570637e-07
154 -4.513378680379228e-07
155 -4.622865046983771e-07
156 -4.382683621488716e-07
157 -4.557299363904875e-07
158 -4.53907260650067e-07
159 -4.196877437957935e-07
160 -4.921874546061056e-07
161 -4.6031910664662783e-07
162 -4.338469094102643e-07
163 -5.014791779409574e-07
164 -4.720658228075362e-07
165 -4.933160879992933e-07
166 -4.638693376954717e-07
167 -4.868182905053333e-07
168 -4.7595381361176577e-07
169 -4.188603922098353e-07
170 -4.675583763505459e-07
171 -4.791884668423026e-07
172 -4.29640634891795e-07
173 -4.012931500001839e-07
174 -4.381540267123694e-07
175 -4.6144232178273556e-07
176 -4.660594451336807e-07
177 -4.816772943616322e-07
178 -4.4865026378266605e-07
179 -4.4927061810122067e-07
180 -3.981191520049616e-07
181 -4.40667992030446e-07
182 -4.3332130895545486e-07
183 -4.1366422621518066e-07
184 -4.726194342163139e-07
185 -4.832988677391252e-07
186 -4.408649659947031e-07
187 -4.637913061854511e-07
188 -4.634505454589992e-07
189 -4.949813759138066e-07
190 -4.325515916919652e-07
191 -4.861075215728427e-07
192 -4.696655252168942e-07
193 -4.4184772113649734e-07
194 -4.020698901929231e-07
195 -4.726262648514645e-07
196 -4.60844877571091e-07
197 -4.779406845733927e-07
198 -4.2121093963643733e-07
199 -4.662339625615542e-07
200 -5.092913400227555e-07
201 -4.993317285401421e-07
202 -4.501453306300292e-07
203 -4.4982351365301547e-07
204 -5.247023481963428e-07
205 -4.801177849411404e-07
206 -4.223711191118508e-07
207 -4.2576967612913687e-07
208 -4.3300161751342104e-07
209 -5.045017458243288e-07
210 -4.901533700318795e-07
211 -4.384500858388435e-07
212 -4.603096465055246e-07
213 -4.904467654633533e-07
214 -4.813597668818428e-07
215 -4.50268438949126e-07
216 -4.947471360262577e-07
217 -4.754118886025296e-07
218 -4.40648386475187e-07
219 -4.956956833806669e-07
220 -4.0455495536174266e-07
221 -4.1515888651301726e-07
222 -4.543316912220404e-07
223 -4.698098021334262e-07
224 -4.6865835001669906e-07
225 -4.497932531201576e-07
226 -4.398125849751283e-07
227 -4.306984617244718e-07
228 -4.955498878541128e-07
229 -4.3135025919598574e-07
230 -4.643532627556875e-07
231 -4.993554136919384e-07
232 -4.649930842785515e-07
233 -4.882969691901783e-07
234 -4.2062115068613243e-07
235 -4.928534705864594e-07
236 -4.456805462898908e-07
237 -4.1124440259972474e-07
238 -4.3624341354016915e-07
239 -4.865763070886147e-07
240 -4.940909715759303e-07
241 -4.750890415851075e-07
242 -4.697399976848472e-07
243 -4.594685017394313e-07
244 -4.417988820185089e-07
245 -4.5203717607934517e-07
246 -4.4379609008131706e-07
247 -4.389932837258889e-07
248 -4.6267034573016493e-07
249 -4.769249414772072e-07
250 -4.875737304314094e-07
251 -4.3484478422582326e-07
252 -4.3947356891408426e-07
253 -5.200019004276963e-07
254 -4.500652048261222e-07
255 -4.280795386248417e-07
256 -4.6023229862032194e-07
257 -4.4177503727108154e-07
258 -4.424666325267323e-07
259 -4.832969543730683e-07
260 -4.656675207545895e-07
261 -4.5996467996989103e-07
262 -4.317261174979237e-07
263 -4.5118221445498044e-07
264 -4.458903962916927e-07
265 -4.2608318441803254e-07
266 -4.4953293645136547e-07
267 -3.9822151628480273e-07
268 -4.5533432524614476e-07
269 -4.710868330588285e-07
270 -4.6690002031902744e-07
271 -4.96712101330672e-07
272 -4.418776890593615e-07
273 -4.225069623237218e-07
274 -4.833606438630667e-07
275 -4.6216504147330843e-07
276 -4.7330497088823735e-07
277 -4.711969269198303e-07
278 -4.831363619749891e-07
279 -5.201418312022121e-07
280 -5.021801610086479e-07
281 -4.687179545977115e-07
282 -4.460452437755681e-07
283 -4.6897296970055016e-07
284 -4.401026131638995e-07
285 -4.408007969243784e-07
286 -4.83405706150216e-07
287 -4.851465932834365e-07
288 -4.417771058432598e-07
289 -3.918829742839299e-07
290 -4.821244050517113e-07
291 -4.619795826860546e-07
292 -4.439901556712135e-07
293 -4.2793807371179615e-07
294 -4.645495628912919e-07
295 -3.968443928080568e-07
296 -4.828315876643992e-07
297 -4.948385763323522e-07
298 -4.161532021540941e-07
299 -4.128010752290248e-07
