0 -9.532054835272891e-06
1 -9.421266302924763e-06
2 -8.927448056989244e-06
3 -8.749819156257796e-06
4 -8.651062555522083e-06
5 -9.17058966848818e-06
6 -8.55981346699088e-06
7 -8.945050046175171e-06
8 -8.884428853364812e-06
9 -8.84702051096832e-06
10 -8.962954928080856e-06
11 -8.496453650013396e-06
12 -8.839123777932448e-06
13 -8.956771766780825e-06
14 -9.194612054820307e-06
15 -8.373682844293826e-06
16 -9.08164653815191e-06
17 -9.164785440758749e-06
18 -9.088828347012937e-06
19 -8.922647999006504e-06
20 -9.147688158577452e-06
21 -9.044696240789348e-06
22 -8.788630087059898e-06
23 -8.544493977591863e-06
24 -8.772267975634479e-06
25 -8.967143843984017e-06
26 -9.002142129487417e-06
27 -8.93140758490961e-06
28 -8.427945547651662e-06
29 -8.266046531501398e-06
30 -9.101021858022363e-06
31 -8.653040308099504e-06
32 -9.176817763811802e-06
33 -8.881692118728142e-06
34 -8.182718264524042e-06
35 -8.56950722381293e-06
36 -8.664543030213076e-06
37 -8.640236199298602e-06
38 -8.922073976078811e-06
39 -8.704024834235315e-06
40 -9.142264266811059e-06
41 -8.926688422522585e-06
42 -8.962686024329927e-06
43 -8.830702378860682e-06
44 -8.49409206780579e-06
45 -9.280078937585146e-06
46 -8.927565019825572e-06
47 -8.69308294448417e-06
48 -8.629509470988393e-06
49 -8.929211439835298e-06
50 -8.667620927853165e-06
51 -8.99329176695771e-06
52 -8.751924794341242e-06
53 -8.690950852035853e-06
54 -8.861464251172187e-06
55 -8.966833618566771e-06
56 -9.119409537224073e-06
57 -8.987205981061023e-06
58 -8.620119029062113e-06
59 -8.644840683552956e-06
60 -9.188914778820463e-06
61 -8.937187862855125e-06
62 -8.91925917415668e-06
63 -8.86392686957406e-06
64 -9.131841131794515e-06
65 -8.82715638873715e-06
66 -8.672807349567692e-06
67 -8.445846786578599e-06
68 -8.919562611220992e-06
69 -9.060402470089548e-06
70 -8.850411674117711e-06
71 -8.792819258496028e-06
72 -8.692424670121669e-06
73 -8.882102728657013e-06
74 -9.060342126078993e-06
75 -8.881797715744554e-06
76 -8.743370304805273e-06
77 -8.423623171104568e-06
78 -9.19725815908172e-06
79 -9.000659540800861e-06
80 -8.67168534674778e-06
81 -8.371066352459819e-06
82 -8.840693098955946e-06
83 -8.663246290541326e-06
84 -9.011830478806181e-06
85 -9.50687223905746e-06
86 -8.983100204390497e-06
87 -9.192538175800361e-06
88 -8.969752320581969e-06
89 -9.39857392052247e-06
90 -8.965869506043007e-06
91 -9.000984586572966e-06
92 -9.09803347792046e-06
93 -8.63517255143216e-06
94 -9.028073131846469e-06
95 -9.121612597427644e-06
96 -8.72620173755618e-06
97 -8.793008595531105e-06
98 -9.274746834612975e-06
99 -8.829511634609021e-06
100 -9.022489352996077e-06
101 -8.942172482784908e-06
102 -9.138202726630042e-06
103 -8.89777053000654e-06
104 -9.046230123413173e-06
105 -8.705659657085e-06
106 -8.538059021636892e-06
107 -8.889172493326228e-06
108 -8.335268074287458e-06
109 -8.971723641249705e-06
110 -9.053628626094121e-06
111 -9.172670018669405e-06
112 -8.868163266635936e-06
113 -9.088356200026641e-06
114 -9.121507275588663e-06
115 -8.448891189636074e-06
116 -8.781441606671162e-06
117 -9.241637404792898e-06
118 -8.82609361354152e-06
119 -9.028335670542005e-06
120 -8.797860178199774e-06
121 -9.095148412946455e-06
122 -8.938711408914992e-06
123 -8.666219764827872e-06
124 -8.994750584054718e-06
125 -9.168595348567026e-06
126 -9.000749115738163e-06
127 -8.338317013822147e-06
128 -9.020282683927099e-06
129 -8.621636891172468e-06
130 -8.905074451917664e-06
131 -8.737626105045826e-06
132 -8.869191118806474e-06
133 -8.658374955059749e-06
134 -9.069215601289398e-06
135 -9.202370171371758e-06
136 -8.474128445216317e-06
137 -8.504173448399042e-06
138 -8.901867741801962e-06
139 -8.556927225825682e-06
140 -8.784959271214067e-06
141 -8.971001305926686e-06
142 -8.624263810024292e-06
143 -9.026228696473913e-06
144 -8.787223634387903e-06
145 -9.104083209718825e-06
146 -9.175637256698526e-06
147 -8.288695401120057e-06
148 -8.920650114993246e-06
149 -9.04492082749224e-06
150 -8.550297721755916e-06
151 -8.866471598592408e-06
152 -8.499428402871926e-06
153 -9.11821073250869e-06
154 -9.059356067813769e-06
155 -8.98032730342694e-06
156 -9.094262639636696e-06
157 -8.862694503562679e-06
158 -8.54615259817301e-06
159 -8.64135870980888e-06
160 -8.294943906735895e-06
161 -8.85876441555764e-06
162 -9.043438303505648e-06
163 -8.851226808659858e-06
164 -8.602795211941277e-06
165 -8.60205952520235e-06
166 -9.180195544454688e-06
167 -8.769539282029623e-06
168 -9.080611195055297e-06
169 -9.467158363560354e-06
170 -8.774422333059296e-06
171 -8.732087695241086e-06
172 -8.385721379418338e-06
173 -8.707418842788934e-06
174 -9.222406159037911e-06
175 -8.984747258267092e-06
176 -9.395715642193541e-06
177 -8.978674669970869e-06
178 -9.110459022654123e-06
179 -8.581004293801583e-06
180 -8.732640528236081e-06
181 -8.586105263846168e-06
182 -8.57197783817879e-06
183 -8.51596978094564e-06
184 -9.111361015045106e-06
185 -8.818603849522184e-06
186 -8.25958914072918e-06
187 -8.793581255649426e-06
188 -8.698664715984855e-06
189 -8.921835973002172e-06
190 -9.019323986189894e-06
191 -8.609388785820463e-06
192 -9.085683873876543e-06
193 -9.144949607390284e-06
194 -9.031340771636692e-06
195 -9.16322054147599e-06
196 -8.698861339975417e-06
197 -8.491759805809443e-06
198 -8.80183878960358e-06
199 -8.821399946028531e-06
200 -8.91958930228176e-06
201 -9.240543577228174e-06
202 -9.147443774536159e-06
203 -8.643459824605338e-06
204 -8.848224386171747e-06
205 -9.021305479947464e-06
206 -9.102661973641678e-06
207 -8.447069321961676e-06
208 -8.325075005965347e-06
209 -8.660465580843252e-06
210 -8.707566027736034e-06
211 -9.000205183650559e-06
212 -8.878217399888343e-06
213 -8.580263435905767e-06
214 -8.784791028768783e-06
215 -8.658759412955649e-06
216 -9.108948610039517e-06
217 -8.763002809711403e-06
218 -8.903527501317633e-06
219 -9.098578863775939e-06
220 -8.834241088964184e-06
221 -8.652212773129424e-06
222 -9.151328615163485e-06
223 -9.30997726691762e-06
224 -9.12546287372033e-06
225 -9.06161403454099e-06
226 -8.439856288158537e-06
227 -8.90412739081867e-06
228 -9.093866899787433e-06
229 -9.216250629808114e-06
230 -8.896007701310786e-06
231 -9.060487268625285e-06
232 -9.064616875505218e-06
233 -9.197992696396793e-06
234 -9.138475625673445e-06
235 -8.437606307703404e-06
236 -8.864348809051055e-06
237 -8.806658436409974e-06
238 -9.168042409420108e-06
239 -8.758114718922753e-06
240 -9.166541198484683e-06
241 -8.98836174343089e-06
242 -9.034555897186493e-06
243 -9.219041702292721e-06
244 -8.664640201396452e-06
245 -8.51677960328485e-06
246 -9.399775583284339e-06
247 -8.834618710291154e-06
248 -9.050360160933193e-06
249 -8.69067823061788e-06
250 -8.220539373626388e-06
251 -8.957766845098078e-06
252 -9.106342821442968e-06
253 -8.962229115397719e-06
254 -8.495845924995609e-06
255 -8.828901788407116e-06
256 -8.948683786053863e-06
257 -8.483217322070983e-06
258 -9.306509395442123e-06
259 -8.834735674260985e-06
260 -8.970936993751042e-06
261 -8.90462948551216e-06
262 -9.066653937778596e-06
263 -8.989725039773345e-06
264 -9.018628491411459e-06
265 -9.167832800348946e-06
266 -8.61658863723409e-06
267 -8.932772772795812e-06
268 -8.660005829265871e-06
269 -8.921498810572137e-06
270 -8.650437984057476e-06
271 -9.0154683826725e-06
272 -9.256851854613394e-06
273 -9.010692757020296e-06
274 -8.634241417835398e-06
275 -8.667827920475451e-06
276 -9.012479526729264e-06
277 -8.77269395575432e-06
278 -8.748630908527805e-06
279 -9.265505330330442e-06
280 -8.379099160073924e-06
281 -8.653701958891265e-06
282 -8.651870258849918e-06
283 -8.621456276212897e-06
284 -8.895390285782424e-06
285 -8.995507697815705e-06
286 -9.133611477837932e-06
287 -8.937226821495776e-06
288 -8.677341142254541e-06
289 -9.072341186721625e-06
290 -8.987832297376576e-06
291 -8.921723944043947e-06
292 -8.775255186866704e-06
293 -9.17162787132494e-06
294 -8.554994596565439e-06
295 -9.0947682567605e-06
296 -8.82165757427983e-06
297 -8.795624416844646e-06
298 -8.942358466257449e-06
299 -8.729851063141322e-06
