0 -1.924683812686951e-05
1 -1.8320245031496613e-05
2 -2.0428486779250638e-05
3 -2.007706374114897e-05
4 -2.1490218771796888e-05
5 -2.027006897332818e-05
6 -2.0773000899125317e-05
7 -1.9736943641217156e-05
8 -1.7745928514946293e-05
9 -1.9398021858161077e-05
10 -1.8992088888375278e-05
11 -2.002451078305783e-05
12 -1.8289527451683882e-05
13 -2.0829484752873005e-05
14 -1.9104693704274036e-05
15 -2.3885875165388248e-05
16 -1.6147825038592837e-05
17 -1.9498751711739867e-05
18 -1.8010256821412405e-05
19 -2.173827406463825e-05
20 -1.8257213126624172e-05
21 -1.9584284876828213e-05
22 -2.1400755461458542e-05
23 -1.8454709399737385e-05
24 -2.047943402599692e-05
25 -2.0768725824353876e-05
26 -2.0921436238128684e-05
27 -1.8860844993560954e-05
28 -2.1003190586854016e-05
29 -2.191529402494588e-05
30 -1.6149741890350915e-05
31 -2.084964329526196e-05
32 -1.887215193904405e-05
33 -2.0075683957673436e-05
34 -2.0508474117070718e-05
35 -1.9591310063312278e-05
36 -1.95987741664326e-05
37 -2.148056566246251e-05
38 -1.8749934700364213e-05
39 -1.9873886449305647e-05
40 -2.0331310016188504e-05
41 -2.0710359013392254e-05
42 -1.8602604072590908e-05
43 -2.1182668300065445e-05
44 -2.272387671418948e-05
45 -1.9399837511615095e-05
46 -1.874091238610705e-05
47 -2.1698499091278272e-05
48 -2.0898065317576335e-05
49 -1.955285112840179e-05
50 -1.9136322130025878e-05
51 -2.0162819301341625e-05
52 -1.9706648565618902e-05
53 -1.82510938905985e-05
54 -1.989151132716378e-05
55 -2.1212334874733374e-05
56 -1.9013241560504563e-05
57 -2.102912586416081e-05
58 -2.298421297847681e-05
59 -2.0702312521561018e-05
60 -1.9750022206303683e-05
61 -1.9961993269113335e-05
62 -1.9195272517359087e-05
63 -2.1044291489900902e-05
64 -1.9891959361822903e-05
65 -2.0008557261537864e-05
66 -2.0484479182944486e-05
67 -2.26545392278153e-05
68 -1.9867056548678268e-05
69 -2.1090980864327345e-05
70 -1.9333777352843692e-05
71 -1.965834897915925e-05
72 -2.169479986068846e-05
73 -1.8884766628321278e-05
74 -1.9198343281784256e-05
75 -2.1755317195261875e-05
76 -2.0895132139603156e-05
77 -2.005737588466239e-05
78 -1.896918192503312e-05
79 -1.8475234150928103e-05
80 -1.937372477000013e-05
81 -2.2429013353982083e-05
82 -2.0008282180422616e-05
83 -2.2213285802038274e-05
84 -1.90807085438497e-05
85 -1.8085598404349788e-05
86 -2.1302398793859027e-05
87 -2.0194742257850094e-05
88 -1.938728364045321e-05
89 -1.896242753889265e-05
90 -1.8221415924882403e-05
91 -2.02052077507606e-05
92 -1.9552676661353192e-05
93 -2.0933598123373273e-05
94 -1.711745010808732e-05
95 -1.8363278356330966e-05
96 -2.2601174359796853e-05
97 -2.103696228969709e-05
98 -1.7099161934274028e-05
99 -1.9876968957282443e-05
100 -2.08231525201689e-05
101 -2.035858949690493e-05
102 -1.7173310517762107e-05
103 -1.9609925555031913e-05
104 -2.0251665446453366e-05
105 -1.9788594016034387e-05
106 -2.0029406891486525e-05
107 -2.0264670489451098e-05
108 -2.1955999239060797e-05
109 -1.752689293912726e-05
110 -1.9035543118924688e-05
111 -2.0497210573864935e-05
112 -2.095432802028841e-05
113 -2.0159415621856895e-05
114 -2.013048294749542e-05
115 -2.030449825186724e-05
116 -2.0090606064921152e-05
117 -1.7861210468244846e-05
118 -2.107304481925607e-05
119 -1.794799627641675e-05
120 -2.0473783343596588e-05
121 -1.8132575971612356e-05
122 -1.9791660938248695e-05
123 -1.961863375367931e-05
124 -1.8089602947469143e-05
125 -1.796565402901889e-05
126 -1.815767853309664e-05
127 -1.9886335722128875e-05
128 -1.910763257489707e-05
129 -2.168526013353143e-05
130 -2.0123699520973143e-05
131 -2.0340903850392018e-05
132 -1.9482186059195768e-05
133 -1.877128500552191e-05
134 -1.7822298003410322e-05
135 -1.8297057378456923e-05
136 -2.06145713976937e-05
137 -2.065663112849246e-05
138 -2.0666717669732722e-05
139 -1.9652793363228294e-05
140 -1.8318498809186874e-05
141 -1.96741793901216e-05
142 -2.056797956104389e-05
143 -1.9446278183922048e-05
144 -1.944500954567229e-05
145 -1.9580213395288215e-05
146 -1.736055955845572e-05
147 -2.3564809458346143e-05
148 -1.9344294400132307e-05
149 -1.8831995470000793e-05
150 -1.988734889396861e-05
151 -1.9194492579971206e-05
152 -2.217202376652648e-05
153 -1.9860838447910523e-05
154 -1.906767419326194e-05
155 -1.8629087590479118e-05
156 -2.0011643594693627e-05
157 -1.906418775929819e-05
158 -2.1131534855590744e-05
159 -1.9562988363747494e-05
160 -2.2526377393076863e-05
161 -1.9525078788480226e-05
162 -1.7662058729250793e-05
163 -1.958925688699933e-05
164 -2.0350898532350754e-05
165 -2.2075091778815377e-05
166 -1.795909680336403e-05
167 -1.923624992113597e-05
168 -1.9046207007604696e-05
169 -1.7441121805806423e-05
170 -2.027445945909805e-05
171 -2.0686728245216228e-05
172 -1.96988087903039e-05
173 -1.9709122285399872e-05
174 -1.7726417195165688e-05
175 -1.6860054829303903e-05
176 -1.8005514276459334e-05
177 -2.028842629875294e-05
178 -1.8430150069167503e-05
179 -2.0983183998671936e-05
180 -1.9484165918356706e-05
181 -2.0893699017395055e-05
182 -2.1494687971366857e-05
183 -1.8927156988914497e-05
184 -1.8831336055832247e-05
185 -1.7783930627804703e-05
186 -2.3016193055498973e-05
187 -2.084032538513435e-05
188 -2.0810252351617103e-05
189 -1.8926311938782826e-05
190 -1.794182617942959e-05
191 -2.245009465057192e-05
192 -2.0256577256025404e-05
193 -1.8964250726036822e-05
194 -1.7042441982884723e-05
195 -1.9564387407835088e-05
196 -1.8591338438693275e-05
197 -2.0928180936577722e-05
198 -1.8244450276878754e-05
199 -1.854442123071549e-05
200 -2.0474729884220623e-05
201 -1.9241938846160124e-05
202 -1.869245224886059e-05
203 -1.8954312278585828e-05
204 -2.106347872275188e-05
205 -1.8595482202821046e-05
206 -1.8210420643543337e-05
207 -2.1416765730069954e-05
208 -1.9948818952760674e-05
209 -2.196977284130949e-05
210 -2.136341430482299e-05
211 -1.8590699581767346e-05
212 -1.943439748662691e-05
213 -2.1488954887871145e-05
214 -1.9323981315663495e-05
215 -1.8588252504020835e-05
216 -1.9380850032556707e-05
217 -2.015200725415673e-05
218 -1.9559005609045414e-05
219 -1.7990080442512147e-05
220 -1.8056016157806726e-05
221 -1.5513782105823835e-05
222 -1.7886887602834234e-05
223 -1.7559650173865148e-05
224 -1.9957267505437464e-05
225 -1.9286501085412456e-05
226 -2.2244233847693907e-05
227 -2.1105601758290257e-05
228 -1.9239604473497396e-05
229 -1.858647659042478e-05
230 -1.8930873663556248e-05
231 -2.0695368419547864e-05
232 -1.9561833145044682e-05
233 -1.9511967541154346e-05
234 -1.911460579971713e-05
235 -2.2111478866102467e-05
236 -1.8125486671475065e-05
237 -2.0081900960776883e-05
238 -1.9489984021960702e-05
239 -2.2881869672243643e-05
240 -2.002126586429926e-05
241 -1.9640248542938158e-05
242 -1.7747803742615806e-05
243 -1.8054754407868983e-05
244 -1.977022409369774e-05
245 -1.908563942661845e-05
246 -1.630556497722017e-05
247 -2.1337544755679665e-05
248 -1.7534277909464882e-05
249 -2.1707384737937022e-05
250 -2.161986046255678e-05
251 -1.9023178667791175e-05
252 -1.9089160928854477e-05
253 -1.9677509000150688e-05
254 -2.1454133975855348e-05
255 -1.9120379739964022e-05
256 -2.0742672656921742e-05
257 -1.9688879534902153e-05
258 -1.7681532698782155e-05
259 -2.1152796663962697e-05
260 -2.0373681668530683e-05
261 -2.1619454524568124e-05
262 -1.9093246293938608e-05
263 -1.955270387972331e-05
264 -1.95611089154726e-05
265 -1.7777296480550427e-05
266 -2.0691168074581575e-05
267 -1.7570226956261093e-05
268 -2.0726492434573422e-05
269 -1.9455342476509357e-05
270 -2.34071712334909e-05
271 -1.8838034958391133e-05
272 -1.5929306756009916e-05
273 -1.705571459520971e-05
274 -2.2771992313930217e-05
275 -2.0626864594562518e-05
276 -1.9050917524085984e-05
277 -1.960139754645315e-05
278 -2.1423201298061653e-05
279 -1.6894772903376156e-05
280 -2.306365327724805e-05
281 -2.102509776708463e-05
282 -2.111893946430456e-05
283 -2.0499956160958e-05
284 -1.958680051882569e-05
285 -2.075374780723396e-05
286 -1.8021486066404058e-05
287 -2.048384187065499e-05
288 -1.9728627593632453e-05
289 -1.8061129937226023e-05
290 -1.9709137604966783e-05
291 -1.890169806315881e-05
292 -1.999901445295105e-05
293 -1.924224017249073e-05
294 -2.1100875697604485e-05
295 -1.7781142389095023e-05
296 -1.9933265627226626e-05
297 -2.0353060236420252e-05
298 -1.956715708089048e-05
299 -1.840969558888153e-05
