0 -5.0381766110096265e-05
1 -4.8459035132818344e-05
2 -4.778792498924151e-05
3 -4.7060592875945346e-05
4 -4.7051304344844154e-05
5 -4.791393073213607e-05
6 -4.7326406350863704e-05
7 -4.886613015511793e-05
8 -4.950564226041238e-05
9 -4.6690706931052456e-05
10 -4.88654781562762e-05
11 -4.7763834481180584e-05
12 -4.887969815461584e-05
13 -4.7375938760055754e-05
14 -4.884952011959085e-05
15 -4.393161770787774e-05
16 -5.161889998049247e-05
17 -4.9275478288312525e-05
18 -5.121844384564198e-05
19 -4.734876907021217e-05
20 -5.013810932995619e-05
21 -4.9925487131965395e-05
22 -4.590691618312921e-05
23 -5.06739964640264e-05
24 -4.782004447786408e-05
25 -4.907642037814597e-05
26 -4.7458435194148444e-05
27 -5.142290660696651e-05
28 -4.583061985552431e-05
29 -4.5702083661448216e-05
30 -5.0419664711918794e-05
31 -4.628209667423757e-05
32 -5.040783571240031e-05
33 -5.0109192438642174e-05
34 -4.764767319070673e-05
35 -4.852784358454449e-05
36 -4.656590160288764e-05
37 -4.660401899223839e-05
38 -5.080366676554069e-05
39 -5.026202202791495e-05
40 -4.8092420557352784e-05
41 -4.7750283339782696e-05
42 -4.969194044218448e-05
43 -4.5627637402070105e-05
44 -4.490749217017052e-05
45 -5.082267883189893e-05
46 -5.0688099558015816e-05
47 -4.806863429419791e-05
48 -4.8826035642091264e-05
49 -4.927154602134637e-05
50 -4.843025827318626e-05
51 -4.85341549638203e-05
52 -5.069679608053546e-05
53 -4.8930217663963745e-05
54 -4.81782101749989e-05
55 -4.607056996511333e-05
56 -4.943361878266947e-05
57 -4.69172326681816e-05
58 -4.548085058982841e-05
59 -4.6028560175151986e-05
60 -5.02832662166853e-05
61 -4.726199992335259e-05
62 -4.8049096862740377e-05
63 -4.8598537186968706e-05
64 -4.9540190402827026e-05
65 -5.0165287954465595e-05
66 -4.7409604609994875e-05
67 -4.573754927147016e-05
68 -4.6929698582073696e-05
69 -4.996201544313065e-05
70 -4.8360858705243025e-05
71 -4.883921753638257e-05
72 -4.631156174841599e-05
73 -4.872020406749201e-05
74 -4.917638818967326e-05
75 -4.6566603052508965e-05
76 -4.844219601745239e-05
77 -4.867469393221418e-05
78 -4.9899722149829476e-05
79 -5.063782091040896e-05
80 -4.931971872019026e-05
81 -4.645081433430833e-05
82 -4.961026869339438e-05
83 -4.514191359331442e-05
84 -4.897177761630832e-05
85 -5.1748763506197406e-05
86 -4.569209144557729e-05
87 -5.024560084558675e-05
88 -5.049899729859838e-05
89 -5.029450141698928e-05
90 -5.008564513362537e-05
91 -4.902611562295426e-05
92 -4.779259958649843e-05
93 -4.793949398151385e-05
94 -5.218944247971881e-05
95 -5.136363290359448e-05
96 -4.606564682297324e-05
97 -4.83476855878178e-05
98 -5.2693811970637474e-05
99 -4.9923410790613985e-05
100 -4.764440981571927e-05
101 -4.986362717006672e-05
102 -5.1633444931309154e-05
103 -4.899653465584278e-05
104 -4.9703043788160084e-05
105 -4.866036392731515e-05
106 -4.776666639119335e-05
107 -4.818571965804095e-05
108 -4.651667098069703e-05
109 -5.0724733748626295e-05
110 -4.824333535762051e-05
111 -4.764263973859464e-05
112 -4.674841611767451e-05
113 -4.8909837675659884e-05
114 -4.928786661225089e-05
115 -4.747423802995606e-05
116 -4.752011148680401e-05
117 -5.124099883434068e-05
118 -4.604438162247318e-05
119 -4.9739466615892564e-05
120 -4.908017036318905e-05
121 -4.969479350752333e-05
122 -4.832838467292241e-05
123 -5.0084390766457295e-05
124 -4.9132917664017566e-05
125 -5.0767575213293206e-05
126 -5.09614516540795e-05
127 -4.822791347202034e-05
128 -5.113962218269183e-05
129 -4.696571970147815e-05
130 -4.90793713174581e-05
131 -4.61586241030726e-05
132 -4.6659786971786906e-05
133 -4.984376365224355e-05
134 -4.8490732733008584e-05
135 -4.9428437736586516e-05
136 -4.759573342108996e-05
137 -4.633544752758879e-05
138 -4.84911438921442e-05
139 -4.8423156082481806e-05
140 -5.028287908178442e-05
141 -4.923266187121368e-05
142 -4.8157767096819936e-05
143 -4.892101947885643e-05
144 -4.8681454652652315e-05
145 -4.904710063900714e-05
146 -5.133204049792656e-05
147 -4.629106220451969e-05
148 -5.154343884556195e-05
149 -5.046172136430488e-05
150 -4.9573275850400506e-05
151 -4.8968195123389596e-05
152 -4.546698247904576e-05
153 -4.8459643226421106e-05
154 -5.0458340242939905e-05
155 -4.7874183111520165e-05
156 -4.837366259469961e-05
157 -4.949463388616852e-05
158 -4.84677927742464e-05
159 -4.886504118424073e-05
160 -4.559160948958146e-05
161 -4.9694659906492104e-05
162 -5.1199862133481144e-05
163 -4.8043198900192365e-05
164 -4.7505138421379997e-05
165 -4.540520340412022e-05
166 -4.969565305034122e-05
167 -4.879512797125693e-05
168 -5.100700151102774e-05
169 -5.16916143676075e-05
170 -4.910489729281508e-05
171 -4.663796255362192e-05
172 -4.8691278546867767e-05
173 -4.922789293178323e-05
174 -5.106428867339673e-05
175 -5.2187187225940027e-05
176 -5.0693901669517124e-05
177 -4.6616369147266746e-05
178 -5.0111565447878795e-05
179 -4.772038185006e-05
180 -4.735381734435361e-05
181 -4.674291709403613e-05
182 -4.578842762804504e-05
183 -4.763886156401181e-05
184 -4.932137501445758e-05
185 -5.089466936103357e-05
186 -4.409208873334379e-05
187 -4.780909347595358e-05
188 -4.6832233955746474e-05
189 -4.985040762141862e-05
190 -5.1224331581112844e-05
191 -4.6706761461181655e-05
192 -4.814476055285536e-05
193 -4.880694460985055e-05
194 -5.000660236902681e-05
195 -4.872857425203311e-05
196 -4.955201101390681e-05
197 -4.785198876157081e-05
198 -5.0151974574104985e-05
199 -4.979943769410492e-05
200 -4.756830746861455e-05
201 -4.968055935051875e-05
202 -4.918789388484273e-05
203 -4.82323507380453e-05
204 -4.601714839942401e-05
205 -4.9489288902999614e-05
206 -4.992491714569081e-05
207 -4.492506890105883e-05
208 -4.766926194016456e-05
209 -4.823353028807968e-05
210 -4.741751144459924e-05
211 -5.062711048505193e-05
212 -4.8069730990184714e-05
213 -4.600921726329035e-05
214 -4.963719618633413e-05
215 -5.015484845073236e-05
216 -5.005498724373996e-05
217 -4.784982644842796e-05
218 -4.8535039598991765e-05
219 -4.8734426917251724e-05
220 -5.1401869205953806e-05
221 -5.1551481846205874e-05
222 -5.023953093314255e-05
223 -5.093681333880414e-05
224 -4.906435476663249e-05
225 -5.110629494933612e-05
226 -4.5604578254890313e-05
227 -4.967544605842625e-05
228 -4.924304085340091e-05
229 -5.066630443789046e-05
230 -4.980383297503164e-05
231 -5.0305025763569555e-05
232 -4.9130295150371305e-05
233 -5.0620755820468387e-05
234 -4.965048106612042e-05
235 -4.815842934834847e-05
236 -4.999283695080798e-05
237 -4.86340051984162e-05
238 -5.011098748060815e-05
239 -4.722477398530917e-05
240 -5.099319771895195e-05
241 -5.084873114905981e-05
242 -5.2183381162821254e-05
243 -5.14164515511034e-05
244 -4.942972378001255e-05
245 -4.8597476116276344e-05
246 -5.3499258804692904e-05
247 -4.707055445222657e-05
248 -5.0711306527506465e-05
249 -4.718779825667779e-05
250 -4.568786341256109e-05
251 -4.89705814218582e-05
252 -4.805241139872316e-05
253 -4.674410571600225e-05
254 -4.585641488546315e-05
255 -5.037181011077317e-05
256 -4.595203819254738e-05
257 -4.8675743484074806e-05
258 -4.9849724696899844e-05
259 -4.697966633651217e-05
260 -4.906368491701928e-05
261 -4.760859156541489e-05
262 -5.1100303744334035e-05
263 -4.836534861043938e-05
264 -4.7562617980236106e-05
265 -5.011174271389397e-05
266 -4.732254648837069e-05
267 -5.056276728790881e-05
268 -4.713141677246563e-05
269 -4.902013761061669e-05
270 -4.4153621424625424e-05
271 -4.924609198661111e-05
272 -5.4260333079558006e-05
273 -5.150475313768323e-05
274 -4.52220366083481e-05
275 -4.7849420335968826e-05
276 -5.078829064234913e-05
277 -4.941069584983532e-05
278 -4.69533971663233e-05
279 -5.1610268689921646e-05
280 -4.4576363121795885e-05
281 -4.573777561777125e-05
282 -4.727366308531447e-05
283 -4.967114155776852e-05
284 -4.970867132270453e-05
285 -4.9836059400845674e-05
286 -5.091371246253685e-05
287 -4.886016756687975e-05
288 -4.793746298031138e-05
289 -5.06269153419008e-05
290 -4.8032616091756154e-05
291 -4.806197317670695e-05
292 -4.753772970411499e-05
293 -5.0396940837564476e-05
294 -4.835295070725239e-05
295 -5.153097599311717e-05
296 -4.932739913872299e-05
297 -5.0183790759675713e-05
298 -4.780955907441399e-05
299 -5.0091709746376104e-05
