0 -7.625643577879525e-05
1 -7.186191414041522e-05
2 -7.369917565917885e-05
3 -7.239926375014268e-05
4 -7.43627433823658e-05
5 -7.46687570356473e-05
6 -7.285935513321257e-05
7 -7.405770386133075e-05
8 -7.127288285582834e-05
9 -7.114395602511649e-05
10 -7.309877420367416e-05
11 -7.159812895911734e-05
12 -7.065364184123438e-05
13 -7.441176937863436e-05
14 -7.392233258001377e-05
15 -7.419046452239346e-05
16 -7.126641815448576e-05
17 -7.427075219443126e-05
18 -7.343723575508635e-05
19 -7.551304705545149e-05
20 -7.358355520635659e-05
21 -7.475396913851641e-05
22 -7.361161286621814e-05
23 -7.157334249760623e-05
24 -7.327230967255225e-05
25 -7.585795455516411e-05
26 -7.475655157481843e-05
27 -7.475108747818744e-05
28 -7.168932072392878e-05
29 -7.237019841481474e-05
30 -6.999680920105231e-05
31 -7.284964301328665e-05
32 -7.449608563608792e-05
33 -7.521173620192116e-05
34 -7.18180726707234e-05
35 -7.231418606780908e-05
36 -7.060878265229567e-05
37 -7.393280491737473e-05
38 -7.373264938656623e-05
39 -7.426960782078009e-05
40 -7.433194324444943e-05
41 -7.394153013055746e-05
42 -7.323279262919655e-05
43 -7.262227183707678e-05
44 -7.334958934455937e-05
45 -7.595804796823509e-05
46 -7.372554852220108e-05
47 -7.561541945386314e-05
48 -7.513397469341379e-05
49 -7.352253491660903e-05
50 -7.177214014884903e-05
51 -7.418927930949315e-05
52 -7.429711404569037e-05
53 -7.056524891890464e-05
54 -7.342419070594029e-05
55 -7.418913741497452e-05
56 -7.39153168883885e-05
57 -7.45751243853265e-05
58 -7.531725352465996e-05
59 -7.119895467329578e-05
60 -7.58119710514195e-05
61 -7.2360889196969e-05
62 -7.186970564556612e-05
63 -7.587665309707912e-05
64 -7.541680167497349e-05
65 -7.542807137235369e-05
66 -7.337446578826277e-05
67 -7.433675111410551e-05
68 -7.236508020044549e-05
69 -7.74650056120776e-05
70 -7.209406763579934e-05
71 -7.318644022783941e-05
72 -7.449725226242606e-05
73 -7.249116588182432e-05
74 -7.35317267607234e-05
75 -7.486608322910155e-05
76 -7.461569847094146e-05
77 -7.267964203303055e-05
78 -7.417488350258343e-05
79 -7.37038637462748e-05
80 -7.234504799184157e-05
81 -7.415435123808528e-05
82 -7.472648674507516e-05
83 -7.329610935450277e-05
84 -7.31283573208115e-05
85 -7.556116447817386e-05
86 -7.348696374403969e-05
87 -7.639864173776487e-05
88 -7.492889371995962e-05
89 -7.506428235937371e-05
90 -7.214191904697702e-05
91 -7.48618472283628e-05
92 -7.339167002071304e-05
93 -7.447568493654252e-05
94 -7.321357849945623e-05
95 -7.475005636287514e-05
96 -7.47444106206362e-05
97 -7.467936126375397e-05
98 -7.412979054003829e-05
99 -7.481595456870924e-05
100 -7.486665111256161e-05
101 -7.602733935660802e-05
102 -7.250260752648796e-05
103 -7.381928413941507e-05
104 -7.554165316980608e-05
105 -7.30131649450267e-05
106 -7.190936853652208e-05
107 -7.449961238006782e-05
108 -7.346061192940929e-05
109 -7.185691148015231e-05
110 -7.264045623935948e-05
111 -7.513832205910531e-05
112 -7.376854697081031e-05
113 -7.585241110284288e-05
114 -7.574575193523843e-05
115 -7.095296284142606e-05
116 -7.253502635563214e-05
117 -7.355081797441113e-05
118 -7.354746182939785e-05
119 -7.249109944542201e-05
120 -7.449858837065756e-05
121 -7.324259785190123e-05
122 -7.393675767292798e-05
123 -7.390677921038622e-05
124 -7.224461367270802e-05
125 -7.310404698154914e-05
126 -7.315021942195389e-05
127 -7.173397070214888e-05
128 -7.550058540177772e-05
129 -7.36702652839637e-05
130 -7.487095118531255e-05
131 -7.181846933824413e-05
132 -7.115621067761978e-05
133 -7.221965207915099e-05
134 -7.102651613845749e-05
135 -7.26597792188904e-05
136 -7.27483210663451e-05
137 -7.13306843719666e-05
138 -7.512352053663291e-05
139 -7.226124254754918e-05
140 -7.23013916085421e-05
141 -7.435191763632987e-05
142 -7.362776550105818e-05
143 -7.3590359025123e-05
144 -7.283075125960211e-05
145 -7.428584929270292e-05
146 -7.327965178714966e-05
147 -7.619045223056054e-05
148 -7.553625913242456e-05
149 -7.448637974055742e-05
150 -7.364732427898478e-05
151 -7.29554571856315e-05
152 -7.363595390991588e-05
153 -7.45275804487726e-05
154 -7.431493586980032e-05
155 -7.152270712356632e-05
156 -7.424719808830961e-05
157 -7.263716393463781e-05
158 -7.443332231781069e-05
159 -7.280710292910031e-05
160 -7.320221881797461e-05
161 -7.35434524721621e-05
162 -7.316386056054808e-05
163 -7.217202925461423e-05
164 -7.266919904423516e-05
165 -7.360587622142808e-05
166 -7.268614484838528e-05
167 -7.170645596096692e-05
168 -7.471742615893927e-05
169 -7.494358896741102e-05
170 -7.348446890465241e-05
171 -7.267004783925553e-05
172 -7.183845788306496e-05
173 -7.345417873162411e-05
174 -7.331249970523958e-05
175 -7.281792530474331e-05
176 -7.432498796193552e-05
177 -7.313254273617469e-05
178 -7.322492450532092e-05
179 -7.399372518288781e-05
180 -7.148498075786944e-05
181 -7.346517617030819e-05
182 -7.268286551178734e-05
183 -6.990269771143737e-05
184 -7.33318932941204e-05
185 -7.231212960676993e-05
186 -7.247205750646264e-05
187 -7.413506379922478e-05
188 -7.294314620483991e-05
189 -7.261692751042384e-05
190 -7.373690367352338e-05
191 -7.527981392750724e-05
192 -7.429429379522498e-05
193 -7.38278109558954e-05
194 -7.075700463904261e-05
195 -7.43434829198855e-05
196 -7.195717485669835e-05
197 -7.338722272455918e-05
198 -7.201822216797381e-05
199 -7.255304856191897e-05
200 -7.384131841395158e-05
201 -7.472692424734855e-05
202 -7.326066982812697e-05
203 -7.071878619479236e-05
204 -7.290139256507361e-05
205 -7.302256355071131e-05
206 -7.229500597404932e-05
207 -7.168336059422974e-05
208 -7.142614196041135e-05
209 -7.561398965046658e-05
210 -7.432979389150179e-05
211 -7.389462019236611e-05
212 -7.264741128103679e-05
213 -7.305885976359992e-05
214 -7.287929674709217e-05
215 -7.186148087151854e-05
216 -7.512958470114752e-05
217 -7.265370426075476e-05
218 -7.315575261720607e-05
219 -7.101190192106309e-05
220 -7.30336811669432e-05
221 -6.877953683124047e-05
222 -7.284547581955343e-05
223 -7.333181892706277e-05
224 -7.548759097809535e-05
225 -7.616077344049535e-05
226 -7.384307364712342e-05
227 -7.725872987448115e-05
228 -7.3536040388094e-05
229 -7.438060029374851e-05
230 -7.303841631188523e-05
231 -7.700002427932196e-05
232 -7.509751141312904e-05
233 -7.605648378219354e-05
234 -7.413231067822092e-05
235 -7.55930672423725e-05
236 -7.137483627855075e-05
237 -7.339852094443057e-05
238 -7.498009195316923e-05
239 -7.648971234700017e-05
240 -7.714522856285882e-05
241 -7.581143345681274e-05
242 -7.429630465910271e-05
243 -7.459903939723002e-05
244 -7.349745179301566e-05
245 -7.13374507838072e-05
246 -7.398955767432519e-05
247 -7.472743785851426e-05
248 -7.221333093169884e-05
249 -7.477289258853056e-05
250 -7.134815423337474e-05
251 -7.234322421298528e-05
252 -7.214477384341822e-05
253 -7.148078393971935e-05
254 -7.274366603762728e-05
255 -7.344009885860823e-05
256 -7.312269481883243e-05
257 -7.204706325486015e-05
258 -7.300498136573463e-05
259 -7.41456837320245e-05
260 -7.477929650838448e-05
261 -7.549498418292762e-05
262 -7.478901155129035e-05
263 -7.333022251151983e-05
264 -7.261191710636551e-05
265 -7.249993434941666e-05
266 -7.296012945238334e-05
267 -7.206633237173832e-05
268 -7.373132865147844e-05
269 -7.34877739905037e-05
270 -7.455887137232752e-05
271 -7.257547230787193e-05
272 -7.34306716631626e-05
273 -7.223647612771239e-05
274 -7.423811384052247e-05
275 -7.31020101278841e-05
276 -7.426929428076138e-05
277 -7.398444628491082e-05
278 -7.453853478881285e-05
279 -7.20274574183329e-05
280 -7.391409407653942e-05
281 -7.231961313467332e-05
282 -7.352507855004535e-05
283 -7.500384799205941e-05
284 -7.437150796494278e-05
285 -7.67336738220105e-05
286 -7.323727776228277e-05
287 -7.484248960530191e-05
288 -7.194339297836415e-05
289 -7.34585248956873e-05
290 -7.342275079583439e-05
291 -7.060267337996748e-05
292 -7.280708972971726e-05
293 -7.513197138770889e-05
294 -7.399032629696601e-05
295 -7.383908076991874e-05
296 -7.435787596882439e-05
297 -7.469788771754374e-05
298 -7.291069352286189e-05
299 -7.232511327169332e-05
