0 -1.451394981830104e-06
1 -1.4538850915346404e-06
2 -1.4408966168129871e-06
3 -1.3764884428822582e-06
4 -1.4631699982516294e-06
5 -1.4793708757641987e-06
6 -1.4127069470742015e-06
7 -1.4968350825124884e-06
8 -1.334560292738872e-06
9 -1.3913031478706847e-06
10 -1.46189491944107e-06
11 -1.3887063297657185e-06
12 -1.3385472191246687e-06
13 -1.5474506942828072e-06
14 -1.4207852823308214e-06
15 -1.5467377416356814e-06
16 -1.3412105739440867e-06
17 -1.435559298571905e-06
18 -1.4772574409336599e-06
19 -1.4761637943482482e-06
20 -1.4016986365783422e-06
21 -1.527745782962796e-06
22 -1.46293164534287e-06
23 -1.3700638535747098e-06
24 -1.4551636007920143e-06
25 -1.5135555418169237e-06
26 -1.4954116581437553e-06
27 -1.4100194452702515e-06
28 -1.3552855670189301e-06
29 -1.4625867994090903e-06
30 -1.3044759320596045e-06
31 -1.4156095129984677e-06
32 -1.4417886629241653e-06
33 -1.438750232948242e-06
34 -1.3808976085857476e-06
35 -1.3886136328530905e-06
36 -1.4041570219474312e-06
37 -1.519337202444002e-06
38 -1.424411566268213e-06
39 -1.4234188750363135e-06
40 -1.5496302815638108e-06
41 -1.4165857781882749e-06
42 -1.3902353780325276e-06
43 -1.432653550863061e-06
44 -1.5351808768672413e-06
45 -1.4756158839422522e-06
46 -1.431410637107981e-06
47 -1.4884431202046187e-06
48 -1.4444795605206755e-06
49 -1.4250309498738028e-06
50 -1.3954883069445253e-06
51 -1.5157336664156464e-06
52 -1.5018555448683177e-06
53 -1.3855653111699199e-06
54 -1.4334081048089265e-06
55 -1.44263737465746e-06
56 -1.427932062527827e-06
57 -1.4751749221551465e-06
58 -1.5770473253686628e-06
59 -1.4806463037651306e-06
60 -1.420772276585899e-06
61 -1.4531268894079378e-06
62 -1.4698330480363916e-06
63 -1.496412677666097e-06
64 -1.4407401444511007e-06
65 -1.5029750002431211e-06
66 -1.4412687802850976e-06
67 -1.5372316777036382e-06
68 -1.411296136132872e-06
69 -1.5027062736698845e-06
70 -1.4009960910826701e-06
71 -1.407004391040957e-06
72 -1.386720359260902e-06
73 -1.4091379688486322e-06
74 -1.4588559759308566e-06
75 -1.4968689547127997e-06
76 -1.415486317572574e-06
77 -1.4453234488976627e-06
78 -1.4016981407237362e-06
79 -1.3835773367563078e-06
80 -1.3711312282285582e-06
81 -1.4344459780910216e-06
82 -1.4612932205820839e-06
83 -1.5368231678016791e-06
84 -1.3987576242558044e-06
85 -1.4481863965420013e-06
86 -1.5382125548640267e-06
87 -1.511490111439633e-06
88 -1.437784855560006e-06
89 -1.5223339487199616e-06
90 -1.3261357914930592e-06
91 -1.5237515914639443e-06
92 -1.4853177633598733e-06
93 -1.4476270111219043e-06
94 -1.3661755540474554e-06
95 -1.415383687511978e-06
96 -1.5341690034252757e-06
97 -1.5272016996481198e-06
98 -1.4584209723882714e-06
99 -1.421621977815883e-06
100 -1.5056513820369282e-06
101 -1.5256831955469404e-06
102 -1.371872272696079e-06
103 -1.4254961733728575e-06
104 -1.4610396058156574e-06
105 -1.4336894352785752e-06
106 -1.3235107563500763e-06
107 -1.4242623939185794e-06
108 -1.4345498876986192e-06
109 -1.396050558208292e-06
110 -1.4422041215688514e-06
111 -1.462403526451797e-06
112 -1.426919078573825e-06
113 -1.4624354891759167e-06
114 -1.478649260130769e-06
115 -1.4587294309441427e-06
116 -1.457026537228892e-06
117 -1.4258708595690925e-06
118 -1.449308911601592e-06
119 -1.3317072150197949e-06
120 -1.4158059019743183e-06
121 -1.4278629661332644e-06
122 -1.399108506746573e-06
123 -1.3992316621864656e-06
124 -1.3725057502365626e-06
125 -1.4120353436590314e-06
126 -1.3878789741272642e-06
127 -1.3690942794306147e-06
128 -1.4314763885392153e-06
129 -1.5106994969355926e-06
130 -1.5070594540571136e-06
131 -1.443957783087678e-06
132 -1.400066017742797e-06
133 -1.379061787078415e-06
134 -1.314791443427704e-06
135 -1.3927055075875133e-06
136 -1.4583966086313157e-06
137 -1.4089814208277038e-06
138 -1.4950646781791243e-06
139 -1.411291843374706e-06
140 -1.373300075095739e-06
141 -1.455081951583218e-06
142 -1.4338676223082046e-06
143 -1.4433711184860627e-06
144 -1.3941078254145007e-06
145 -1.4513261757971094e-06
146 -1.3947657391643838e-06
147 -1.5296596625550486e-06
148 -1.4119547081719333e-06
149 -1.4234373026062454e-06
150 -1.4067835651443632e-06
151 -1.393657114009164e-06
152 -1.4753769665168879e-06
153 -1.492419068492354e-06
154 -1.4386274336153224e-06
155 -1.3936087294982183e-06
156 -1.502847654914054e-06
157 -1.4491631134375376e-06
158 -1.4723190983727948e-06
159 -1.3813883543781927e-06
160 -1.48892300088494e-06
161 -1.4534760905990253e-06
162 -1.3547556113039958e-06
163 -1.4531396342640177e-06
164 -1.4337811906383858e-06
165 -1.5266937247664844e-06
166 -1.4030425969890949e-06
167 -1.3933230436431696e-06
168 -1.4475814311476016e-06
169 -1.3941126111168743e-06
170 -1.4980061953854885e-06
171 -1.4701429165085825e-06
172 -1.3807738018452585e-06
173 -1.4164706770903474e-06
174 -1.3903212670075572e-06
175 -1.3883022828932379e-06
176 -1.4575112539640883e-06
177 -1.4480944144396362e-06
178 -1.3625348303904123e-06
179 -1.5056082394153195e-06
180 -1.33713861379719e-06
181 -1.4547733124136108e-06
182 -1.4112716331872034e-06
183 -1.3310248457115348e-06
184 -1.4285742294835717e-06
185 -1.4177589422608494e-06
186 -1.4810410803252594e-06
187 -1.520244745413815e-06
188 -1.444034213516493e-06
189 -1.4695539089412814e-06
190 -1.397985560870336e-06
191 -1.5340850832840782e-06
192 -1.491338795582062e-06
193 -1.412018650509579e-06
194 -1.3309994378998541e-06
195 -1.4398143631419497e-06
196 -1.422293358922221e-06
197 -1.4696049158023964e-06
198 -1.381395733839565e-06
199 -1.3732608288517541e-06
200 -1.4990746345717403e-06
201 -1.4868170171419224e-06
202 -1.391021570146464e-06
203 -1.3542510086644385e-06
204 -1.500031658064636e-06
205 -1.4567810421249795e-06
206 -1.3558138334817268e-06
207 -1.3871254655186404e-06
208 -1.3644069452547476e-06
209 -1.5317888897726375e-06
210 -1.458645485621547e-06
211 -1.4159394106021575e-06
212 -1.438980942212898e-06
213 -1.4127176558978181e-06
214 -1.453747284944093e-06
215 -1.3825461801097368e-06
216 -1.4608443155233778e-06
217 -1.4640130261559454e-06
218 -1.3860887496261565e-06
219 -1.4394143055730094e-06
220 -1.3783503822621779e-06
221 -1.265034155240233e-06
222 -1.362196137483515e-06
223 -1.3598957563615695e-06
224 -1.4833465928375757e-06
225 -1.4379286060975732e-06
226 -1.4345638740058719e-06
227 -1.468931782947467e-06
228 -1.4544912246017667e-06
229 -1.4265515502966947e-06
230 -1.432837264655907e-06
231 -1.5260244550840193e-06
232 -1.465023205537762e-06
233 -1.4704534858353933e-06
234 -1.3836733418080755e-06
235 -1.5225174989518994e-06
236 -1.3844260243091941e-06
237 -1.4362825462556035e-06
238 -1.4149886011977278e-06
239 -1.5566787760118256e-06
240 -1.554513867646541e-06
241 -1.4744156697905945e-06
242 -1.4685533213595458e-06
243 -1.4014286457423057e-06
244 -1.457254714326154e-06
245 -1.3284459622619334e-06
246 -1.3651198334595443e-06
247 -1.4519855159619991e-06
248 -1.3426069102941978e-06
249 -1.4903883221130092e-06
250 -1.5097320456514988e-06
251 -1.3994925307695035e-06
252 -1.4944451404336314e-06
253 -1.435789397493117e-06
254 -1.4205932663909478e-06
255 -1.402881895374956e-06
256 -1.4496088480747655e-06
257 -1.41920199183005e-06
258 -1.3855886275026387e-06
259 -1.4574632110940684e-06
260 -1.4398777615845346e-06
261 -1.5335018329891112e-06
262 -1.4114460325524333e-06
263 -1.4393749964260543e-06
264 -1.4186290401672157e-06
265 -1.3932098929822276e-06
266 -1.4294038529032419e-06
267 -1.3338645000380354e-06
268 -1.4267532485246108e-06
269 -1.4127015804000611e-06
270 -1.5484374490742122e-06
271 -1.4638858954684836e-06
272 -1.3574538343143392e-06
273 -1.356524057355189e-06
274 -1.6064626006599732e-06
275 -1.4545118170436474e-06
276 -1.4805338427343172e-06
277 -1.48862163774091e-06
278 -1.425871215719273e-06
279 -1.448743020921839e-06
280 -1.525068154529486e-06
281 -1.4761926554790385e-06
282 -1.4207057310989135e-06
283 -1.463209026122315e-06
284 -1.4613858566130135e-06
285 -1.453775655528346e-06
286 -1.4392981097145148e-06
287 -1.4285589633459874e-06
288 -1.391131689124748e-06
289 -1.3613638658192754e-06
290 -1.4074713638640516e-06
291 -1.4016738199675203e-06
292 -1.447429320128332e-06
293 -1.4321824339326442e-06
294 -1.4632033901295046e-06
295 -1.3641107554659024e-06
296 -1.452803763586466e-06
297 -1.5234449856746667e-06
298 -1.3338804786734121e-06
299 -1.3446156525968106e-06
