0 -4.475706015941813e-06
1 -4.3613098366508844e-06
2 -4.491087217971756e-06
3 -4.465650573457404e-06
4 -4.28324767406804e-06
5 -4.340175933135815e-06
6 -4.41760989635325e-06
7 -4.435962631884006e-06
8 -4.478588276365704e-06
9 -4.310199577624914e-06
10 -4.475931349855415e-06
11 -4.3134896685280535e-06
12 -4.349048516474739e-06
13 -4.488433475975965e-06
14 -4.590228743698687e-06
15 -4.405062277313709e-06
16 -4.536369323065296e-06
17 -4.286378390699622e-06
18 -4.296902523087637e-06
19 -4.124384546255636e-06
20 -4.431607911657475e-06
21 -4.459568682482886e-06
22 -4.267553406491241e-06
23 -4.20370015670208e-06
24 -4.45430333657844e-06
25 -4.152849835868093e-06
26 -4.47690013676628e-06
27 -4.5353741552900785e-06
28 -4.2989227492078245e-06
29 -4.197540220963012e-06
30 -4.349773094621328e-06
31 -4.2858611913583824e-06
32 -4.407824719598772e-06
33 -4.569551438071404e-06
34 -4.201463017857203e-06
35 -4.480725106218733e-06
36 -4.472867893297709e-06
37 -4.393846681475795e-06
38 -4.369929865367203e-06
39 -4.556048896577349e-06
40 -4.374293899299008e-06
41 -4.419710687087579e-06
42 -4.389482574915977e-06
43 -4.442956242833495e-06
44 -4.501344315066313e-06
45 -4.365985820166816e-06
46 -4.412324195404976e-06
47 -4.372788841518404e-06
48 -4.329380721699687e-06
49 -4.408497127335177e-06
50 -4.4942205994156035e-06
51 -4.3060792655150306e-06
52 -4.32825126721445e-06
53 -4.395299659540066e-06
54 -4.40758414186057e-06
55 -4.3893952697563635e-06
56 -4.363094283894615e-06
57 -4.330869802436498e-06
58 -4.567458776865393e-06
59 -4.408208571218412e-06
60 -4.10093337236558e-06
61 -4.383923979705473e-06
62 -4.2615804653891335e-06
63 -4.348244019135419e-06
64 -4.448183875123683e-06
65 -4.385065719369415e-06
66 -4.4853580656569275e-06
67 -4.5211090289244974e-06
68 -4.355390989230568e-06
69 -4.449729692255901e-06
70 -4.2895521940353175e-06
71 -4.335227137238071e-06
72 -4.491014914897489e-06
73 -4.354195777354251e-06
74 -4.219709522782493e-06
75 -4.409805773099345e-06
76 -4.487409451078985e-06
77 -4.4680923419402e-06
78 -4.524857013427444e-06
79 -4.321723097518547e-06
80 -4.522970199552777e-06
81 -4.455711559466743e-06
82 -4.487736079735862e-06
83 -4.488924133287007e-06
84 -4.453865979099449e-06
85 -4.484742568683812e-06
86 -4.462670556670562e-06
87 -4.310951134151729e-06
88 -4.098343858177641e-06
89 -4.31621679447083e-06
90 -4.163067802946595e-06
91 -4.576430864478755e-06
92 -4.432781543081732e-06
93 -4.122469618429962e-06
94 -4.3560159469159835e-06
95 -4.600080808596935e-06
96 -4.606047424862197e-06
97 -4.486026154841875e-06
98 -4.371136376850759e-06
99 -4.291732804012841e-06
100 -4.1803949732496275e-06
101 -4.4590839553530185e-06
102 -4.440665871141259e-06
103 -4.300066013786203e-06
104 -4.486026152285427e-06
105 -4.303192809330418e-06
106 -4.454085190286235e-06
107 -4.302651948075711e-06
108 -4.4718981745479785e-06
109 -4.373492273608391e-06
110 -4.490977194788742e-06
111 -4.425770179206133e-06
112 -4.391541307149513e-06
113 -4.325133552430619e-06
114 -4.274313702942195e-06
115 -4.429499704268828e-06
116 -4.485348602284067e-06
117 -4.352075990299569e-06
118 -4.482463451145148e-06
119 -4.359503430762187e-06
120 -4.377659739785201e-06
121 -4.28338188230629e-06
122 -4.466540493014129e-06
123 -4.262977908525903e-06
124 -4.433495041654393e-06
125 -4.472014639892838e-06
126 -4.316911272007356e-06
127 -4.202190949079841e-06
128 -4.293951853914895e-06
129 -4.329525050984976e-06
130 -4.451363604083353e-06
131 -4.5784558212708295e-06
132 -4.442512705091342e-06
133 -4.5921612778732485e-06
134 -4.414055956839871e-06
135 -4.5042794609465236e-06
136 -4.287061084127835e-06
137 -4.354224185223036e-06
138 -4.349088394193237e-06
139 -4.417630937196493e-06
140 -4.380941591410897e-06
141 -4.218436167155968e-06
142 -4.3164453640959185e-06
143 -4.551180896127548e-06
144 -4.328530004428902e-06
145 -4.2495925102913294e-06
146 -4.309205580256714e-06
147 -4.4710426113593585e-06
148 -4.460149117558366e-06
149 -4.278085410327988e-06
150 -4.43697493389466e-06
151 -4.276359620199726e-06
152 -4.443614172177994e-06
153 -4.296430239127107e-06
154 -4.4000017821431885e-06
155 -4.6045629263606034e-06
156 -4.54614661741961e-06
157 -4.463112273393196e-06
158 -4.5073605117214364e-06
159 -4.49777659660242e-06
160 -4.3501327818538536e-06
161 -4.444103274691495e-06
162 -4.462836686679176e-06
163 -4.543628537675692e-06
164 -4.234899528146592e-06
165 -4.474391084911836e-06
166 -4.4591113842330366e-06
167 -4.536203152963997e-06
168 -4.383925120264796e-06
169 -4.296219232492835e-06
170 -4.472381111814844e-06
171 -4.421375952855219e-06
172 -4.450956346034501e-06
173 -4.242045397910654e-06
174 -4.471571976778663e-06
175 -4.6012641201228085e-06
176 -4.540782920728348e-06
177 -4.433950393124603e-06
178 -4.42506734322962e-06
179 -4.249209373075214e-06
180 -4.449103804704925e-06
181 -4.445490890012743e-06
182 -4.38320102301873e-06
183 -4.47630337537938e-06
184 -4.391597510519862e-06
185 -4.385323110081009e-06
186 -4.390236756452383e-06
187 -4.423242917229351e-06
188 -4.34016084306422e-06
189 -4.2998953521827476e-06
190 -4.370025995970722e-06
191 -4.20273725502053e-06
192 -4.179706814067323e-06
193 -4.394359231208561e-06
194 -4.4372812802335225e-06
195 -4.5131125691865575e-06
196 -4.410968697253095e-06
197 -4.674359654946992e-06
198 -4.414699679423609e-06
199 -4.53453548941622e-06
200 -4.453417976551626e-06
201 -4.299249569378175e-06
202 -4.258327689752657e-06
203 -4.511620907691047e-06
204 -4.44796817882763e-06
205 -4.343707377998218e-06
206 -4.3690000312518295e-06
207 -4.461413260136782e-06
208 -4.155179714409276e-06
209 -4.514118874358709e-06
210 -4.575690138865008e-06
211 -4.407316018758974e-06
212 -4.398243034607742e-06
213 -4.535276803714304e-06
214 -4.187987032898491e-06
215 -4.370729600434049e-06
216 -4.719146056558075e-06
217 -4.475755560993532e-06
218 -4.306248586261385e-06
219 -4.403876915933432e-06
220 -4.48535561760451e-06
221 -4.429102719631508e-06
222 -4.46139850335644e-06
223 -4.206030554916201e-06
224 -4.298757297434595e-06
225 -4.35929418210241e-06
226 -4.405101670642674e-06
227 -4.335550651907962e-06
228 -4.393210425883029e-06
229 -4.449551909771558e-06
230 -4.63046987362448e-06
231 -4.374220409614061e-06
232 -4.470772904154474e-06
233 -4.3819062077472996e-06
234 -4.4531001027566684e-06
235 -4.444444574252702e-06
236 -4.43855252665135e-06
237 -4.4111669162715216e-06
238 -4.334434171130725e-06
239 -4.445689232566452e-06
240 -4.627761058412304e-06
241 -4.342228226850151e-06
242 -4.402928262099707e-06
243 -4.395804319459127e-06
244 -4.429339283724363e-06
245 -4.473535927749108e-06
246 -4.504065544404782e-06
247 -4.518247600905652e-06
248 -4.469005859857049e-06
249 -4.5703621338609235e-06
250 -4.478080887726528e-06
251 -4.253963849738342e-06
252 -4.441725686651725e-06
253 -4.3240526295780075e-06
254 -4.489883119212803e-06
255 -4.4561252539556e-06
256 -4.537744299004261e-06
257 -4.399168963637009e-06
258 -4.277956031115651e-06
259 -4.32711236760649e-06
260 -4.445312856886272e-06
261 -4.314647478101015e-06
262 -4.314347473356954e-06
263 -4.505761920946721e-06
264 -4.252760179196418e-06
265 -4.393029488659947e-06
266 -4.468982328838756e-06
267 -4.28941709201139e-06
268 -4.311173751828505e-06
269 -4.554631450230492e-06
270 -4.292336025521371e-06
271 -4.423333892498289e-06
272 -4.351334369109473e-06
273 -4.295607356451884e-06
274 -4.456526643117659e-06
275 -4.511752965931369e-06
276 -4.497897192544726e-06
277 -4.414097496893114e-06
278 -4.422271169821187e-06
279 -4.4063972429688064e-06
280 -4.40568425453578e-06
281 -4.253254053330022e-06
282 -4.429977730904122e-06
283 -4.4658317793993285e-06
284 -4.345274512437737e-06
285 -4.325819324007131e-06
286 -4.304892110147466e-06
287 -4.460149682686462e-06
288 -4.37068423986358e-06
289 -4.441032032277717e-06
290 -4.531460343337149e-06
291 -4.440759111715275e-06
292 -4.4688649824642816e-06
293 -4.323342138553004e-06
294 -4.536889846674962e-06
295 -4.36275706219242e-06
296 -4.425295435979769e-06
297 -4.339552407176145e-06
298 -4.330506173287318e-06
299 -4.4282672151801535e-06
