0 -3.000727017556763e-06
1 -2.9456779925330703e-06
2 -3.031171102934614e-06
3 -2.9636761886029038e-06
4 -2.8027588635942644e-06
5 -2.886852558987966e-06
6 -2.9892721414259678e-06
7 -2.9865185429078108e-06
8 -2.9817551275198e-06
9 -2.8237498991234432e-06
10 -3.0248102016893127e-06
11 -2.879869522932037e-06
12 -2.9193508989960298e-06
13 -3.0841789668895017e-06
14 -3.143180530355855e-06
15 -2.9367994519087073e-06
16 -3.0405588229488066e-06
17 -2.804509537783298e-06
18 -2.9356214441365444e-06
19 -2.6651260221132503e-06
20 -3.001138260356049e-06
21 -2.978790571276174e-06
22 -2.767099325731299e-06
23 -2.7490449098313358e-06
24 -3.0012310870736834e-06
25 -2.6767955313341455e-06
26 -2.9682044794677706e-06
27 -3.1141311860633346e-06
28 -2.7941185805666664e-06
29 -2.762488029718111e-06
30 -2.849956956099959e-06
31 -2.801327861804442e-06
32 -2.9863816851939687e-06
33 -3.1472237100084665e-06
34 -2.756006844966474e-06
35 -2.9965697762670465e-06
36 -3.030948863471793e-06
37 -3.0019798783356714e-06
38 -2.8949610583406104e-06
39 -3.193047275085363e-06
40 -2.9505665226358618e-06
41 -2.917297593473379e-06
42 -2.9501619285910377e-06
43 -2.9879630556329915e-06
44 -2.9683699164044993e-06
45 -2.8651119289842226e-06
46 -2.954293664862391e-06
47 -2.9223287750104213e-06
48 -2.822666916069772e-06
49 -2.971921398865289e-06
50 -3.0290241035768206e-06
51 -2.8692293558740277e-06
52 -2.9742903683378055e-06
53 -2.936895768897574e-06
54 -3.0186939991144802e-06
55 -2.9081660991195565e-06
56 -2.898079127793902e-06
57 -2.897655825209285e-06
58 -3.1438690519677154e-06
59 -3.0048193831159585e-06
60 -2.621478334046839e-06
61 -2.8939492503178204e-06
62 -2.764324918738889e-06
63 -2.9977557709258877e-06
64 -3.0638280500394803e-06
65 -2.927530623381691e-06
66 -3.0121119683560098e-06
67 -3.077592433959221e-06
68 -2.875626352999571e-06
69 -2.9587206451475514e-06
70 -2.8405879072648814e-06
71 -2.9712164713819083e-06
72 -3.0173943730632856e-06
73 -2.8584729870616464e-06
74 -2.782383449498747e-06
75 -2.934282891588697e-06
76 -3.040570084440491e-06
77 -2.9781349414992517e-06
78 -3.124345653990035e-06
79 -2.9225533017264698e-06
80 -3.0980891894671942e-06
81 -2.938660940559004e-06
82 -3.120646642883714e-06
83 -3.039124420323689e-06
84 -3.021457857914619e-06
85 -3.0079740090674724e-06
86 -3.0043641217650666e-06
87 -2.80874876971841e-06
88 -2.6621395088847785e-06
89 -2.8547021022498436e-06
90 -2.751359672305152e-06
91 -3.0417833501921107e-06
92 -2.9792828061265278e-06
93 -2.6815002798604e-06
94 -2.915970101934265e-06
95 -3.0903039265984833e-06
96 -3.142509976251794e-06
97 -3.020232187115535e-06
98 -2.888658678236984e-06
99 -2.859969544578384e-06
100 -2.6418855728684568e-06
101 -2.971110374775666e-06
102 -2.9751022993240296e-06
103 -2.8472588758016204e-06
104 -3.0142353846480254e-06
105 -2.927119008541667e-06
106 -3.016983588378527e-06
107 -2.8420622722684944e-06
108 -3.0276318227247807e-06
109 -2.9438756033151424e-06
110 -3.0238618187193806e-06
111 -2.9235590856681523e-06
112 -2.940757367261561e-06
113 -2.834343350104441e-06
114 -2.8658298680229975e-06
115 -2.9842196488233163e-06
116 -3.0546656147488624e-06
117 -2.8930124414030016e-06
118 -3.0608381433606704e-06
119 -2.8302120239291487e-06
120 -2.978672332908926e-06
121 -2.8175755832120877e-06
122 -3.014002586827958e-06
123 -2.7840498545333044e-06
124 -3.011351477770167e-06
125 -3.017694543744412e-06
126 -2.867078656308709e-06
127 -2.723177004715288e-06
128 -2.8285974042204943e-06
129 -2.858449466839545e-06
130 -2.9618863485750663e-06
131 -3.138766075415725e-06
132 -3.021962447913834e-06
133 -3.1351631726438584e-06
134 -3.0386391070142447e-06
135 -3.014551278942372e-06
136 -2.7829975330496142e-06
137 -2.817929346301521e-06
138 -2.8282995835271454e-06
139 -2.9396414610429748e-06
140 -2.9857862273761597e-06
141 -2.7943900573166304e-06
142 -2.9018096274176086e-06
143 -3.1450923627415682e-06
144 -2.8151432454393145e-06
145 -2.801387504872133e-06
146 -2.893243013999749e-06
147 -3.0231977644866667e-06
148 -2.983735253274562e-06
149 -2.8398126678886013e-06
150 -3.030164956888174e-06
151 -2.784077950382525e-06
152 -3.020588592609218e-06
153 -2.9043615607930227e-06
154 -2.9905724225385274e-06
155 -3.1614639552713563e-06
156 -3.076511448330665e-06
157 -2.965316989896944e-06
158 -3.082847014778872e-06
159 -3.0479964994156496e-06
160 -2.942285565988007e-06
161 -2.9865025027546904e-06
162 -3.079097013930045e-06
163 -3.0666876990661352e-06
164 -2.7892589897908297e-06
165 -3.008773131631994e-06
166 -3.052436959556e-06
167 -3.085672153026269e-06
168 -2.8694725663778233e-06
169 -2.8909322291732073e-06
170 -3.107680087382602e-06
171 -2.9576452259317793e-06
172 -2.9663274259504884e-06
173 -2.809682315545445e-06
174 -3.0221945839951155e-06
175 -3.2075163894458344e-06
176 -3.1006281350652907e-06
177 -3.08705706603297e-06
178 -2.9629209363399035e-06
179 -2.7802097864078796e-06
180 -3.067598966314337e-06
181 -2.980486419142202e-06
182 -2.8587959078259483e-06
183 -3.014280347261911e-06
184 -2.928228945188477e-06
185 -2.979621054329612e-06
186 -2.8966875236453187e-06
187 -2.941270714023884e-06
188 -2.992210475657007e-06
189 -2.8211275150019884e-06
190 -2.9792229909855406e-06
191 -2.7845430889514473e-06
192 -2.724305695119744e-06
193 -2.9583838762346276e-06
194 -3.0164055459014177e-06
195 -3.0613962656835326e-06
196 -2.9736457553666783e-06
197 -3.250166251058194e-06
198 -2.871431863035711e-06
199 -3.0826716402043973e-06
200 -3.075489546717596e-06
201 -2.8454439814700238e-06
202 -2.761543150550607e-06
203 -3.055903035765337e-06
204 -3.070385576772325e-06
205 -2.8272290036877887e-06
206 -2.8730455899825226e-06
207 -2.893652144236332e-06
208 -2.680987304907292e-06
209 -3.054014262351689e-06
210 -3.113853317144277e-06
211 -2.9945851835583563e-06
212 -2.989854069818265e-06
213 -3.0984767531179895e-06
214 -2.742669599707731e-06
215 -2.9230585185929973e-06
216 -3.3414702969547386e-06
217 -3.037600664620609e-06
218 -2.788625761854451e-06
219 -2.9712672700689704e-06
220 -3.0200819382181567e-06
221 -2.9770948616593746e-06
222 -3.09663266677085e-06
223 -2.7749513309212825e-06
224 -2.850521584558629e-06
225 -2.9726000478707287e-06
226 -2.9323015763686305e-06
227 -3.004718372402007e-06
228 -2.9287674307417265e-06
229 -3.030743476148923e-06
230 -3.2497103903801977e-06
231 -2.948167098650552e-06
232 -2.973592531467218e-06
233 -2.8748990987902327e-06
234 -3.0578867840841526e-06
235 -2.9878358880353807e-06
236 -3.0202141034741745e-06
237 -2.9238379597020705e-06
238 -2.8218856962601757e-06
239 -3.0305412020594276e-06
240 -3.167412730714918e-06
241 -2.874683368292209e-06
242 -2.9067443585143203e-06
243 -2.9152400684545498e-06
244 -3.0978666985773056e-06
245 -3.0260249984988335e-06
246 -3.076339533334927e-06
247 -3.0350303409318287e-06
248 -3.041601638431176e-06
249 -3.1636031199899575e-06
250 -3.0238336309421852e-06
251 -2.8216790856841793e-06
252 -2.996020230409242e-06
253 -2.8958201147680134e-06
254 -3.033475285733901e-06
255 -2.906853596331298e-06
256 -3.1427129009189204e-06
257 -2.892252308342031e-06
258 -2.7854006501308175e-06
259 -2.887543492580492e-06
260 -2.9112240343146472e-06
261 -2.9097152133289443e-06
262 -2.912725134432139e-06
263 -3.1155796116191583e-06
264 -2.7979557636598343e-06
265 -2.9196680807369805e-06
266 -3.043793303335331e-06
267 -2.788245023159625e-06
268 -2.881427456578449e-06
269 -3.1914696098991857e-06
270 -2.851772406016427e-06
271 -2.987801404984091e-06
272 -3.0357323245979082e-06
273 -2.8683658096455326e-06
274 -3.114938741214864e-06
275 -3.0187818452317346e-06
276 -3.0743497005084305e-06
277 -3.0256006587058782e-06
278 -3.01268441428164e-06
279 -2.9261974995403625e-06
280 -3.036759229627544e-06
281 -2.7399772022385674e-06
282 -3.0293889526289613e-06
283 -3.014479259122946e-06
284 -2.9141308773846058e-06
285 -3.0055825615135495e-06
286 -2.8815745052051923e-06
287 -3.0471961988082645e-06
288 -2.918601840023573e-06
289 -2.9685381151403406e-06
290 -3.0205672125358593e-06
291 -2.9833928732425157e-06
292 -3.0326524797240225e-06
293 -2.8468951946985594e-06
294 -3.063048282247274e-06
295 -2.9172518980230734e-06
296 -2.94684742096443e-06
297 -2.9564160995481153e-06
298 -2.838945894136503e-06
299 -3.0097735579039066e-06
