0 2.2113816457354172e-06
1 2.155142541374052e-06
2 2.1685789577791306e-06
3 2.2720893332061826e-06
4 2.310136761966814e-06
5 2.241306723076357e-06
6 2.1410129037153606e-06
7 2.1836508845334614e-06
8 2.2444934584082348e-06
9 2.2957927521134136e-06
10 2.164945216264824e-06
11 2.204455037257193e-06
12 2.1757112865041695e-06
13 2.087340425411026e-06
14 2.0974933224962723e-06
15 2.230050899058882e-06
16 2.221593630306262e-06
17 2.307949328186854e-06
18 2.0798116293682125e-06
19 2.3271238162612776e-06
20 2.140038212305055e-06
21 2.207479371167258e-06
22 2.3419491228585484e-06
23 2.310270793818013e-06
24 2.1918008286636134e-06
25 2.3685366893020243e-06
26 2.2700207965113753e-06
27 2.0990358034108323e-06
28 2.336748199206948e-06
29 2.2649722127821683e-06
30 2.322169645285016e-06
31 2.2990737340490398e-06
32 2.1427426914445417e-06
33 2.073007359601761e-06
34 2.28832817953346e-06
35 2.223006054419373e-06
36 2.1548949140450637e-06
37 2.088030725588834e-06
38 2.262298899174878e-06
39 1.987003945111708e-06
40 2.1606172660029585e-06
41 2.2823367213015097e-06
42 2.17476272313297e-06
43 2.1698877052280598e-06
44 2.287809577636925e-06
45 2.305618341041251e-06
46 2.216987344963646e-06
47 2.214046792512588e-06
48 2.3476060303155276e-06
49 2.1689393097728603e-06
50 2.1600055251067203e-06
51 2.2439721141123364e-06
52 2.0671860703731044e-06
53 2.225788101590838e-06
54 2.109365364759866e-06
55 2.2711789186751534e-06
56 2.236913452862564e-06
57 2.2087992900876075e-06
58 2.0644605004840676e-06
59 2.0946284947837914e-06
60 2.3827195196365112e-06
61 2.275145405588002e-06
62 2.3346250831062214e-06
63 2.039816459184202e-06
64 2.067670076195892e-06
65 2.2120000939555798e-06
66 2.1981051717339883e-06
67 2.1547803074548274e-06
68 2.2692679056359714e-06
69 2.245557334039896e-06
70 2.246289768525273e-06
71 2.076933224576375e-06
72 2.2028301029720474e-06
73 2.282591483180009e-06
74 2.2632710156152335e-06
75 2.2483030981992524e-06
76 2.1463015960373884e-06
77 2.2341260883507967e-06
78 2.0652439563267166e-06
79 2.1384050225552745e-06
80 2.082150919784908e-06
81 2.305630146131988e-06
82 2.0182117097020734e-06
83 2.157825524920212e-06
84 2.1394605185530284e-06
85 2.194119463237166e-06
86 2.2093924480107786e-06
87 2.3228812193310797e-06
88 2.3041513981210342e-06
89 2.2782953476909616e-06
90 2.256529040454616e-06
91 2.262268904917455e-06
92 2.184686682534333e-06
93 2.320979150345933e-06
94 2.194367931545704e-06
95 2.2121767001940306e-06
96 2.1254394555224356e-06
97 2.1897365443385565e-06
98 2.282277629429967e-06
99 2.2220171413900014e-06
100 2.4637325434716028e-06
101 2.2352369988136725e-06
102 2.1970744348820945e-06
103 2.273599600676747e-06
104 2.190544296440836e-06
105 2.105261910206324e-06
106 2.1556497205589262e-06
107 2.2595452235167167e-06
108 2.159093776484108e-06
109 2.1990086269480338e-06
110 2.168625617173061e-06
111 2.282826939004327e-06
112 2.200650415301545e-06
113 2.2956723803275685e-06
114 2.169118656280767e-06
115 2.168165170772267e-06
116 2.129443699143056e-06
117 2.2514224288258162e-06
118 2.1199888474136366e-06
119 2.3511160597220597e-06
120 2.117482239643615e-06
121 2.2760479373059682e-06
122 2.159950987270362e-06
123 2.3115144649584823e-06
124 2.1217581751360747e-06
125 2.1683787487257245e-06
126 2.2209932090314574e-06
127 2.3399046581281277e-06
128 2.2489905585343912e-06
129 2.2607404634192726e-06
130 2.2366005711611048e-06
131 2.095781382927446e-06
132 2.116239302473841e-06
133 2.1295569612197686e-06
134 2.0595402547195516e-06
135 2.2163701549368744e-06
136 2.3463090682782577e-06
137 2.369889002465795e-06
138 2.3506322990687307e-06
139 2.225125248386758e-06
140 2.095878575013825e-06
141 2.2312582607831196e-06
142 2.176400641896569e-06
143 2.0307127432344706e-06
144 2.344164459876734e-06
145 2.2506397138349416e-06
146 2.173871136877213e-06
147 2.155275853147187e-06
148 2.2105715593699263e-06
149 2.2410059416988226e-06
150 2.1041522606738013e-06
151 2.315307164975437e-06
152 2.1124215035654064e-06
153 2.1568377183593496e-06
154 2.1126150656665648e-06
155 2.0890079869608795e-06
156 2.1619392985339425e-06
157 2.25018385353805e-06
158 2.095633427290159e-06
159 2.152250991121495e-06
160 2.136527429709985e-06
161 2.1614985321709183e-06
162 2.0295998412562937e-06
163 2.21785879732061e-06
164 2.2659174401118244e-06
165 2.2040682735441587e-06
166 2.0887222134786295e-06
167 2.1422893302289524e-06
168 2.3226750079276886e-06
169 2.1610306746268584e-06
170 1.9949831928437973e-06
171 2.2212664097928964e-06
172 2.222992957555832e-06
173 2.245799727186769e-06
174 2.1818321227611847e-06
175 2.008140302643652e-06
176 2.1090827174914707e-06
177 2.0051911349540256e-06
178 2.2083564490109053e-06
179 2.2892973170800617e-06
180 2.0517252274214695e-06
181 2.20010329996009e-06
182 2.339847568424463e-06
183 2.1935381928877218e-06
184 2.237474725960375e-06
185 2.1113368054143092e-06
186 2.293131100751418e-06
187 2.2252286053546266e-06
188 2.0523054602482494e-06
189 2.3021986856434117e-06
190 2.1179807347141285e-06
191 2.22434638797787e-06
192 2.285925083049045e-06
193 2.190490221529616e-06
194 2.1392784115480178e-06
195 2.1280700554089025e-06
196 2.180895542378018e-06
197 2.047324607107541e-06
198 2.3717227519693802e-06
199 2.1493748802595636e-06
200 2.047306830639052e-06
201 2.230961419173887e-06
202 2.3604794350418334e-06
203 2.1573110593434364e-06
204 2.039872779826851e-06
205 2.3340374179267084e-06
206 2.298254217054556e-06
207 2.3655722747549396e-06
208 2.3577332527888623e-06
209 2.1708467126432475e-06
210 2.1148018502218547e-06
211 2.10706862568775e-06
212 2.1190083506061922e-06
213 2.1030401450118875e-06
214 2.293809017355135e-06
215 2.2053088113345494e-06
216 1.941579473853504e-06
217 2.1370080973550407e-06
218 2.3427331537396007e-06
219 2.1732539655028324e-06
220 2.1838504023140487e-06
221 2.1926196864559367e-06
222 2.0209639125411204e-06
223 2.2367781241811056e-06
224 2.255669937701053e-06
225 2.1087152453312428e-06
226 2.2356195152018725e-06
227 2.002673440542873e-06
228 2.222961210412697e-06
229 2.1133939856567305e-06
230 1.978585708500961e-06
231 2.168133812377049e-06
232 2.25129168685191e-06
233 2.297728804955827e-06
234 2.0660367619269675e-06
235 2.1861252089422188e-06
236 2.1272599459133385e-06
237 2.2589557338117122e-06
238 2.3360186006095277e-06
239 2.1242279960457155e-06
240 2.1375557704407235e-06
241 2.2632962931845897e-06
242 2.292327072291904e-06
243 2.2413547863809856e-06
244 1.98395248006283e-06
245 2.1726746881671976e-06
246 2.119440043812657e-06
247 2.2102196844227138e-06
248 2.1272340564747954e-06
249 2.024313260496861e-06
250 2.1650312343461112e-06
251 2.2268639284187263e-06
252 2.1628563328293673e-06
253 2.1828093567006993e-06
254 2.165313334496379e-06
255 2.3594043780552687e-06
256 2.0389992370217513e-06
257 2.3089554313811102e-06
258 2.327954400573718e-06
259 2.1850476805271175e-06
260 2.3191123594891573e-06
261 2.164488321665296e-06
262 2.1671851387247814e-06
263 2.027444265717244e-06
264 2.2859102409773213e-06
265 2.259685755708346e-06
266 2.1161940453780703e-06
267 2.3324090783050356e-06
268 2.2048262827779666e-06
269 1.976045778710196e-06
270 2.2331985386002173e-06
271 2.1502440530481146e-06
272 1.9952569824121957e-06
273 2.208098025996537e-06
274 1.98165670757722e-06
275 2.225604882322373e-06
276 2.1053746013107623e-06
277 2.0699063106607455e-06
278 2.1422313974785616e-06
279 2.239932876668211e-06
280 2.041744166281898e-06
281 2.375783021144108e-06
282 2.094234368996725e-06
283 2.1601488163154185e-06
284 2.1830115040157365e-06
285 2.001631953051683e-06
286 2.2051712047622172e-06
287 2.083361144328628e-06
288 2.222780963100613e-06
289 2.2169963193055485e-06
290 2.2556195280414777e-06
291 2.202998778405333e-06
292 2.1380237433199772e-06
293 2.3122414836123022e-06
294 2.173410191718822e-06
295 2.1845740035689906e-06
296 2.2294969331215486e-06
297 2.116714020868065e-06
298 2.3131735910529037e-06
299 2.1450164611037383e-06
