0 -1.7398817651594206e-06
1 -1.7045548258507845e-06
2 -1.7046047148083334e-06
3 -1.821273765733938e-06
4 -1.8330584757832697e-06
5 -1.7648733599569036e-06
6 -1.667271633233464e-06
7 -1.7174685739425127e-06
8 -1.8183578282075976e-06
9 -1.844318454710318e-06
10 -1.720767965190088e-06
11 -1.6999346562924605e-06
12 -1.7550073664535164e-06
13 -1.6803395626317932e-06
14 -1.6872499566630278e-06
15 -1.7907784274578949e-06
16 -1.7580768418940862e-06
17 -1.7954293034634688e-06
18 -1.600058948920707e-06
19 -1.8029810450206603e-06
20 -1.718350542233757e-06
21 -1.827876930708532e-06
22 -1.830411084758219e-06
23 -1.8043053233742371e-06
24 -1.731886248986305e-06
25 -1.8015359764731711e-06
26 -1.851257957599054e-06
27 -1.6007226216407169e-06
28 -1.8340637318929125e-06
29 -1.7496330883310466e-06
30 -1.8693561241318224e-06
31 -1.8367843903895975e-06
32 -1.7120274865713117e-06
33 -1.6740260754185059e-06
34 -1.7773102584143982e-06
35 -1.7542762474260601e-06
36 -1.7060218819216147e-06
37 -1.6430159580254013e-06
38 -1.849090233048084e-06
39 -1.5237733621434987e-06
40 -1.702379473124412e-06
41 -1.8175686012504582e-06
42 -1.729799514373346e-06
43 -1.744025207597853e-06
44 -1.8679541014835751e-06
45 -1.8436496189790572e-06
46 -1.7501312348224747e-06
47 -1.7248395959481549e-06
48 -1.841152574263023e-06
49 -1.7200039980419001e-06
50 -1.7495378683506548e-06
51 -1.7289531725949937e-06
52 -1.566885635496829e-06
53 -1.7221039854299537e-06
54 -1.6433743795709567e-06
55 -1.831041461821791e-06
56 -1.7571976757478128e-06
57 -1.7559550162730416e-06
58 -1.6574392414739272e-06
59 -1.6422577495800478e-06
60 -1.8315447799863378e-06
61 -1.7897669846499054e-06
62 -1.8427082428048312e-06
63 -1.5642471581898575e-06
64 -1.6327281415548402e-06
65 -1.7918469368500875e-06
66 -1.729013594742873e-06
67 -1.6909574913721148e-06
68 -1.8063853280263793e-06
69 -1.830389732214229e-06
70 -1.7673858977324446e-06
71 -1.618783840529788e-06
72 -1.748695146519764e-06
73 -1.8230488784204193e-06
74 -1.7368165955425663e-06
75 -1.7807424075935877e-06
76 -1.7284174245155698e-06
77 -1.7854240074227421e-06
78 -1.6370987110030034e-06
79 -1.660439442929746e-06
80 -1.6573160013922812e-06
81 -1.862596322087214e-06
82 -1.5796760746375493e-06
83 -1.6988127778391287e-06
84 -1.7087010069673075e-06
85 -1.7856975333439663e-06
86 -1.7248712608280437e-06
87 -1.863812072062571e-06
88 -1.8037736920442084e-06
89 -1.8056794527299746e-06
90 -1.7133543468875855e-06
91 -1.8229670653741878e-06
92 -1.749328948810369e-06
93 -1.7598019778881167e-06
94 -1.7123783725114275e-06
95 -1.7871137871096128e-06
96 -1.719807307405419e-06
97 -1.780181395544336e-06
98 -1.7741833286015926e-06
99 -1.724055221663255e-06
100 -1.9386906053053417e-06
101 -1.7803272817105614e-06
102 -1.7476926710376608e-06
103 -1.7562030357066731e-06
104 -1.7858180676137826e-06
105 -1.63822688391908e-06
106 -1.6814484753959982e-06
107 -1.775968792668805e-06
108 -1.6935185601422803e-06
109 -1.6960757444421358e-06
110 -1.7127302604125097e-06
111 -1.851125507785308e-06
112 -1.7451187525802636e-06
113 -1.825781455838862e-06
114 -1.7106107132898845e-06
115 -1.708098562052599e-06
116 -1.6724380944771444e-06
117 -1.79254082035173e-06
118 -1.6192352722016804e-06
119 -1.895112003468896e-06
120 -1.7126585673062304e-06
121 -1.8100298295016533e-06
122 -1.7013041718804972e-06
123 -1.822704569672275e-06
124 -1.6868116415644023e-06
125 -1.7367409783514456e-06
126 -1.7480510486499048e-06
127 -1.8252393189990491e-06
128 -1.8153315280753188e-06
129 -1.7852639959474773e-06
130 -1.798658798932694e-06
131 -1.6690945386080194e-06
132 -1.6982133563170443e-06
133 -1.6822576200619683e-06
134 -1.5775693633006343e-06
135 -1.7417666957408358e-06
136 -1.84277187717632e-06
137 -1.9561633810963115e-06
138 -1.8602495280852343e-06
139 -1.7335441959077073e-06
140 -1.6388272281275187e-06
141 -1.7339836419159735e-06
142 -1.7110555966600653e-06
143 -1.6137916980630022e-06
144 -1.8853892833092578e-06
145 -1.762286867647598e-06
146 -1.6757013405284362e-06
147 -1.7324880774955096e-06
148 -1.7805737459242647e-06
149 -1.7311801840881064e-06
150 -1.671616319658487e-06
151 -1.8386487641123493e-06
152 -1.6891041976148228e-06
153 -1.6379897868822128e-06
154 -1.650083102053415e-06
155 -1.7052532744681908e-06
156 -1.7393398579622829e-06
157 -1.8300241246755188e-06
158 -1.6658210205731184e-06
159 -1.697354472931091e-06
160 -1.6526085460017868e-06
161 -1.7368437481340209e-06
162 -1.593536087690127e-06
163 -1.6996788351801025e-06
164 -1.729017425854445e-06
165 -1.7788879765337813e-06
166 -1.6797666314352752e-06
167 -1.7142975053629439e-06
168 -1.833943628104053e-06
169 -1.6998557161063199e-06
170 -1.5664189154885754e-06
171 -1.7754116300509357e-06
172 -1.799564535026538e-06
173 -1.7686756467020697e-06
174 -1.7354684689301336e-06
175 -1.5807030250213908e-06
176 -1.6780766498134095e-06
177 -1.5439162173951267e-06
178 -1.776127804256183e-06
179 -1.8453463410226037e-06
180 -1.5631626779020286e-06
181 -1.759704831703555e-06
182 -1.84349972031199e-06
183 -1.745015099483028e-06
184 -1.7850503481662418e-06
185 -1.713499250481043e-06
186 -1.8074486304558327e-06
187 -1.7589878777949146e-06
188 -1.565208200775166e-06
189 -1.8332768978166315e-06
190 -1.6464406022842652e-06
191 -1.7009061964178527e-06
192 -1.7921102482638432e-06
193 -1.680025134597267e-06
194 -1.6775220546461688e-06
195 -1.6720580503901492e-06
196 -1.6898263705896044e-06
197 -1.6057404801811139e-06
198 -1.928997684395355e-06
199 -1.661711649337957e-06
200 -1.6173040355280932e-06
201 -1.8079340315799e-06
202 -1.8349038746648316e-06
203 -1.7512159312404737e-06
204 -1.5633190064216848e-06
205 -1.8517935370129998e-06
206 -1.8257412585705916e-06
207 -1.940303966567394e-06
208 -1.8155655858641087e-06
209 -1.7433611583747812e-06
210 -1.6622644559255733e-06
211 -1.6590748380928432e-06
212 -1.652755810459382e-06
213 -1.7228065084587716e-06
214 -1.785965959273522e-06
215 -1.7391253281601519e-06
216 -1.5040983894696551e-06
217 -1.689377424818237e-06
218 -1.8711958820166396e-06
219 -1.7139157819425789e-06
220 -1.7725918537961275e-06
221 -1.7508004671417306e-06
222 -1.582875295790482e-06
223 -1.7214186697292132e-06
224 -1.7197642834911607e-06
225 -1.6542346485983069e-06
226 -1.7518246232892492e-06
227 -1.5626682036708504e-06
228 -1.7689806471926624e-06
229 -1.6708319234443315e-06
230 -1.573901901001736e-06
231 -1.7088522158387092e-06
232 -1.8303910243657369e-06
233 -1.8704464243280596e-06
234 -1.6290250761140431e-06
235 -1.729475480120495e-06
236 -1.675714200641044e-06
237 -1.8188902987709936e-06
238 -1.870738570882753e-06
239 -1.638755686935166e-06
240 -1.6910845728194543e-06
241 -1.8127481214166688e-06
242 -1.8541050912701795e-06
243 -1.7888741256391545e-06
244 -1.5276386520735972e-06
245 -1.709321901942487e-06
246 -1.6623435727674009e-06
247 -1.735248055564397e-06
248 -1.6498969587578432e-06
249 -1.6042718417368548e-06
250 -1.7302139437346972e-06
251 -1.756760818442825e-06
252 -1.7026833250527301e-06
253 -1.66886486299645e-06
254 -1.7563753813017625e-06
255 -1.9232324710874886e-06
256 -1.5917399504253382e-06
257 -1.7810629921468556e-06
258 -1.8409358665062628e-06
259 -1.7536010933960265e-06
260 -1.8659153059536468e-06
261 -1.644505396072925e-06
262 -1.6555894592250345e-06
263 -1.6224475604055412e-06
264 -1.7990046206647052e-06
265 -1.7733130533699455e-06
266 -1.6735165644913487e-06
267 -1.832348352199771e-06
268 -1.6538694278843832e-06
269 -1.5521201345097429e-06
270 -1.7413298938491008e-06
271 -1.7364357485456128e-06
272 -1.4961802821330922e-06
273 -1.7479459854643906e-06
274 -1.5670393263786895e-06
275 -1.804751872282613e-06
276 -1.6416502073117244e-06
277 -1.6223546290679604e-06
278 -1.6266178497214437e-06
279 -1.8071720994065205e-06
280 -1.5328215453891764e-06
281 -1.8965207121696248e-06
282 -1.605427263134521e-06
283 -1.7204071009397168e-06
284 -1.718165143877266e-06
285 -1.5458392772514614e-06
286 -1.696013880053198e-06
287 -1.6395707818884312e-06
288 -1.7409259047620462e-06
289 -1.7821759229035637e-06
290 -1.7861745637481652e-06
291 -1.7288075947701404e-06
292 -1.6920433277862662e-06
293 -1.7748027355555304e-06
294 -1.7590148152763846e-06
295 -1.7384138229150746e-06
296 -1.7690043538742241e-06
297 -1.6198526167497351e-06
298 -1.8273229344433498e-06
299 -1.6142750678665967e-06
