0 -3.37636950639077e-06
1 -3.2651252374237573e-06
2 -3.3525563400092203e-06
3 -3.439683980566692e-06
4 -3.360951381649374e-06
5 -3.3186321504056193e-06
6 -3.2781963493988073e-06
7 -3.327338268918333e-06
8 -3.443739428295646e-06
9 -3.388683006139875e-06
10 -3.3467498490161105e-06
11 -3.260367348231498e-06
12 -3.3038767142391765e-06
13 -3.2845008073359516e-06
14 -3.3687257273684672e-06
15 -3.3736641272620305e-06
16 -3.42437878290341e-06
17 -3.345349504035175e-06
18 -3.136122731957288e-06
19 -3.2746032231545317e-06
20 -3.3140857991133343e-06
21 -3.4301982250571883e-06
22 -3.3756890335731195e-06
23 -3.2888450226196052e-06
24 -3.3424118782517815e-06
25 -3.2880515060016517e-06
26 -3.469923323310676e-06
27 -3.269611660611778e-06
28 -3.393236428096389e-06
29 -3.2457108461370773e-06
30 -3.4212691812761705e-06
31 -3.3756287297229577e-06
32 -3.291379695376693e-06
33 -3.329238085588311e-06
34 -3.267048758328684e-06
35 -3.3958500332668563e-06
36 -3.3273238720649116e-06
37 -3.222665028302797e-06
38 -3.3967102520279525e-06
39 -3.1827969150452995e-06
40 -3.2750924729676716e-06
41 -3.425723393753581e-06
42 -3.3128053472386552e-06
43 -3.3576490585786126e-06
44 -3.514285859955996e-06
45 -3.417178891331936e-06
46 -3.3405906908989782e-06
47 -3.3078050665089964e-06
48 -3.4020990276529624e-06
49 -3.3096881350794933e-06
50 -3.3893375398449736e-06
51 -3.265981693688826e-06
52 -3.1153244371341184e-06
53 -3.320578892444451e-06
54 -3.216166354804063e-06
55 -3.398459602527614e-06
56 -3.3380062243928668e-06
57 -3.2921041345299192e-06
58 -3.323482749545247e-06
59 -3.241713443843275e-06
60 -3.2930157171706634e-06
61 -3.3846058737660394e-06
62 -3.3796153525374378e-06
63 -3.124270940056595e-06
64 -3.226296582133464e-06
65 -3.361500431694115e-06
66 -3.372151368127094e-06
67 -3.3305336214494183e-06
68 -3.375288076421937e-06
69 -3.434166718043441e-06
70 -3.3025815640861843e-06
71 -3.1590413506855436e-06
72 -3.3869851436392388e-06
73 -3.405549928301992e-06
74 -3.2452721664914554e-06
75 -3.3750885365953837e-06
76 -3.352814759863914e-06
77 -3.415076927972998e-06
78 -3.2704162343257548e-06
79 -3.2122035346467383e-06
80 -3.312580290875052e-06
81 -3.46936664755761e-06
82 -3.1945879222794077e-06
83 -3.3380977216193356e-06
84 -3.314967892382523e-06
85 -3.4138551257335346e-06
86 -3.3407849264863303e-06
87 -3.412677446519453e-06
88 -3.2427289763097997e-06
89 -3.336409590409855e-06
90 -3.183843148516405e-06
91 -3.5151609770085936e-06
92 -3.3487042766902197e-06
93 -3.2225038696219013e-06
94 -3.2890552227513055e-06
95 -3.481406365123792e-06
96 -3.4070443476349712e-06
97 -3.3982422018298983e-06
98 -3.359072201547333e-06
99 -3.259301634573464e-06
100 -3.4319057727972154e-06
101 -3.40677486604258e-06
102 -3.364043072736207e-06
103 -3.2923382775887426e-06
104 -3.4087394778921836e-06
105 -3.1710065432475114e-06
106 -3.3013786451025725e-06
107 -3.3218530092288137e-06
108 -3.3212277075660944e-06
109 -3.2661232347944413e-06
110 -3.366904459564403e-06
111 -3.4442533656003176e-06
112 -3.330134056807452e-06
113 -3.386347993734952e-06
114 -3.233837567831167e-06
115 -3.3214380796245816e-06
116 -3.3037462249021847e-06
117 -3.343064880761134e-06
118 -3.25993995243615e-06
119 -3.473389437792073e-06
120 -3.26037452230168e-06
121 -3.338756540582199e-06
122 -3.3382604408891046e-06
123 -3.351288941410235e-06
124 -3.2908807720018582e-06
125 -3.356868918350734e-06
126 -3.3057046384264295e-06
127 -3.3273142902400456e-06
128 -3.352090166642344e-06
129 -3.3473103782171008e-06
130 -3.4161923897870984e-06
131 -3.346271453813277e-06
132 -3.2997548355812445e-06
133 -3.3710480276650537e-06
134 -3.1774609548309987e-06
135 -3.4045021063422576e-06
136 -3.3895223655656368e-06
137 -3.5103715452295357e-06
138 -3.436538492293019e-06
139 -3.3592742332812245e-06
140 -3.2217135365683925e-06
141 -3.235315016126394e-06
142 -3.2480745718891077e-06
143 -3.281356013833147e-06
144 -3.438087158090012e-06
145 -3.286913649226595e-06
146 -3.231188302273245e-06
147 -3.3505420058650965e-06
148 -3.3980206827603427e-06
149 -3.2624601383978888e-06
150 -3.265233871540361e-06
151 -3.379684195541232e-06
152 -3.2984028708990497e-06
153 -3.176359473244354e-06
154 -3.246493153595423e-06
155 -3.379692785281925e-06
156 -3.400448511599713e-06
157 -3.4461805606798294e-06
158 -3.3069542403385263e-06
159 -3.341905520444839e-06
160 -3.2274865952837626e-06
161 -3.3587843386585263e-06
162 -3.218797560827272e-06
163 -3.367259469729194e-06
164 -3.256962377351461e-06
165 -3.387628235697569e-06
166 -3.2832630054793448e-06
167 -3.361206797096831e-06
168 -3.4278331915582945e-06
169 -3.228638674624516e-06
170 -3.1918521333562305e-06
171 -3.3636954250464084e-06
172 -3.41540230378955e-06
173 -3.2666272667349885e-06
174 -3.345192593366831e-06
175 -3.262069542489582e-06
176 -3.338577488321429e-06
177 -3.138787741566895e-06
178 -3.367894351509977e-06
179 -3.3518265928040136e-06
180 -3.1871527822161626e-06
181 -3.3715698086547397e-06
182 -3.442343224702044e-06
183 -3.3673782281794795e-06
184 -3.357471260172102e-06
185 -3.276150939256368e-06
186 -3.3966576427789454e-06
187 -3.3813957099204723e-06
188 -3.1147140077902564e-06
189 -3.3643433097961805e-06
190 -3.207384498511727e-06
191 -3.207746571063134e-06
192 -3.2882595608712032e-06
193 -3.274816756452327e-06
194 -3.2756450899882723e-06
195 -3.3414313399861193e-06
196 -3.28936658138413e-06
197 -3.3236220110771204e-06
198 -3.5141754324516663e-06
199 -3.330196301926478e-06
200 -3.21613162750234e-06
201 -3.3393830814353064e-06
202 -3.3623948430586297e-06
203 -3.381562142550652e-06
204 -3.1844701163420228e-06
205 -3.430298293031567e-06
206 -3.4024671068648074e-06
207 -3.5729151189480816e-06
208 -3.2966094132246e-06
209 -3.377982613497098e-06
210 -3.3677997110201044e-06
211 -3.261340149034312e-06
212 -3.2456807682711516e-06
213 -3.361665611201286e-06
214 -3.267932892123103e-06
215 -3.315738327039699e-06
216 -3.2431436235602063e-06
217 -3.3192511163957103e-06
218 -3.4320308036980055e-06
219 -3.2985101081489597e-06
220 -3.3924662216942294e-06
221 -3.344288615123793e-06
222 -3.188545216211046e-06
223 -3.2325745741463657e-06
224 -3.27277372432411e-06
225 -3.2101702799555206e-06
226 -3.3555676276341872e-06
227 -3.1062616170565575e-06
228 -3.3553829026789428e-06
229 -3.2824097411060674e-06
230 -3.25666771203912e-06
231 -3.280736997705009e-06
232 -3.4471725273185134e-06
233 -3.4479822604246255e-06
234 -3.241213657195529e-06
235 -3.344704729361047e-06
236 -3.2780405972063614e-06
237 -3.4085728910236135e-06
238 -3.432293210937147e-06
239 -3.254494921437919e-06
240 -3.384355992679229e-06
241 -3.360535229386624e-06
242 -3.4290001468099206e-06
243 -3.38375949876184e-06
244 -3.113647800233401e-06
245 -3.3325083099434133e-06
246 -3.300519908205534e-06
247 -3.3949764255968923e-06
248 -3.2837194522770537e-06
249 -3.2848963800285836e-06
250 -3.3583332923083735e-06
251 -3.269642080057902e-06
252 -3.3204230487801307e-06
253 -3.2423965050473995e-06
254 -3.3770223936607177e-06
255 -3.5360508524095086e-06
256 -3.2450259376629124e-06
257 -3.3945105307555036e-06
258 -3.3748350186158802e-06
259 -3.309093293581381e-06
260 -3.491060566751713e-06
261 -3.1991077388583738e-06
262 -3.2000047946000573e-06
263 -3.253985020869164e-06
264 -3.3059097487234498e-06
265 -3.3575845302573674e-06
266 -3.2975414679684487e-06
267 -3.3865013471320575e-06
268 -3.226348928295271e-06
269 -3.2020890936391846e-06
270 -3.277777507325141e-06
271 -3.328859683129774e-06
272 -3.050599237032554e-06
273 -3.271294062904867e-06
274 -3.1567758486267053e-06
275 -3.443585357404048e-06
276 -3.286296356254082e-06
277 -3.218480530732897e-06
278 -3.2267101961333464e-06
279 -3.397205129198058e-06
280 -3.1456765804133745e-06
281 -3.418027804680246e-06
282 -3.2203529150102805e-06
283 -3.346900527299421e-06
284 -3.280379936238876e-06
285 -3.0777328069894577e-06
286 -3.2401684344541168e-06
287 -3.2703106320991057e-06
288 -3.3161273050080957e-06
289 -3.3893440675773052e-06
290 -3.4541291041986074e-06
291 -3.339510481731793e-06
292 -3.3164677121838215e-06
293 -3.329630248654602e-06
294 -3.411579412338386e-06
295 -3.316734527117588e-06
296 -3.3806770648517144e-06
297 -3.1769661467755023e-06
298 -3.3855500865164015e-06
299 -3.233283749308246e-06
