0 -6.444448822519462e-07
1 -6.863814156999709e-07
2 -6.090383165792966e-07
3 -7.124326188914757e-07
4 -7.83646618451826e-07
5 -7.284663263321007e-07
6 -6.140642545583197e-07
7 -6.53682009628005e-07
8 -6.99024102769262e-07
9 -7.695858595875545e-07
10 -6.441352854123619e-07
11 -6.704165328485873e-07
12 -7.243734892530899e-07
13 -6.552548779653986e-07
14 -5.854904192642761e-07
15 -7.196513980289306e-07
16 -6.362034560412072e-07
17 -7.301929209257101e-07
18 -6.380707685494192e-07
19 -7.846605387865454e-07
20 -6.663930850381909e-07
21 -7.289601776569209e-07
22 -7.500425583762015e-07
23 -8.016460414327866e-07
24 -6.681636407959821e-07
25 -7.832687200151797e-07
26 -7.291847541246117e-07
27 -5.418798206616641e-07
28 -7.43409927966657e-07
29 -7.478261861927817e-07
30 -7.921738324375724e-07
31 -7.644949802588374e-07
32 -6.783582522945062e-07
33 -6.071839844314268e-07
34 -7.784959604437763e-07
35 -6.452066543041836e-07
36 -6.433718918815489e-07
37 -6.353580652037523e-07
38 -7.914492411403418e-07
39 -5.181433367232149e-07
40 -6.727741869954251e-07
41 -7.064955550496909e-07
42 -6.773545283213311e-07
43 -6.58426418561009e-07
44 -7.061515407367888e-07
45 -7.523718905372903e-07
46 -6.930463759974755e-07
47 -6.75050404271047e-07
48 -7.596440414933069e-07
49 -6.706421021945091e-07
50 -6.420080733975937e-07
51 -7.237623398672255e-07
52 -6.192767688663542e-07
53 -6.605102753403549e-07
54 -6.541155605690909e-07
55 -7.619315393539063e-07
56 -6.907756252469812e-07
57 -7.422668311976381e-07
58 -5.819660991620891e-07
59 -6.098079689909506e-07
60 -8.154275272646117e-07
61 -6.998337497766736e-07
62 -7.638429920823587e-07
63 -6.035306258041474e-07
64 -6.310028407600095e-07
65 -7.285921085597466e-07
66 -6.33533416693803e-07
67 -6.316116762550623e-07
68 -7.323041440056075e-07
69 -7.273161521768515e-07
70 -7.330942145349403e-07
71 -6.57864334176453e-07
72 -6.502872281019898e-07
73 -7.173540379475883e-07
74 -7.35209839667578e-07
75 -7.014203864400396e-07
76 -6.541014273927051e-07
77 -6.735216300304682e-07
78 -6.033228809657758e-07
79 -6.599182601394411e-07
80 -5.779177622682979e-07
81 -7.510842150131563e-07
82 -5.85343380117557e-07
83 -6.17656155086149e-07
84 -6.581668011818826e-07
85 -6.770633740145383e-07
86 -6.640164299066312e-07
87 -7.767106937627539e-07
88 -8.220133278009802e-07
89 -7.750731244970091e-07
90 -7.582697946056899e-07
91 -6.474276846395862e-07
92 -6.838493003551279e-07
93 -7.808380712856803e-07
94 -6.674409531365355e-07
95 -6.293121630726723e-07
96 -6.001104372737721e-07
97 -6.893567877758656e-07
98 -7.038534591937049e-07
99 -7.127825921728136e-07
100 -8.581129512737835e-07
101 -6.733368091063982e-07
102 -6.598500243174125e-07
103 -7.387196486241647e-07
104 -6.84627169050425e-07
105 -6.676777370321246e-07
106 -6.274488568070244e-07
107 -7.289934925163603e-07
108 -6.292349611209325e-07
109 -6.809928141847881e-07
110 -6.034373885854868e-07
111 -7.503238635530945e-07
112 -6.865774953118359e-07
113 -7.433328952836341e-07
114 -7.092437667316595e-07
115 -6.365501552675557e-07
116 -6.148412840481291e-07
117 -7.512137033036679e-07
118 -5.758487373978265e-07
119 -7.679275568185682e-07
120 -7.128485689173411e-07
121 -7.645921205559634e-07
122 -6.125286231264728e-07
123 -7.647042355840835e-07
124 -6.372742183225301e-07
125 -6.609253524964505e-07
126 -6.988958834463785e-07
127 -7.859259244870698e-07
128 -7.558411135515996e-07
129 -7.206499836636843e-07
130 -6.923692801118686e-07
131 -5.781710039585359e-07
132 -6.499757823647988e-07
133 -5.76516672104702e-07
134 -5.778010417365265e-07
135 -6.157320408302351e-07
136 -7.635519464360337e-07
137 -8.34720770876245e-07
138 -7.543736213123703e-07
139 -6.342525524109409e-07
140 -6.226463169987357e-07
141 -7.376154357949275e-07
142 -7.105594982496817e-07
143 -5.474117554301627e-07
144 -7.924277596710776e-07
145 -7.31131425687944e-07
146 -6.588270604173403e-07
147 -6.581170853820371e-07
148 -6.843264045214572e-07
149 -7.209021371289199e-07
150 -6.482347800342567e-07
151 -7.609121679070274e-07
152 -6.341707490138949e-07
153 -6.631971486826908e-07
154 -6.174538403567594e-07
155 -6.102961958555773e-07
156 -6.297894579167662e-07
157 -7.134526383408058e-07
158 -6.012232563205434e-07
159 -6.12327052826284e-07
160 -6.324341261273687e-07
161 -6.430406066104668e-07
162 -5.63512450199956e-07
163 -6.136513065645799e-07
164 -7.067824275986361e-07
165 -7.030071236156263e-07
166 -6.410730018893002e-07
167 -6.354176988552913e-07
168 -7.277525034997982e-07
169 -7.064545569747183e-07
170 -5.478902121695775e-07
171 -7.128235327612378e-07
172 -6.916343051498732e-07
173 -7.731949567068163e-07
174 -6.78390323492272e-07
175 -5.323433291796387e-07
176 -5.942472395775871e-07
177 -5.728831549058274e-07
178 -7.055505855819319e-07
179 -8.014292442322477e-07
180 -5.495736246550879e-07
181 -6.734635211671702e-07
182 -7.256993953033648e-07
183 -6.642932148116874e-07
184 -7.284348329490278e-07
185 -6.905791496442421e-07
186 -7.197598653774954e-07
187 -6.513652584390606e-07
188 -6.197671169213241e-07
189 -7.84644979588037e-07
190 -6.608775811515137e-07
191 -7.054691975853211e-07
192 -7.618785181981795e-07
193 -6.423161523899509e-07
194 -6.510071542179937e-07
195 -5.652439146646647e-07
196 -6.453121835233658e-07
197 -5.25251131638087e-07
198 -8.06027366144855e-07
199 -5.797031367842897e-07
200 -6.143204082603615e-07
201 -7.597898765995607e-07
202 -7.818034658083342e-07
203 -6.658370373317411e-07
204 -5.528969103771203e-07
205 -7.405617925941006e-07
206 -7.404291942429093e-07
207 -7.510465502600612e-07
208 -7.975282197200042e-07
209 -6.598499297337346e-07
210 -5.317706475844172e-07
211 -6.122469784326217e-07
212 -6.229339643059556e-07
213 -6.422596938045274e-07
214 -7.883446373236085e-07
215 -6.868363203038617e-07
216 -4.5224227799249485e-07
217 -6.20184622508631e-07
218 -7.605152926110916e-07
219 -6.73731109492654e-07
220 -6.833070587616757e-07
221 -6.918255544544836e-07
222 -5.8778519136934e-07
223 -7.137227238240054e-07
224 -6.919926249279497e-07
225 -6.619491060720291e-07
226 -6.711508054753027e-07
227 -6.155708746798917e-07
228 -6.991798782966158e-07
229 -6.255315464864383e-07
230 -5.352069524346858e-07
231 -6.783987117193255e-07
232 -7.165485196703232e-07
233 -7.62882129331993e-07
234 -6.007329704260918e-07
235 -6.5508316206108e-07
236 -6.391494418124629e-07
237 -7.308978201077272e-07
238 -7.724846837466657e-07
239 -6.052456109186203e-07
240 -5.942029281530027e-07
241 -7.6283486224981e-07
242 -7.69141031248056e-07
243 -6.993176088751836e-07
244 -5.750892998688457e-07
245 -6.447744407205954e-07
246 -6.060733606565955e-07
247 -6.243665583004832e-07
248 -5.923454263598847e-07
249 -5.287685348918834e-07
250 -6.453717217530898e-07
251 -7.451702725362476e-07
252 -6.343052994445894e-07
253 -6.391975954340493e-07
254 -6.762305499500646e-07
255 -7.731802679797636e-07
256 -5.567293336822155e-07
257 -6.797953772851436e-07
258 -7.79725565905435e-07
259 -7.039750882438878e-07
260 -7.176858595893758e-07
261 -6.515287039697573e-07
262 -6.721608400328082e-07
263 -5.859173751880931e-07
264 -7.822828886420306e-07
265 -7.115181849063425e-07
266 -6.153537711682407e-07
267 -7.440099875167044e-07
268 -6.318147716754622e-07
269 -5.419138569296741e-07
270 -7.216000353260101e-07
271 -6.748972035525559e-07
272 -5.77976217978083e-07
273 -7.43716627964834e-07
274 -5.972514777158187e-07
275 -6.867251178543804e-07
276 -5.819578160991865e-07
277 -6.048203117587258e-07
278 -6.178685777496297e-07
279 -7.177965351802332e-07
280 -5.311374911723612e-07
281 -8.143760714182046e-07
282 -5.813799406171216e-07
283 -6.376333144702346e-07
284 -6.873499265585456e-07
285 -6.246299761275523e-07
286 -6.909925533735119e-07
287 -5.807961779607181e-07
288 -6.949936233719377e-07
289 -6.897935421891515e-07
290 -6.443214360840041e-07
291 -6.614917298728312e-07
292 -6.265184857248647e-07
293 -7.329149750718507e-07
294 -6.501388614673988e-07
295 -6.790848425252291e-07
296 -6.74243415348306e-07
297 -6.381970172448546e-07
298 -7.532466809702856e-07
299 -5.857609024569816e-07
