0 -2.537281110631535e-07
1 -2.49469905862167e-07
2 -2.5456326826648204e-07
3 -2.5627193648773913e-07
4 -2.425069094325385e-07
5 -2.4527592052796597e-07
6 -2.5032095907494174e-07
7 -2.510950653970715e-07
8 -2.5162449488654256e-07
9 -2.4527218374811406e-07
10 -2.491789571192676e-07
11 -2.512425167951833e-07
12 -2.429052141872454e-07
13 -2.478547257335056e-07
14 -2.5011307465680495e-07
15 -2.4912309417002185e-07
16 -2.489342867752892e-07
17 -2.569416843351103e-07
18 -2.385426391449138e-07
19 -2.500555890926928e-07
20 -2.4813846385996654e-07
21 -2.3838363748110694e-07
22 -2.556766225603411e-07
23 -2.409122896773064e-07
24 -2.520292679912805e-07
25 -2.4706236543948134e-07
26 -2.5286293585038154e-07
27 -2.581710916062462e-07
28 -2.581684619553395e-07
29 -2.418944902192458e-07
30 -2.4936261776159884e-07
31 -2.5133731870958336e-07
32 -2.500669739898321e-07
33 -2.430690577558607e-07
34 -2.387610920888851e-07
35 -2.5578471780022293e-07
36 -2.5123400196206597e-07
37 -2.3780936443674991e-07
38 -2.402091829759745e-07
39 -2.4944489148377095e-07
40 -2.461370014182717e-07
41 -2.584576727887505e-07
42 -2.496082274117808e-07
43 -2.4761871376092536e-07
44 -2.4937946702603033e-07
45 -2.479870687664036e-07
46 -2.528688538890461e-07
47 -2.543593946794674e-07
48 -2.537309500413498e-07
49 -2.5096137252386946e-07
50 -2.5604391363030365e-07
51 -2.4442551313213047e-07
52 -2.3530733176355366e-07
53 -2.515751410469216e-07
54 -2.477613730334748e-07
55 -2.4641416612589897e-07
56 -2.4887947312065326e-07
57 -2.3955810482044296e-07
58 -2.4662084165269267e-07
59 -2.5317268476552104e-07
60 -2.386359328319184e-07
61 -2.552315663317165e-07
62 -2.5365187187442865e-07
63 -2.4036327169192954e-07
64 -2.458121539936386e-07
65 -2.471869985050552e-07
66 -2.4645274874190547e-07
67 -2.492962343228434e-07
68 -2.4500349142626117e-07
69 -2.4701630568155404e-07
70 -2.469156297820934e-07
71 -2.3908359003384335e-07
72 -2.5990643442431955e-07
73 -2.574072052976606e-07
74 -2.4457557809673533e-07
75 -2.540656166604898e-07
76 -2.4625207950683095e-07
77 -2.536972389340414e-07
78 -2.488843513898693e-07
79 -2.452461440040733e-07
80 -2.58524195267491e-07
81 -2.3782365394275295e-07
82 -2.392123047578681e-07
83 -2.5515924216209184e-07
84 -2.443024648818513e-07
85 -2.510714171004628e-07
86 -2.518878552594035e-07
87 -2.500225497804032e-07
88 -2.3594520658208937e-07
89 -2.427784290505411e-07
90 -2.3704638214572707e-07
91 -2.584039144495484e-07
92 -2.389463218554773e-07
93 -2.3898157161497363e-07
94 -2.486906245167672e-07
95 -2.6008832619980497e-07
96 -2.477206123314132e-07
97 -2.540321672416338e-07
98 -2.5220470456533987e-07
99 -2.4457567938785224e-07
100 -2.4282449513761675e-07
101 -2.560687133435244e-07
102 -2.5221252852710703e-07
103 -2.4132248059114254e-07
104 -2.500872626064541e-07
105 -2.4141745702420427e-07
106 -2.483770840672033e-07
107 -2.483410889737388e-07
108 -2.518590058531004e-07
109 -2.437991586030563e-07
110 -2.5407822494952295e-07
111 -2.494577984569914e-07
112 -2.4410894236431073e-07
113 -2.4900261194735163e-07
114 -2.4665815428975397e-07
115 -2.5404106543148056e-07
116 -2.5628195535013347e-07
117 -2.436580646960983e-07
118 -2.5022044353770995e-07
119 -2.545974448100658e-07
120 -2.39234951783114e-07
121 -2.4468866659060694e-07
122 -2.567393321963407e-07
123 -2.5137380998297634e-07
124 -2.4773357695361416e-07
125 -2.427724420389247e-07
126 -2.446430574614261e-07
127 -2.452404988304838e-07
128 -2.448863465550893e-07
129 -2.4955390727521455e-07
130 -2.489402782167863e-07
131 -2.502493386806983e-07
132 -2.4924366237117134e-07
133 -2.5824694319736355e-07
134 -2.454043648442139e-07
135 -2.620178652203003e-07
136 -2.4711987768874757e-07
137 -2.518478630214499e-07
138 -2.506056623203407e-07
139 -2.601484147523242e-07
140 -2.5068441716329567e-07
141 -2.425450498918257e-07
142 -2.370038764760731e-07
143 -2.5308858085443346e-07
144 -2.457955300797823e-07
145 -2.407292354297448e-07
146 -2.4318198415937844e-07
147 -2.45832511381056e-07
148 -2.5499181964911646e-07
149 -2.411908769928041e-07
150 -2.433532573805387e-07
151 -2.470747728603869e-07
152 -2.4617468697986443e-07
153 -2.4176036666651246e-07
154 -2.4726725187624997e-07
155 -2.516254014488275e-07
156 -2.5359357680495403e-07
157 -2.5143947392557707e-07
158 -2.5552400168541976e-07
159 -2.5803088069430725e-07
160 -2.54154641313068e-07
161 -2.466116446810766e-07
162 -2.4573905436421304e-07
163 -2.6015570825139336e-07
164 -2.508738662107697e-07
165 -2.508407997299542e-07
166 -2.510071560318057e-07
167 -2.433236129348634e-07
168 -2.5069365407081455e-07
169 -2.4057238008876275e-07
170 -2.5141401241681125e-07
171 -2.468070344591093e-07
172 -2.514951645042471e-07
173 -2.3990652258030504e-07
174 -2.465232042146161e-07
175 -2.508655617108957e-07
176 -2.431850057496014e-07
177 -2.407391636730508e-07
178 -2.4771723958652753e-07
179 -2.434692381084999e-07
180 -2.539448609686502e-07
181 -2.5270424980714435e-07
182 -2.534757519660851e-07
183 -2.5201688790722495e-07
184 -2.441220741597986e-07
185 -2.448568259199293e-07
186 -2.527212891253466e-07
187 -2.571251650242008e-07
188 -2.385897796210157e-07
189 -2.440748626590809e-07
190 -2.3389604627606651e-07
191 -2.4845364745627433e-07
192 -2.45049249197286e-07
193 -2.507410584992073e-07
194 -2.3953547584902256e-07
195 -2.60469791056124e-07
196 -2.495731830393194e-07
197 -2.5359137726993553e-07
198 -2.441552436204143e-07
199 -2.513637849501996e-07
200 -2.4816608053301735e-07
201 -2.3657911903332362e-07
202 -2.450715229305078e-07
203 -2.482694342111374e-07
204 -2.448634426795667e-07
205 -2.4997139294245854e-07
206 -2.4761074421339447e-07
207 -2.59645560420345e-07
208 -2.391456906527843e-07
209 -2.506620329012347e-07
210 -2.659768226110075e-07
211 -2.5103020758504253e-07
212 -2.5000857993232147e-07
213 -2.47356761520044e-07
214 -2.478787971095336e-07
215 -2.4645739658858866e-07
216 -2.5209645117445277e-07
217 -2.506920208775745e-07
218 -2.506424037910351e-07
219 -2.5136745365069604e-07
220 -2.478145092516071e-07
221 -2.4345398552635673e-07
222 -2.4495932726975256e-07
223 -2.4137892233187086e-07
224 -2.5467095872482417e-07
225 -2.418489991841022e-07
226 -2.483170044564647e-07
227 -2.437946736318101e-07
228 -2.44452854293465e-07
229 -2.469119577196829e-07
230 -2.497461100415559e-07
231 -2.4738288166782e-07
232 -2.5273310855347416e-07
233 -2.4608944392078717e-07
234 -2.482222359094821e-07
235 -2.512493815675909e-07
236 -2.5352108501089647e-07
237 -2.5146782591218695e-07
238 -2.433949402831308e-07
239 -2.533647953000056e-07
240 -2.540720935112369e-07
241 -2.4667541308598075e-07
242 -2.4548596762034453e-07
243 -2.5057625798926205e-07
244 -2.481024704356392e-07
245 -2.531422404006479e-07
246 -2.4967147957457834e-07
247 -2.5930121424724654e-07
248 -2.576326420368311e-07
249 -2.558353607600544e-07
250 -2.5577336683953655e-07
251 -2.415755070050179e-07
252 -2.491026824520571e-07
253 -2.511206604724575e-07
254 -2.53982453649884e-07
255 -2.5062622360603987e-07
256 -2.510319034129948e-07
257 -2.590093544072947e-07
258 -2.4559794572456483e-07
259 -2.444003923653354e-07
260 -2.549807102115555e-07
261 -2.450171091125187e-07
262 -2.482406226548276e-07
263 -2.502182857999056e-07
264 -2.3513062467420128e-07
265 -2.4843321240038936e-07
266 -2.4220883240916556e-07
267 -2.519047268637792e-07
268 -2.48599757307151e-07
269 -2.4286950032625606e-07
270 -2.439358405366342e-07
271 -2.5002731200920313e-07
272 -2.4479971603184304e-07
273 -2.3668503924167336e-07
274 -2.343189004814544e-07
275 -2.528033053750564e-07
276 -2.5347554512237096e-07
277 -2.4529164797284036e-07
278 -2.4832166712634905e-07
279 -2.477123035579196e-07
280 -2.463943240583072e-07
281 -2.494725612876832e-07
282 -2.514410170546279e-07
283 -2.5156740905779723e-07
284 -2.4751100793597275e-07
285 -2.375599844518119e-07
286 -2.5139515684223513e-07
287 -2.590793276280016e-07
288 -2.4670046983766287e-07
289 -2.527898521300262e-07
290 -2.625658687927537e-07
291 -2.4948378351587435e-07
292 -2.5201041834944945e-07
293 -2.511067855193074e-07
294 -2.51303548654832e-07
295 -2.486626369629269e-07
296 -2.4511400495803124e-07
297 -2.47577771086746e-07
298 -2.509622398030748e-07
299 -2.4742600354968933e-07
