0 -5.63720042386517e-07
1 -5.719967891784934e-07
2 -6.028269574902594e-07
3 -5.107984047001926e-07
4 -4.049290971348772e-07
5 -4.908173300940366e-07
6 -5.977404010846703e-07
7 -5.74142930404255e-07
8 -5.340763969648845e-07
9 -4.2163174457050255e-07
10 -6.042080768065029e-07
11 -5.054030400345646e-07
12 -5.440319956309314e-07
13 -6.864053805120834e-07
14 -7.029361222041292e-07
15 -5.210987252544794e-07
16 -5.767585859061195e-07
17 -4.054380110779087e-07
18 -6.101355361032471e-07
19 -3.2037414559012955e-07
20 -6.064404709826836e-07
21 -5.513726169675962e-07
22 -3.634429957483868e-07
23 -3.8005569878108486e-07
24 -5.794932671798789e-07
25 -3.05505171301688e-07
26 -5.127402498724004e-07
27 -6.913836165628325e-07
28 -3.8072592852384593e-07
29 -4.1140709446927817e-07
30 -4.2383393585904513e-07
31 -4.070461837507389e-07
32 -5.994999321535196e-07
33 -7.236475751569059e-07
34 -3.9523203566844256e-07
35 -5.539022917943945e-07
36 -6.148212503000775e-07
37 -6.380274114520904e-07
38 -4.823511363560102e-07
39 -8.014766506177029e-07
40 -5.692915205847721e-07
41 -4.780602872320218e-07
42 -5.589682865538844e-07
43 -5.788490426772803e-07
44 -4.975715331550925e-07
45 -4.3810375457662435e-07
46 -5.392155842816767e-07
47 -5.224579053146816e-07
48 -3.9385781391647834e-07
49 -5.755718092525064e-07
50 -6.040824697667837e-07
51 -4.841376223271099e-07
52 -6.401345847026471e-07
53 -5.246699628487926e-07
54 -6.422764373438584e-07
55 -4.84817538463974e-07
56 -4.945608928372227e-07
57 -5.164693045079111e-07
58 -7.234789117704682e-07
59 -6.33205672514003e-07
60 -2.654373172781785e-07
61 -4.695711601185305e-07
62 -3.660219513792024e-07
63 -6.664638028115371e-07
64 -6.871602656852758e-07
65 -5.264067314203309e-07
66 -5.755262848743186e-07
67 -6.426218197057246e-07
68 -4.648632132629166e-07
69 -5.217912319800603e-07
70 -4.621212192487675e-07
71 -6.327397787040284e-07
72 -5.783591121735077e-07
73 -4.4409194254311054e-07
74 -4.2277202901955267e-07
75 -5.102352428240527e-07
76 -6.226661696574454e-07
77 -5.370107232946992e-07
78 -7.196744422677077e-07
79 -5.682411888380369e-07
80 -6.885990934825877e-07
81 -4.780320692786773e-07
82 -7.451010995878231e-07
83 -6.156150966704528e-07
84 -6.180252175339348e-07
85 -5.754818093493919e-07
86 -5.724936333381745e-07
87 -3.966906491231227e-07
88 -3.3568453476615245e-07
89 -4.5537424758750225e-07
90 -4.148737441198248e-07
91 -5.504306811778309e-07
92 -5.68341404748446e-07
93 -3.379738037841401e-07
94 -5.293854142619895e-07
95 -6.074136303735489e-07
96 -6.874387357391898e-07
97 -5.892703201998482e-07
98 -4.659737530206218e-07
99 -4.87696703196579e-07
100 -2.296772520659206e-07
101 -5.328241651979158e-07
102 -5.566152545380155e-07
103 -4.539860205270898e-07
104 -5.827178119964137e-07
105 -5.908350951939238e-07
106 -6.068167300361492e-07
107 -4.537485392902902e-07
108 -6.097280333204294e-07
109 -5.48558885030915e-07
110 -5.955996643200603e-07
111 -4.827750507675742e-07
112 -5.399963356071129e-07
113 -4.255894501369096e-07
114 -5.197644609513615e-07
115 -5.7997621938445e-07
116 -6.422674264694319e-07
117 -4.899145242193452e-07
118 -6.505868285141596e-07
119 -3.9082964991505574e-07
120 -6.126497943766756e-07
121 -4.314993959295377e-07
122 -5.982561382545291e-07
123 -3.936719811980252e-07
124 -6.216951250962632e-07
125 -5.974514002079668e-07
126 -4.864086638151158e-07
127 -3.4477129747747086e-07
128 -4.484809474376801e-07
129 -4.5967231517049843e-07
130 -5.263245387726185e-07
131 -7.032581590065415e-07
132 -6.316120365740644e-07
133 -6.824955340835521e-07
134 -6.759066724498062e-07
135 -5.649792934925926e-07
136 -3.704739550070356e-07
137 -3.756900196623097e-07
138 -3.9150715185917795e-07
139 -5.19011594148322e-07
140 -6.241939605366443e-07
141 -4.468901732435896e-07
142 -5.369172672161565e-07
143 -7.419069427820142e-07
144 -3.8949783321508995e-07
145 -4.3587478396452344e-07
146 -5.310904465428031e-07
147 -6.083222857174913e-07
148 -5.539374114288971e-07
149 -4.6580037517353644e-07
150 -6.450729118422816e-07
151 -3.873191290872244e-07
152 -6.305745285122242e-07
153 -5.519870597537834e-07
154 -6.156296695653129e-07
155 -7.197774379114435e-07
156 -6.310572600852454e-07
157 -5.217450417658825e-07
158 -6.741717856344755e-07
159 -6.234453882177592e-07
160 -5.776193548567864e-07
161 -5.794078144744713e-07
162 -7.091735065435839e-07
163 -6.002034120601945e-07
164 -4.229531600556081e-07
165 -5.764787316121911e-07
166 -6.657558078407617e-07
167 -6.501896041342349e-07
168 -4.285455091870018e-07
169 -5.388118728858662e-07
170 -7.466383641758428e-07
171 -5.384115010387502e-07
172 -5.36190111312201e-07
173 -4.49014831638273e-07
174 -5.975471559337943e-07
175 -7.926173150541685e-07
176 -6.746039053684341e-07
177 -7.357283892696369e-07
178 -5.471255601779521e-07
179 -4.03382497832253e-07
180 -6.936136525806521e-07
181 -5.598831359384896e-07
182 -4.121829376983624e-07
183 -5.839244819589306e-07
184 -5.146405944311447e-07
185 -6.132887167314854e-07
186 -4.6426394249444813e-07
187 -5.193284304423237e-07
188 -6.594561605553161e-07
189 -4.1974346288998385e-07
190 -6.134889158478966e-07
191 -4.4462180272819543e-07
192 -3.733942878715788e-07
193 -5.579692213268967e-07
194 -6.181630598301376e-07
195 -6.388338198392622e-07
196 -5.708533078581572e-07
197 -7.940890110324465e-07
198 -4.041077091034934e-07
199 -6.434728498543998e-07
200 -7.036601929019889e-07
201 -4.7013410966340067e-07
202 -3.5440724352810044e-07
203 -6.257336300507686e-07
204 -7.010933288502073e-07
205 -3.982580915984824e-07
206 -4.4697923740438574e-07
207 -4.1186413619961576e-07
208 -3.130627821352735e-07
209 -6.173042764914742e-07
210 -6.71885129624037e-07
211 -6.193724540123509e-07
212 -6.137470158493827e-07
213 -6.785244356135684e-07
214 -3.8541288550661855e-07
215 -5.27945591339993e-07
216 -9.041259292618843e-07
217 -6.262952512506309e-07
218 -3.7118676749138356e-07
219 -5.749715805774772e-07
220 -5.905866285450465e-07
221 -5.647113585456168e-07
222 -7.305494334469493e-07
223 -4.293763588219317e-07
224 -4.6362743211705474e-07
225 -6.152587388666448e-07
226 -5.130750322229551e-07
227 -6.922911812069515e-07
228 -5.195400187260291e-07
229 -6.374571099594208e-07
230 -8.348043876645443e-07
231 -5.647763118214929e-07
232 -5.269070010192313e-07
233 -4.456626017520259e-07
234 -6.794384368034369e-07
235 -5.713952808731191e-07
236 -6.263241392363861e-07
237 -4.961014343859408e-07
238 -3.963259074057041e-07
239 -6.338262792564557e-07
240 -6.985199961109194e-07
241 -4.715748842659712e-07
242 -4.7111616106285175e-07
243 -4.985754049011514e-07
244 -7.557966731925035e-07
245 -6.035123135060327e-07
246 -6.600259785034856e-07
247 -5.819861801059957e-07
248 -6.354514381564822e-07
249 -7.555915953469608e-07
250 -6.029943375741847e-07
251 -4.63160776484014e-07
252 -5.881529629624333e-07
253 -5.238021921146336e-07
254 -6.085287751148333e-07
255 -4.2884763445083755e-07
256 -7.404616373527034e-07
257 -4.4894197754889696e-07
258 -3.830389191157003e-07
259 -5.166933441532601e-07
260 -4.4968584491850475e-07
261 -5.47585564098172e-07
262 -5.501449558758534e-07
263 -7.309015892483033e-07
264 -4.194843508883962e-07
265 -4.970500536729046e-07
266 -6.424223894621194e-07
267 -3.799469458273381e-07
268 -5.059151340878688e-07
269 -8.051686473011724e-07
270 -4.756132352763316e-07
271 -5.935315817468781e-07
272 -7.177696870672903e-07
273 -5.005859314398116e-07
274 -7.643741181846728e-07
275 -5.65246200552559e-07
276 -6.64896701813585e-07
277 -6.604118176026653e-07
278 -6.174875606133557e-07
279 -5.067732759171215e-07
280 -6.818778913480621e-07
281 -3.315034321506709e-07
282 -6.484488590038148e-07
283 -5.99560620731177e-07
284 -5.359276041219813e-07
285 -6.964236441965911e-07
286 -5.098866822712576e-07
287 -6.602332795625138e-07
288 -5.170558339730949e-07
289 -5.441654507325747e-07
290 -5.479511289042596e-07
291 -5.622452985935142e-07
292 -6.238111070830013e-07
293 -4.3107285789585677e-07
294 -6.175060163816274e-07
295 -5.326835739612774e-07
296 -5.229423818257168e-07
297 -6.020930253788101e-07
298 -4.22516800730437e-07
299 -6.108990661827956e-07
