0 -7.227772223623389e-07
1 -7.701972108173583e-07
2 -7.059681401035295e-07
3 -7.189451367780768e-07
4 -7.550055224788568e-07
5 -7.663860994048438e-07
6 -7.327145728100987e-07
7 -7.417963940223807e-07
8 -6.918778100468246e-07
9 -7.193854022155557e-07
10 -7.254653683872191e-07
11 -7.575572221003895e-07
12 -7.537829418787528e-07
13 -7.712615663010869e-07
14 -7.095125374575681e-07
15 -7.293496307729836e-07
16 -7.057041158186534e-07
17 -7.320051629124761e-07
18 -7.931793842372844e-07
19 -7.479118947039041e-07
20 -7.364229639334874e-07
21 -7.031371998663727e-07
22 -7.17854043765194e-07
23 -7.83401718446678e-07
24 -7.476714309172102e-07
25 -7.741952249029459e-07
26 -7.026386453160565e-07
27 -7.47197895281431e-07
28 -7.154970332473195e-07
29 -7.692383018007402e-07
30 -7.37607658635449e-07
31 -7.216000710412727e-07
32 -7.518810028879188e-07
33 -7.335226858407362e-07
34 -7.862672726133409e-07
35 -7.066063120331051e-07
36 -7.431304429970769e-07
37 -7.668145314751719e-07
38 -7.485775908970077e-07
39 -7.902152231806139e-07
40 -7.54298187936828e-07
41 -7.072871530970939e-07
42 -7.371698735337923e-07
43 -7.078681166290606e-07
44 -6.611854545175428e-07
45 -7.214992927605917e-07
46 -7.502973603314385e-07
47 -7.502645493889586e-07
48 -7.328348862500122e-07
49 -7.45341364893024e-07
50 -6.917790044894318e-07
51 -7.941224603999651e-07
52 -8.18286745646141e-07
53 -7.43867178649858e-07
54 -7.974664502105718e-07
55 -7.442570505768276e-07
56 -7.292541995576306e-07
57 -7.735421893616818e-07
58 -7.279132373131996e-07
59 -7.467665073143507e-07
60 -7.664760906473951e-07
61 -7.265857730956237e-07
62 -7.139521120405477e-07
63 -8.012444817656716e-07
64 -7.896288598443351e-07
65 -7.300808365431245e-07
66 -7.21463002744316e-07
67 -7.615085810144531e-07
68 -7.259695085467728e-07
69 -7.082432503058365e-07
70 -7.484822079966244e-07
71 -8.040462604888617e-07
72 -7.228841853931562e-07
73 -6.92776667854496e-07
74 -7.807517270388775e-07
75 -7.284588084532034e-07
76 -7.302323777783645e-07
77 -7.015125118336787e-07
78 -7.635246981982391e-07
79 -7.729594827576166e-07
80 -7.143591120446734e-07
81 -7.174013790260163e-07
82 -7.895070010222084e-07
83 -7.207122590237109e-07
84 -7.487840834413547e-07
85 -6.981616909622493e-07
86 -7.582245693961439e-07
87 -7.15685686186703e-07
88 -7.774713110028552e-07
89 -7.678779595911703e-07
90 -8.194212632520341e-07
91 -6.673957519072881e-07
92 -7.355118419066979e-07
93 -7.943330012909275e-07
94 -7.398805803843556e-07
95 -6.73473474698911e-07
96 -6.949927937102882e-07
97 -7.190813141620617e-07
98 -7.443408981779573e-07
99 -7.691226857403644e-07
100 -7.243165161719751e-07
101 -7.105426841863039e-07
102 -7.124816739531334e-07
103 -7.827001519806885e-07
104 -7.043575795602437e-07
105 -7.924574144377867e-07
106 -7.521504826009421e-07
107 -7.426337653130777e-07
108 -7.461800083516348e-07
109 -7.833961879915555e-07
110 -6.898459434303108e-07
111 -7.264741346956014e-07
112 -7.381398063642927e-07
113 -7.120527995509118e-07
114 -7.667827944272495e-07
115 -7.225503734035222e-07
116 -7.496280152895741e-07
117 -7.618922239428228e-07
118 -7.607793174886671e-07
119 -6.837274100833751e-07
120 -7.83020829882369e-07
121 -7.419754334804947e-07
122 -7.10270690914224e-07
123 -7.340467692557681e-07
124 -7.350396053682599e-07
125 -7.291176762840596e-07
126 -7.301332088291435e-07
127 -7.474009439783895e-07
128 -7.235221527437176e-07
129 -7.292429947964685e-07
130 -7.056109831547851e-07
131 -7.177799655322323e-07
132 -7.428359910216562e-07
133 -7.140515470272337e-07
134 -7.730285388172041e-07
135 -6.909806961335491e-07
136 -7.225178568070372e-07
137 -6.989699268021426e-07
138 -7.123105280867847e-07
139 -7.099627163060235e-07
140 -7.613992819956625e-07
141 -7.706419321522357e-07
142 -7.828567340817454e-07
143 -7.266253646532919e-07
144 -7.225216896803878e-07
145 -7.43560383421798e-07
146 -7.539834403198372e-07
147 -7.228894377759483e-07
148 -7.147073196158995e-07
149 -7.778054071848334e-07
150 -7.668346708144391e-07
151 -7.177902874688996e-07
152 -7.305100046358914e-07
153 -8.016528114827247e-07
154 -7.464165080598272e-07
155 -7.229597715971719e-07
156 -7.080961063673363e-07
157 -6.967650016228257e-07
158 -7.367455640625975e-07
159 -7.218454079581547e-07
160 -7.573949935993907e-07
161 -6.970605401609575e-07
162 -7.436978834273002e-07
163 -7.643930338906777e-07
164 -7.601221625408181e-07
165 -7.411889667236816e-07
166 -7.485782760772502e-07
167 -7.367835808324403e-07
168 -7.121081530414473e-07
169 -7.802943311502671e-07
170 -7.476134001478995e-07
171 -7.470191957621863e-07
172 -6.977951053681823e-07
173 -7.868335687573657e-07
174 -7.563661395445806e-07
175 -7.566240159257134e-07
176 -7.219445824661482e-07
177 -7.983248930371109e-07
178 -7.305482138329551e-07
179 -7.394145846081581e-07
180 -7.66949387114637e-07
181 -7.13577239446581e-07
182 -7.020222771473462e-07
183 -7.271660062773905e-07
184 -7.42738658787463e-07
185 -7.552122576733434e-07
186 -7.273259163560977e-07
187 -6.945426127777144e-07
188 -8.234351458862587e-07
189 -7.533636426226807e-07
190 -7.962964144069987e-07
191 -7.672964806565258e-07
192 -7.40719910356059e-07
193 -7.604832810896912e-07
194 -7.731852914160083e-07
195 -6.916448146694724e-07
196 -7.536362968685786e-07
197 -7.469933455317966e-07
198 -7.171534005421913e-07
199 -7.398902844800118e-07
200 -7.809730438978929e-07
201 -7.292525127920528e-07
202 -7.578701546842631e-07
203 -7.235117691208433e-07
204 -7.674138393864187e-07
205 -6.941020014012939e-07
206 -7.284083046210161e-07
207 -6.406711002638613e-07
208 -7.661797999484708e-07
209 -7.298551651869211e-07
210 -6.800822157643164e-07
211 -7.249430854441076e-07
212 -7.514430820902621e-07
213 -7.198602058461635e-07
214 -7.884296423701143e-07
215 -7.362043480631174e-07
216 -7.637705865587491e-07
217 -7.290808886076173e-07
218 -6.871062767479884e-07
219 -7.555656944275293e-07
220 -7.155198415904271e-07
221 -7.401846941487534e-07
222 -7.844566270581193e-07
223 -7.606584127430796e-07
224 -7.71327957083146e-07
225 -7.805618771381128e-07
226 -7.198910188397002e-07
227 -8.027517235941488e-07
228 -7.295830069533859e-07
229 -7.428409946187336e-07
230 -7.650256551536024e-07
231 -7.600271184463815e-07
232 -7.043895775483812e-07
233 -7.003603082510047e-07
234 -7.524545852871082e-07
235 -7.310449284662864e-07
236 -7.573910925715569e-07
237 -7.294666531372232e-07
238 -7.096982778530361e-07
239 -7.62900626148039e-07
240 -7.433695937678875e-07
241 -7.575736196593479e-07
242 -7.312634638581502e-07
243 -7.155213015262432e-07
244 -8.210242722216925e-07
245 -7.495008443130513e-07
246 -7.45992401164371e-07
247 -7.107908398762657e-07
248 -7.44022358219742e-07
249 -7.1601606726703e-07
250 -7.19869435569442e-07
251 -7.603484145132363e-07
252 -7.281387978336994e-07
253 -7.541768566950133e-07
254 -7.323771309705696e-07
255 -6.84370161897008e-07
256 -7.629002287971882e-07
257 -7.244330236553398e-07
258 -7.502882790334371e-07
259 -7.247482350660052e-07
260 -6.715266897208681e-07
261 -7.898863001083481e-07
262 -8.020276670768352e-07
263 -7.470304153460927e-07
264 -7.703607715498462e-07
265 -7.545213641373934e-07
266 -7.30177523028819e-07
267 -7.062016773185613e-07
268 -7.673072408951932e-07
269 -7.758599028597274e-07
270 -7.651318967516971e-07
271 -7.242834096465409e-07
272 -8.452854266850894e-07
273 -7.799620828974893e-07
274 -7.937179103885867e-07
275 -7.056698766234146e-07
276 -7.395553604684565e-07
277 -7.536387595767424e-07
278 -7.916323130110131e-07
279 -7.107386504393853e-07
280 -7.61327045310023e-07
281 -7.198067108886971e-07
282 -7.655984516079701e-07
283 -7.173362359482313e-07
284 -7.559672635497428e-07
285 -8.367770437308026e-07
286 -7.838100730043146e-07
287 -7.264125095989886e-07
288 -7.553522643797786e-07
289 -7.068867302518638e-07
290 -6.854014740705883e-07
291 -7.383470956779794e-07
292 -7.300052793245091e-07
293 -7.68283781533739e-07
294 -7.111647538805412e-07
295 -7.272581452381347e-07
296 -7.059865590982109e-07
297 -7.923094743123697e-07
298 -7.365042428147907e-07
299 -7.704178309663697e-07
