0 -5.055296476662506e-06
1 -5.075792116091005e-06
2 -4.976384715159903e-06
3 -4.81601861410276e-06
4 -5.0400696147045e-06
5 -4.982583273793155e-06
6 -4.890516352081153e-06
7 -4.9183824915374715e-06
8 -5.000334322743887e-06
9 -4.934032413469921e-06
10 -4.582092770493305e-06
11 -5.0191150954259154e-06
12 -4.874484418556654e-06
13 -4.957671936088645e-06
14 -5.087558863707035e-06
15 -4.9657794079947245e-06
16 -5.021364275283258e-06
17 -4.9473718914256765e-06
18 -4.862466520913976e-06
19 -5.123097412446525e-06
20 -4.8603535361499995e-06
21 -4.828177476777057e-06
22 -5.0735873329323616e-06
23 -4.941581986248287e-06
24 -4.863197557304325e-06
25 -5.02308684694583e-06
26 -5.14506411090915e-06
27 -5.027439990867141e-06
28 -5.125391816057808e-06
29 -4.977176452229198e-06
30 -4.7525849314297105e-06
31 -4.940955134144323e-06
32 -5.020222292249754e-06
33 -5.103109751873362e-06
34 -4.981470090091238e-06
35 -4.887691292523208e-06
36 -5.106698583000168e-06
37 -5.131832825733054e-06
38 -5.1310785462151995e-06
39 -5.040427946365447e-06
40 -4.930784075868084e-06
41 -4.9526236723200685e-06
42 -4.999890261068605e-06
43 -4.907931194659397e-06
44 -5.114554804286439e-06
45 -5.180648748644062e-06
46 -4.976643439550158e-06
47 -5.0528242158362794e-06
48 -4.911392678735563e-06
49 -4.934803442376725e-06
50 -4.84768940004586e-06
51 -5.119593041718468e-06
52 -4.982082115832499e-06
53 -5.0411370961615315e-06
54 -4.792092931743935e-06
55 -5.142150717848026e-06
56 -5.024801977777189e-06
57 -4.9555841451229596e-06
58 -5.029781804220896e-06
59 -4.648249747826232e-06
60 -5.039693944772565e-06
61 -4.797682698874054e-06
62 -5.123632401817077e-06
63 -5.159263606247282e-06
64 -4.914955591181383e-06
65 -4.7328157198209416e-06
66 -4.818145491255965e-06
67 -4.919422986850056e-06
68 -4.866683250216473e-06
69 -5.089999432114403e-06
70 -4.619681901942397e-06
71 -5.03536563352051e-06
72 -4.775157950478118e-06
73 -4.988254934246833e-06
74 -5.08669869411829e-06
75 -4.807979546038183e-06
76 -5.020983311287627e-06
77 -4.899606078728505e-06
78 -4.933156898475664e-06
79 -4.927666175648609e-06
80 -4.877679454039196e-06
81 -4.786038536034436e-06
82 -4.969780509302268e-06
83 -4.989636154433849e-06
84 -5.005958723584362e-06
85 -4.976805307577155e-06
86 -4.776094958131098e-06
87 -4.750031581403991e-06
88 -4.914749985202967e-06
89 -4.955149729849014e-06
90 -5.000972627633354e-06
91 -4.717982440937166e-06
92 -4.910561356660457e-06
93 -4.9295334037681514e-06
94 -5.02162008106793e-06
95 -4.763656517423075e-06
96 -4.9317464451991285e-06
97 -4.809313706665649e-06
98 -5.123680389267666e-06
99 -5.082654920229026e-06
100 -4.987720118177328e-06
101 -5.219015097084567e-06
102 -4.897691304419806e-06
103 -4.701607358240852e-06
104 -4.867485315586109e-06
105 -4.949488238455908e-06
106 -5.0807195769405574e-06
107 -5.1413408775899815e-06
108 -4.755756810005173e-06
109 -4.9841486619733735e-06
110 -5.188748628651183e-06
111 -4.859973626902716e-06
112 -5.032065156440791e-06
113 -4.985610843919388e-06
114 -5.411785930183981e-06
115 -4.958129934148206e-06
116 -4.804154992443553e-06
117 -4.860425754568378e-06
118 -5.019871671941431e-06
119 -5.055910562675438e-06
120 -5.042594203413407e-06
121 -4.6732241991167565e-06
122 -5.058548826956678e-06
123 -5.194900096683396e-06
124 -5.235968413036289e-06
125 -4.8360358137956385e-06
126 -4.758100880048639e-06
127 -4.940136068498265e-06
128 -4.996655391421191e-06
129 -5.149385336414631e-06
130 -4.734187921100703e-06
131 -4.793842402203521e-06
132 -4.695066478878464e-06
133 -5.043236793429402e-06
134 -4.759793513789111e-06
135 -4.838106933756091e-06
136 -4.826727143751269e-06
137 -4.90268698591788e-06
138 -4.870031091248641e-06
139 -4.895846188102421e-06
140 -5.059485313023883e-06
141 -4.991559453108181e-06
142 -5.085299658941026e-06
143 -5.095906631175891e-06
144 -5.158893401753604e-06
145 -4.897302986048504e-06
146 -4.857634861138689e-06
147 -5.095408648644983e-06
148 -5.0171722529155305e-06
149 -5.001569786905366e-06
150 -4.907903854968056e-06
151 -4.845650929223891e-06
152 -4.7455988494661945e-06
153 -5.023951510937166e-06
154 -4.9810634786626715e-06
155 -5.076847620626469e-06
156 -5.138581372727531e-06
157 -4.95965591431859e-06
158 -4.7973500652467894e-06
159 -4.818044382198552e-06
160 -5.154951182525779e-06
161 -4.830909030059911e-06
162 -5.044722621581055e-06
163 -4.819602772202159e-06
164 -4.918693459736283e-06
165 -4.79756613281226e-06
166 -4.869737231636464e-06
167 -4.827509187610709e-06
168 -4.734228262467933e-06
169 -4.96763185652756e-06
170 -4.82842840261538e-06
171 -5.160888522162375e-06
172 -5.042793281448749e-06
173 -4.943084390270307e-06
174 -4.872587512886784e-06
175 -4.7863112703648415e-06
176 -4.872802550675629e-06
177 -5.009081863511145e-06
178 -5.099748851816664e-06
179 -4.862433281206901e-06
180 -5.002950546224703e-06
181 -4.943868464642491e-06
182 -4.873936273292927e-06
183 -5.048556210372618e-06
184 -5.051792688640182e-06
185 -5.083318070696031e-06
186 -4.856034325382517e-06
187 -4.772855170669083e-06
188 -4.896734861832915e-06
189 -5.037773970037125e-06
190 -5.185463897615414e-06
191 -4.914238036989375e-06
192 -4.73625529999226e-06
193 -4.7595927577988105e-06
194 -4.898749417091008e-06
195 -4.924584307546436e-06
196 -5.130057628068159e-06
197 -4.873893980648804e-06
198 -4.893601149744215e-06
199 -4.990024482342206e-06
200 -5.058096516279779e-06
201 -4.953024241293638e-06
202 -4.867484755188567e-06
203 -5.0838465224080695e-06
204 -4.834058892653038e-06
205 -4.926838595643348e-06
206 -4.911466211735417e-06
207 -5.070088730715807e-06
208 -4.991665079261914e-06
209 -4.770513688751364e-06
210 -4.71672774210212e-06
211 -5.098397643484532e-06
212 -4.792849768238862e-06
213 -5.1687464689602446e-06
214 -4.9587136995982165e-06
215 -5.103081022177584e-06
216 -4.9773494436342825e-06
217 -5.106288664421866e-06
218 -5.149040019651503e-06
219 -4.932465002797717e-06
220 -4.977099701656352e-06
221 -5.018987327740741e-06
222 -4.969359683260775e-06
223 -5.035276863589223e-06
224 -5.055549746871388e-06
225 -4.971328127528172e-06
226 -4.856842711475409e-06
227 -4.9134264299554425e-06
228 -4.79048799072224e-06
229 -5.021155316607274e-06
230 -4.823799432701998e-06
231 -5.1275791972203925e-06
232 -5.135442815765149e-06
233 -4.757654392425251e-06
234 -4.9267243701449086e-06
235 -5.128598418838884e-06
236 -4.76050713442899e-06
237 -4.906086676991283e-06
238 -5.072841366381323e-06
239 -5.090729191008259e-06
240 -5.117878994918114e-06
241 -4.943987958174138e-06
242 -4.910547590020221e-06
243 -4.895082019610392e-06
244 -4.913957132124719e-06
245 -4.996244140386055e-06
246 -4.8866066795783525e-06
247 -4.941987074855206e-06
248 -4.997559370817325e-06
249 -4.91838243528997e-06
250 -4.982375571187907e-06
251 -5.021036763601419e-06
252 -4.75684611574128e-06
253 -4.774869497121103e-06
254 -4.800505047651276e-06
255 -4.8094405632072714e-06
256 -4.880240210390663e-06
257 -5.0331309724555075e-06
258 -4.87074101776074e-06
259 -4.925906579245502e-06
260 -5.0989768141323055e-06
261 -4.949688019322956e-06
262 -4.743820333685179e-06
263 -5.092754447966226e-06
264 -5.199025874264061e-06
265 -5.168161296082011e-06
266 -4.75407829072502e-06
267 -5.401553382588695e-06
268 -4.891538342526479e-06
269 -5.130257405294999e-06
270 -4.8330042077621525e-06
271 -5.055160703481916e-06
272 -4.969570901942265e-06
273 -4.990781392922247e-06
274 -4.985052845883206e-06
275 -4.976764581765484e-06
276 -4.874197052186353e-06
277 -4.920095784064659e-06
278 -4.782527521219467e-06
279 -5.036525157863171e-06
280 -4.934019881985995e-06
281 -5.0712651050384815e-06
282 -4.7313165031284985e-06
283 -4.930127142416969e-06
284 -4.8715301941739026e-06
285 -5.12655200746032e-06
286 -4.72934576608082e-06
287 -4.968420267527768e-06
288 -5.080876372920162e-06
289 -5.089044990646959e-06
290 -4.889129870296594e-06
291 -4.9080784774953925e-06
292 -4.979923021461822e-06
293 -4.990365399646769e-06
294 -4.967361721196617e-06
295 -4.759719861473238e-06
296 -4.915271512951591e-06
297 -4.756065002849475e-06
298 -5.18188209131229e-06
299 -5.009621705458192e-06
