0 -1.1327304780088473e-06
1 -1.1138084134629196e-06
2 -1.1093568912135778e-06
3 -1.0739774263617187e-06
4 -1.1340629174530514e-06
5 -1.1051344938724944e-06
6 -1.131248344990362e-06
7 -1.0976947412366362e-06
8 -1.1321986649317877e-06
9 -1.1311505920413447e-06
10 -1.0315608342304228e-06
11 -1.104910305139071e-06
12 -1.1325539728496148e-06
13 -1.0929397859117865e-06
14 -1.1005981288263498e-06
15 -1.1424828104560146e-06
16 -1.139589299659783e-06
17 -1.1159627608499728e-06
18 -1.0962625405523214e-06
19 -1.1861161060878082e-06
20 -1.0882344454570977e-06
21 -1.1132533274418765e-06
22 -1.1487100762371258e-06
23 -1.0925099324755564e-06
24 -1.0934256739050783e-06
25 -1.1408768924133339e-06
26 -1.1747548002042032e-06
27 -1.1328324094210134e-06
28 -1.132817472152555e-06
29 -1.1238034622748317e-06
30 -1.0858751186080187e-06
31 -1.0825849709673325e-06
32 -1.1217444413929826e-06
33 -1.1643545746392191e-06
34 -1.1284630541090596e-06
35 -1.1623433042102957e-06
36 -1.1260677189273292e-06
37 -1.1466670393993817e-06
38 -1.1756744117287374e-06
39 -1.1343273911285233e-06
40 -1.1054513736700962e-06
41 -1.1263043719197924e-06
42 -1.1213115374300295e-06
43 -1.0823020365133e-06
44 -1.1360679679515583e-06
45 -1.1670867827809766e-06
46 -1.1423660951898324e-06
47 -1.1525237079561425e-06
48 -1.1146784095116988e-06
49 -1.1234843401715096e-06
50 -1.0680990205890123e-06
51 -1.1221409878548593e-06
52 -1.109251323471411e-06
53 -1.1331166735057045e-06
54 -1.0904018855187725e-06
55 -1.141877880464346e-06
56 -1.0985471169192041e-06
57 -1.081743363258114e-06
58 -1.1363003814971222e-06
59 -1.0902841861986625e-06
60 -1.1137371018805062e-06
61 -1.0877347071210529e-06
62 -1.1325373939408812e-06
63 -1.154808441738374e-06
64 -1.1301921138773153e-06
65 -1.093083654503679e-06
66 -1.1010816324335098e-06
67 -1.178149352072696e-06
68 -1.1268747257391665e-06
69 -1.1250902568659873e-06
70 -1.0975502977527005e-06
71 -1.1332282165275072e-06
72 -1.1073049175466784e-06
73 -1.140099335863059e-06
74 -1.1494825754932052e-06
75 -1.1240805470584732e-06
76 -1.112257703485192e-06
77 -1.1249388131222e-06
78 -1.1016888976609578e-06
79 -1.1470958960265311e-06
80 -1.1328096545669133e-06
81 -1.108515117172989e-06
82 -1.1395362859626418e-06
83 -1.0997101141806123e-06
84 -1.1283148943299177e-06
85 -1.0767725754647061e-06
86 -1.0839740293526328e-06
87 -1.1041518573466977e-06
88 -1.1192264825587226e-06
89 -1.1108207641037003e-06
90 -1.1299173386676476e-06
91 -1.0983996808908305e-06
92 -1.1243628990047732e-06
93 -1.0923572727944444e-06
94 -1.1119261955093012e-06
95 -1.0762323562680732e-06
96 -1.1724192984896995e-06
97 -1.1085540644592126e-06
98 -1.1499194909508739e-06
99 -1.1083528744191943e-06
100 -1.097322039256685e-06
101 -1.1517732989175942e-06
102 -1.1207437143433995e-06
103 -1.078593774247307e-06
104 -1.0655434048841473e-06
105 -1.1136739900107348e-06
106 -1.1061705932633206e-06
107 -1.160494884714089e-06
108 -1.1332399833629783e-06
109 -1.1608360081609199e-06
110 -1.1711017603053047e-06
111 -1.1426574727336425e-06
112 -1.1214848632295563e-06
113 -1.0884138750217025e-06
114 -1.1581696184485178e-06
115 -1.066147816451322e-06
116 -1.0940371202263683e-06
117 -1.1444171629755287e-06
118 -1.1109805088561807e-06
119 -1.170471161101e-06
120 -1.113862552395332e-06
121 -1.055786728202668e-06
122 -1.1668682858249445e-06
123 -1.1168453985771763e-06
124 -1.1510839503886188e-06
125 -1.1109774174113029e-06
126 -1.0800626800793464e-06
127 -1.1335140671569018e-06
128 -1.136931622798116e-06
129 -1.1698257767139026e-06
130 -1.0725776764732064e-06
131 -1.0878623324535643e-06
132 -1.0985995055866685e-06
133 -1.1391315771522132e-06
134 -1.121214623384674e-06
135 -1.088756881745787e-06
136 -1.1211590687227193e-06
137 -1.0971248562633557e-06
138 -1.1383079430901875e-06
139 -1.1573580759214871e-06
140 -1.143396954746457e-06
141 -1.1245253819645802e-06
142 -1.1133124576294632e-06
143 -1.1428619307399973e-06
144 -1.1231139569761825e-06
145 -1.1160057364643655e-06
146 -1.1149362845519508e-06
147 -1.1197612598069285e-06
148 -1.1594035181363009e-06
149 -1.1132953279930952e-06
150 -1.1010147777097438e-06
151 -1.118108801136408e-06
152 -1.1127207226122292e-06
153 -1.0945649910469758e-06
154 -1.1718717064620785e-06
155 -1.1306742933763224e-06
156 -1.1341503124347425e-06
157 -1.1186938224376107e-06
158 -1.104934167367613e-06
159 -1.0972799362109363e-06
160 -1.1934958799590343e-06
161 -1.106123915115084e-06
162 -1.1243352137384384e-06
163 -1.081767224921118e-06
164 -1.1833232634559563e-06
165 -1.0985459614333805e-06
166 -1.1234572721136614e-06
167 -1.1038865893993933e-06
168 -1.0994211586196399e-06
169 -1.118162453017239e-06
170 -1.1266638388328547e-06
171 -1.1193012740520248e-06
172 -1.153773380630881e-06
173 -1.0995795094571116e-06
174 -1.0920242339629403e-06
175 -1.1034479358707507e-06
176 -1.1361563261598633e-06
177 -1.1280511848381105e-06
178 -1.1173330837028221e-06
179 -1.0976146465625483e-06
180 -1.0876634101596892e-06
181 -1.096954311782025e-06
182 -1.075874503539216e-06
183 -1.1010331574088533e-06
184 -1.131500100078423e-06
185 -1.1195608025003057e-06
186 -1.0971195483047508e-06
187 -1.0996093824033765e-06
188 -1.0569960350395108e-06
189 -1.1052848687793578e-06
190 -1.148401669216694e-06
191 -1.1166520272769349e-06
192 -1.0848918181886613e-06
193 -1.071440167616884e-06
194 -1.0977293377553659e-06
195 -1.1112479849389598e-06
196 -1.1309292095306469e-06
197 -1.1051737893532063e-06
198 -1.1159288890218745e-06
199 -1.1065377352967924e-06
200 -1.1393714269694806e-06
201 -1.098528618902378e-06
202 -1.1259866188820028e-06
203 -1.16810414751312e-06
204 -1.0930577872043901e-06
205 -1.0813075419054633e-06
206 -1.1150125215455173e-06
207 -1.0876815220823029e-06
208 -1.1516269140001382e-06
209 -1.12153289591596e-06
210 -1.107765436994866e-06
211 -1.1685982155193147e-06
212 -1.1031225902058274e-06
213 -1.1251205101656338e-06
214 -1.1276978322491492e-06
215 -1.1543724525529255e-06
216 -1.1146388954161139e-06
217 -1.1527106479665433e-06
218 -1.087987439680722e-06
219 -1.1033378083460786e-06
220 -1.1191845620183579e-06
221 -1.1123412976096002e-06
222 -1.103250272255396e-06
223 -1.1388748582107046e-06
224 -1.1420057206694457e-06
225 -1.1810130408839363e-06
226 -1.0791417229328358e-06
227 -1.1106804507281934e-06
228 -1.0639111563725498e-06
229 -1.124980664102927e-06
230 -1.0953994968997713e-06
231 -1.134287155400789e-06
232 -1.1406919435617277e-06
233 -1.0693411802189732e-06
234 -1.110091800688952e-06
235 -1.1066119810110837e-06
236 -1.0748294877153824e-06
237 -1.0883331371159595e-06
238 -1.1054096109287684e-06
239 -1.1461875567711705e-06
240 -1.1733536675497365e-06
241 -1.112114447468679e-06
242 -1.0995805378699565e-06
243 -1.090228140320096e-06
244 -1.1146029830168907e-06
245 -1.1155292160833888e-06
246 -1.0858906910685756e-06
247 -1.1275270416818411e-06
248 -1.1613016263978948e-06
249 -1.0722340672788334e-06
250 -1.1442639770141133e-06
251 -1.1205606258406682e-06
252 -1.084022973410094e-06
253 -1.083224034948772e-06
254 -1.094171197656677e-06
255 -1.1059808945470635e-06
256 -1.1215693344145385e-06
257 -1.1929126190675674e-06
258 -1.1092120915836737e-06
259 -1.114727661358649e-06
260 -1.1276370482378146e-06
261 -1.1185270344822944e-06
262 -1.0762633909016341e-06
263 -1.1287956910328639e-06
264 -1.1174468328064594e-06
265 -1.161222323611061e-06
266 -1.0651016783571725e-06
267 -1.1752651697774606e-06
268 -1.0761547738082656e-06
269 -1.1418279498743054e-06
270 -1.096297980693055e-06
271 -1.1225599039610247e-06
272 -1.121209622806723e-06
273 -1.1366497475160624e-06
274 -1.08215164042155e-06
275 -1.1110530457742456e-06
276 -1.1322181974649251e-06
277 -1.0738632492094526e-06
278 -1.1068071570566895e-06
279 -1.1536758289630102e-06
280 -1.1179509168260068e-06
281 -1.12325804433446e-06
282 -1.0829885149280378e-06
283 -1.0791878568710795e-06
284 -1.0582059782479983e-06
285 -1.1279957461529465e-06
286 -1.0830132160846285e-06
287 -1.1805915711887308e-06
288 -1.1064915137913055e-06
289 -1.1201310835997994e-06
290 -1.1114737450000697e-06
291 -1.1029997435891077e-06
292 -1.1427607120059505e-06
293 -1.1406331333214312e-06
294 -1.1421094435147723e-06
295 -1.0702130631412105e-06
296 -1.1312473145905242e-06
297 -1.0841200129691004e-06
298 -1.1372933602055323e-06
299 -1.1303679830496016e-06
