0 -6.601477072391394e-07
1 -6.665282990192439e-07
2 -6.450840333903375e-07
3 -6.882856410224475e-07
4 -6.728203106667424e-07
5 -6.0097220461851e-07
6 -6.852484214828475e-07
7 -6.086080876283223e-07
8 -6.658346772513633e-07
9 -7.33054438508775e-07
10 -7.046068537764913e-07
11 -5.541731262162621e-07
12 -6.372711576059248e-07
13 -6.399512302181691e-07
14 -5.873823141881328e-07
15 -6.403838507483331e-07
16 -6.741327452916725e-07
17 -6.938222965949375e-07
18 -7.179757558798028e-07
19 -6.520206577422653e-07
20 -6.49826073520373e-07
21 -7.297857103469738e-07
22 -6.190496227267171e-07
23 -6.200995718355828e-07
24 -6.120545806777808e-07
25 -6.230805529407347e-07
26 -6.581442340640075e-07
27 -6.532097352087201e-07
28 -6.030356386379333e-07
29 -6.588966793471885e-07
30 -6.866211011475187e-07
31 -5.892895666308694e-07
32 -6.407898024748665e-07
33 -6.561555219266576e-07
34 -6.248492047467687e-07
35 -7.743876362889142e-07
36 -5.978837195429197e-07
37 -6.384305975707484e-07
38 -6.509126178920328e-07
39 -5.963364053944939e-07
40 -6.591865087239583e-07
41 -7.004299549755843e-07
42 -6.151977662389252e-07
43 -6.620099310877772e-07
44 -6.431022059472896e-07
45 -6.34628417520504e-07
46 -7.152992802219459e-07
47 -6.55798443675337e-07
48 -6.534900410817043e-07
49 -6.869128896046367e-07
50 -6.959159226487925e-07
51 -5.843696772487766e-07
52 -6.280863956751728e-07
53 -6.644302987731772e-07
54 -7.128240356067159e-07
55 -6.076820675151531e-07
56 -6.542223134968439e-07
57 -6.269580669893167e-07
58 -6.769102312044703e-07
59 -7.790185057739595e-07
60 -6.55681727559101e-07
61 -6.891650571115419e-07
62 -6.616896252837339e-07
63 -6.245327460549238e-07
64 -6.952822923162089e-07
65 -6.741873089631333e-07
66 -6.390559342849848e-07
67 -7.827074471794746e-07
68 -6.93826083803864e-07
69 -6.635361267620305e-07
70 -7.956594527879931e-07
71 -6.520474855890077e-07
72 -7.503612886303067e-07
73 -6.631195959116278e-07
74 -6.666265208153532e-07
75 -7.286343425470832e-07
76 -6.296902669457908e-07
77 -6.485432028148914e-07
78 -6.173200348676753e-07
79 -7.049170060663418e-07
80 -6.641466663729818e-07
81 -6.773875289859858e-07
82 -6.462945942740556e-07
83 -5.815544963877921e-07
84 -6.51285428584924e-07
85 -5.376972637194694e-07
86 -6.708694410427158e-07
87 -6.578141296686829e-07
88 -6.516390797087979e-07
89 -6.514609839577227e-07
90 -6.162312980366628e-07
91 -6.737724170510099e-07
92 -6.714812659082434e-07
93 -6.23311711665652e-07
94 -6.733144443699662e-07
95 -6.894124388755217e-07
96 -6.975129119430308e-07
97 -6.813755368740084e-07
98 -5.746121100591776e-07
99 -5.869848687410708e-07
100 -5.76321659607442e-07
101 -5.381383851096307e-07
102 -5.73017489058411e-07
103 -6.659254797540953e-07
104 -6.490260190767316e-07
105 -7.062877553458958e-07
106 -5.860300406487088e-07
107 -6.332226402117334e-07
108 -7.062301857301606e-07
109 -6.386843336859098e-07
110 -6.213294368366077e-07
111 -7.440665299227297e-07
112 -6.72238480975025e-07
113 -6.177318670879405e-07
114 -5.480548528252925e-07
115 -5.552103952607946e-07
116 -7.099433801085777e-07
117 -6.947197341964891e-07
118 -6.128036354533931e-07
119 -7.108920904693946e-07
120 -5.716196555312865e-07
121 -6.767984929752039e-07
122 -6.238424035575868e-07
123 -5.445319815947711e-07
124 -6.192877717814146e-07
125 -7.100543950898479e-07
126 -6.865824635534911e-07
127 -6.490561359766771e-07
128 -6.793194006442279e-07
129 -6.520312673525223e-07
130 -6.549174804916712e-07
131 -6.866159122345953e-07
132 -7.23389464867428e-07
133 -6.58154657907723e-07
134 -8.187243558889592e-07
135 -6.382417793397568e-07
136 -6.989453776860829e-07
137 -6.684053245100115e-07
138 -7.209193664996097e-07
139 -7.113054373453208e-07
140 -6.28569821617853e-07
141 -6.42113313134991e-07
142 -5.956723213402232e-07
143 -6.330483144980489e-07
144 -6.479897661786746e-07
145 -6.279836237161271e-07
146 -6.95273534747403e-07
147 -5.975080589356063e-07
148 -6.824288223729172e-07
149 -6.451061598333638e-07
150 -7.207746684729432e-07
151 -7.237161324110576e-07
152 -6.779883849926189e-07
153 -5.758423671502489e-07
154 -7.282666938487447e-07
155 -6.545687752653642e-07
156 -6.303487704103681e-07
157 -6.083576703575842e-07
158 -6.95971420098542e-07
159 -6.741462280017345e-07
160 -7.240975539768303e-07
161 -7.160919923198809e-07
162 -6.461556762048851e-07
163 -6.422770125223778e-07
164 -7.141975770760521e-07
165 -6.773367968526431e-07
166 -7.130191404807183e-07
167 -6.941044532688164e-07
168 -6.645817927563139e-07
169 -6.490089499185553e-07
170 -6.431130958316504e-07
171 -5.773166417277967e-07
172 -6.415879327671851e-07
173 -6.717432210912289e-07
174 -6.326148423207212e-07
175 -6.278645368506292e-07
176 -6.816455475274045e-07
177 -6.195219080593426e-07
178 -5.711120774794131e-07
179 -6.654466880322725e-07
180 -6.70245523933491e-07
181 -6.99596800083853e-07
182 -6.326590617816016e-07
183 -5.754355569610678e-07
184 -6.856763896246634e-07
185 -6.211082095022033e-07
186 -6.296035828956942e-07
187 -6.200296362592634e-07
188 -6.208351448126897e-07
189 -5.978923838027604e-07
190 -5.56890531561227e-07
191 -7.298418010280626e-07
192 -6.889253114954304e-07
193 -7.012737314208096e-07
194 -6.754569441127134e-07
195 -6.366595932906811e-07
196 -5.865882774041057e-07
197 -7.16311237363985e-07
198 -6.875335475003444e-07
199 -5.976984378953251e-07
200 -5.798380635200735e-07
201 -5.849645222437812e-07
202 -7.296566530705994e-07
203 -7.607051864040583e-07
204 -6.829170346881774e-07
205 -6.536607328789283e-07
206 -7.045800951101932e-07
207 -6.305982859014003e-07
208 -7.133789264238553e-07
209 -7.141967498712893e-07
210 -7.229453462233187e-07
211 -6.684585601631274e-07
212 -7.240819052273727e-07
213 -6.333057075866767e-07
214 -6.983084473848758e-07
215 -6.681126673237175e-07
216 -6.356043605714538e-07
217 -6.897460716615088e-07
218 -5.277756454979782e-07
219 -6.393190872737913e-07
220 -6.750669546143096e-07
221 -6.394624837382498e-07
222 -6.188218513068597e-07
223 -7.32296675350691e-07
224 -6.462695759661426e-07
225 -7.309191251267676e-07
226 -6.68285938136644e-07
227 -6.308657562702759e-07
228 -5.898970100369413e-07
229 -6.745809809465855e-07
230 -5.839721567563964e-07
231 -6.016810727126615e-07
232 -5.771342674489896e-07
233 -7.245843891309305e-07
234 -6.625701777127614e-07
235 -6.098344465364184e-07
236 -7.267860921497909e-07
237 -5.940430233243246e-07
238 -5.925001794842819e-07
239 -7.062359946155431e-07
240 -6.965244165484158e-07
241 -6.546241190451948e-07
242 -6.723690060232395e-07
243 -6.339327538172984e-07
244 -6.746621812869661e-07
245 -6.748451034656999e-07
246 -6.665448645122475e-07
247 -6.610933004647897e-07
248 -7.196945917306087e-07
249 -6.269648103612935e-07
250 -6.512517829837549e-07
251 -6.125867681991609e-07
252 -7.238935345523702e-07
253 -6.711814906079822e-07
254 -7.022750381352622e-07
255 -6.871127801793306e-07
256 -6.892037587525929e-07
257 -6.889171973197216e-07
258 -6.769099453636033e-07
259 -6.743669025885449e-07
260 -6.325728927618997e-07
261 -6.572570836860036e-07
262 -7.011056974946686e-07
263 -5.665727316086115e-07
264 -5.553292581665383e-07
265 -5.598453261507784e-07
266 -6.24908617421763e-07
267 -5.594862982154035e-07
268 -6.334118809385428e-07
269 -5.927154769672996e-07
270 -6.519030217405637e-07
271 -6.155072487525968e-07
272 -6.082725783525199e-07
273 -6.128885281749423e-07
274 -5.64443695445628e-07
275 -6.326094416497347e-07
276 -6.881071213646316e-07
277 -5.808420278478041e-07
278 -6.984506944862399e-07
279 -6.380001411314873e-07
280 -6.763800585582294e-07
281 -6.217496610754918e-07
282 -7.147749996767006e-07
283 -6.214455420213935e-07
284 -6.318155735122992e-07
285 -6.007915461437411e-07
286 -7.186787128789044e-07
287 -7.379779060646063e-07
288 -6.287185838380042e-07
289 -5.845594917936799e-07
290 -6.846041378716518e-07
291 -6.321255280176281e-07
292 -6.35046732782284e-07
293 -6.691954824763708e-07
294 -6.575471440023482e-07
295 -6.32505566183917e-07
296 -6.765163252759264e-07
297 -6.728947763673225e-07
298 -6.561522410578179e-07
299 -6.185562141357041e-07
