0 -4.782913881291626e-06
1 -4.798914099621763e-06
2 -4.887716352790108e-06
3 -4.854874547288261e-06
4 -4.736905493711703e-06
5 -4.887280408104135e-06
6 -4.7403948172676265e-06
7 -4.886289358135897e-06
8 -4.783115953266131e-06
9 -4.700285409107219e-06
10 -4.8096153231901854e-06
11 -4.979827339482061e-06
12 -4.7967654714888195e-06
13 -4.919656630211254e-06
14 -4.957876349837187e-06
15 -4.824316759417688e-06
16 -4.733840397022621e-06
17 -4.697542045254337e-06
18 -4.742461602037167e-06
19 -4.796209110574578e-06
20 -4.862851995861566e-06
21 -4.714688435287971e-06
22 -4.896838981084729e-06
23 -4.989349087533536e-06
24 -4.900230689736311e-06
25 -4.852045119403257e-06
26 -4.76068410782719e-06
27 -4.866121447386705e-06
28 -4.885319016170911e-06
29 -4.805581043956554e-06
30 -4.885839311111573e-06
31 -5.019120413629684e-06
32 -4.863189641413567e-06
33 -4.716109688292989e-06
34 -4.894684719678317e-06
35 -4.578655724350713e-06
36 -4.869221537573608e-06
37 -4.7861699033882975e-06
38 -4.710850657239241e-06
39 -4.944269755074111e-06
40 -4.852813215181956e-06
41 -4.788294322728304e-06
42 -4.881582313018145e-06
43 -4.902350379610297e-06
44 -4.814086094339907e-06
45 -4.813465388119608e-06
46 -4.7038635264746154e-06
47 -4.764914779857607e-06
48 -4.837035496242343e-06
49 -4.787960136765226e-06
50 -4.80839445081316e-06
51 -4.952358677065315e-06
52 -4.824755732422236e-06
53 -4.770848750419797e-06
54 -4.741151353940799e-06
55 -4.838952581010808e-06
56 -4.808662655708286e-06
57 -4.875775342898802e-06
58 -4.794814474964554e-06
59 -4.62063149967901e-06
60 -4.875299106599021e-06
61 -4.805870805242183e-06
62 -4.7736558960748555e-06
63 -4.765814474158191e-06
64 -4.7190788078584596e-06
65 -4.881414922504276e-06
66 -4.89831216109917e-06
67 -4.559123472009746e-06
68 -4.783349655718527e-06
69 -4.835320712024859e-06
70 -4.655166684353082e-06
71 -4.838059021585242e-06
72 -4.646330014596763e-06
73 -4.7416116008882904e-06
74 -4.770500302920188e-06
75 -4.692944207209608e-06
76 -4.875884227090444e-06
77 -4.772349261370785e-06
78 -4.881820478762332e-06
79 -4.62180071322815e-06
80 -4.77839187764639e-06
81 -4.868214195062968e-06
82 -4.811774423645607e-06
83 -4.945805425747841e-06
84 -4.779194201137772e-06
85 -5.05648963595057e-06
86 -4.854651665791776e-06
87 -4.83742459992179e-06
88 -4.835131410544509e-06
89 -4.83951407947517e-06
90 -4.8610011580144935e-06
91 -4.8102887969657115e-06
92 -4.767338808342521e-06
93 -4.950548629133155e-06
94 -4.809483673918824e-06
95 -4.782271849893041e-06
96 -4.623456465599054e-06
97 -4.7571916708999586e-06
98 -4.868671047602928e-06
99 -4.931265076454407e-06
100 -4.967375966860092e-06
101 -4.966360612512014e-06
102 -4.97834083273621e-06
103 -4.7873341978835385e-06
104 -4.923194502581375e-06
105 -4.723493520868972e-06
106 -4.951001309462285e-06
107 -4.8626344333378684e-06
108 -4.672718682004594e-06
109 -4.845100377732279e-06
110 -4.831630120229257e-06
111 -4.613562504040525e-06
112 -4.7799337181444304e-06
113 -4.93007878932967e-06
114 -4.876093995729008e-06
115 -5.06765927962245e-06
116 -4.725090379265756e-06
117 -4.8512705471390985e-06
118 -4.93535725965005e-06
119 -4.693137761581879e-06
120 -4.9578502129693486e-06
121 -4.903990285375175e-06
122 -4.850549163675194e-06
123 -5.000694163404917e-06
124 -4.791708167838261e-06
125 -4.686776409055138e-06
126 -4.8258216268398365e-06
127 -4.80507813253476e-06
128 -4.79466450730925e-06
129 -4.807867955401329e-06
130 -4.827433777426992e-06
131 -4.784567149000268e-06
132 -4.653367585938311e-06
133 -4.805344768012489e-06
134 -4.491504229075307e-06
135 -4.886650773055109e-06
136 -4.7211380959311605e-06
137 -4.793399797297521e-06
138 -4.709623240218793e-06
139 -4.698157692836539e-06
140 -4.906230177787365e-06
141 -4.929476025975043e-06
142 -4.9345334289123465e-06
143 -4.862902165325697e-06
144 -4.855033699402859e-06
145 -4.953239246904978e-06
146 -4.744793396945481e-06
147 -4.878075656929874e-06
148 -4.6524872530018696e-06
149 -4.791287246768178e-06
150 -4.783654410461019e-06
151 -4.723556667510671e-06
152 -4.669690268594175e-06
153 -4.904015917030366e-06
154 -4.607032684007003e-06
155 -4.8240783714606806e-06
156 -4.777693750481436e-06
157 -4.8507346963684115e-06
158 -4.855613011627328e-06
159 -4.820982508625398e-06
160 -4.642918785919908e-06
161 -4.732284171020744e-06
162 -4.834740950888443e-06
163 -4.897488684439881e-06
164 -4.724105087644849e-06
165 -4.802941828117862e-06
166 -4.673594649242652e-06
167 -4.762129859001525e-06
168 -4.782076431310497e-06
169 -4.8379976390825185e-06
170 -4.8444320774124745e-06
171 -4.9769005964183155e-06
172 -4.85572711604197e-06
173 -4.806179046575975e-06
174 -4.820334033832422e-06
175 -4.83936536402587e-06
176 -4.753604421146908e-06
177 -4.94147962464754e-06
178 -4.991965385127678e-06
179 -4.825233138625709e-06
180 -4.86871051730271e-06
181 -4.805643624269713e-06
182 -4.987391341170516e-06
183 -4.998062299670776e-06
184 -4.809003979964462e-06
185 -4.8031707961517506e-06
186 -4.900642045652248e-06
187 -4.890885638780913e-06
188 -5.060845464899688e-06
189 -4.9861745149216204e-06
190 -5.026588885265573e-06
191 -4.747556342450236e-06
192 -4.813342137786946e-06
193 -4.918113860240819e-06
194 -4.790520980604128e-06
195 -4.7756088031018256e-06
196 -4.873520764144524e-06
197 -4.742540449987673e-06
198 -4.838598671711474e-06
199 -4.8629684646472854e-06
200 -4.892351472992368e-06
201 -4.901756455853745e-06
202 -4.689912464489528e-06
203 -4.542353782630187e-06
204 -4.7886304947414275e-06
205 -4.914001564490003e-06
206 -4.77100905309125e-06
207 -4.8269695270479275e-06
208 -4.6369588555772125e-06
209 -4.714431467935489e-06
210 -4.6620691371056665e-06
211 -4.7069895386817615e-06
212 -4.742418825308818e-06
213 -4.897818132167434e-06
214 -4.712763833867765e-06
215 -4.638888922219531e-06
216 -4.829774474845367e-06
217 -4.745359584319878e-06
218 -4.982646391755705e-06
219 -4.863894325521098e-06
220 -4.726336315143593e-06
221 -4.866265493669565e-06
222 -4.923573509184402e-06
223 -4.727016448471546e-06
224 -4.7833918053414886e-06
225 -4.717539855649896e-06
226 -4.807027550333668e-06
227 -4.929023081911721e-06
228 -4.935832775985361e-06
229 -4.844674916845341e-06
230 -4.969942544092413e-06
231 -4.835094656567331e-06
232 -4.9274559655062505e-06
233 -4.744388343058406e-06
234 -4.775892943766018e-06
235 -4.94015790952313e-06
236 -4.78219252622691e-06
237 -4.984013400508375e-06
238 -4.935304052456881e-06
239 -4.7041942570061355e-06
240 -4.643531504186124e-06
241 -4.799298327401395e-06
242 -4.880883478198432e-06
243 -4.8307218279667185e-06
244 -4.714877029812268e-06
245 -4.809333131035601e-06
246 -4.792823614719074e-06
247 -4.828960533762448e-06
248 -4.615285092372019e-06
249 -4.903932017232663e-06
250 -4.8043312487875e-06
251 -4.878707483205947e-06
252 -4.78923742080373e-06
253 -4.83554064416947e-06
254 -4.73082753317781e-06
255 -4.863418869490358e-06
256 -4.732228308708277e-06
257 -4.65001611647147e-06
258 -4.817733584237809e-06
259 -4.728413057839571e-06
260 -4.8710027472472815e-06
261 -4.80919606809348e-06
262 -4.818166834917152e-06
263 -4.9313005814272544e-06
264 -4.9992116486025016e-06
265 -4.859569229693069e-06
266 -4.889818438755141e-06
267 -4.968720773906018e-06
268 -4.8763784699598825e-06
269 -4.802052296194544e-06
270 -4.892145784237977e-06
271 -4.844457091786759e-06
272 -4.812392062706205e-06
273 -4.813477140402416e-06
274 -5.027796687158167e-06
275 -4.8721045133784984e-06
276 -4.7767890770555576e-06
277 -5.0105103009897294e-06
278 -4.747524296569488e-06
279 -4.8196365759023245e-06
280 -4.859640317400597e-06
281 -4.830003191712159e-06
282 -4.635508453965413e-06
283 -5.013054728280837e-06
284 -4.880042245425849e-06
285 -4.897326032441724e-06
286 -4.781190893052795e-06
287 -4.570232277333195e-06
288 -4.938011578090185e-06
289 -4.961099888581348e-06
290 -4.797393857725982e-06
291 -4.863780478457497e-06
292 -4.880610648347383e-06
293 -4.781500378676967e-06
294 -4.714573497829725e-06
295 -4.905424684801179e-06
296 -4.773120213265254e-06
297 -4.824963076607311e-06
298 -4.810496563294836e-06
299 -4.8953864698684355e-06
