0 -8.392177737231593e-08
1 -8.128909119300642e-08
2 -8.576444257050082e-08
3 -7.975616290427456e-08
4 -7.392307756922642e-08
5 -9.25221706265066e-08
6 -9.018672056560873e-08
7 -9.425882770330945e-08
8 -9.109051176999853e-08
9 -9.065603727626377e-08
10 -7.264142847382451e-08
11 -1.0161714811700779e-07
12 -1.0855915994687126e-07
13 -8.744513237415365e-08
14 -8.629855197462529e-08
15 -1.065370011953705e-07
16 -8.069447414494154e-08
17 -8.525875989940269e-08
18 -6.969947349241392e-08
19 -1.1669469384142466e-07
20 -1.0153455499102344e-07
21 -8.659372837393387e-08
22 -1.0954713456085844e-07
23 -8.998582936214863e-08
24 -9.674244401784638e-08
25 -1.0823584570373068e-07
26 -9.374233879222481e-08
27 -9.635558559382618e-08
28 -9.599010151087205e-08
29 -8.259626083228852e-08
30 -9.234225369403178e-08
31 -8.792944294962393e-08
32 -7.802000191231103e-08
33 -8.980124388663553e-08
34 -9.718671296820859e-08
35 -8.446765003257059e-08
36 -8.560151428277688e-08
37 -8.648650486806783e-08
38 -8.211540911238411e-08
39 -1.0417716166371889e-07
40 -9.68763153256434e-08
41 -9.528902629175305e-08
42 -1.093778997552441e-07
43 -7.914773354889001e-08
44 -9.791455232662156e-08
45 -9.762273048253183e-08
46 -8.556805555903542e-08
47 -9.844785200436883e-08
48 -8.739552309469474e-08
49 -9.552433948379781e-08
50 -7.150331364462323e-08
51 -9.833268002191671e-08
52 -9.697364275602154e-08
53 -7.88635133271183e-08
54 -8.01049943189926e-08
55 -1.0605729127376262e-07
56 -6.955181880488653e-08
57 -7.429228398013856e-08
58 -8.578790870604898e-08
59 -7.62288009317592e-08
60 -8.29366394273183e-08
61 -8.672755832376141e-08
62 -7.191418598952943e-08
63 -1.0263250695479346e-07
64 -1.0087129478904976e-07
65 -1.0043558412044826e-07
66 -9.48235072756239e-08
67 -1.0557531059578228e-07
68 -9.324997081563634e-08
69 -8.308169684486023e-08
70 -8.264152440131162e-08
71 -9.825074826896059e-08
72 -8.718089549888187e-08
73 -9.21342156063545e-08
74 -9.276728074856629e-08
75 -8.469155159400728e-08
76 -9.131904030437069e-08
77 -9.044566315748453e-08
78 -8.100699274554308e-08
79 -1.067187516032608e-07
80 -1.0259147379974044e-07
81 -9.235732003768892e-08
82 -1.0631140547477799e-07
83 -9.753937560319218e-08
84 -9.080857828868875e-08
85 -9.637603845036083e-08
86 -8.496324641976688e-08
87 -1.123039904778259e-07
88 -8.787794712813022e-08
89 -9.371776802461476e-08
90 -1.0025880823129495e-07
91 -9.3220351615466e-08
92 -8.75853178221582e-08
93 -9.313633711509171e-08
94 -8.811576174565275e-08
95 -7.439502327848364e-08
96 -9.563318853976943e-08
97 -9.347562238241218e-08
98 -9.705033945287048e-08
99 -9.676556510389275e-08
100 -9.032377761130707e-08
101 -1.0627577338379341e-07
102 -1.1241740986632625e-07
103 -8.259839547064985e-08
104 -7.364841381822202e-08
105 -8.020073621862165e-08
106 -8.823376162920781e-08
107 -1.1420496342754156e-07
108 -1.128142237527983e-07
109 -1.0513761110407636e-07
110 -1.0423369455562446e-07
111 -9.096527021295883e-08
112 -9.259012923016016e-08
113 -9.772739688080478e-08
114 -9.076019856709241e-08
115 -1.010971877632744e-07
116 -8.09705959222684e-08
117 -9.86661518302381e-08
118 -1.0524226035007045e-07
119 -9.573209123163745e-08
120 -1.0562464753130267e-07
121 -8.798910052111267e-08
122 -1.1324374726460436e-07
123 -9.42121449165466e-08
124 -9.659014917548278e-08
125 -7.891972167642524e-08
126 -8.917325361512261e-08
127 -1.0209151864901909e-07
128 -9.463271518167799e-08
129 -8.788997156873626e-08
130 -8.286770918399162e-08
131 -8.910690920564039e-08
132 -8.991561369954563e-08
133 -9.048049267056606e-08
134 -7.868109433437521e-08
135 -9.761604601049941e-08
136 -9.235315888402802e-08
137 -8.17570957213113e-08
138 -9.198151406062983e-08
139 -1.0121026426626951e-07
140 -1.066946698498688e-07
141 -9.883862417847286e-08
142 -1.0031451768131434e-07
143 -8.431762728034716e-08
144 -8.441320838224649e-08
145 -1.0700327655001652e-07
146 -8.268146510229944e-08
147 -9.618621571573369e-08
148 -9.492081171935768e-08
149 -9.151716786264883e-08
150 -8.790030707394897e-08
151 -7.340319518969047e-08
152 -1.0606024877844972e-07
153 -9.843745252457372e-08
154 -1.0079580777007002e-07
155 -8.393598625827825e-08
156 -8.853513985311833e-08
157 -9.67885156321623e-08
158 -8.199209607552765e-08
159 -8.716197030070625e-08
160 -8.79585284749084e-08
161 -7.377946871377671e-08
162 -9.910586344500007e-08
163 -9.48085473668142e-08
164 -1.1524140020310858e-07
165 -9.197565558499836e-08
166 -7.976736661922065e-08
167 -8.87260441538116e-08
168 -9.165112550671686e-08
169 -8.287837703258303e-08
170 -1.0760881317693739e-07
171 -8.351244670169004e-08
172 -9.793640533275277e-08
173 -9.22086123036491e-08
174 -8.953241225503623e-08
175 -1.0536032218974365e-07
176 -9.0428168519186e-08
177 -9.5371086206694e-08
178 -8.969915552933378e-08
179 -9.13986738722828e-08
180 -7.01406608328068e-08
181 -6.917966263385751e-08
182 -8.151487667223802e-08
183 -8.777000681052058e-08
184 -9.00649250115532e-08
185 -8.520579345697388e-08
186 -9.161068633664e-08
187 -1.0141231338180392e-07
188 -8.186176717481611e-08
189 -9.974121803567105e-08
190 -1.1707363104002555e-07
191 -7.338264580876654e-08
192 -9.394055802386202e-08
193 -9.119592567315773e-08
194 -7.929431848162903e-08
195 -9.115554266931796e-08
196 -9.116341022596957e-08
197 -7.658258348558246e-08
198 -9.099001155409842e-08
199 -8.26045601322311e-08
200 -1.0571914558340317e-07
201 -9.805732800343435e-08
202 -8.2882754750401e-08
203 -7.913057404455344e-08
204 -7.778618594992753e-08
205 -8.531748089467706e-08
206 -7.69454249609887e-08
207 -7.134644641299395e-08
208 -7.938118179744108e-08
209 -9.275803557281024e-08
210 -8.644618470730348e-08
211 -9.483339215460276e-08
212 -8.667508557763443e-08
213 -7.849573838146049e-08
214 -8.438724115158434e-08
215 -8.946599006483174e-08
216 -9.267697240303896e-08
217 -7.61818814765221e-08
218 -8.669192823906364e-08
219 -9.928597448073283e-08
220 -8.563590673295056e-08
221 -8.072377161311652e-08
222 -9.052738360511837e-08
223 -7.816276609376636e-08
224 -8.775631223058654e-08
225 -1.009265579345979e-07
226 -6.845913997681448e-08
227 -1.0763666612778288e-07
228 -9.445109183201376e-08
229 -9.090940976978288e-08
230 -1.0174211576656873e-07
231 -8.738102615350096e-08
232 -1.0379144324573614e-07
233 -6.849831691199579e-08
234 -7.652161793445457e-08
235 -7.506370849720325e-08
236 -8.552382848168087e-08
237 -9.643327986852113e-08
238 -8.357959344334866e-08
239 -8.45161012605445e-08
240 -9.340277230556882e-08
241 -8.41294167111865e-08
242 -9.148864422291087e-08
243 -8.756673015773587e-08
244 -9.520264721689306e-08
245 -8.747754851547065e-08
246 -7.564519654458554e-08
247 -8.975525764574575e-08
248 -9.023385924814713e-08
249 -8.073076243950079e-08
250 -9.38594105484369e-08
251 -8.590100727109824e-08
252 -9.202610918192316e-08
253 -8.944194082063434e-08
254 -8.571741495271405e-08
255 -9.60200180858461e-08
256 -9.240508809885367e-08
257 -9.550316899849162e-08
258 -9.730388287729052e-08
259 -1.0272794338663737e-07
260 -9.39727917881449e-08
261 -9.0387573049766e-08
262 -8.667151048237803e-08
263 -1.0500637184418818e-07
264 -8.941292730732415e-08
265 -1.0859845973728509e-07
266 -9.616470060244959e-08
267 -1.0050763492736951e-07
268 -9.028304494276942e-08
269 -9.556585587202169e-08
270 -9.66681228801951e-08
271 -9.635109024393646e-08
272 -9.725226915343213e-08
273 -8.955194150921077e-08
274 -9.672918603143561e-08
275 -8.998548856852794e-08
276 -9.524093040777792e-08
277 -9.667391872843334e-08
278 -8.397707960714942e-08
279 -1.0287479266974728e-07
280 -9.729290296868412e-08
281 -8.237921726972187e-08
282 -7.414290534318031e-08
283 -8.710772327881865e-08
284 -6.664812847346927e-08
285 -9.85991940351706e-08
286 -9.300613247303448e-08
287 -9.284661772326474e-08
288 -8.850515550933373e-08
289 -9.977064477562804e-08
290 -9.059052683710504e-08
291 -9.486456202253593e-08
292 -9.787135706783186e-08
293 -9.483555385158582e-08
294 -8.894158676763374e-08
295 -8.502609852103361e-08
296 -8.926831189901055e-08
297 -9.218508218720586e-08
298 -7.229890060740742e-08
299 -1.0666577145558472e-07
