0 -2.6236551300932037e-06
1 -2.6445626136911114e-06
2 -2.7775273604595423e-06
3 -2.843799701797467e-06
4 -2.5816553191309793e-06
5 -2.7647032401236506e-06
6 -2.6508391027154534e-06
7 -2.792753732154554e-06
8 -2.650248049717875e-06
9 -2.595490608895739e-06
10 -2.9183936922832765e-06
11 -2.8386978932259434e-06
12 -2.7070902134087318e-06
13 -2.8270197795934305e-06
14 -2.7974503174053124e-06
15 -2.69358066429406e-06
16 -2.5852741940268774e-06
17 -2.5886815582904193e-06
18 -2.6928979372837557e-06
19 -2.571035209753328e-06
20 -2.8137687474520766e-06
21 -2.6704495492994883e-06
22 -2.714564855452459e-06
23 -2.90753851676407e-06
24 -2.838780576862281e-06
25 -2.690886297766868e-06
26 -2.5335756257112783e-06
27 -2.7181612161205226e-06
28 -2.6870682079775396e-06
29 -2.6836144536006826e-06
30 -2.8952161865775146e-06
31 -2.9361322627642893e-06
32 -2.720524037430288e-06
33 -2.509769736422634e-06
34 -2.7676031893947246e-06
35 -2.4810734061171753e-06
36 -2.6777537758031814e-06
37 -2.5790391560981224e-06
38 -2.482175850671932e-06
39 -2.7849749781270665e-06
40 -2.764416671455491e-06
41 -2.6813483986923013e-06
42 -2.749406849558416e-06
43 -2.8457130918630697e-06
44 -2.621251767187343e-06
45 -2.570648705861093e-06
46 -2.5763902841617294e-06
47 -2.5895543490255313e-06
48 -2.745918898690783e-06
49 -2.691518951987519e-06
50 -2.7822485235612594e-06
51 -2.763443230003468e-06
52 -2.703182104683752e-06
53 -2.6163226691306953e-06
54 -2.725097751003179e-06
55 -2.6300593799260096e-06
56 -2.682575550942702e-06
57 -2.7876619050816224e-06
58 -2.645907545154543e-06
59 -2.6692898215406546e-06
60 -2.7368924743547993e-06
61 -2.78992889402643e-06
62 -2.583321660675591e-06
63 -2.540937042273712e-06
64 -2.617514152227249e-06
65 -2.8888951163316414e-06
66 -2.859116062435982e-06
67 -2.4339175526540893e-06
68 -2.7117843330336114e-06
69 -2.671099479170501e-06
70 -2.7131165641747627e-06
71 -2.6822814192951814e-06
72 -2.62333108227841e-06
73 -2.600849448017265e-06
74 -2.5838686060948484e-06
75 -2.6460068749946453e-06
76 -2.740842268709197e-06
77 -2.6746241984854177e-06
78 -2.7881300514862463e-06
79 -2.5016249799242057e-06
80 -2.6915592846383608e-06
81 -2.8424330875462117e-06
82 -2.677212617425671e-06
83 -2.8234163292250014e-06
84 -2.638817058207288e-06
85 -2.95089711091246e-06
86 -2.846732209923642e-06
87 -2.826659472590491e-06
88 -2.7411906797010382e-06
89 -2.736617956685908e-06
90 -2.7197230486058663e-06
91 -2.8151373085734512e-06
92 -2.6742267180345707e-06
93 -2.866278456816927e-06
94 -2.677845945496289e-06
95 -2.7789574984574403e-06
96 -2.488832853365244e-06
97 -2.7183070481975696e-06
98 -2.651295858579435e-06
99 -2.766644587304362e-06
100 -2.8495347151414497e-06
101 -2.711301110048863e-06
102 -2.884177853694377e-06
103 -2.8095147771506576e-06
104 -2.885826447969137e-06
105 -2.6235138432974664e-06
106 -2.790564434619316e-06
107 -2.6442333768685636e-06
108 -2.638321150030553e-06
109 -2.6941770230667557e-06
110 -2.5910807917357688e-06
111 -2.5332132149805e-06
112 -2.6368267947163594e-06
113 -2.8234626085558747e-06
114 -2.5267778214365832e-06
115 -2.981021704982797e-06
116 -2.702256382692159e-06
117 -2.7806090739661142e-06
118 -2.809127829700946e-06
119 -2.5160579203032447e-06
120 -2.802023644556462e-06
121 -2.960601835349307e-06
122 -2.660122227545974e-06
123 -2.7779613609218284e-06
124 -2.5315707082810643e-06
125 -2.634319445736724e-06
126 -2.8268889828821794e-06
127 -2.6901056647454005e-06
128 -2.6565713874688554e-06
129 -2.5810806515514425e-06
130 -2.836268040707275e-06
131 -2.764763229564582e-06
132 -2.6705660937803054e-06
133 -2.648739433374629e-06
134 -2.4718609818146486e-06
135 -2.8454269102925735e-06
136 -2.667388070792745e-06
137 -2.718654895604377e-06
138 -2.628037905379262e-06
139 -2.5933545027949548e-06
140 -2.7376208884327633e-06
141 -2.8037811126754345e-06
142 -2.7683976138706564e-06
143 -2.677707200210279e-06
144 -2.6572436999081044e-06
145 -2.8719685955095207e-06
146 -2.6840352705591966e-06
147 -2.7003644120313424e-06
148 -2.484594429489183e-06
149 -2.665529973863852e-06
150 -2.7176872076703666e-06
151 -2.667337158739297e-06
152 -2.6417537250624335e-06
153 -2.76176930175835e-06
154 -2.4563500499490613e-06
155 -2.6540778587062197e-06
156 -2.5688126551012972e-06
157 -2.728808333492192e-06
158 -2.8308452530978677e-06
159 -2.7855249504092375e-06
160 -2.4086877434743906e-06
161 -2.6875903003544052e-06
162 -2.679738344316279e-06
163 -2.8685726829642506e-06
164 -2.597834982552179e-06
165 -2.7716283434147775e-06
166 -2.595965665500957e-06
167 -2.7196353681138545e-06
168 -2.7737298690756613e-06
169 -2.722103799624498e-06
170 -2.7819582602735734e-06
171 -2.772202891223973e-06
172 -2.6858230157497448e-06
173 -2.715670909051068e-06
174 -2.757942847504728e-06
175 -2.8043506566130057e-06
176 -2.6676580534786677e-06
177 -2.8060743775821253e-06
178 -2.8141931132419698e-06
179 -2.7692149918899127e-06
180 -2.763995781405883e-06
181 -2.722480827755764e-06
182 -2.9481045900753484e-06
183 -2.8594161854245277e-06
184 -2.656195275200401e-06
185 -2.6300786196015523e-06
186 -2.847259838085151e-06
187 -2.8686790823378453e-06
188 -3.0226102034628975e-06
189 -2.8463801281964416e-06
190 -2.7942330008164565e-06
191 -2.6647846360153246e-06
192 -2.819130128353424e-06
193 -2.9357356537411066e-06
194 -2.7177011443553428e-06
195 -2.675070918778949e-06
196 -2.6684553656057337e-06
197 -2.6846953245702055e-06
198 -2.763857817385614e-06
199 -2.7344119652329918e-06
200 -2.7163987527511087e-06
201 -2.7960524732741397e-06
202 -2.618200287325869e-06
203 -2.3545991431320717e-06
204 -2.7474977747449482e-06
205 -2.8441390333098506e-06
206 -2.686343420125897e-06
207 -2.6803729122313986e-06
208 -2.492170677093963e-06
209 -2.684258422926705e-06
210 -2.6574096529330653e-06
211 -2.5034070863349847e-06
212 -2.7206975286869687e-06
213 -2.692569414927569e-06
214 -2.6007185716500136e-06
215 -2.435620850985023e-06
216 -2.711228423463236e-06
217 -2.5561434405249313e-06
218 -2.787864613304779e-06
219 -2.7711700265469852e-06
220 -2.601923781176613e-06
221 -2.7353154470401626e-06
222 -2.8149041677482802e-06
223 -2.5837508592791675e-06
224 -2.6145910763755754e-06
225 -2.570264437219176e-06
226 -2.765413295263879e-06
227 -2.8429769567370254e-06
228 -2.9214999271213453e-06
229 -2.7062706520554706e-06
230 -2.9203294578192433e-06
231 -2.634438799613974e-06
232 -2.7176253885398927e-06
233 -2.7592044296421662e-06
234 -2.6821357885513443e-06
235 -2.7619469657648815e-06
236 -2.795479305250001e-06
237 -2.911164145524088e-06
238 -2.7764387680369648e-06
239 -2.526480561507515e-06
240 -2.4297324715013117e-06
241 -2.694736524142745e-06
242 -2.813887374838393e-06
243 -2.7593244832089766e-06
244 -2.6205573456862505e-06
245 -2.6838110662620743e-06
246 -2.7300990041882384e-06
247 -2.7190784559548537e-06
248 -2.458754039208008e-06
249 -2.837766486197516e-06
250 -2.669648911165477e-06
251 -2.7325993484522487e-06
252 -2.794418273884689e-06
253 -2.82632276804602e-06
254 -2.7069243145035363e-06
255 -2.833864537305292e-06
256 -2.6532687719539107e-06
257 -2.460995647703777e-06
258 -2.7540029227058233e-06
259 -2.6212004780869126e-06
260 -2.6971906952303515e-06
261 -2.6988393910803514e-06
262 -2.8314367821582075e-06
263 -2.74109193972821e-06
264 -2.782518510803178e-06
265 -2.6159594477155133e-06
266 -2.8969434153009044e-06
267 -2.627346707365852e-06
268 -2.8147178459575404e-06
269 -2.589517974214748e-06
270 -2.8494030711468577e-06
271 -2.6866136874839773e-06
272 -2.6829166981221692e-06
273 -2.669219141408438e-06
274 -2.922566437484853e-06
275 -2.750458884784846e-06
276 -2.698051273107379e-06
277 -2.940314581038724e-06
278 -2.723371997225985e-06
279 -2.6529311076164713e-06
280 -2.766082585683036e-06
281 -2.660845359073928e-06
282 -2.637084624968952e-06
283 -2.9405823080620503e-06
284 -2.8399425720795685e-06
285 -2.703120517306445e-06
286 -2.796898007534845e-06
287 -2.4205509645075495e-06
288 -2.7850741071548203e-06
289 -2.7921199655176432e-06
290 -2.724227556842722e-06
291 -2.7830600767620706e-06
292 -2.7474805997433557e-06
293 -2.6455203952638197e-06
294 -2.5763511863305035e-06
295 -2.907156179798764e-06
296 -2.670910737565764e-06
297 -2.8235898190802026e-06
298 -2.5923663610210977e-06
299 -2.7539208705907688e-06
