0 -2.5778652219160097e-06
1 -2.602346342811011e-06
2 -2.4371318088648775e-06
3 -2.2804479763665774e-06
4 -2.5822940026128464e-06
5 -2.4502141932476326e-06
6 -2.402895792002033e-06
7 -2.374443842828858e-06
8 -2.5144231710556817e-06
9 -2.470664936952667e-06
10 -2.0480581166379433e-06
11 -2.4448889318977887e-06
12 -2.359088390532447e-06
13 -2.4020696469087804e-06
14 -2.5345693557060436e-06
15 -2.4458679486833154e-06
16 -2.5616044927308242e-06
17 -2.4982999259790065e-06
18 -2.382393313058478e-06
19 -2.621454016511846e-06
20 -2.327072310056197e-06
21 -2.3483016836502565e-06
22 -2.526605559554926e-06
23 -2.350924589633437e-06
24 -2.3079368354879705e-06
25 -2.49549448655065e-06
26 -2.674432216329454e-06
27 -2.4948336890014865e-06
28 -2.604319361229059e-06
29 -2.4772024191911755e-06
30 -2.1822665942123825e-06
31 -2.335439268878469e-06
32 -2.4914395075541313e-06
33 -2.653352436704073e-06
34 -2.4322324529421693e-06
35 -2.470049361225437e-06
36 -2.5921170843883255e-06
37 -2.6590170634441473e-06
38 -2.683961223691253e-06
39 -2.473600876958592e-06
40 -2.403954575149533e-06
41 -2.4465429827459426e-06
42 -2.4690355166092777e-06
43 -2.360987703462247e-06
44 -2.629050857286029e-06
45 -2.688441232412432e-06
46 -2.5187615010703646e-06
47 -2.5732434210249515e-06
48 -2.383580305871188e-06
49 -2.4345730619900176e-06
50 -2.342195031032153e-06
51 -2.566583793035171e-06
52 -2.481635996523212e-06
53 -2.5653568972385578e-06
54 -2.3062644310506544e-06
55 -2.6515445202805425e-06
56 -2.545168655787793e-06
57 -2.437556843036842e-06
58 -2.536271855958107e-06
59 -2.197795999016396e-06
60 -2.513275616563435e-06
61 -2.2792993930059095e-06
62 -2.6594337407855632e-06
63 -2.707053752320406e-06
64 -2.443174246070125e-06
65 -2.159688739803208e-06
66 -2.2466815765902347e-06
67 -2.505083278172398e-06
68 -2.3536375945097444e-06
69 -2.5936103962546753e-06
70 -2.1317746441149233e-06
71 -2.5181877256895023e-06
72 -2.321904573881215e-06
73 -2.5158209270742673e-06
74 -2.6100044025694705e-06
75 -2.330549241009174e-06
76 -2.4970854120499574e-06
77 -2.400536705711431e-06
78 -2.3951166154160117e-06
79 -2.508066433235288e-06
80 -2.3675691374428248e-06
81 -2.2173542334164997e-06
82 -2.4562120838708233e-06
83 -2.4283190321360865e-06
84 -2.522436981513201e-06
85 -2.366045854444663e-06
86 -2.2271163392614163e-06
87 -2.200697377970436e-06
88 -2.388084032282678e-06
89 -2.4370456861471377e-06
90 -2.4751889458197933e-06
91 -2.1768149182982786e-06
92 -2.4170967899901762e-06
93 -2.354478430424035e-06
94 -2.529102435075648e-06
95 -2.254478641876452e-06
96 -2.498311845686821e-06
97 -2.3123524410160803e-06
98 -2.6049966118894415e-06
99 -2.54337856016689e-06
100 -2.417571639710411e-06
101 -2.668583543126493e-06
102 -2.292037637079609e-06
103 -2.182528434706064e-06
104 -2.303748536186909e-06
105 -2.4902028175120897e-06
106 -2.534357689108117e-06
107 -2.6188512738916845e-06
108 -2.281003460646901e-06
109 -2.444222048451786e-06
110 -2.6971109029197278e-06
111 -2.4282674140196574e-06
112 -2.553742127880505e-06
113 -2.435800062001271e-06
114 -2.940732912525945e-06
115 -2.340609649593402e-06
116 -2.330046590256265e-06
117 -2.300399290903354e-06
118 -2.469901578923262e-06
119 -2.6060333451646995e-06
120 -2.475646126222162e-06
121 -2.090976831023318e-06
122 -2.5263209135924324e-06
123 -2.635915770079744e-06
124 -2.777423113043405e-06
125 -2.3771246822861676e-06
126 -2.2219137037914694e-06
127 -2.4293605600858473e-06
128 -2.4923484772512815e-06
129 -2.6508879572709634e-06
130 -2.197740110682038e-06
131 -2.285697686232992e-06
132 -2.2393696663415054e-06
133 -2.548222522354049e-06
134 -2.3799729566747408e-06
135 -2.2840322386586045e-06
136 -2.343004355050299e-06
137 -2.4074866475368484e-06
138 -2.3872416267683938e-06
139 -2.4178411445793825e-06
140 -2.506824406741383e-06
141 -2.419776342635501e-06
142 -2.5403311678492756e-06
143 -2.573518406397853e-06
144 -2.6590685933081082e-06
145 -2.301907861256769e-06
146 -2.3713430184391633e-06
147 -2.5834993960217677e-06
148 -2.5906249393454706e-06
149 -2.5212789883551884e-06
150 -2.4113996564078247e-06
151 -2.361930308971129e-06
152 -2.2833520773738813e-06
153 -2.491771931181144e-06
154 -2.5647630739441963e-06
155 -2.5752166955299487e-06
156 -2.6796778397180088e-06
157 -2.435002612749401e-06
158 -2.2364080270379393e-06
159 -2.2881512762302738e-06
160 -2.737708766303784e-06
161 -2.345631825794669e-06
162 -2.5361035888509073e-06
163 -2.260987066325349e-06
164 -2.417137462724898e-06
165 -2.273974507950239e-06
166 -2.4165056724622224e-06
167 -2.3308857130395477e-06
168 -2.210658890475792e-06
169 -2.446408304574092e-06
170 -2.278766886976085e-06
171 -2.60254968584106e-06
172 -2.510084705335025e-06
173 -2.4449445897775766e-06
174 -2.367185097029212e-06
175 -2.24446414824321e-06
176 -2.3724106409136055e-06
177 -2.4387023546513462e-06
178 -2.5226405665379517e-06
179 -2.341421861877513e-06
180 -2.486383398171662e-06
181 -2.4459671985089433e-06
182 -2.279716036042615e-06
183 -2.4722022399872177e-06
184 -2.554285221594228e-06
185 -2.608917473927164e-06
186 -2.2956788816113124e-06
187 -2.204295649494875e-06
188 -2.2707162825388727e-06
189 -2.4605524905971955e-06
190 -2.5929595104014283e-06
191 -2.42761623999909e-06
192 -2.1994678101519033e-06
193 -2.172576975674834e-06
194 -2.3998326296684458e-06
195 -2.439134269241496e-06
196 -2.619713734166866e-06
197 -2.392714556462244e-06
198 -2.3588045330544244e-06
199 -2.47317740002203e-06
200 -2.5228203228354994e-06
201 -2.414110671515791e-06
202 -2.402248513294813e-06
203 -2.721712517702639e-06
204 -2.3254813799308866e-06
205 -2.3744924779745788e-06
206 -2.416438719594781e-06
207 -2.593401576382364e-06
208 -2.5694507169024857e-06
209 -2.2783247828101372e-06
210 -2.24643741152552e-06
211 -2.654064436910004e-06
212 -2.2989968060406203e-06
213 -2.6481291820127287e-06
214 -2.5030827116136083e-06
215 -2.7033802883592977e-06
216 -2.469940166965961e-06
217 -2.6456100680771154e-06
218 -2.605601854409281e-06
219 -2.4011494997994164e-06
220 -2.5195030760915248e-06
221 -2.4988311678730714e-06
222 -2.4113118184106263e-06
223 -2.5740952615516104e-06
224 -2.572001858539786e-06
225 -2.481019760986e-06
226 -2.353911985841368e-06
227 -2.339914075321657e-06
228 -2.220241721966012e-06
229 -2.4994154335642338e-06
230 -2.2200182272560217e-06
231 -2.6376877489696005e-06
232 -2.5924163255115602e-06
233 -2.2720260968725873e-06
234 -2.4399457729124173e-06
235 -2.587779807532638e-06
236 -2.2522037879538096e-06
237 -2.313247476115521e-06
238 -2.5273212879436656e-06
239 -2.652779215676961e-06
240 -2.7063113224134864e-06
241 -2.444407166769385e-06
242 -2.3680894855154963e-06
243 -2.3853783316183014e-06
244 -2.4578652998881414e-06
245 -2.4957785722821285e-06
246 -2.3924828424214707e-06
247 -2.4177850195284053e-06
248 -2.580608406659117e-06
249 -2.3789653066196602e-06
250 -2.4749489442385786e-06
251 -2.489346642982547e-06
252 -2.23620736206856e-06
253 -2.237852006684747e-06
254 -2.3214970802974662e-06
255 -2.249495315028836e-06
256 -2.3995444602681884e-06
257 -2.596733816916127e-06
258 -2.348487495934598e-06
259 -2.455401674904349e-06
260 -2.5864157378351594e-06
261 -2.4430706015627974e-06
262 -2.209851838787411e-06
263 -2.54404987323027e-06
264 -2.6443333562626278e-06
265 -2.6630613550268184e-06
266 -2.196720071069537e-06
267 -2.8674120223922364e-06
268 -2.356898092236185e-06
269 -2.6563552548444243e-06
270 -2.269383030262505e-06
271 -2.5551615674176666e-06
272 -2.4687054079399237e-06
273 -2.4865088576619106e-06
274 -2.390594154114758e-06
275 -2.440368688840051e-06
276 -2.36403716479772e-06
277 -2.32694634293986e-06
278 -2.283234566057395e-06
279 -2.5265528866117667e-06
280 -2.3949290128668174e-06
281 -2.5752697709966257e-06
282 -2.2930309409964973e-06
283 -2.3219427552053207e-06
284 -2.340760853199296e-06
285 -2.603937788411518e-06
286 -2.210568210146275e-06
287 -2.5627891147579098e-06
288 -2.5311144196211743e-06
289 -2.5321984013675417e-06
290 -2.3782139642624695e-06
291 -2.3752115116451597e-06
292 -2.42981878237413e-06
293 -2.495930188584369e-06
294 -2.5042199527102253e-06
295 -2.1904589016098196e-06
296 -2.410445966737222e-06
297 -2.223922612178582e-06
298 -2.70644499399675e-06
299 -2.464120079724658e-06
