0 -1.2246629798350158e-06
1 -1.2133698733581782e-06
2 -1.1846459045578198e-06
3 -1.1657848401438078e-06
4 -1.2343689676148824e-06
5 -1.1603761238740245e-06
6 -1.2273605641540005e-06
7 -1.1551302123038992e-06
8 -1.221769584092606e-06
9 -1.2618184243238654e-06
10 -1.1269349927825408e-06
11 -1.1317006391258166e-06
12 -1.1987581149287642e-06
13 -1.1645773879991377e-06
14 -1.1508165490267985e-06
15 -1.2131018126100336e-06
16 -1.2377924968392315e-06
17 -1.228912638711045e-06
18 -1.2135621346333197e-06
19 -1.2710999153704446e-06
20 -1.1624705534164318e-06
21 -1.2322882037951479e-06
22 -1.211454722419613e-06
23 -1.1474880901615637e-06
24 -1.1461591762772613e-06
25 -1.208149653978787e-06
26 -1.2686935189861554e-06
27 -1.215012854997227e-06
28 -1.1949510978561847e-06
29 -1.2105888619969087e-06
30 -1.1681649152561669e-06
31 -1.121015982076697e-06
32 -1.199699754143097e-06
33 -1.2576431574827713e-06
34 -1.1900384067318295e-06
35 -1.3112600014626097e-06
36 -1.1876355811949608e-06
37 -1.231822786024703e-06
38 -1.2684929592356382e-06
39 -1.1815717281943157e-06
40 -1.1883043951631556e-06
41 -1.2321737165936447e-06
42 -1.180686718290819e-06
43 -1.162724029208734e-06
44 -1.2243530027837584e-06
45 -1.2507874963109385e-06
46 -1.2618464233263557e-06
47 -1.2410700578763816e-06
48 -1.1936343127758094e-06
49 -1.2202901432901703e-06
50 -1.17209007980515e-06
51 -1.1710145786198335e-06
52 -1.1815771044178157e-06
53 -1.2269062932963437e-06
54 -1.2002898932843107e-06
55 -1.2081405842395614e-06
56 -1.1901138016120843e-06
57 -1.15162320398546e-06
58 -1.23500868804678e-06
59 -1.2328403999853301e-06
60 -1.199745214412112e-06
61 -1.1802257249827773e-06
62 -1.2319339299017332e-06
63 -1.2339653247256097e-06
64 -1.2373971895473335e-06
65 -1.1682177789482244e-06
66 -1.1609697038697977e-06
67 -1.3345581287353443e-06
68 -1.223902113265411e-06
69 -1.2188996241915298e-06
70 -1.2441083708487153e-06
71 -1.2186564487456502e-06
72 -1.2408025173595703e-06
73 -1.2310611435152403e-06
74 -1.247696630061194e-06
75 -1.2431004364729073e-06
76 -1.1838995074864726e-06
77 -1.203001342724671e-06
78 -1.1606852899895298e-06
79 -1.2643503541326664e-06
80 -1.2138656289036488e-06
81 -1.1876422864107734e-06
82 -1.2179284963343201e-06
83 -1.1412740667690165e-06
84 -1.2135221379101723e-06
85 -1.0910167420117686e-06
86 -1.163434192123665e-06
87 -1.171218906709884e-06
88 -1.1962266979950232e-06
89 -1.189985344657966e-06
90 -1.191038252281365e-06
91 -1.175833627206306e-06
92 -1.2134799548946134e-06
93 -1.15338744253786e-06
94 -1.2115738439837937e-06
95 -1.1739591039655296e-06
96 -1.2781638426309326e-06
97 -1.1978422640886627e-06
98 -1.1963786454651314e-06
99 -1.1593118698081116e-06
100 -1.1344798393989704e-06
101 -1.1772626891392628e-06
102 -1.1437390120592227e-06
103 -1.154846315714256e-06
104 -1.1396697537777407e-06
105 -1.2303584039118309e-06
106 -1.155905692489281e-06
107 -1.2375706609526894e-06
108 -1.2346820049514833e-06
109 -1.2289087238962786e-06
110 -1.2421796335086825e-06
111 -1.275297037785633e-06
112 -1.2210821360247107e-06
113 -1.151758296008978e-06
114 -1.2126792094754884e-06
115 -1.088935646868346e-06
116 -1.2026481634649678e-06
117 -1.2315836162008938e-06
118 -1.1660514143807988e-06
119 -1.288509673255896e-06
120 -1.1514674333430126e-06
121 -1.1317736089265034e-06
122 -1.2323885072229405e-06
123 -1.148893121634153e-06
124 -1.234816516071908e-06
125 -1.2232795728249049e-06
126 -1.1706724405733922e-06
127 -1.2105230430703907e-06
128 -1.2347160919495513e-06
129 -1.2589746713999281e-06
130 -1.1454181136116766e-06
131 -1.1821282348506924e-06
132 -1.2106002326697776e-06
133 -1.226124861400908e-06
134 -1.2979033995438047e-06
135 -1.15292599617867e-06
136 -1.2219096911274221e-06
137 -1.1890671517540727e-06
138 -1.2536440135975756e-06
139 -1.2661847126116476e-06
140 -1.2095374545856078e-06
141 -1.1944347144868105e-06
142 -1.1669052086377036e-06
143 -1.2166441152543091e-06
144 -1.2136707594253785e-06
145 -1.1702546271773832e-06
146 -1.215204688514542e-06
147 -1.178847206852554e-06
148 -1.2667365913913728e-06
149 -1.194502082022133e-06
150 -1.2183899150886458e-06
151 -1.2349332865942523e-06
152 -1.204810941178653e-06
153 -1.1420198626156044e-06
154 -1.3003654862329716e-06
155 -1.2202641820388e-06
156 -1.2216943341548915e-06
157 -1.1755879046827714e-06
158 -1.196000389900424e-06
159 -1.1820614643111553e-06
160 -1.326474300382368e-06
161 -1.219820974327251e-06
162 -1.2081306388897868e-06
163 -1.1482649092452766e-06
164 -1.2878444774853078e-06
165 -1.1867570555286667e-06
166 -1.2406037653903302e-06
167 -1.2034058155144904e-06
168 -1.1763077245638416e-06
169 -1.1973803905009772e-06
170 -1.1895278343691943e-06
171 -1.1671471271582617e-06
172 -1.2281821568523799e-06
173 -1.1932786095569084e-06
174 -1.1611193568812244e-06
175 -1.1594882747520783e-06
176 -1.228499509164461e-06
177 -1.184896121454347e-06
178 -1.1552443025199833e-06
179 -1.181897414125481e-06
180 -1.1838764615979424e-06
181 -1.2071740147072753e-06
182 -1.133876326426913e-06
183 -1.1368875544982994e-06
184 -1.2362678430768406e-06
185 -1.1955765323501757e-06
186 -1.1548941303068415e-06
187 -1.146703203147866e-06
188 -1.1100479289447193e-06
189 -1.1568092447809633e-06
190 -1.1781164288076765e-06
191 -1.2417219524616208e-06
192 -1.1755912926354246e-06
193 -1.1628013192099872e-06
194 -1.1924153348418562e-06
195 -1.1865025105462174e-06
196 -1.187329639931928e-06
197 -1.2197748693773855e-06
198 -1.2104026680666946e-06
199 -1.162096867945726e-06
200 -1.1812460400624407e-06
201 -1.14165352036729e-06
202 -1.2488040007882126e-06
203 -1.3262518956483436e-06
204 -1.187446586619905e-06
205 -1.1605960301644544e-06
206 -1.2255449025158268e-06
207 -1.172832527975383e-06
208 -1.2742407192527227e-06
209 -1.2280835462736704e-06
210 -1.2219871892729052e-06
211 -1.268311977751942e-06
212 -1.2165349454023247e-06
213 -1.2074537606804265e-06
214 -1.2379225535999253e-06
215 -1.2620946730379615e-06
216 -1.1872000750509975e-06
217 -1.2630645480522869e-06
218 -1.1157896912038607e-06
219 -1.1754775015693396e-06
220 -1.2217517829642078e-06
221 -1.1885004618425405e-06
222 -1.163528520871033e-06
223 -1.269908800849303e-06
224 -1.2247453236737386e-06
225 -1.3020090844945238e-06
226 -1.167802966398357e-06
227 -1.1713669671035918e-06
228 -1.1015917526352833e-06
229 -1.2210540463811299e-06
230 -1.1253789377339892e-06
231 -1.197528496856097e-06
232 -1.185625747165679e-06
233 -1.1850628251035322e-06
234 -1.1986793761820358e-06
235 -1.1728342672160397e-06
236 -1.1885071136027038e-06
237 -1.1283382834211343e-06
238 -1.1592190968829991e-06
239 -1.2680090468169745e-06
240 -1.2931190389716412e-06
241 -1.1967810771042505e-06
242 -1.1837554571538833e-06
243 -1.16141384456076e-06
244 -1.2136452724417216e-06
245 -1.215013178067249e-06
246 -1.1774004903094635e-06
247 -1.2115241666062267e-06
248 -1.2893156574223957e-06
249 -1.1387933025069971e-06
250 -1.220924308671611e-06
251 -1.1825144124263094e-06
252 -1.1954980593469401e-06
253 -1.1654802795393735e-06
254 -1.1984149099611361e-06
255 -1.1914439481668387e-06
256 -1.2206658154933196e-06
257 -1.2971425764897861e-06
258 -1.1977171999468272e-06
259 -1.216858956687753e-06
260 -1.2030938473897774e-06
261 -1.2042982457415163e-06
262 -1.1736224953304138e-06
263 -1.168413974673638e-06
264 -1.152561872438567e-06
265 -1.201202655865789e-06
266 -1.1183820023981558e-06
267 -1.2220576225684319e-06
268 -1.1467817970641129e-06
269 -1.202570534071572e-06
270 -1.1671692753859652e-06
271 -1.1885430563469898e-06
272 -1.1809269404432637e-06
273 -1.196906578704033e-06
274 -1.1111431082162229e-06
275 -1.1840524188938421e-06
276 -1.225483911862363e-06
277 -1.1088519675994275e-06
278 -1.2044038192419504e-06
279 -1.226106507358078e-06
280 -1.207426680000369e-06
281 -1.1965624517925894e-06
282 -1.199851300472716e-06
283 -1.135736247748706e-06
284 -1.127622837590867e-06
285 -1.1887405771137992e-06
286 -1.1909438477645815e-06
287 -1.3127100036003557e-06
288 -1.1779179114565832e-06
289 -1.1645188536603788e-06
290 -1.206461347133216e-06
291 -1.1682718815666037e-06
292 -1.2072307459180601e-06
293 -1.231284107040705e-06
294 -1.2308693744318807e-06
295 -1.128151243617382e-06
296 -1.2233934704410291e-06
297 -1.1665552515802504e-06
298 -1.236161590786662e-06
299 -1.1896511471242112e-06
