0 4.606820062187362e-06
1 4.586974468008551e-06
2 4.759223722736621e-06
3 4.842455600834424e-06
4 4.574778898054254e-06
5 4.7159745894513875e-06
6 4.707441111833723e-06
7 4.768888025082809e-06
8 4.649522272361227e-06
9 4.650724563888749e-06
10 4.926643062478158e-06
11 4.776434744877314e-06
12 4.747212737830332e-06
13 4.806333952872774e-06
14 4.724901772657917e-06
15 4.724126766689641e-06
16 4.5891895073753645e-06
17 4.600518275703144e-06
18 4.712236953305399e-06
19 4.6357146895819605e-06
20 4.78629496157398e-06
21 4.734976787369644e-06
22 4.734634900909687e-06
23 4.8766749736727525e-06
24 4.8177071472806375e-06
25 4.707716124946691e-06
26 4.556423018640076e-06
27 4.732264939201059e-06
28 4.646201665715808e-06
29 4.679738085791136e-06
30 4.9438446289393e-06
31 4.902628479435936e-06
32 4.726641690902251e-06
33 4.5323272532260835e-06
34 4.777514997055389e-06
35 4.5968567786624125e-06
36 4.636058897668708e-06
37 4.555489437699399e-06
38 4.507720136875059e-06
39 4.773106593964331e-06
40 4.758320117952479e-06
41 4.736164063803287e-06
42 4.717968273554127e-06
43 4.817845714055074e-06
44 4.581969491009931e-06
45 4.578583299727516e-06
46 4.619525324176781e-06
47 4.612786539492807e-06
48 4.762134051835674e-06
49 4.718392224378785e-06
50 4.764309524072031e-06
51 4.70735060817491e-06
52 4.663626424825146e-06
53 4.613559043954513e-06
54 4.74905664640014e-06
55 4.571139128981574e-06
56 4.612756112936229e-06
57 4.7061620125262054e-06
58 4.655329268352383e-06
59 4.7559635827574695e-06
60 4.718784713462404e-06
61 4.812133810117054e-06
62 4.555952463469475e-06
63 4.482424515570975e-06
64 4.660366924712908e-06
65 4.941095607185035e-06
66 4.902092752398401e-06
67 4.584527424047922e-06
68 4.773075079598902e-06
69 4.6324058427339825e-06
70 4.870347505556891e-06
71 4.696378329681159e-06
72 4.7046540786052894e-06
73 4.623692077594507e-06
74 4.59316658518976e-06
75 4.735304068360948e-06
76 4.699875113897385e-06
77 4.710350762819128e-06
78 4.765764670846215e-06
79 4.54088338035585e-06
80 4.754109560373664e-06
81 4.924399599611093e-06
82 4.706172035057343e-06
83 4.771955464750514e-06
84 4.635977844092415e-06
85 4.859082666870517e-06
86 4.878139792223377e-06
87 4.885111483826807e-06
88 4.760291855492201e-06
89 4.734776061887821e-06
90 4.7069652263251944e-06
91 4.886158811948842e-06
92 4.707933002692855e-06
93 4.842911611694305e-06
94 4.654956191199206e-06
95 4.7937033051944355e-06
96 4.585519159514099e-06
97 4.753977303126605e-06
98 4.627281254766683e-06
99 4.690028149456422e-06
100 4.789201212882165e-06
101 4.6439246577707615e-06
102 4.913775716227871e-06
103 4.838569310256306e-06
104 4.863190584868161e-06
105 4.624567298329164e-06
106 4.698638390465792e-06
107 4.658490218731012e-06
108 4.741397103619832e-06
109 4.762989679482513e-06
110 4.566643650156732e-06
111 4.622277062350779e-06
112 4.6228567387482035e-06
113 4.7616114318220505e-06
114 4.38546496391411e-06
115 4.892437069143622e-06
116 4.716971575746978e-06
117 4.891723714513796e-06
118 4.7561542125584435e-06
119 4.5765334943724445e-06
120 4.76308717489791e-06
121 4.990525815369117e-06
122 4.7092620522101226e-06
123 4.665941847298441e-06
124 4.467810636630227e-06
125 4.673815743695545e-06
126 4.860447813283647e-06
127 4.717526652936433e-06
128 4.697544684438605e-06
129 4.617411984262965e-06
130 4.859884508495889e-06
131 4.784021914917705e-06
132 4.72314521050259e-06
133 4.6504230308332884e-06
134 4.58130551881348e-06
135 4.850691229921974e-06
136 4.731467398575118e-06
137 4.69927081722785e-06
138 4.724347797463275e-06
139 4.70111912580467e-06
140 4.761656521571527e-06
141 4.834966181408729e-06
142 4.710099702507919e-06
143 4.683391296433575e-06
144 4.614175303733277e-06
145 4.916536370466352e-06
146 4.7195136680048276e-06
147 4.628415550685273e-06
148 4.511803129342456e-06
149 4.630614221339558e-06
150 4.735089997240483e-06
151 4.730886400710573e-06
152 4.688683072915867e-06
153 4.689528488558498e-06
154 4.534355237974485e-06
155 4.652335804161059e-06
156 4.501333771480977e-06
157 4.720060332051894e-06
158 4.9165967198721036e-06
159 4.8250970775839115e-06
160 4.473218018966041e-06
161 4.735382490385782e-06
162 4.67094660096212e-06
163 4.856532330401711e-06
164 4.751506270235391e-06
165 4.810548352741434e-06
166 4.645939588002747e-06
167 4.750461869175806e-06
168 4.838521490499367e-06
169 4.736350582410621e-06
170 4.8445227968216085e-06
171 4.699980862207346e-06
172 4.723727486965001e-06
173 4.6986243078487215e-06
174 4.711692230487155e-06
175 4.834231172324827e-06
176 4.7402125751483065e-06
177 4.8123639963118345e-06
178 4.766240721853439e-06
179 4.775978717199803e-06
180 4.709276069372324e-06
181 4.7078006521370214e-06
182 4.917047801570106e-06
183 4.7886263023946565e-06
184 4.6629704544231335e-06
185 4.560207826000561e-06
186 4.849715029328389e-06
187 4.89850742469756e-06
188 4.9745921021173625e-06
189 4.787650900200393e-06
190 4.759966659473459e-06
191 4.712937195330662e-06
192 4.872411141901394e-06
193 4.990793404066974e-06
194 4.720478672293383e-06
195 4.6572273662097216e-06
196 4.605058507508368e-06
197 4.715775576118627e-06
198 4.8067543875083774e-06
199 4.67538566288132e-06
200 4.694563712845933e-06
201 4.7384076973020304e-06
202 4.683431983272204e-06
203 4.388486773540075e-06
204 4.775056907641949e-06
205 4.8135763869265664e-06
206 4.712415318074015e-06
207 4.5674232837654835e-06
208 4.534698955119121e-06
209 4.773506241765384e-06
210 4.74968526913648e-06
211 4.5194668338983995e-06
212 4.771414559254743e-06
213 4.638914238838768e-06
214 4.615617692226298e-06
215 4.418065088135237e-06
216 4.689681977933423e-06
217 4.564245136571721e-06
218 4.633258068993704e-06
219 4.756027907843357e-06
220 4.592944071608601e-06
221 4.703741160778478e-06
222 4.794232619364145e-06
223 4.617270449862244e-06
224 4.620453177212788e-06
225 4.707804702418945e-06
226 4.738978926803022e-06
227 4.854659016203333e-06
228 4.8653515165675755e-06
229 4.7228862089689405e-06
230 4.931798747101162e-06
231 4.575380115136824e-06
232 4.674626829734655e-06
233 4.769445867585051e-06
234 4.673593760910772e-06
235 4.6921086921651555e-06
236 4.816450405977569e-06
237 4.8865018758792675e-06
238 4.715180540105374e-06
239 4.5298258026579155e-06
240 4.456321977945942e-06
241 4.691017310776964e-06
242 4.8119919143370504e-06
243 4.7157748349053814e-06
244 4.608630770946531e-06
245 4.680397718895013e-06
246 4.703632510730062e-06
247 4.7501824116910845e-06
248 4.525638693033286e-06
249 4.773779513971285e-06
250 4.703932646015566e-06
251 4.7138613759197635e-06
252 4.842829228251494e-06
253 4.848426427858981e-06
254 4.728323441933656e-06
255 4.9048573490629545e-06
256 4.696953035662335e-06
257 4.541232091085767e-06
258 4.784511801305041e-06
259 4.6340829928240304e-06
260 4.649214179787637e-06
261 4.7019448155776065e-06
262 4.871564479274739e-06
263 4.694968038477338e-06
264 4.666992614505163e-06
265 4.569361133051563e-06
266 4.884607382790224e-06
267 4.55122575251778e-06
268 4.776146263781739e-06
269 4.531299609563926e-06
270 4.873672154191978e-06
271 4.626404708876243e-06
272 4.660946075077303e-06
273 4.667678599613588e-06
274 4.8325367542792e-06
275 4.75088608127257e-06
276 4.765444732940317e-06
277 4.862900925127788e-06
278 4.783736166725406e-06
279 4.6776737208731475e-06
280 4.795478877323457e-06
281 4.6196998684937244e-06
282 4.663463118582303e-06
283 4.926740737701035e-06
284 4.775985384448088e-06
285 4.643998001681616e-06
286 4.845110609954242e-06
287 4.5339158319411225e-06
288 4.7437437311968e-06
289 4.728112871032968e-06
290 4.758674376889834e-06
291 4.771531772567671e-06
292 4.788705130496504e-06
293 4.677624680284422e-06
294 4.608125359780224e-06
295 4.906244132156635e-06
296 4.735206668436722e-06
297 4.839662573096981e-06
298 4.543264258374982e-06
299 4.754753004668281e-06
