0 -7.286226605514097e-07
1 -7.542776594377004e-07
2 -8.612584790967293e-07
3 -9.871493026074223e-07
4 -7.059843851102832e-07
5 -8.28827905404307e-07
6 -7.91427166274222e-07
7 -8.666613934862188e-07
8 -7.632943609017641e-07
9 -7.616981421185544e-07
10 -1.1169680254512903e-06
11 -8.530317919400709e-07
12 -8.104634328334763e-07
13 -9.0803199158354e-07
14 -8.309222893146044e-07
15 -7.791787044897909e-07
16 -7.108278216387092e-07
17 -7.457211432818858e-07
18 -8.654169574878997e-07
19 -6.356809063909086e-07
20 -9.253847058461377e-07
21 -8.515515571435705e-07
22 -7.570714690678276e-07
23 -9.620043267700585e-07
24 -9.188764524463147e-07
25 -7.537801513365974e-07
26 -6.156622489767321e-07
27 -7.953652089265235e-07
28 -7.293944547502821e-07
29 -7.899541762190151e-07
30 -1.0276228703191155e-06
31 -9.725404758192934e-07
32 -7.982124940010287e-07
33 -6.131633897482897e-07
34 -8.312040192799186e-07
35 -6.935811061836991e-07
36 -7.256192611268991e-07
37 -6.595957766406016e-07
38 -5.756526089778818e-07
39 -8.136927973988475e-07
40 -8.692055407140588e-07
41 -8.121816841020125e-07
42 -8.150600899276654e-07
43 -9.5292961829427e-07
44 -6.996027725802529e-07
45 -6.257151102256388e-07
46 -7.289041720766331e-07
47 -6.871781971050246e-07
48 -8.486440193764387e-07
49 -8.210595820016692e-07
50 -9.409516518830671e-07
51 -7.835138578658969e-07
52 -7.963439185563378e-07
53 -7.273806829069761e-07
54 -9.044736974164044e-07
55 -6.841121266214267e-07
56 -7.948736382432198e-07
57 -8.817172081822891e-07
58 -7.533315094815873e-07
59 -9.22911664026254e-07
60 -8.218163834750101e-07
61 -9.423257997448823e-07
62 -6.856499592566119e-07
63 -6.164680930355205e-07
64 -7.64712432951749e-07
65 -1.0132112985733153e-06
66 -9.538240238178854e-07
67 -6.429638806209399e-07
68 -8.471882261376707e-07
69 -7.63369343312346e-07
70 -9.609927614428694e-07
71 -7.649303440061359e-07
72 -8.377127881397158e-07
73 -7.193902667061026e-07
74 -6.821010764626911e-07
75 -8.271036929673943e-07
76 -8.15994539140859e-07
77 -7.90437240339003e-07
78 -8.686191908753394e-07
79 -6.727396496661399e-07
80 -8.122224640078718e-07
81 -9.606107359206448e-07
82 -7.669639044497353e-07
83 -8.64561751890131e-07
84 -7.457661205150026e-07
85 -9.518993707931708e-07
86 -9.790029559155315e-07
87 -9.521660779328978e-07
88 -8.42218091954337e-07
89 -8.391400109353216e-07
90 -7.865597702628591e-07
91 -9.589731542626601e-07
92 -8.035878173022465e-07
93 -9.311844855461473e-07
94 -7.908227126885621e-07
95 -9.417024655488441e-07
96 -6.479902453584491e-07
97 -8.705430851278847e-07
98 -6.769353675123251e-07
99 -8.038494011019901e-07
100 -8.842415783320957e-07
101 -6.868773006876339e-07
102 -9.107725803974914e-07
103 -9.681920976979254e-07
104 -9.89178943248849e-07
105 -7.813887406357865e-07
106 -8.22594475436919e-07
107 -6.908772353754066e-07
108 -8.168050937773885e-07
109 -7.615057068591564e-07
110 -6.378739405050198e-07
111 -7.324938982306995e-07
112 -7.534569485393628e-07
113 -8.904849547354156e-07
114 -5.112243521977313e-07
115 -9.928787192707058e-07
116 -8.838448921347963e-07
117 -8.914559767220174e-07
118 -8.644788598135016e-07
119 -6.519913483453428e-07
120 -8.240735598757031e-07
121 -1.1020035547190238e-06
122 -7.095932831976273e-07
123 -7.626885503095486e-07
124 -5.900049021359718e-07
125 -8.150809458162067e-07
126 -9.758241113146195e-07
127 -7.904646796768202e-07
128 -7.661234100221322e-07
129 -6.47786525613443e-07
130 -9.768058661695555e-07
131 -9.202062854258435e-07
132 -8.844638706942697e-07
133 -7.445007470697995e-07
134 -7.561870671820641e-07
135 -9.470411259389567e-07
136 -8.300251655932758e-07
137 -8.50116174559901e-07
138 -7.901376395172513e-07
139 -7.448905659839727e-07
140 -7.861956447689548e-07
141 -8.648769053008608e-07
142 -8.067272420650968e-07
143 -7.389859958312993e-07
144 -7.313264627716631e-07
145 -9.320389782825689e-07
146 -8.39289805767706e-07
147 -7.514913569674846e-07
148 -6.2508448176901e-07
149 -7.761510749276148e-07
150 -8.748953669933742e-07
151 -8.387334167768028e-07
152 -8.163859520980997e-07
153 -8.096205342137788e-07
154 -6.285129540075452e-07
155 -7.418743623260105e-07
156 -6.500549781468532e-07
157 -8.02779569977743e-07
158 -9.62031320016337e-07
159 -9.193639358982068e-07
160 -5.459069369858146e-07
161 -8.592234445821153e-07
162 -7.650828249669721e-07
163 -9.721998093859813e-07
164 -7.304084744085879e-07
165 -9.104948545299866e-07
166 -7.712059431352029e-07
167 -8.75156603853081e-07
168 -9.188195702000203e-07
169 -8.180810099984286e-07
170 -8.805986757999452e-07
171 -7.798567079616194e-07
172 -7.50226017112561e-07
173 -8.419828746369565e-07
174 -8.716544423487183e-07
175 -9.116441807784573e-07
176 -8.008597177869322e-07
177 -8.526476634881647e-07
178 -8.212474501976321e-07
179 -8.935558771539101e-07
180 -8.717814667851489e-07
181 -8.615207125021026e-07
182 -1.0228916148614059e-06
183 -8.816457398757369e-07
184 -7.637137182850691e-07
185 -7.142032737253706e-07
186 -9.366994031008606e-07
187 -9.618084669427018e-07
188 -1.0761706322111475e-06
189 -8.754080101155806e-07
190 -7.635978768800389e-07
191 -8.260557417569172e-07
192 -9.715275715374918e-07
193 -1.0701507338064908e-06
194 -8.5357076908134e-07
195 -7.899820172033427e-07
196 -7.061981812211807e-07
197 -8.528083366259391e-07
198 -8.827946693981807e-07
199 -8.031448380717297e-07
200 -7.502044364484335e-07
201 -8.561062917030638e-07
202 -7.962998934691711e-07
203 -5.543691005177016e-07
204 -8.94579615687477e-07
205 -9.403345135592469e-07
206 -8.303283168972342e-07
207 -7.761454849161073e-07
208 -6.579438405394459e-07
209 -8.577211648680854e-07
210 -8.588308308703168e-07
211 -6.130736518531694e-07
212 -8.986489480911823e-07
213 -7.441803372688609e-07
214 -7.525729349834228e-07
215 -5.705385423505824e-07
216 -8.061278342977822e-07
217 -6.719017585506662e-07
218 -7.852437904401956e-07
219 -8.645738814599725e-07
220 -7.389847946234783e-07
221 -8.190771452286903e-07
222 -8.791899122105227e-07
223 -7.350847983947328e-07
224 -7.091139551123808e-07
225 -7.062764649093609e-07
226 -9.067545108687429e-07
227 -9.116166970265654e-07
228 -1.0014492620696403e-06
229 -8.027862811580093e-07
230 -9.692956103456133e-07
231 -6.919558120372869e-07
232 -7.318651156856126e-07
233 -9.563272124721748e-07
234 -8.094844290622303e-07
235 -8.037094415382244e-07
236 -9.794024186647864e-07
237 -9.596604735862808e-07
238 -8.163791834514076e-07
239 -6.655712636927316e-07
240 -5.660599402131932e-07
241 -8.083686092707543e-07
242 -9.237829314749706e-07
243 -8.692704023011515e-07
244 -7.680953115730996e-07
245 -7.96012542888149e-07
246 -8.672360400237037e-07
247 -8.191433426366286e-07
248 -6.264961486779629e-07
249 -9.306966993792096e-07
250 -7.661007680333532e-07
251 -7.945330353733186e-07
252 -9.68857551435514e-07
253 -9.635051156308405e-07
254 -8.831146881180278e-07
255 -9.586623010551763e-07
256 -8.036238370278308e-07
257 -5.908995450483857e-07
258 -8.80311023871425e-07
259 -7.592067341104534e-07
260 -7.634946930936685e-07
261 -8.062818098271705e-07
262 -9.92822261868658e-07
263 -7.564270442831279e-07
264 -7.753173871421192e-07
265 -6.304170893471661e-07
266 -1.0105696675214723e-06
267 -5.86297067359604e-07
268 -9.166559060281059e-07
269 -6.477409693968133e-07
270 -9.504743586415691e-07
271 -7.588907861223281e-07
272 -7.664175179601605e-07
273 -7.468800793650302e-07
274 -9.418952852681464e-07
275 -8.285549759743834e-07
276 -8.306214293010151e-07
277 -9.808721136446583e-07
278 -8.885213952603388e-07
279 -7.291962159618646e-07
280 -8.702125548266094e-07
281 -7.362558249294953e-07
282 -8.53647531346642e-07
283 -9.937669395166354e-07
284 -9.519734462585101e-07
285 -7.435359756760629e-07
286 -9.73614719328229e-07
287 -6.063397791632422e-07
288 -8.404445080335132e-07
289 -8.156735276969115e-07
290 -8.57280242166187e-07
291 -8.772039413179793e-07
292 -8.139442962532142e-07
293 -7.557116723584136e-07
294 -7.000727562680317e-07
295 -1.0146389791595368e-06
296 -7.950058164814791e-07
297 -9.656620616244357e-07
298 -6.733544030469093e-07
299 -8.119176733816517e-07
