0 2.6686292335408917e-06
1 2.6168451874361544e-06
2 2.666120545775354e-06
3 2.615172490250473e-06
4 2.69872676571262e-06
5 2.661289015830433e-06
6 2.5885206323078683e-06
7 2.6604662007506334e-06
8 2.5874453121686833e-06
9 2.6317710907924754e-06
10 2.6486796865684196e-06
11 2.6501042375540937e-06
12 2.6910308721512664e-06
13 2.640997796522468e-06
14 2.681051862936328e-06
15 2.618448109707111e-06
16 2.6214889313973232e-06
17 2.6472541576254763e-06
18 2.661565279016987e-06
19 2.6493795537058337e-06
20 2.6913901724204325e-06
21 2.6300397268782687e-06
22 2.6787107350307574e-06
23 2.672185155230858e-06
24 2.612855642162146e-06
25 2.663457094628188e-06
26 2.6134547900023634e-06
27 2.658669416020291e-06
28 2.662879625750413e-06
29 2.6452359796839087e-06
30 2.6368702228040815e-06
31 2.624290261982294e-06
32 2.628835029033594e-06
33 2.653119267727009e-06
34 2.752889539762853e-06
35 2.642648978602633e-06
36 2.6471157250651858e-06
37 2.5516897507221476e-06
38 2.663149768114134e-06
39 2.705390004014535e-06
40 2.6563019632248075e-06
41 2.6532652892869e-06
42 2.717476773618654e-06
43 2.635298783998201e-06
44 2.670770067689306e-06
45 2.7210836053727197e-06
46 2.6436928069355108e-06
47 2.6330562053884206e-06
48 2.603746876781206e-06
49 2.6130547717346604e-06
50 2.6207718351860592e-06
51 2.6256483218655556e-06
52 2.613578105926021e-06
53 2.6080531136219976e-06
54 2.6942943084227477e-06
55 2.6323509140447394e-06
56 2.654334364773109e-06
57 2.661205637452129e-06
58 2.6897175881360328e-06
59 2.5829230645619247e-06
60 2.6739163159582568e-06
61 2.6812118208148647e-06
62 2.6261238861315063e-06
63 2.710935010846575e-06
64 2.6000863446172523e-06
65 2.6137038659957457e-06
66 2.590590941716545e-06
67 2.6409871927169498e-06
68 2.567285983174756e-06
69 2.6045896923105145e-06
70 2.6905758232526074e-06
71 2.5787575884913156e-06
72 2.6236160658542695e-06
73 2.675323482275286e-06
74 2.609280825356279e-06
75 2.580014798938264e-06
76 2.583208576559548e-06
77 2.555589532239405e-06
78 2.626365225657417e-06
79 2.59376505769669e-06
80 2.6398221643612477e-06
81 2.599659592559188e-06
82 2.623803482819737e-06
83 2.539486929503167e-06
84 2.6305794323116867e-06
85 2.6873287432204855e-06
86 2.5899211644060766e-06
87 2.6365504146496355e-06
88 2.6198889795155894e-06
89 2.5823044139292926e-06
90 2.6820236107164067e-06
91 2.664310278006259e-06
92 2.620123162381462e-06
93 2.581195059647466e-06
94 2.6417093798765235e-06
95 2.612696075158979e-06
96 2.624051510609413e-06
97 2.680930936931031e-06
98 2.662737274911798e-06
99 2.6734818095082726e-06
100 2.5974881800428243e-06
101 2.6256464331335814e-06
102 2.630246221139929e-06
103 2.623558473927756e-06
104 2.6352483200485788e-06
105 2.6218756757440187e-06
106 2.6053881606842674e-06
107 2.675015816070336e-06
108 2.66964994439012e-06
109 2.67549065039805e-06
110 2.5924081948379454e-06
111 2.615614680102618e-06
112 2.6303921605593088e-06
113 2.663092579561942e-06
114 2.6488509061474097e-06
115 2.6596203663512335e-06
116 2.6467754426276957e-06
117 2.655269678132913e-06
118 2.624079496569723e-06
119 2.673421174390541e-06
120 2.646534831458352e-06
121 2.674082291426588e-06
122 2.6918947433158434e-06
123 2.713605120122059e-06
124 2.624506874618545e-06
125 2.629695810080913e-06
126 2.677124332764051e-06
127 2.5943887544389454e-06
128 2.542653593486224e-06
129 2.642733645642073e-06
130 2.6271594186364796e-06
131 2.6681873279695156e-06
132 2.6554259195012213e-06
133 2.6069545583609833e-06
134 2.5833055299189375e-06
135 2.6571180400772055e-06
136 2.6757940578080027e-06
137 2.6402701787614775e-06
138 2.629849274629102e-06
139 2.6351826555930697e-06
140 2.632224994441492e-06
141 2.65407421107926e-06
142 2.6600183960991674e-06
143 2.6902301244872516e-06
144 2.5904798162736218e-06
145 2.624189598795889e-06
146 2.6015063733002953e-06
147 2.6151849926672516e-06
148 2.6228653309054047e-06
149 2.684463215470166e-06
150 2.7080788000825693e-06
151 2.6446294986063364e-06
152 2.6333840628828964e-06
153 2.637835681353582e-06
154 2.6678260525941057e-06
155 2.6330109483642326e-06
156 2.567971556493535e-06
157 2.6685888770270516e-06
158 2.6672921103364028e-06
159 2.605645192083036e-06
160 2.6242691463233444e-06
161 2.648969913896789e-06
162 2.641899523867818e-06
163 2.6116356692619287e-06
164 2.6875454347283606e-06
165 2.5969156143270603e-06
166 2.6519256168619663e-06
167 2.6804317621937825e-06
168 2.6772700679673833e-06
169 2.6562456220512304e-06
170 2.6690073006294e-06
171 2.65538196805592e-06
172 2.602674384073461e-06
173 2.625192993688438e-06
174 2.727043944394249e-06
175 2.6250923837769254e-06
176 2.6649666392876317e-06
177 2.597031575795185e-06
178 2.628344733990731e-06
179 2.6320851725353716e-06
180 2.57875322565136e-06
181 2.6661334707960766e-06
182 2.6442537045792803e-06
183 2.5788205598601166e-06
184 2.6619882171527234e-06
185 2.683650949282544e-06
186 2.652649555425511e-06
187 2.620714573140106e-06
188 2.63819421970298e-06
189 2.662884359990956e-06
190 2.6561188781514185e-06
191 2.628348789298858e-06
192 2.6152337036056217e-06
193 2.647074727967033e-06
194 2.6031995054352455e-06
195 2.638448923479319e-06
196 2.588491680324907e-06
197 2.6700254875914146e-06
198 2.551534612144376e-06
199 2.639129205724428e-06
200 2.6060990495066694e-06
201 2.7380636335757e-06
202 2.6443876541215826e-06
203 2.5912978457859142e-06
204 2.6496024981911092e-06
205 2.598336001627791e-06
206 2.6141483795555375e-06
207 2.6512317596869207e-06
208 2.627213944331449e-06
209 2.6839473561601643e-06
210 2.60018411147566e-06
211 2.6281255798895036e-06
212 2.6666199955954263e-06
213 2.690529782528743e-06
214 2.6699176244580183e-06
215 2.7081613994115547e-06
216 2.569120389639111e-06
217 2.666395494710089e-06
218 2.6447528864176013e-06
219 2.716774761420026e-06
220 2.6434787997871833e-06
221 2.65942721785804e-06
222 2.6211321361611585e-06
223 2.652889611254081e-06
224 2.6509052768809515e-06
225 2.6635477800420303e-06
226 2.6478224182654475e-06
227 2.625543500915483e-06
228 2.6750943366295384e-06
229 2.6513345938747516e-06
230 2.6674526993815764e-06
231 2.679440194166112e-06
232 2.617459369120799e-06
233 2.694014619470331e-06
234 2.6946815623217824e-06
235 2.693852780166392e-06
236 2.634419698049488e-06
237 2.6621065424188634e-06
238 2.626036006348255e-06
239 2.6032814466267747e-06
240 2.6456331180943313e-06
241 2.607886894789529e-06
242 2.708738133060455e-06
243 2.6515050637135814e-06
244 2.6641357094853663e-06
245 2.6453847716430797e-06
246 2.6290691048169846e-06
247 2.653982984963977e-06
248 2.6363721387995333e-06
249 2.6927964639033478e-06
250 2.6194668283635084e-06
251 2.621018994550646e-06
252 2.628839291096444e-06
253 2.6111563262809145e-06
254 2.5587660309919202e-06
255 2.6678311486629295e-06
256 2.6526596237252074e-06
257 2.6399702210705955e-06
258 2.6883587812660173e-06
259 2.5900510583142887e-06
260 2.6366438116457712e-06
261 2.589127936291544e-06
262 2.5812295956514203e-06
263 2.6082353564852616e-06
264 2.628344495734547e-06
265 2.6342533099834534e-06
266 2.6384118322084575e-06
267 2.622010352682773e-06
268 2.6124769000858896e-06
269 2.5617291656433107e-06
270 2.6637891193289192e-06
271 2.5832506657069824e-06
272 2.7137191480700322e-06
273 2.658163827024691e-06
274 2.6678425336502826e-06
275 2.708796699296546e-06
276 2.7192030357882953e-06
277 2.669242922201101e-06
278 2.6206713268680225e-06
279 2.6102627673474643e-06
280 2.587816011902185e-06
281 2.633793298371015e-06
282 2.6546928064538078e-06
283 2.6302052622536034e-06
284 2.552441049365103e-06
285 2.6105310618357947e-06
286 2.6603448197417843e-06
287 2.6791005170636227e-06
288 2.6288791052076695e-06
289 2.6463981346110902e-06
290 2.6500141341373327e-06
291 2.603903400501353e-06
292 2.69407685846163e-06
293 2.546502519912462e-06
294 2.638818151957549e-06
295 2.605041523029789e-06
296 2.6637547178173544e-06
297 2.584792382023339e-06
298 2.618554438393916e-06
299 2.626434512139759e-06
