0 1.1701199113020688e-05
1 1.0942430069909769e-05
2 1.0817863764941927e-05
3 1.1721532749416664e-05
4 1.1156913794300146e-05
5 1.1482693597967522e-05
6 1.1696962273147306e-05
7 1.0992723392874642e-05
8 1.1260416563810793e-05
9 1.1288381522500537e-05
10 1.1510857551225482e-05
11 1.1594061635737935e-05
12 1.142175538898071e-05
13 1.1381428730830409e-05
14 1.0965740305647108e-05
15 1.1739016830051064e-05
16 1.1354253849909824e-05
17 1.1268520505749185e-05
18 1.1511797673794122e-05
19 1.1575263662753648e-05
20 1.097142326587676e-05
21 1.1883947843570544e-05
22 1.128035186685078e-05
23 1.1240687558170531e-05
24 1.1704482432995532e-05
25 1.0942291342743656e-05
26 1.1345867802430897e-05
27 1.162153014679744e-05
28 1.0995483095915426e-05
29 1.1348384334474553e-05
30 1.1629787358753811e-05
31 1.1952645202646157e-05
32 1.1228145875035741e-05
33 1.0588647403868746e-05
34 1.1410265563401201e-05
35 1.1640643482576906e-05
36 1.170136183265033e-05
37 1.216946860292734e-05
38 1.2202987511423251e-05
39 1.1426700943381075e-05
40 1.1519447072891553e-05
41 1.1242323442827609e-05
42 1.0771732391113196e-05
43 1.163031310429808e-05
44 1.2085023552277152e-05
45 1.0694765735025343e-05
46 1.1529757214567494e-05
47 1.178848328904441e-05
48 1.1879249381640798e-05
49 1.1213880336031558e-05
50 1.1318428012161672e-05
51 1.0830921878454231e-05
52 1.0983245681466793e-05
53 1.1822938637875986e-05
54 1.1455702482792303e-05
55 1.0906994228786951e-05
56 1.1232899080927675e-05
57 1.1242345920313063e-05
58 1.1212999099736201e-05
59 1.2192120106879902e-05
60 1.1184569681988958e-05
61 1.1442439462064527e-05
62 1.1659962239645944e-05
63 1.0975176171151337e-05
64 1.0839483355814108e-05
65 1.1253333939231043e-05
66 1.1560411602058083e-05
67 1.1777743376631565e-05
68 1.2008494832011911e-05
69 1.14920667056392e-05
70 1.1252490137359481e-05
71 1.1868648197900718e-05
72 1.1560789873998916e-05
73 1.1704540554068126e-05
74 1.1132918498213494e-05
75 1.1757049854031823e-05
76 1.1979459723681811e-05
77 1.1657174695710956e-05
78 1.1607659281310836e-05
79 1.1950134339018319e-05
80 1.167476985749134e-05
81 1.2068131183459312e-05
82 1.1588346292932556e-05
83 1.1952692096288904e-05
84 1.0417715765838496e-05
85 1.1137343296875258e-05
86 1.1576397156204768e-05
87 1.0549167936777743e-05
88 1.1025010610582959e-05
89 1.1371035610699392e-05
90 1.1352501680009137e-05
91 1.1880501311434055e-05
92 1.1406960397349998e-05
93 1.1436605540319195e-05
94 1.1124892275057679e-05
95 1.1930837078526868e-05
96 1.0903197065814624e-05
97 1.1734695679701908e-05
98 1.1458281217623526e-05
99 1.1627283701893787e-05
100 1.0894652060394643e-05
101 1.2115100117335614e-05
102 1.1504720680941265e-05
103 1.1577029729352927e-05
104 1.162023509793453e-05
105 1.1984777865485817e-05
106 1.185093292812687e-05
107 1.098697798134308e-05
108 1.0841343654283041e-05
109 1.1170461731960813e-05
110 1.2306113002786508e-05
111 1.1679172550107596e-05
112 1.1261843688981116e-05
113 1.1262680153273383e-05
114 1.056845647015549e-05
115 1.0947298039801037e-05
116 1.1720386517687763e-05
117 1.1254926288222907e-05
118 1.1542190065718368e-05
119 1.1587949582859878e-05
120 1.0802028266436944e-05
121 1.081176321877603e-05
122 1.1070670871990468e-05
123 1.138815153276812e-05
124 1.1696012649307238e-05
125 1.1563813332915017e-05
126 1.1332810013944444e-05
127 1.1594165768793607e-05
128 1.1916290380436204e-05
129 1.148576999660503e-05
130 1.1768319369552798e-05
131 1.0972167320959853e-05
132 1.1401872216936639e-05
133 1.1359003555276139e-05
134 1.155535694750335e-05
135 1.1322066028612453e-05
136 1.0970672485297219e-05
137 1.2061045919927512e-05
138 1.0983091476284126e-05
139 1.121170456822743e-05
140 1.1851161672809174e-05
141 1.1483409118076749e-05
142 1.153283983709017e-05
143 1.115010355957004e-05
144 1.1724561963520169e-05
145 1.1282006112488248e-05
146 1.2183340149456927e-05
147 1.1305921672905644e-05
148 1.2467990041854677e-05
149 1.1366789887104932e-05
150 1.151885381191598e-05
151 1.1871634719139088e-05
152 1.1302556585250956e-05
153 1.088481692085064e-05
154 1.1793044463206985e-05
155 1.1660858999667124e-05
156 1.1330219145652422e-05
157 1.1225173805643872e-05
158 1.1480957622789036e-05
159 1.132841865482217e-05
160 1.1525383794239815e-05
161 1.1454054349820105e-05
162 1.1368576762343775e-05
163 1.1021334376955629e-05
164 1.1484305597452182e-05
165 1.1620957331299472e-05
166 1.1179043924595507e-05
167 1.1313853320493679e-05
168 1.1148656124109414e-05
169 1.1638869245419331e-05
170 1.1741168532603381e-05
171 1.140105786630608e-05
172 1.1445358538501709e-05
173 1.1490682343869407e-05
174 1.0932252285095209e-05
175 1.1453871470344324e-05
176 1.1460612541074663e-05
177 1.1460841964429802e-05
178 1.1425305004525976e-05
179 1.1565571610881653e-05
180 1.1400742427359712e-05
181 1.0785259547273401e-05
182 1.127918930166894e-05
183 1.160229117772865e-05
184 1.1239914059772336e-05
185 1.1150412009486917e-05
186 1.1324184132385641e-05
187 1.080370261160231e-05
188 1.1463677433189473e-05
189 1.2041824123689515e-05
190 1.1781344326649254e-05
191 1.1264432234179744e-05
192 1.1903187050373294e-05
193 1.1301748925699301e-05
194 1.1519192757215232e-05
195 1.1023385312488509e-05
196 1.1843244096200741e-05
197 1.144175571949765e-05
198 1.22914123090842e-05
199 1.1882947764889613e-05
200 1.1475162618722813e-05
201 1.0330962419265482e-05
202 1.1804760537839204e-05
203 1.2206670280563271e-05
204 1.163202855786683e-05
205 1.1694938597610807e-05
206 1.1778663406198163e-05
207 1.2192553935732866e-05
208 1.2058822473451835e-05
209 1.0944169014643847e-05
210 1.1584257719316343e-05
211 1.1841423576930557e-05
212 1.0052849212285478e-05
213 1.1273275726196415e-05
214 1.1571385961434286e-05
215 1.128998680095365e-05
216 1.107823904075112e-05
217 1.150733640338069e-05
218 1.1824332315353997e-05
219 1.0646330404812408e-05
220 1.1818436160843686e-05
221 1.1557680412430786e-05
222 1.100730775608625e-05
223 1.1690388787021201e-05
224 1.1161815965443898e-05
225 1.0642752444481506e-05
226 1.1060895150440452e-05
227 1.174653681780542e-05
228 1.1069434513149152e-05
229 1.0778773880224816e-05
230 1.1518949333912438e-05
231 1.0993669157664163e-05
232 1.1781258216647999e-05
233 1.0813117963414803e-05
234 1.09801920318665e-05
235 1.0940999080832239e-05
236 1.1318015709376961e-05
237 1.2053427460671748e-05
238 1.1457795019214799e-05
239 1.1399146252620893e-05
240 1.0862418924055937e-05
241 1.1279716208617522e-05
242 1.1262898094929057e-05
243 1.1685582265309624e-05
244 1.0294643259575675e-05
245 1.1440551217697055e-05
246 1.1228470286071035e-05
247 1.1310526476725946e-05
248 1.109834906061427e-05
249 1.0168875711435351e-05
250 1.1481455128844169e-05
251 1.1441060944433583e-05
252 1.1174126296300456e-05
253 1.1984450751826117e-05
254 1.2107068266873528e-05
255 1.2012321082370863e-05
256 1.2175157232477714e-05
257 1.181628542750579e-05
258 1.1493301130931412e-05
259 1.1119304522960789e-05
260 1.213111131197934e-05
261 1.23413010667793e-05
262 1.1633449097713457e-05
263 1.179766334396795e-05
264 1.1600202117407621e-05
265 1.17251122048678e-05
266 1.1081561352098473e-05
267 1.1206046511478495e-05
268 1.154286517594615e-05
269 1.1625247295641496e-05
270 1.1280680981808599e-05
271 1.164679464153504e-05
272 1.0809177317115627e-05
273 1.1259728270564553e-05
274 1.1199154555208642e-05
275 1.0989426053917843e-05
276 1.1267885956016545e-05
277 1.1663822201747056e-05
278 1.1194446920150508e-05
279 1.1782199450106487e-05
280 1.1995518315294455e-05
281 1.1519690812474068e-05
282 1.104377499051357e-05
283 1.2550013105801922e-05
284 1.213632353101798e-05
285 1.197390998123707e-05
286 1.0595494604099957e-05
287 1.1313784805544387e-05
288 1.1765575429663327e-05
289 1.1523878460189422e-05
290 1.1687365892028601e-05
291 1.1821849312121519e-05
292 1.0909357039710228e-05
293 1.1474149826715297e-05
294 1.1042547892534998e-05
295 1.1253141628523014e-05
296 1.1810501130323545e-05
297 1.179893305188874e-05
298 1.140742707309437e-05
299 1.2331439968994018e-05
