0 -1.8440315906334305e-05
1 -1.8116532975008722e-05
2 -1.82643723069376e-05
3 -1.889416839758462e-05
4 -1.8554344462233208e-05
5 -1.8481587221017686e-05
6 -1.8343054789687348e-05
7 -1.8612256164467765e-05
8 -1.8119493698392125e-05
9 -1.803717489563605e-05
10 -1.8240631791254074e-05
11 -1.8639390879405993e-05
12 -1.859714369737815e-05
13 -1.8260972153656425e-05
14 -1.838524545628452e-05
15 -1.8393800451458806e-05
16 -1.7770266439220846e-05
17 -1.830995456328308e-05
18 -1.7929956359564784e-05
19 -1.8500264845677272e-05
20 -1.8098446722037856e-05
21 -1.8330451113868614e-05
22 -1.8241243922816977e-05
23 -1.8374861447255232e-05
24 -1.8035173769734742e-05
25 -1.8345551224818067e-05
26 -1.8310568781530903e-05
27 -1.8274366117598757e-05
28 -1.8417074032784026e-05
29 -1.8186549261362224e-05
30 -1.8304329419610686e-05
31 -1.8304775525547592e-05
32 -1.839983493087038e-05
33 -1.8088760852207115e-05
34 -1.860643771835431e-05
35 -1.8453748646592894e-05
36 -1.8709424654288625e-05
37 -1.8531786849306373e-05
38 -1.831429686856933e-05
39 -1.826818602557915e-05
40 -1.838645790793137e-05
41 -1.8269659304587444e-05
42 -1.8389389821584714e-05
43 -1.8660906129964106e-05
44 -1.8225134475458705e-05
45 -1.8196151329380362e-05
46 -1.8410720552474378e-05
47 -1.813517267524164e-05
48 -1.8325524854174155e-05
49 -1.8421643741688965e-05
50 -1.8239923733689328e-05
51 -1.775024519677527e-05
52 -1.8068809126185754e-05
53 -1.8175668780486e-05
54 -1.8509574232853598e-05
55 -1.8257905657467103e-05
56 -1.8321621272337137e-05
57 -1.8543639203970968e-05
58 -1.8294408271976656e-05
59 -1.8133057211031696e-05
60 -1.8204621521898083e-05
61 -1.8465857479438383e-05
62 -1.8487389528685973e-05
63 -1.8346963410079307e-05
64 -1.7520830220334268e-05
65 -1.829596021198195e-05
66 -1.8143701805376226e-05
67 -1.879962306234804e-05
68 -1.787984024635184e-05
69 -1.8357933192925634e-05
70 -1.8582569905805693e-05
71 -1.837596023093006e-05
72 -1.800349412808456e-05
73 -1.878799257304495e-05
74 -1.810469555452412e-05
75 -1.8215512311261282e-05
76 -1.8006703087335375e-05
77 -1.8254565825469173e-05
78 -1.8570312802489392e-05
79 -1.830460307307415e-05
80 -1.8472252209224434e-05
81 -1.8190244580898266e-05
82 -1.842993440675006e-05
83 -1.8255944211691402e-05
84 -1.7893105594607026e-05
85 -1.8302914370806442e-05
86 -1.8342817223204694e-05
87 -1.8061073606622047e-05
88 -1.7775805084265566e-05
89 -1.7774607565778994e-05
90 -1.829945994347651e-05
91 -1.8108047564494027e-05
92 -1.842617286301654e-05
93 -1.8395217503665976e-05
94 -1.8512557035773178e-05
95 -1.851672255595412e-05
96 -1.8258853876170346e-05
97 -1.8596547561362496e-05
98 -1.789341119703655e-05
99 -1.8279759854554673e-05
100 -1.7777610662766125e-05
101 -1.8478487664776523e-05
102 -1.7999492836156323e-05
103 -1.819791539817721e-05
104 -1.829854135202408e-05
105 -1.812086993093578e-05
106 -1.8502849315065942e-05
107 -1.8631740491279654e-05
108 -1.82605844720296e-05
109 -1.8181309932375233e-05
110 -1.850443135674939e-05
111 -1.8066023824170267e-05
112 -1.8385537546044692e-05
113 -1.8135456864985396e-05
114 -1.825247429214755e-05
115 -1.8009160469869875e-05
116 -1.8496610321635357e-05
117 -1.812429390921427e-05
118 -1.8428586968797068e-05
119 -1.8619444813635096e-05
120 -1.7646150603025036e-05
121 -1.7966377005867995e-05
122 -1.8783796318686945e-05
123 -1.8658809935785537e-05
124 -1.821290937205112e-05
125 -1.8392965596900543e-05
126 -1.8287816632282233e-05
127 -1.814633361831978e-05
128 -1.7786197223226535e-05
129 -1.8344227336619e-05
130 -1.8554922619416828e-05
131 -1.821505590103245e-05
132 -1.8394243914552215e-05
133 -1.8185444417609358e-05
134 -1.7808728532644107e-05
135 -1.8162285440341803e-05
136 -1.806567762497794e-05
137 -1.8147288022649304e-05
138 -1.7825141048375243e-05
139 -1.828948285777723e-05
140 -1.819529767062764e-05
141 -1.788955553891012e-05
142 -1.8178149883238946e-05
143 -1.8315582117327127e-05
144 -1.818299134279897e-05
145 -1.842588391425434e-05
146 -1.8142836806235463e-05
147 -1.839369369222759e-05
148 -1.8748965653376415e-05
149 -1.8566954466792245e-05
150 -1.8879338277221254e-05
151 -1.863366642030451e-05
152 -1.847079805984546e-05
153 -1.8243757531807253e-05
154 -1.839328841910091e-05
155 -1.8569967401690135e-05
156 -1.806325624039728e-05
157 -1.8196229689038022e-05
158 -1.8223357598910276e-05
159 -1.794399863081322e-05
160 -1.8327598122326924e-05
161 -1.8564694014014356e-05
162 -1.8191720855769088e-05
163 -1.790068185173042e-05
164 -1.8476219911889487e-05
165 -1.834369762411106e-05
166 -1.8201650128687028e-05
167 -1.8458751525349186e-05
168 -1.850818001253293e-05
169 -1.8447434028639836e-05
170 -1.864950242817557e-05
171 -1.8009799255185767e-05
172 -1.8282855612978405e-05
173 -1.842352925987044e-05
174 -1.872513249337583e-05
175 -1.8345848022005036e-05
176 -1.83507303654284e-05
177 -1.798011538860016e-05
178 -1.8329202077200456e-05
179 -1.835424893522428e-05
180 -1.834177183184478e-05
181 -1.8363742431334032e-05
182 -1.834524091109815e-05
183 -1.841570210818672e-05
184 -1.8461895508350113e-05
185 -1.8332560604352064e-05
186 -1.8580288317118107e-05
187 -1.8219780228591228e-05
188 -1.8413266410112834e-05
189 -1.8651234211787993e-05
190 -1.8181879307807814e-05
191 -1.8223523172567868e-05
192 -1.836472105976735e-05
193 -1.8360286752804146e-05
194 -1.7890198481852668e-05
195 -1.8094805590353272e-05
196 -1.841261711532028e-05
197 -1.820576273166057e-05
198 -1.8246028537086517e-05
199 -1.843928269553111e-05
200 -1.81884540987858e-05
201 -1.8267982270005012e-05
202 -1.833885545484095e-05
203 -1.831444903418513e-05
204 -1.8112028994086627e-05
205 -1.7641529269485575e-05
206 -1.8384151046534057e-05
207 -1.8558339747007418e-05
208 -1.838736729648372e-05
209 -1.8061282929532703e-05
210 -1.8246178393614687e-05
211 -1.8398587186326328e-05
212 -1.802956551522138e-05
213 -1.844605310902354e-05
214 -1.8087273606191273e-05
215 -1.83891035497333e-05
216 -1.8275468084709814e-05
217 -1.7995240333544952e-05
218 -1.83433861164712e-05
219 -1.8475044358212997e-05
220 -1.832501634039242e-05
221 -1.839839977545216e-05
222 -1.8510758201571928e-05
223 -1.8452245170539265e-05
224 -1.8261471165378553e-05
225 -1.791872802308518e-05
226 -1.822945627205025e-05
227 -1.8230411859548707e-05
228 -1.842395888314933e-05
229 -1.8339495229873804e-05
230 -1.856186426895527e-05
231 -1.798368172197188e-05
232 -1.793723700094371e-05
233 -1.8287868650380443e-05
234 -1.862076330273867e-05
235 -1.8521196226284988e-05
236 -1.860196217699751e-05
237 -1.8309919292978103e-05
238 -1.8531241120524344e-05
239 -1.8561224417110543e-05
240 -1.8132103275052578e-05
241 -1.7914054001218927e-05
242 -1.826427023064997e-05
243 -1.881580902427233e-05
244 -1.8038911660742936e-05
245 -1.8234935104877823e-05
246 -1.8357807238424137e-05
247 -1.839249395247824e-05
248 -1.822689816656469e-05
249 -1.7920612182001138e-05
250 -1.842754850025066e-05
251 -1.8020367090369455e-05
252 -1.837193851619823e-05
253 -1.830998022243157e-05
254 -1.765032149226305e-05
255 -1.890479173970884e-05
256 -1.8554419720585113e-05
257 -1.8496859575645228e-05
258 -1.8247093228485224e-05
259 -1.793333313201668e-05
260 -1.8709783509039105e-05
261 -1.8455620409072998e-05
262 -1.819162187964322e-05
263 -1.8257195427369266e-05
264 -1.866948256997645e-05
265 -1.8185829722686848e-05
266 -1.759565181643577e-05
267 -1.8096743070624753e-05
268 -1.8089707935992193e-05
269 -1.7806358829101935e-05
270 -1.8626357953744917e-05
271 -1.792263254047433e-05
272 -1.8158597865221622e-05
273 -1.8380260688393496e-05
274 -1.8551881223002588e-05
275 -1.8375790552393923e-05
276 -1.8808419323277998e-05
277 -1.8233870149805857e-05
278 -1.7799672082192664e-05
279 -1.8049243037608586e-05
280 -1.788265573864712e-05
281 -1.7991352461807893e-05
282 -1.8271294164850676e-05
283 -1.8662504400751817e-05
284 -1.7847894570235115e-05
285 -1.7981497538344264e-05
286 -1.835714525814016e-05
287 -1.8443718455269032e-05
288 -1.8498563484480052e-05
289 -1.7874554232443206e-05
290 -1.8237342828956875e-05
291 -1.8455836501249187e-05
292 -1.8547123579462626e-05
293 -1.8195779034975703e-05
294 -1.790899086185138e-05
295 -1.816027926419547e-05
296 -1.8513473614089452e-05
297 -1.8246095737779718e-05
298 -1.832809105126968e-05
299 -1.8486604896284712e-05
