0 -1.0350834526739809e-05
1 -1.0331827587306222e-05
2 -1.0634091501709755e-05
3 -1.0733642925020075e-05
4 -1.0824188632804159e-05
5 -1.051688048764062e-05
6 -1.0267350516760001e-05
7 -1.0905473952198038e-05
8 -1.0260604829885123e-05
9 -1.0260793051649966e-05
10 -1.0285260234166814e-05
11 -1.0603444359086905e-05
12 -1.065928493756478e-05
13 -1.0332766881245793e-05
14 -1.067017494929786e-05
15 -1.0240981093183738e-05
16 -9.88775059820697e-06
17 -1.0541228993028124e-05
18 -1.0060674818969262e-05
19 -1.0467516194603258e-05
20 -1.0439196157992923e-05
21 -1.0178089725527345e-05
22 -1.0400280164413142e-05
23 -1.0493280881672851e-05
24 -9.940384434005744e-06
25 -1.0629164939845559e-05
26 -1.036012305900952e-05
27 -1.0254918911467431e-05
28 -1.0707533836297698e-05
29 -1.0424609938493969e-05
30 -1.0350680358315956e-05
31 -1.0208549794226389e-05
32 -1.049257360346928e-05
33 -1.0517399762091847e-05
34 -1.0794748822045136e-05
35 -1.0411919030726665e-05
36 -1.070628010059317e-05
37 -1.01810610188111e-05
38 -1.0157585535260824e-05
39 -1.0421381256519354e-05
40 -1.041582882398688e-05
41 -1.0404446987996678e-05
42 -1.0740158671396818e-05
43 -1.0632596075209415e-05
44 -1.0117999995483785e-05
45 -1.0686683145295054e-05
46 -1.046621291654831e-05
47 -1.0173754719523555e-05
48 -1.0217836170989622e-05
49 -1.0539728836645816e-05
50 -1.0280232791446222e-05
51 -1.0066624689589392e-05
52 -1.0281904213405953e-05
53 -1.0042786588205628e-05
54 -1.0645219910790938e-05
55 -1.0526427770646513e-05
56 -1.0443259677836918e-05
57 -1.0753235124364387e-05
58 -1.0590829344762167e-05
59 -9.91858583775082e-06
60 -1.0416044963666244e-05
61 -1.062523250141447e-05
62 -1.0475030824498062e-05
63 -1.0626299530514171e-05
64 -9.910499609958466e-06
65 -1.0478346823768054e-05
66 -1.0178169597849021e-05
67 -1.0665950387567805e-05
68 -9.691178177352883e-06
69 -1.0327368216803254e-05
70 -1.0793246212778345e-05
71 -1.0159733662877041e-05
72 -1.0081594194345363e-05
73 -1.0724888898712826e-05
74 -1.0353621830105776e-05
75 -1.0211162412799529e-05
76 -9.897545879158474e-06
77 -1.02325222770092e-05
78 -1.0535225965969089e-05
79 -1.0191830927720318e-05
80 -1.0532226516187594e-05
81 -9.979716735027808e-06
82 -1.0429792933566427e-05
83 -1.0182114764090622e-05
84 -1.051555205656841e-05
85 -1.0590394689285407e-05
86 -1.0322099933273249e-05
87 -1.0477799157178661e-05
88 -1.0058584369273068e-05
89 -9.804903739222588e-06
90 -1.0353559060418848e-05
91 -1.0085528614049234e-05
92 -1.0398410820305557e-05
93 -1.0362066364128731e-05
94 -1.0658134794553119e-05
95 -1.03001235220565e-05
96 -1.0578172773058837e-05
97 -1.0554615539715523e-05
98 -1.0060405791352508e-05
99 -1.028394004392086e-05
100 -1.0033353782371763e-05
101 -1.035532780221817e-05
102 -1.0009843397493154e-05
103 -1.015796166144008e-05
104 -1.0390854348989387e-05
105 -1.0045233171290733e-05
106 -1.0361193903388954e-05
107 -1.087628511283263e-05
108 -1.0579194935605811e-05
109 -1.0373520687684902e-05
110 -1.0246515864381866e-05
111 -1.0107729195300072e-05
112 -1.0536314710268213e-05
113 -1.0262550825236611e-05
114 -1.0676798120832498e-05
115 -1.0275337300279782e-05
116 -1.0427854681057329e-05
117 -1.0208302538559278e-05
118 -1.0478739974672154e-05
119 -1.0569587195950512e-05
120 -1.0062586725031854e-05
121 -1.0302590689674573e-05
122 -1.0965948090174708e-05
123 -1.0771209567426957e-05
124 -1.0169233465458314e-05
125 -1.0415432774122102e-05
126 -1.0431217974742128e-05
127 -1.019558057754376e-05
128 -9.662871356690388e-06
129 -1.0327618323155694e-05
130 -1.0487197368930449e-05
131 -1.0454003834762333e-05
132 -1.0453545132635475e-05
133 -1.025291774329221e-05
134 -9.847584228971188e-06
135 -1.0238794884960455e-05
136 -1.0324709709807726e-05
137 -9.948611750500444e-06
138 -1.001736884796666e-05
139 -1.0470774609239635e-05
140 -1.0190014961565897e-05
141 -1.002832284660651e-05
142 -1.0175545673052564e-05
143 -1.053435197430465e-05
144 -1.0074501689267746e-05
145 -1.0462225111296353e-05
146 -1.0002858299960715e-05
147 -1.0478610270562555e-05
148 -1.0388579121704914e-05
149 -1.0691400874099889e-05
150 -1.0881785561162359e-05
151 -1.0548024660762196e-05
152 -1.0644950802616534e-05
153 -1.0584762800612362e-05
154 -1.0337014943727927e-05
155 -1.0498798060130384e-05
156 -1.0097855391217495e-05
157 -1.0407219904610725e-05
158 -1.0266624420234524e-05
159 -1.0057911877110898e-05
160 -1.0282768357893199e-05
161 -1.0651166740742929e-05
162 -1.0293414601446268e-05
163 -1.014512394042052e-05
164 -1.0615800427926259e-05
165 -1.0370575515650265e-05
166 -1.0379895405784666e-05
167 -1.065422842891572e-05
168 -1.0669138938107702e-05
169 -1.0408091617770144e-05
170 -1.0585513513348896e-05
171 -1.0134566856169703e-05
172 -1.031157829809008e-05
173 -1.0512328128503964e-05
174 -1.0922807306465225e-05
175 -1.0415049534140654e-05
176 -1.0390969621210294e-05
177 -9.96238169492294e-06
178 -1.0316136644752463e-05
179 -1.0372972582290506e-05
180 -1.0317143311575766e-05
181 -1.0650747526357671e-05
182 -1.0439658194763496e-05
183 -1.0308114086648882e-05
184 -1.059739032568042e-05
185 -1.0594520958182211e-05
186 -1.0699413445340957e-05
187 -1.0586567843327498e-05
188 -1.0432392177726605e-05
189 -1.0467353389572679e-05
190 -1.0070467657919009e-05
191 -1.0423104823485556e-05
192 -1.0207387410079911e-05
193 -1.0470309502939351e-05
194 -9.963739387212182e-06
195 -1.0390412664582505e-05
196 -1.0299265562846972e-05
197 -1.032690658433732e-05
198 -9.991098892571427e-06
199 -1.0339748563288551e-05
200 -1.0267451629260497e-05
201 -1.091889877249333e-05
202 -1.0318377082443004e-05
203 -1.0040160420231824e-05
204 -1.0104866519496798e-05
205 -9.723009110325358e-06
206 -1.0277389312507853e-05
207 -1.0312707918669381e-05
208 -1.021021795969913e-05
209 -1.0401990291696147e-05
210 -1.01276437081465e-05
211 -1.0236250720996561e-05
212 -1.0673526111076224e-05
213 -1.061468840528496e-05
214 -1.0171847498472769e-05
215 -1.0591537546781021e-05
216 -1.0355470455071548e-05
217 -1.0091076704702637e-05
218 -1.0297603856171629e-05
219 -1.0860674738200885e-05
220 -1.0307752184114895e-05
221 -1.0397674342980155e-05
222 -1.0732463886043905e-05
223 -1.0462541625581764e-05
224 -1.0483295553047682e-05
225 -1.0341154865152428e-05
226 -1.0581624126841845e-05
227 -1.0125757578891437e-05
228 -1.0652277954331544e-05
229 -1.0606619507590985e-05
230 -1.0598444959165363e-05
231 -1.0270321782377613e-05
232 -9.969692701614187e-06
233 -1.0658365972217021e-05
234 -1.0915497236358455e-05
235 -1.0751775210359752e-05
236 -1.0611060719344182e-05
237 -1.0176696496984851e-05
238 -1.0592089337311816e-05
239 -1.0529919449028719e-05
240 -1.051584696110523e-05
241 -1.0137285415434078e-05
242 -1.0482734867489754e-05
243 -1.0731163288061577e-05
244 -1.0557271427995125e-05
245 -1.034113310375698e-05
246 -1.0485115031745631e-05
247 -1.0555284428668324e-05
248 -1.0471861236890887e-05
249 -1.0532879051471824e-05
250 -1.047613635914859e-05
251 -1.0227458644976153e-05
252 -1.0471914772947823e-05
253 -1.0106520731919317e-05
254 -9.492942936056774e-06
255 -1.074533653494981e-05
256 -1.0250945771007212e-05
257 -1.0445962392664909e-05
258 -1.0379928215028577e-05
259 -1.0193489333730881e-05
260 -1.051898440740206e-05
261 -1.0208216629647715e-05
262 -1.0163819717684648e-05
263 -1.021017228748217e-05
264 -1.061414836390031e-05
265 -1.006850799628622e-05
266 -9.798358801138721e-06
267 -1.0304222686012356e-05
268 -1.017120829906758e-05
269 -9.876284793287968e-06
270 -1.0768503897475902e-05
271 -9.900690789757258e-06
272 -1.050073526034911e-05
273 -1.0543925029074583e-05
274 -1.0822134498607058e-05
275 -1.0598818195567883e-05
276 -1.0781778083527242e-05
277 -1.0271395838105658e-05
278 -9.98307720079074e-06
279 -1.0063147195237547e-05
280 -9.713910048736434e-06
281 -9.967012190293323e-06
282 -1.0434251920215087e-05
283 -1.0296828213730935e-05
284 -9.678379578525208e-06
285 -9.924969896014551e-06
286 -1.0770540974504737e-05
287 -1.0569747154034153e-05
288 -1.0477488747753101e-05
289 -9.964057866564222e-06
290 -1.0183214456409829e-05
291 -1.0247031820948863e-05
292 -1.0832134785739035e-05
293 -1.0151739515305714e-05
294 -1.0179008679380836e-05
295 -1.0243048568445442e-05
296 -1.0497511860631181e-05
297 -1.019351791049918e-05
298 -1.0477031097648926e-05
299 -1.016983529455615e-05
