0 1.641989408335322e-05
1 1.5530947937811737e-05
2 1.6060319034253543e-05
3 1.6563821650004352e-05
4 1.654331508414589e-05
5 1.6371706798732717e-05
6 1.624666192558807e-05
7 1.625240259482481e-05
8 1.598322161994216e-05
9 1.5998934852899067e-05
10 1.623621515999675e-05
11 1.642555127924146e-05
12 1.6499353784177805e-05
13 1.6065976362131887e-05
14 1.6104441124340256e-05
15 1.621697202521747e-05
16 1.5752923679358092e-05
17 1.6311451473900853e-05
18 1.6126397240203318e-05
19 1.6424227790222876e-05
20 1.5970488498681435e-05
21 1.641869845354097e-05
22 1.612087374069325e-05
23 1.609689771950006e-05
24 1.5966049386447588e-05
25 1.6060272983193567e-05
26 1.596306602207868e-05
27 1.6245432568498654e-05
28 1.6096767962462482e-05
29 1.6331309680216465e-05
30 1.6392189803240587e-05
31 1.6654697683411393e-05
32 1.603124849338591e-05
33 1.55658394104005e-05
34 1.670484491275999e-05
35 1.637340871643394e-05
36 1.672584837883225e-05
37 1.647560440378163e-05
38 1.6744302382136397e-05
39 1.6388137987106224e-05
40 1.627348790704112e-05
41 1.602712056986944e-05
42 1.6023147442404672e-05
43 1.6561709343731593e-05
44 1.670466857424844e-05
45 1.6017649192793086e-05
46 1.643196706561133e-05
47 1.646394929209494e-05
48 1.644727986433577e-05
49 1.6011451252244426e-05
50 1.5956098382087227e-05
51 1.5275655881767248e-05
52 1.5625331011199984e-05
53 1.6150008060125815e-05
54 1.6586214560325812e-05
55 1.5883361130582486e-05
56 1.599835853532076e-05
57 1.6465529890603034e-05
58 1.6367908169771815e-05
59 1.646181939976305e-05
60 1.607896267122815e-05
61 1.6545919453629758e-05
62 1.646827994846039e-05
63 1.603500428043736e-05
64 1.5262157790137104e-05
65 1.6147635501868624e-05
66 1.6129066206657972e-05
67 1.676855798759092e-05
68 1.6026478402088674e-05
69 1.6086227447096528e-05
70 1.6458720533126664e-05
71 1.6253998909673868e-05
72 1.6205444747213837e-05
73 1.6719969577645883e-05
74 1.5888421006818974e-05
75 1.6374891347930957e-05
76 1.6404995178831077e-05
77 1.6192186012162792e-05
78 1.638935143418686e-05
79 1.6516975184582895e-05
80 1.6659308503182813e-05
81 1.6384709172461977e-05
82 1.6384180067259373e-05
83 1.6500584604875473e-05
84 1.552739871193803e-05
85 1.6237792321526592e-05
86 1.6208089581875105e-05
87 1.5446370242421724e-05
88 1.5616671228478887e-05
89 1.5517409643522155e-05
90 1.60619347280748e-05
91 1.647510103285431e-05
92 1.5995218352566878e-05
93 1.599085634052785e-05
94 1.611048590044591e-05
95 1.6447124225559012e-05
96 1.5962551826098834e-05
97 1.6670904783733454e-05
98 1.6134897167445646e-05
99 1.6276207474458618e-05
100 1.5307145199031124e-05
101 1.687299028758097e-05
102 1.586535961174157e-05
103 1.602564376908432e-05
104 1.6522294533590776e-05
105 1.6507192643856453e-05
106 1.6487191446422974e-05
107 1.6151065025636658e-05
108 1.580701483768279e-05
109 1.5908615054425702e-05
110 1.684451791190124e-05
111 1.6300209459144836e-05
112 1.6225317624438078e-05
113 1.5916458102743573e-05
114 1.5706639662156717e-05
115 1.5623998309982565e-05
116 1.6445032130318452e-05
117 1.5876746207827556e-05
118 1.641981204493794e-05
119 1.6490429981740093e-05
120 1.549694567109735e-05
121 1.556615819135103e-05
122 1.6417356704264818e-05
123 1.6513436034181498e-05
124 1.625686541809718e-05
125 1.6307688084243275e-05
126 1.617409778375404e-05
127 1.6134577199875384e-05
128 1.5917983300012086e-05
129 1.6141953680157923e-05
130 1.6596520597633617e-05
131 1.5836800593277855e-05
132 1.6216401485361224e-05
133 1.5973843893272808e-05
134 1.5780078949483173e-05
135 1.5892377711913307e-05
136 1.5707381457850713e-05
137 1.6311523908345364e-05
138 1.53271694734093e-05
139 1.602566785101605e-05
140 1.657901170502909e-05
141 1.610441910107095e-05
142 1.6046002148680324e-05
143 1.614492274463581e-05
144 1.615670998006974e-05
145 1.603391902836265e-05
146 1.6621605865427142e-05
147 1.6080406067122657e-05
148 1.7059713985623835e-05
149 1.6518862091855276e-05
150 1.6702364642117933e-05
151 1.6753210959571125e-05
152 1.639390634164965e-05
153 1.5999510499923733e-05
154 1.6536374908258944e-05
155 1.651063973678998e-05
156 1.5688855766961552e-05
157 1.613539603568626e-05
158 1.616884243742683e-05
159 1.5792711333718254e-05
160 1.609151304499271e-05
161 1.6484209330399525e-05
162 1.603133940531721e-05
163 1.554744297409091e-05
164 1.660069447346821e-05
165 1.635205988728806e-05
166 1.6010814677050786e-05
167 1.6427241516030167e-05
168 1.616094225877939e-05
169 1.6414688266314617e-05
170 1.661255790684543e-05
171 1.6087892642927928e-05
172 1.615606641966997e-05
173 1.6462320813949644e-05
174 1.6243788650349992e-05
175 1.6232494512728597e-05
176 1.6222898182966694e-05
177 1.5776163468799375e-05
178 1.5974705658836062e-05
179 1.6293998627481575e-05
180 1.5963149452135617e-05
181 1.5865157765150063e-05
182 1.609326160782019e-05
183 1.6083631735979224e-05
184 1.6261149138828605e-05
185 1.6339289460378505e-05
186 1.6307765707584908e-05
187 1.587567340596784e-05
188 1.620693661822448e-05
189 1.679332986209618e-05
190 1.6178723359536444e-05
191 1.6170911008364303e-05
192 1.646779726420373e-05
193 1.6203880007397103e-05
194 1.6017334183233806e-05
195 1.590330667061618e-05
196 1.6440168365488457e-05
197 1.6230836133897876e-05
198 1.6612856875876907e-05
199 1.659237740549404e-05
200 1.6119528268165024e-05
201 1.59655986736555e-05
202 1.6583584242568923e-05
203 1.6475713703992323e-05
204 1.61482769031992e-05
205 1.6021179345251247e-05
206 1.6378184489362977e-05
207 1.6843081503089957e-05
208 1.66641531303371e-05
209 1.5982174024947302e-05
210 1.597670024179963e-05
211 1.641126436389958e-05
212 1.5246778827841875e-05
213 1.6335085321107213e-05
214 1.6326614299392857e-05
215 1.6414497500089755e-05
216 1.5642497320176875e-05
217 1.6103897441373258e-05
218 1.653705013861995e-05
219 1.598835754995632e-05
220 1.6564448818579442e-05
221 1.633360748236835e-05
222 1.600314202955548e-05
223 1.6565124099149012e-05
224 1.604116468056749e-05
225 1.5571429510867628e-05
226 1.6184716472048868e-05
227 1.61690622552186e-05
228 1.6113098755406704e-05
229 1.5711574526040087e-05
230 1.6583860955664533e-05
231 1.580020723589497e-05
232 1.6264306810784754e-05
233 1.6034632250527726e-05
234 1.636399974550343e-05
235 1.600497611729404e-05
236 1.6086952737130462e-05
237 1.6613093620318412e-05
238 1.635361231668994e-05
239 1.6105344159687483e-05
240 1.588063385763609e-05
241 1.594652817529843e-05
242 1.620867359035951e-05
243 1.6605510248410172e-05
244 1.533052646164534e-05
245 1.625963574154465e-05
246 1.6092626058234068e-05
247 1.6329950659375062e-05
248 1.6047173238899985e-05
249 1.5238351517773155e-05
250 1.630764791566765e-05
251 1.620618189703481e-05
252 1.5937349623590987e-05
253 1.639619969121136e-05
254 1.6053904112067006e-05
255 1.7045774670125455e-05
256 1.6695067476462635e-05
257 1.6671808520175832e-05
258 1.64140943748885e-05
259 1.5861263095893422e-05
260 1.6983667961656703e-05
261 1.6934738525617367e-05
262 1.61150430056245e-05
263 1.6492650332622525e-05
264 1.648543969981313e-05
265 1.6127766491019716e-05
266 1.5386566570504232e-05
267 1.6074875889766545e-05
268 1.6228142665399996e-05
269 1.589467305797312e-05
270 1.6350215556914834e-05
271 1.600269399374118e-05
272 1.5752618929656178e-05
273 1.6274550838560376e-05
274 1.650938108976554e-05
275 1.6040589858856775e-05
276 1.6161716370418982e-05
277 1.6481564386267796e-05
278 1.5655570491007846e-05
279 1.635490602362551e-05
280 1.6123296169854613e-05
281 1.5857825055750622e-05
282 1.5845223341332287e-05
283 1.7044701438270093e-05
284 1.6242697781251008e-05
285 1.6452027087537414e-05
286 1.5707413033505164e-05
287 1.6303998058951555e-05
288 1.6656192717025827e-05
289 1.5973066733283742e-05
290 1.6268210779181846e-05
291 1.6257193572547223e-05
292 1.616300099967686e-05
293 1.5802417836057368e-05
294 1.5694538481304898e-05
295 1.5784771762118673e-05
296 1.675484093608352e-05
297 1.629478832533518e-05
298 1.6360545891644197e-05
299 1.678225459140863e-05
