0 8.534558844904546e-07
1 4.731320617392456e-07
2 1.0455677101695182e-07
3 6.417948005430953e-07
4 1.3771729986926665e-07
5 5.999712438467738e-07
6 9.175221003943763e-07
7 3.639586065992577e-08
8 6.510535945177309e-07
9 6.266612757106565e-07
10 7.667321036232985e-07
11 6.263119690700783e-07
12 4.5740468294353244e-07
13 6.822107339908124e-07
14 1.8335550285917113e-07
15 9.867034906490949e-07
16 9.55172240602106e-07
17 4.06860517235823e-07
18 8.806002874148065e-07
19 6.972174985722558e-07
20 3.2070472085460614e-07
21 1.0721438470383884e-06
22 5.510229413049903e-07
23 4.957361897085041e-07
24 1.1598581695340425e-06
25 2.0522540432582856e-07
26 6.697678072655021e-07
27 8.639156654641894e-07
28 1.7667581299767386e-07
29 5.106135207737989e-07
30 7.651641935074488e-07
31 1.036357464323328e-06
32 5.072813676102759e-07
33 1.0113820941652893e-07
34 2.943652136037492e-07
35 7.711282460482532e-07
36 5.669111620402654e-07
37 1.2845995770183296e-06
38 1.2027912730415888e-06
39 5.803219861793013e-07
40 6.936390316183052e-07
41 5.511836861013508e-07
42 3.1275169353167533e-08
43 6.060674909842276e-07
44 1.1559332074751534e-06
45 -3.0466437209862206e-08
46 6.372348787369205e-07
47 9.447814067395439e-07
48 1.0243462346842807e-06
49 4.624643847205271e-07
50 7.093724750898228e-07
51 5.703088354597691e-07
52 5.134242718305309e-07
53 1.146753629922526e-06
54 4.416589878355447e-07
55 2.7770469649803017e-07
56 5.293474000281405e-07
57 2.57317849667104e-07
58 3.1516912488767214e-07
59 1.3989950073782337e-06
60 4.797134170439318e-07
61 4.4292855319771967e-07
62 7.208714516468974e-07
63 2.267961744574829e-07
64 6.405958052000007e-07
65 4.779742907480883e-07
66 8.731531976045907e-07
67 6.773599673267868e-07
68 1.4891664487285357e-06
69 7.786752830381552e-07
70 2.3937521897147483e-07
71 1.1219037839206626e-06
72 9.030528421485678e-07
73 5.797289994987087e-07
74 4.996608436790883e-07
75 9.351870261806663e-07
76 1.2718239745855208e-06
77 9.022531516926542e-07
78 6.782040972969709e-07
79 1.0697269402220687e-06
80 6.401881318011889e-07
81 1.3091826643325313e-06
82 7.171514982645747e-07
83 1.0620525152199556e-06
84 -5.753827545309427e-08
85 2.993052588210476e-07
86 8.055715991067723e-07
87 1.2235240198213098e-07
88 6.418150809045514e-07
89 1.0800117511388723e-06
90 6.628405470903678e-07
91 1.065132133203531e-06
92 7.049349648091868e-07
93 7.457917286061632e-07
94 3.2641589572715663e-07
95 1.0449139564178381e-06
96 2.124685515751971e-07
97 6.955755376726087e-07
98 8.398696736208167e-07
99 8.361774721976889e-07
100 6.438176342071058e-07
101 1.0108149521327982e-06
102 9.886832081030132e-07
103 9.376805875369903e-07
104 7.036624479895558e-07
105 1.1608197956922285e-06
106 9.323501510656838e-07
107 7.965234104979925e-08
108 1.981240535517444e-07
109 5.245816667520216e-07
110 1.226651393340819e-06
111 9.475957831918088e-07
112 4.5027487494849015e-07
113 6.636548261246562e-07
114 -2.2294167831559804e-08
115 4.805944903878201e-07
116 8.05438653523517e-07
117 7.149350674166826e-07
118 6.40956649766129e-07
119 6.390340515087374e-07
120 4.921993433022282e-07
121 3.7532998689675427e-07
122 6.412975617126447e-08
123 3.525464599221979e-07
124 9.599283751730565e-07
125 7.145592292776668e-07
126 5.575253625271973e-07
127 8.724451070682657e-07
128 1.4483483092896293e-06
129 7.649823644954067e-07
130 7.725366693208391e-07
131 3.6934598338141443e-07
132 6.098707232319073e-07
133 7.337356450598772e-07
134 1.1098108831716512e-06
135 7.283445437501283e-07
136 4.5209401364354627e-07
137 1.3270781702347128e-06
138 7.188806823161712e-07
139 4.780620677956677e-07
140 9.692759388132966e-07
141 8.861633888027923e-07
142 8.877237048745795e-07
143 3.7905356712428797e-07
144 1.0713683135899565e-06
145 5.752096898714839e-07
146 1.295184293221057e-06
147 5.521624995666772e-07
148 1.2386246568855492e-06
149 3.8437280279285703e-07
150 3.727984067484234e-07
151 7.76402802065781e-07
152 3.75890730821553e-07
153 1.852207778805334e-07
154 8.760647422312215e-07
155 7.253368794937435e-07
156 8.625744782725812e-07
157 4.971384642199468e-07
158 7.710329916151617e-07
159 8.408619224472561e-07
160 8.291086541217773e-07
161 4.7027469058480135e-07
162 6.946070857045047e-07
163 6.120588851788646e-07
164 4.718679777206037e-07
165 7.59773562589558e-07
166 5.186164105531021e-07
167 3.6306196372549854e-07
168 3.2017022204024306e-07
169 7.652130147485824e-07
170 6.972184888238432e-07
171 7.891216939607353e-07
172 7.36603324894559e-07
173 5.768414257027607e-07
174 3.587745904939778e-08
175 6.511268628016698e-07
176 6.825102068808169e-07
177 1.0184618504903605e-06
178 7.614667751867425e-07
179 7.456651233029119e-07
180 7.533001352749454e-07
181 1.3655743051954025e-07
182 5.545714076015457e-07
183 8.781094002484178e-07
184 4.065569202666766e-07
185 3.0210243787433593e-07
186 3.849441119693756e-07
187 1.4982078659459653e-07
188 6.689450557987474e-07
189 9.405375897849381e-07
190 1.0992831823139282e-06
191 5.069447307147571e-07
192 1.0605196551442714e-06
193 5.299275297418964e-07
194 9.806524539555275e-07
195 4.028474918635745e-07
196 9.612228403036012e-07
197 6.757940835722817e-07
198 1.4032574421924952e-06
199 9.304532975470946e-07
200 7.603783941801123e-07
201 -4.1018775923531604e-07
202 8.762172697521571e-07
203 1.3542738614234458e-06
204 9.65850544768814e-07
205 1.207763830999249e-06
206 9.470432314608186e-07
207 1.128918339838069e-06
208 1.1184539857148609e-06
209 3.2733934392559845e-07
210 9.935662930695714e-07
211 1.0207144651583567e-06
212 -3.0749392208897996e-07
213 3.8635721699692743e-07
214 8.377344117692832e-07
215 3.873535120768822e-07
216 5.699716478607941e-07
217 8.776697725405247e-07
218 9.127224739514252e-07
219 -1.1196827873484697e-07
220 8.878606842062586e-07
221 7.284671032540468e-07
222 2.030028239849469e-07
223 7.212422634628376e-07
224 4.278199049002172e-07
225 2.3395734496479426e-07
226 2.4934579823140426e-07
227 1.0479692393922521e-06
228 2.7143363087576094e-07
229 1.8504868592163188e-07
230 5.431041786005688e-07
231 4.77417709472378e-07
232 1.0903440270952443e-06
233 9.352106637706763e-08
234 9.687799418439298e-09
235 1.5705008984937722e-07
236 5.087051467248326e-07
237 1.1236014015046087e-06
238 5.346436398037239e-07
239 6.124782621525841e-07
240 2.1564244147905516e-07
241 7.05541476882444e-07
242 4.5940646524396476e-07
243 5.902454172505753e-07
244 -7.740847347766169e-08
245 6.704356030411173e-07
246 4.897700134907156e-07
247 4.467976602487838e-07
248 3.947328338275287e-07
249 -1.5209589660078306e-07
250 6.262413141074759e-07
251 7.063586620308862e-07
252 5.000157420229312e-07
253 1.1888312459416174e-06
254 1.6405451789949842e-06
255 7.175827349245299e-07
256 1.1992650304928202e-06
257 8.05356270128186e-07
258 6.414255364611482e-07
259 5.902904167682709e-07
260 9.355091690156588e-07
261 1.2541992234114825e-06
262 9.433486516795631e-07
263 9.594979630973607e-07
264 6.239113965483499e-07
265 1.0821859236789315e-06
266 8.875424239252294e-07
267 5.594697454116534e-07
268 8.373117773431802e-07
269 1.0992648939242155e-06
270 3.0861646470277784e-07
271 1.1211213649843884e-06
272 2.2944701476086164e-07
273 4.3481950333264574e-07
274 1.6433155847838484e-07
275 2.725793552302726e-07
276 3.8696925746328486e-07
277 8.210051587821493e-07
278 8.074015000678581e-07
279 1.0325918189570566e-06
280 1.4468589164704179e-06
281 1.0362288439444992e-06
282 4.4673473656526273e-07
283 1.3341578324271142e-06
284 1.5253673009540401e-06
285 1.2239260926432769e-06
286 -6.137659219554622e-08
287 4.565094044021866e-07
288 7.50544707048898e-07
289 9.805298558899012e-07
290 9.515679860326393e-07
291 1.0439585402142752e-06
292 5.1867051797039564e-08
293 9.17063069363595e-07
294 5.73830380855411e-07
295 7.043985212833319e-07
296 7.470075287422824e-07
297 9.953468270945974e-07
298 5.39724621706732e-07
299 1.3205326013485798e-06
