0 6.6964692536358095e-06
1 6.949231557617389e-06
2 6.513170083252861e-06
3 6.85076563019494e-06
4 6.675800677813161e-06
5 6.809719811480491e-06
6 6.94471696649783e-06
7 6.749415323479716e-06
8 6.7530305592797826e-06
9 6.927787811616523e-06
10 6.823889445700823e-06
11 6.797644259325772e-06
12 6.59599884185916e-06
13 6.8508967918059305e-06
14 6.658141957103666e-06
15 6.930032999586024e-06
16 6.90839255370892e-06
17 6.825038842538241e-06
18 6.889510088310588e-06
19 6.705242946058547e-06
20 6.850979337931998e-06
21 6.811122452819077e-06
22 6.8303164699674565e-06
23 6.791621691669129e-06
24 6.886441743702586e-06
25 6.639070295690815e-06
26 6.89738123089636e-06
27 6.8497555350958445e-06
28 6.764060539401375e-06
29 6.865247713786998e-06
30 7.029727078269894e-06
31 6.718508235405218e-06
32 6.798152183221875e-06
33 6.829219466919136e-06
34 6.839806163914056e-06
35 6.843491633244988e-06
36 6.866754152233669e-06
37 6.960241141752758e-06
38 6.9913245881909646e-06
39 6.81928809316454e-06
40 6.821879444477074e-06
41 6.874565876526634e-06
42 6.651197760162482e-06
43 6.761234967889925e-06
44 6.878924273488479e-06
45 6.77188602390197e-06
46 6.753493060170776e-06
47 6.810900445602563e-06
48 6.7603103855720346e-06
49 6.8736801696610155e-06
50 6.792791938591019e-06
51 7.072633879479231e-06
52 6.874603673286951e-06
53 6.948630473370241e-06
54 6.779741881647975e-06
55 6.630103240831781e-06
56 6.919665244316682e-06
57 6.655167039312764e-06
58 6.818513149211647e-06
59 6.902224657147781e-06
60 6.83022862851869e-06
61 6.819468746924878e-06
62 6.758069343552265e-06
63 6.945915365015341e-06
64 6.9174884975499865e-06
65 6.782476799632581e-06
66 6.824543072761044e-06
67 6.615444058751937e-06
68 6.92126092974767e-06
69 6.836942338528113e-06
70 6.808160742345563e-06
71 6.8777449546513425e-06
72 6.731822391957878e-06
73 6.827564574648939e-06
74 6.899460687654789e-06
75 6.8522845138226685e-06
76 6.672023175179232e-06
77 6.875206489921801e-06
78 6.876428410895709e-06
79 6.826196673640822e-06
80 6.850126936688529e-06
81 6.8792047691861355e-06
82 6.776420145132524e-06
83 6.852363003133915e-06
84 6.765142498583607e-06
85 6.712566499585567e-06
86 6.858128257086869e-06
87 6.824836331424566e-06
88 6.820534185700669e-06
89 6.854023404455985e-06
90 6.8756294788273355e-06
91 6.90547557973718e-06
92 6.951831682810301e-06
93 6.9781942934061065e-06
94 6.747330957782387e-06
95 6.859870465201327e-06
96 6.688135263093764e-06
97 6.738109751653745e-06
98 6.7718378383778135e-06
99 6.996384927868708e-06
100 6.961866828799175e-06
101 6.950354757931065e-06
102 6.881790603166037e-06
103 6.899170173362404e-06
104 6.7438795444899216e-06
105 6.846888858647515e-06
106 6.808072295680276e-06
107 6.9151295108160025e-06
108 6.885348637774985e-06
109 6.891119504534812e-06
110 6.959896108249642e-06
111 6.728457827533384e-06
112 6.780779420631557e-06
113 6.846800454834688e-06
114 6.601994019050704e-06
115 6.92242159340871e-06
116 6.82580032210257e-06
117 6.755131248796378e-06
118 6.699404502190448e-06
119 6.784133768917877e-06
120 6.745892165754009e-06
121 6.831722273145539e-06
122 6.667511262802798e-06
123 6.810963219623357e-06
124 6.836715733911624e-06
125 6.9714506840660155e-06
126 6.862883868134841e-06
127 7.0313328960210325e-06
128 7.054428740120764e-06
129 6.836671263518435e-06
130 6.831072009913003e-06
131 6.823824604686413e-06
132 6.739898397282394e-06
133 6.8459318017396025e-06
134 6.906508524830907e-06
135 6.8352940819793205e-06
136 6.843603718331249e-06
137 7.11831258055718e-06
138 6.923538157933136e-06
139 6.895458818999764e-06
140 6.739695803308014e-06
141 6.816724019645091e-06
142 6.823259804204566e-06
143 6.872781234390251e-06
144 6.7565060169140775e-06
145 6.758186003266183e-06
146 6.9378044784797275e-06
147 6.823304770237031e-06
148 7.0053899940176045e-06
149 6.672237426483543e-06
150 6.7502616741837054e-06
151 6.85731384105387e-06
152 6.731743527625941e-06
153 6.7296236363406314e-06
154 6.863759483228312e-06
155 6.692318235863997e-06
156 6.8501234115025355e-06
157 6.669631697158175e-06
158 6.776291408574779e-06
159 6.853460905931417e-06
160 6.793024238045783e-06
161 6.8284485280598035e-06
162 6.85839753415302e-06
163 6.897311003081725e-06
164 6.738492155917898e-06
165 6.8483516690536446e-06
166 6.749335985851977e-06
167 6.795641635659719e-06
168 6.738477173865706e-06
169 6.8169770059613e-06
170 6.850689914715618e-06
171 6.863833711977935e-06
172 6.678262233234456e-06
173 6.686300327309071e-06
174 6.587568926451839e-06
175 6.730820679440717e-06
176 6.690733436509315e-06
177 6.813204188929676e-06
178 6.917949999031662e-06
179 6.803401374700528e-06
180 6.803751751288655e-06
181 6.686728440736921e-06
182 6.806298337968638e-06
183 6.908011726413319e-06
184 6.625385857391472e-06
185 6.501386946411456e-06
186 6.878258992637561e-06
187 6.641566340335556e-06
188 6.867513398737645e-06
189 6.960511133964327e-06
190 6.9688822827922886e-06
191 6.731271630299926e-06
192 6.749241256338076e-06
193 6.739805659889132e-06
194 6.688897882220731e-06
195 6.907255426605847e-06
196 6.8354098670721665e-06
197 6.838694425214968e-06
198 6.927273709999051e-06
199 6.79963154134112e-06
200 6.90452943831228e-06
201 6.514891324618003e-06
202 6.8492405946726205e-06
203 7.010781485490973e-06
204 6.89382386424193e-06
205 6.873950851637183e-06
206 6.895188224827821e-06
207 6.9064751678631555e-06
208 6.720464337764692e-06
209 6.669819642824612e-06
210 6.789730952498985e-06
211 6.793314380440383e-06
212 6.765369201877121e-06
213 6.860548162025139e-06
214 6.760796467139019e-06
215 6.6370042092451005e-06
216 6.763570041819399e-06
217 6.879902522274227e-06
218 6.830489461617409e-06
219 6.5305622375766184e-06
220 6.932442510179825e-06
221 6.783725934144538e-06
222 6.882137517711138e-06
223 6.859239144581171e-06
224 6.939225185628144e-06
225 6.594727552351222e-06
226 6.6253794790690145e-06
227 6.968883238753942e-06
228 6.700448908981722e-06
229 6.787429556440241e-06
230 6.608974210791997e-06
231 6.650502649647197e-06
232 6.860017827941616e-06
233 6.4655749982567015e-06
234 6.701015263412631e-06
235 6.7920245286402785e-06
236 6.845795713998928e-06
237 6.9965083076247855e-06
238 6.812725762545452e-06
239 6.757416753167703e-06
240 6.737935484940233e-06
241 6.83421432966202e-06
242 6.894698487726273e-06
243 6.949369726659058e-06
244 6.739011414907212e-06
245 6.786730837635676e-06
246 6.734334169256261e-06
247 6.59762012063597e-06
248 6.727637086190942e-06
249 6.788801067901458e-06
250 6.808902630563064e-06
251 6.779396934091128e-06
252 6.787984463797698e-06
253 6.903381454725007e-06
254 7.0705747023666954e-06
255 6.863042199568033e-06
256 6.738342197192016e-06
257 6.780898134851933e-06
258 6.8377636734468936e-06
259 6.59716106970559e-06
260 6.745393498364714e-06
261 6.8979062980244795e-06
262 6.8580510460446904e-06
263 6.7140110971052425e-06
264 6.811250059550524e-06
265 6.879958467721058e-06
266 6.863706322980526e-06
267 6.584259112625971e-06
268 6.812370844336159e-06
269 7.0358866936955044e-06
270 6.822143973909616e-06
271 6.874385222478566e-06
272 6.8713406870881995e-06
273 6.815673951732156e-06
274 6.7705458305914274e-06
275 6.6504731490205245e-06
276 6.987658730713205e-06
277 6.69738168856978e-06
278 6.873796694946902e-06
279 6.819162407779212e-06
280 6.831757238406355e-06
281 6.969072141011043e-06
282 6.811776561724515e-06
283 7.095773285536007e-06
284 7.031004962806792e-06
285 6.770852322473801e-06
286 6.970707181518705e-06
287 6.877888886311689e-06
288 6.805925309036986e-06
289 6.903414915471269e-06
290 6.815754287838537e-06
291 6.942707903014027e-06
292 6.7686784095945706e-06
293 6.979293651238225e-06
294 6.806552871456891e-06
295 7.012450981053819e-06
296 6.780841378086369e-06
297 6.885363280436908e-06
298 6.820964619841185e-06
299 6.934887315151334e-06
