0 1.2798264956676232e-05
1 1.2293273347021122e-05
2 1.3222791045421115e-05
3 1.2804410895051385e-05
4 1.3342678242106614e-05
5 1.2859640394793546e-05
6 1.2517820950476577e-05
7 1.3112106189483055e-05
8 1.2685795041168252e-05
9 1.2397893093337426e-05
10 1.2720960094157088e-05
11 1.2772351352555466e-05
12 1.3101171432463616e-05
13 1.2546161759531862e-05
14 1.3016911037068367e-05
15 1.2451762827684702e-05
16 1.2203530773648284e-05
17 1.28689022929009e-05
18 1.2446472691020717e-05
19 1.2913276994550005e-05
20 1.284146789035458e-05
21 1.2570354834337116e-05
22 1.2727069651177663e-05
23 1.2824056671463183e-05
24 1.2197869858357897e-05
25 1.3082675671904738e-05
26 1.2452948265878913e-05
27 1.254757034713397e-05
28 1.29402811564522e-05
29 1.2767562986303582e-05
30 1.264183184216119e-05
31 1.2724183772702843e-05
32 1.2729325519370537e-05
33 1.285703301935016e-05
34 1.3183416422355734e-05
35 1.2652893237980755e-05
36 1.2949430785093882e-05
37 1.2354949455332991e-05
38 1.2393516820850913e-05
39 1.286791608235106e-05
40 1.2680978842502535e-05
41 1.2662244205639234e-05
42 1.3240724513428973e-05
43 1.2901158336910563e-05
44 1.262293245385863e-05
45 1.3169779826139438e-05
46 1.283400684052577e-05
47 1.2516133761497392e-05
48 1.2540967794290358e-05
49 1.2593143433815153e-05
50 1.2593305496526982e-05
51 1.2131419143663318e-05
52 1.2440488273221437e-05
53 1.2199527164175395e-05
54 1.3071327177449305e-05
55 1.2951568650590988e-05
56 1.2555621586187196e-05
57 1.3137391878359515e-05
58 1.2917750459617176e-05
59 1.2145339640391896e-05
60 1.2804073932261678e-05
61 1.2951334010106012e-05
62 1.2745776323496267e-05
63 1.293583707892611e-05
64 1.2061302520964468e-05
65 1.2755514680272985e-05
66 1.247820122874017e-05
67 1.3179712084779451e-05
68 1.1897766169000947e-05
69 1.2486528013988083e-05
70 1.3094937641306532e-05
71 1.242945210537253e-05
72 1.2571000679888744e-05
73 1.2977702198740116e-05
74 1.2515013127457554e-05
75 1.2477004938511007e-05
76 1.24136149023994e-05
77 1.2389573515980159e-05
78 1.2709368213759093e-05
79 1.2546543777031668e-05
80 1.2890369593150952e-05
81 1.225010976416239e-05
82 1.2763543334154067e-05
83 1.2399479673471788e-05
84 1.2748792346964293e-05
85 1.2912297618241532e-05
86 1.2546577132861243e-05
87 1.2680936862683288e-05
88 1.2384647408888975e-05
89 1.201971545260368e-05
90 1.263081233598324e-05
91 1.2469089961041794e-05
92 1.2514633806537958e-05
93 1.2478124673338376e-05
94 1.2952976192660426e-05
95 1.2543020613696639e-05
96 1.2937271197240798e-05
97 1.2914341241213504e-05
98 1.2553256135818508e-05
99 1.2554104529543653e-05
100 1.224403480755654e-05
101 1.2648283788414319e-05
102 1.2215312843254148e-05
103 1.2409404024275937e-05
104 1.2839697422255643e-05
105 1.2462844637524817e-05
106 1.259323457631817e-05
107 1.2944170039724617e-05
108 1.2701985615363728e-05
109 1.251570674457412e-05
110 1.2398965311064248e-05
111 1.2486683333267499e-05
112 1.2906363355711182e-05
113 1.2555871251059991e-05
114 1.3008054669739515e-05
115 1.2482817044457447e-05
116 1.270546015630795e-05
117 1.2633329252959914e-05
118 1.2810316496846915e-05
119 1.2929794318115859e-05
120 1.2509972345148178e-05
121 1.2568910945707786e-05
122 1.3450115696144392e-05
123 1.3038268924740632e-05
124 1.2493037283809123e-05
125 1.2641787885204974e-05
126 1.2668291203044638e-05
127 1.2346657222916048e-05
128 1.1811099443668999e-05
129 1.267516634642193e-05
130 1.2811611130057778e-05
131 1.2736579330161087e-05
132 1.280161618704935e-05
133 1.2540822599559512e-05
134 1.2003655857962563e-05
135 1.239307971094904e-05
136 1.2496138657744297e-05
137 1.209745992919448e-05
138 1.2140537760312267e-05
139 1.2604938041972474e-05
140 1.2675549786153311e-05
141 1.2527899497770673e-05
142 1.2470348862137445e-05
143 1.2897900328467616e-05
144 1.2492374993421828e-05
145 1.2745507938538243e-05
146 1.2309634066637162e-05
147 1.2677519134118601e-05
148 1.2598890146323225e-05
149 1.316100347890044e-05
150 1.3255526406740354e-05
151 1.2853340686251402e-05
152 1.3033033045156028e-05
153 1.2989174895969883e-05
154 1.266490159623275e-05
155 1.2939037905469185e-05
156 1.2257228204319943e-05
157 1.2786143028255827e-05
158 1.264094019642671e-05
159 1.233861522395887e-05
160 1.2531814631929397e-05
161 1.2927776722773113e-05
162 1.2555886787566113e-05
163 1.2247972583475663e-05
164 1.3058962598194197e-05
165 1.2531527781294026e-05
166 1.2735161268655183e-05
167 1.29883850318585e-05
168 1.296878667208103e-05
169 1.2734525295073571e-05
170 1.2821435309671544e-05
171 1.2648135213026686e-05
172 1.2770724298324305e-05
173 1.3000587206752882e-05
174 1.3437468538015029e-05
175 1.2659974768190708e-05
176 1.2730278725922608e-05
177 1.2307216646075982e-05
178 1.2465101219601833e-05
179 1.2676991876889186e-05
180 1.252123676505782e-05
181 1.306617926897013e-05
182 1.2730121977719258e-05
183 1.2443216701654958e-05
184 1.303176582645737e-05
185 1.3139037218297975e-05
186 1.277368881259603e-05
187 1.287350243327905e-05
188 1.2707005434393431e-05
189 1.2696184355772476e-05
190 1.233242592392136e-05
191 1.276836347387806e-05
192 1.2609675684718516e-05
193 1.2920226472354121e-05
194 1.245538522549168e-05
195 1.2723293795417607e-05
196 1.2553163466499563e-05
197 1.2645135566465333e-05
198 1.2259437875145213e-05
199 1.265887288239028e-05
200 1.2502060255556626e-05
201 1.3440692886421953e-05
202 1.277242728603183e-05
203 1.2109724637372514e-05
204 1.2424494197595041e-05
205 1.217924829081282e-05
206 1.2597030789290898e-05
207 1.270119145868677e-05
208 1.2622381009221213e-05
209 1.296714204395721e-05
210 1.2372536573536728e-05
211 1.2638732356784656e-05
212 1.296331102651371e-05
213 1.2930888958583755e-05
214 1.2753771969673783e-05
215 1.3063020129365551e-05
216 1.2505416576096075e-05
217 1.2515250863037042e-05
218 1.2653732052443589e-05
219 1.3336386026547444e-05
220 1.2622149355868412e-05
221 1.2746475424380099e-05
222 1.274171985119588e-05
223 1.2769097780439293e-05
224 1.267496462441895e-05
225 1.2811285867808046e-05
226 1.2930379407821372e-05
227 1.2400507649088786e-05
228 1.2977133698427602e-05
229 1.2809211787953459e-05
230 1.3136399407208497e-05
231 1.2706647310412037e-05
232 1.2295540767873372e-05
233 1.3213749322622108e-05
234 1.3367708529454689e-05
235 1.2932912847141082e-05
236 1.2733086419031795e-05
237 1.2431576797235571e-05
238 1.2764340352498167e-05
239 1.2725370548334715e-05
240 1.2830522148839983e-05
241 1.2484197685835107e-05
242 1.281415396842189e-05
243 1.2871493972304898e-05
244 1.2865444332651637e-05
245 1.2753967622605483e-05
246 1.2768161454948522e-05
247 1.2970071501701205e-05
248 1.2869933510876295e-05
249 1.2817756868158756e-05
250 1.2718536574262003e-05
251 1.255564804862443e-05
252 1.2651462936108525e-05
253 1.2447843737871272e-05
254 1.179920422507597e-05
255 1.3001145986846885e-05
256 1.259480498240278e-05
257 1.2853368759086933e-05
258 1.2799601363141101e-05
259 1.2689142587703917e-05
260 1.2862158061644427e-05
261 1.2586157968663818e-05
262 1.2357982834862547e-05
263 1.273914263684172e-05
264 1.294804426890542e-05
265 1.241335367858346e-05
266 1.2138931788423834e-05
267 1.285315488923292e-05
268 1.2629089276501868e-05
269 1.1923584037880147e-05
270 1.292680210716146e-05
271 1.233718940572863e-05
272 1.2739428669691403e-05
273 1.3009296622795022e-05
274 1.3182183789273102e-05
275 1.3041092110305692e-05
276 1.2927794459762106e-05
277 1.2777273906858385e-05
278 1.2302261308875884e-05
279 1.2485565195688167e-05
280 1.2022567848541818e-05
281 1.22870063381928e-05
282 1.2769377557788569e-05
283 1.2307897057033965e-05
284 1.1972223363115764e-05
285 1.2365237728779271e-05
286 1.2865317436797098e-05
287 1.2947226019644196e-05
288 1.2835326038425626e-05
289 1.2280313089594809e-05
290 1.2598591531192476e-05
291 1.2499481444916206e-05
292 1.3198771184320865e-05
293 1.2173707597025461e-05
294 1.2418939503161747e-05
295 1.2417047776769357e-05
296 1.2885787146162319e-05
297 1.232812691753806e-05
298 1.2765828063495876e-05
299 1.2493889794419908e-05
