0 1.0379569159364057e-06
1 1.064620508362249e-06
2 1.0324662986429643e-06
3 1.054731509739202e-06
4 1.064411857421198e-06
5 1.0518389492723183e-06
6 1.0675654681872504e-06
7 1.1120139099503e-06
8 1.0333415741639455e-06
9 1.0834290574304815e-06
10 1.0618958596375533e-06
11 1.0812681862405929e-06
12 1.032610076598412e-06
13 1.0490848983130605e-06
14 1.054233363875157e-06
15 1.033532681062263e-06
16 1.0137171240165606e-06
17 1.0737142022252968e-06
18 1.0484830121613068e-06
19 1.0256925325013148e-06
20 1.0740523454723744e-06
21 1.0327039643959357e-06
22 1.0685156078433985e-06
23 1.0652779406346329e-06
24 1.029828435837775e-06
25 1.0459005114381734e-06
26 1.0557576381489334e-06
27 1.047973968546208e-06
28 1.098469111548119e-06
29 1.081972156611239e-06
30 1.0911412474407094e-06
31 1.0263762341142296e-06
32 1.0403152048274029e-06
33 1.0929829214799648e-06
34 1.1030541044769994e-06
35 1.0454820991406271e-06
36 1.089928294521054e-06
37 1.0498131264507287e-06
38 1.0984888887029877e-06
39 1.0648381568328806e-06
40 1.0747777336318896e-06
41 1.0547021417154378e-06
42 1.0606416004637492e-06
43 1.0593946857850742e-06
44 1.068887300020151e-06
45 1.0857062659318468e-06
46 1.040157271972578e-06
47 1.0692368013900786e-06
48 1.0549893209147417e-06
49 1.0594800878066706e-06
50 1.0142820317875802e-06
51 1.0817405375730355e-06
52 1.0410295761657857e-06
53 1.0404018169402301e-06
54 1.0884195000770735e-06
55 1.0440692167540027e-06
56 1.0519148234725247e-06
57 1.0640043700511537e-06
58 1.080260533894648e-06
59 1.043798869437707e-06
60 1.0692325312637106e-06
61 1.0722054777564215e-06
62 1.0615940497995307e-06
63 1.0901266005902984e-06
64 1.0763492202165952e-06
65 1.0766049463567105e-06
66 1.0608254272855554e-06
67 1.0428235069659946e-06
68 1.0333350641350436e-06
69 1.0282407183435238e-06
70 1.1047039732631116e-06
71 1.0245350934972511e-06
72 1.0299957787148609e-06
73 1.0610275185666263e-06
74 1.0893077844143513e-06
75 1.0567914641739377e-06
76 1.0036807875277836e-06
77 1.0591847295128877e-06
78 1.0695427336808834e-06
79 1.06002311682219e-06
80 1.0838318627634154e-06
81 1.016467990816275e-06
82 1.0629033044241947e-06
83 1.071675882038111e-06
84 1.0887288529189824e-06
85 1.0792770956553452e-06
86 1.0523851330095948e-06
87 1.0603967918506544e-06
88 1.0483167145966818e-06
89 1.0375811191697457e-06
90 1.0464252139305575e-06
91 1.0612686253935939e-06
92 1.0565411414133256e-06
93 1.046472836096543e-06
94 1.0572701142739322e-06
95 1.0467360233246817e-06
96 1.0545382057172781e-06
97 1.0506680031745333e-06
98 1.0477355100527716e-06
99 1.0822293440802281e-06
100 1.0768214960101022e-06
101 1.0797734724575163e-06
102 1.038568557215588e-06
103 1.0640637370135895e-06
104 1.0746554647848058e-06
105 1.0656309943761985e-06
106 1.033947559918541e-06
107 1.0941984977949061e-06
108 1.0721124964491052e-06
109 1.0868524267840924e-06
110 1.0541060144389462e-06
111 1.0309851451629674e-06
112 1.05486198258178e-06
113 1.065404485248638e-06
114 1.0506899853096885e-06
115 1.0716069633043269e-06
116 1.067402343434628e-06
117 1.0344661859711557e-06
118 1.0499273396066857e-06
119 1.0364060149681948e-06
120 1.0613997508696274e-06
121 1.0780061092380249e-06
122 1.0665458239788302e-06
123 1.0918641621302604e-06
124 1.0373029424995206e-06
125 1.079665040674038e-06
126 1.0663832684685324e-06
127 1.0939249278268574e-06
128 1.04466574940686e-06
129 1.0503633472698696e-06
130 1.0642576360492359e-06
131 1.0476153858350099e-06
132 1.055553422544513e-06
133 1.0450917420909784e-06
134 1.0561741294370173e-06
135 1.044727210259122e-06
136 1.0562168366165945e-06
137 1.05809360360135e-06
138 1.0605765618287068e-06
139 1.0811721279254175e-06
140 1.053078212922001e-06
141 1.055528702919776e-06
142 1.058070882140144e-06
143 1.071089951825984e-06
144 1.0207871341022902e-06
145 1.0338101522340718e-06
146 1.076155246349569e-06
147 1.0604755102757712e-06
148 1.0907262751941892e-06
149 1.0529725193990794e-06
150 1.0760314373758848e-06
151 1.0707810240909578e-06
152 1.0768186695116806e-06
153 1.0507160865391795e-06
154 1.0451149098318244e-06
155 1.040188297761806e-06
156 1.0550032603684592e-06
157 1.052789289003641e-06
158 1.045117254662442e-06
159 1.0568624888674681e-06
160 1.0341803557904674e-06
161 1.0595867006633016e-06
162 1.0782591934176641e-06
163 1.064144332640261e-06
164 1.0825250286410351e-06
165 1.0513853427865798e-06
166 1.0436622613790515e-06
167 1.0830730531733212e-06
168 1.0712330720557647e-06
169 1.038807365811756e-06
170 1.080137316078093e-06
171 1.0392433632531688e-06
172 1.0344367513240475e-06
173 1.0619917320018036e-06
174 1.0459800538723584e-06
175 1.0477162266697188e-06
176 1.0493341507416534e-06
177 1.0234023908961983e-06
178 1.0500768312812889e-06
179 1.0653379977920176e-06
180 1.026491156114557e-06
181 1.0485861469580355e-06
182 1.0308038423526904e-06
183 1.0545266122677852e-06
184 1.0356878340132847e-06
185 1.0265890549473733e-06
186 1.0713431062827088e-06
187 1.0378191889341285e-06
188 1.0674060025435399e-06
189 1.073446900916216e-06
190 1.0512609422069202e-06
191 1.05624948544985e-06
192 1.0243221268971401e-06
193 1.0439955611872224e-06
194 1.0261704097847777e-06
195 1.0754916586139728e-06
196 1.059504839675569e-06
197 1.063712773762273e-06
198 1.0511505734649207e-06
199 1.0493401093255662e-06
200 1.069294421883011e-06
201 1.0472741460946766e-06
202 1.0706826781939447e-06
203 1.0422894344984248e-06
204 1.0467636748414326e-06
205 1.0514704319613587e-06
206 1.0556507548996748e-06
207 1.0538395698818264e-06
208 1.033011999338532e-06
209 1.0417027481018364e-06
210 1.0002272875826733e-06
211 1.0233734446005521e-06
212 1.0599716505516652e-06
213 1.0609665369366806e-06
214 1.047656859524737e-06
215 1.0599126288179243e-06
216 1.034392746379928e-06
217 1.0664311009291217e-06
218 1.0644622010461537e-06
219 1.0554070414261424e-06
220 1.0689204218110884e-06
221 1.0398287348308589e-06
222 1.0715343660847964e-06
223 1.0501238732229795e-06
224 1.0833481202673576e-06
225 1.0335569550305302e-06
226 1.0831859512953797e-06
227 1.0633948734404404e-06
228 1.0714357877921333e-06
229 1.056706482142886e-06
230 1.0240676162757693e-06
231 1.0535743508974715e-06
232 1.0594304069117515e-06
233 1.0520187844347742e-06
234 1.0802439773925039e-06
235 1.075376818109806e-06
236 1.0799895712440723e-06
237 1.0645248054744568e-06
238 1.0664508440777444e-06
239 1.0551558873213548e-06
240 1.0814715312772223e-06
241 1.0639173966642285e-06
242 1.111447860422941e-06
243 1.0914621272309325e-06
244 1.050503352334393e-06
245 1.051178716607097e-06
246 1.0313044719806717e-06
247 1.057598594688491e-06
248 1.0638741892395013e-06
249 1.0674492993757651e-06
250 1.0509696929316642e-06
251 1.0876666891164064e-06
252 1.038127621624235e-06
253 1.0450236716053964e-06
254 1.0441897547581324e-06
255 1.0684990095199856e-06
256 1.0197403149935248e-06
257 1.0659435167849623e-06
258 1.0558378362355734e-06
259 1.0558699646265454e-06
260 1.0557358324224016e-06
261 1.0593345199965564e-06
262 1.0553332224717566e-06
263 1.0402646980493724e-06
264 1.0668980022952105e-06
265 1.029012729365558e-06
266 1.0204273126192334e-06
267 1.0353492875962547e-06
268 1.048918909835861e-06
269 1.0720500338019858e-06
270 1.0881508361877705e-06
271 1.0330734622990403e-06
272 1.07201789925921e-06
273 1.059791469104358e-06
274 1.0986227730469801e-06
275 1.0386044927906918e-06
276 1.0762177408191922e-06
277 1.033319977063168e-06
278 1.0443034377543188e-06
279 1.0590518207974113e-06
280 1.0075841838271946e-06
281 1.0357739876935833e-06
282 1.0450337259468973e-06
283 1.073852361901153e-06
284 1.0441328620794285e-06
285 1.0247036310308388e-06
286 1.0967631603874924e-06
287 1.0682522261667498e-06
288 1.058461357758686e-06
289 1.0598890396036892e-06
290 1.0519302372998091e-06
291 1.0453566562336463e-06
292 1.082680375177118e-06
293 1.0545634230878746e-06
294 1.0554827439551386e-06
295 1.0680641598286503e-06
296 1.0636877232776471e-06
297 1.0811681359724189e-06
298 1.0450350176304966e-06
299 1.0583882978436252e-06
