0.05 0.026929893117667903
0.11694915254237287 0.019324006896626177
0.18389830508474575 -0.047238649096232654
0.25084745762711863 -0.013554868548820747
0.31779661016949157 0.049688240766126185
0.38474576271186445 0.042527615632224514
0.45169491525423733 -0.020648144193186724
0.5186440677966101 -0.0632428266348425
0.5855932203389831 -0.04016684918646931
0.652542372881356 0.03231419357693196
0.7194915254237289 0.10593784094097179
0.7864406779661016 0.14268474518456625
0.8533898305084746 0.13772658858272777
0.9203389830508475 0.11753526695597154
0.9872881355932203 0.12333498918136437
1.0542372881355933 0.19254788260789746
1.1211864406779661 0.3462703295551365
1.188135593220339 0.585090504270572
1.255084745762712 0.8916996251133456
1.3220338983050848 1.2372525065864584
1.3889830508474577 1.5886021135845811
1.4559322033898303 1.9144640018285162
1.5228813559322032 2.189597428789581
1.5898305084745763 2.3968844742527837
1.6567796610169492 2.5276573521287915
1.723728813559322 2.580812262080099
1.790677966101695 2.5612478364126394
1.8576271186440678 2.478066829556247
1.9245762711864405 2.3428471687707817
1.9915254237288134 2.1681626472568603
2.0584745762711862 1.9664331562009232
2.1254237288135593 1.7491142673149414
2.192372881355932 1.5261933832943846
2.259322033898305 1.3059385539624444
2.326271186440678 1.094839877624808
2.393220338983051 0.8976864778756998
2.460169491525424 0.7177300070430981
2.5271186440677966 0.5568954627303275
2.5940677966101697 0.41600992631663786
2.6610169491525424 0.29502860286122395
2.7279661016949155 0.19324480466317678
2.794915254237288 0.10947618689328087
2.861864406779661 0.042223731967417626
2.928813559322034 -0.010197092810677492
2.9957627118644066 -0.04955166480074393
3.0627118644067797 -0.07760554310662267
3.1296610169491523 -0.09606475975884361
3.1966101694915254 -0.10653383250392379
3.263559322033898 -0.11048834760512981
3.3305084745762707 -0.10925920044961314
3.397457627118644 -0.10402590612707921
3.4644067796610165 -0.09581675039015325
3.53135593220339 -0.0855139096774177
3.5983050847457627 -0.07386200616530407
3.665254237288136 -0.06147886833740666
3.7322033898305085 -0.04886753395117338
3.799152542372881 -0.036428759439271714
3.8661016949152542 -0.024473489289210695
3.933050847457627 -0.013234893939142794
4.0 -0.0028797091222477604
