0 -2.2071338305616454e-05
1 -2.1050752373464593e-05
2 -1.828066372398826e-05
3 -1.993596208749743e-05
4 -2.1035520672571743e-05
5 -1.9469876538134786e-05
6 -2.1303237216151838e-05
7 -2.0579011672346484e-05
8 -2.2961085956294416e-05
9 -1.766876660606874e-05
10 -2.132183341658227e-05
11 -2.288864596162523e-05
12 -1.9640433818568035e-05
13 -2.179733843076484e-05
14 -1.986295293936704e-05
15 -2.0952258281421338e-05
16 -1.6241910095058844e-05
17 -1.9224647961848945e-05
18 -1.94059871095946e-05
19 -2.067971478497063e-05
20 -2.2570168226707367e-05
21 -2.0906859048849595e-05
22 -2.1699037463684814e-05
23 -2.018115408283655e-05
24 -2.1211517668278467e-05
25 -2.139125001690896e-05
26 -1.959278782604815e-05
27 -2.2279799237479894e-05
28 -2.1973000950895644e-05
29 -2.0993604729592804e-05
30 -2.0371509635334654e-05
31 -2.3413179891145553e-05
32 -2.201769460224287e-05
33 -2.284726150147397e-05
34 -1.998928905997898e-05
35 -2.092567093484492e-05
36 -2.146549729843187e-05
37 -2.0816825771031875e-05
38 -1.899700019833405e-05
39 -2.2076822215723146e-05
40 -2.0743657360793716e-05
41 -2.213685144316969e-05
42 -2.1265268321981357e-05
43 -2.0229428885338152e-05
44 -2.0523070761921337e-05
45 -1.9198317444506948e-05
46 -2.2171523651551223e-05
47 -1.806754770541516e-05
48 -2.126295825807446e-05
49 -2.1372718115552335e-05
50 -2.0744017036699315e-05
51 -2.1689042627958006e-05
52 -2.2854712280978304e-05
53 -2.0497944098093008e-05
54 -2.0829817953041165e-05
55 -2.1160537485104564e-05
56 -2.2207168795993458e-05
57 -2.2437376306460905e-05
58 -1.8969426766467804e-05
59 -2.050125925179475e-05
60 -1.9467788898751574e-05
61 -2.046830073193642e-05
62 -2.381432115998502e-05
63 -2.131182826096704e-05
64 -2.059372571401538e-05
65 -2.046052263703496e-05
66 -2.098557801139855e-05
67 -1.96949654274614e-05
68 -2.0317218654407408e-05
69 -2.0610943675569766e-05
70 -2.0610783628383866e-05
71 -1.948831327908348e-05
72 -1.9968693696253824e-05
73 -2.023596934445764e-05
74 -1.9438474436582705e-05
75 -2.110616538357629e-05
76 -2.1400837175838624e-05
77 -2.1104913198108254e-05
78 -2.1388684051436293e-05
79 -2.0886486568958108e-05
80 -2.0759009640958834e-05
81 -2.14297913256215e-05
82 -2.1159327802418736e-05
83 -2.114043598853087e-05
84 -2.0924008807303924e-05
85 -1.9474635064810008e-05
86 -2.1942482859938066e-05
87 -2.014295783290953e-05
88 -2.12265493566414e-05
89 -2.1970532761981305e-05
90 -2.1572042108619322e-05
91 -2.071245426615382e-05
92 -2.0286176752545094e-05
93 -2.0200633146989234e-05
94 -1.807661768449467e-05
95 -1.9662053086782314e-05
96 -1.887560382040162e-05
97 -2.2057011875851027e-05
98 -2.039609771676679e-05
99 -2.1170926529920002e-05
100 -2.2672330484221484e-05
101 -2.0243134455515602e-05
102 -2.0701869641682265e-05
103 -2.037886747548235e-05
104 -2.1452235470996994e-05
105 -2.216828066960024e-05
106 -1.987421596461255e-05
107 -2.2912126876607595e-05
108 -2.160545652357872e-05
109 -1.969138931547171e-05
110 -2.2297243077059173e-05
111 -1.85739878251967e-05
112 -2.0503520501296788e-05
113 -1.893954390824505e-05
114 -1.8785902666745567e-05
115 -2.4795598648193686e-05
116 -2.0257034633251852e-05
117 -2.18071945275195e-05
118 -2.1561611859345436e-05
119 -2.278016078689707e-05
120 -1.90885160352288e-05
121 -2.162731820018787e-05
122 -1.7883470045782558e-05
123 -2.148827058699983e-05
124 -1.972724337211998e-05
125 -2.012898677995716e-05
126 -1.9624041060592962e-05
127 -2.0225444337467835e-05
128 -2.004643814555479e-05
129 -2.118494969568495e-05
130 -2.0523887856486167e-05
131 -2.0029198529148146e-05
132 -2.201117480041268e-05
133 -1.780676278958287e-05
134 -2.1503985266935134e-05
135 -2.0710048361270375e-05
136 -2.1925867278026045e-05
137 -2.203760630573896e-05
138 -2.1833383907202617e-05
139 -1.97680045484627e-05
140 -2.0765482793986083e-05
141 -2.0154569084699738e-05
142 -2.1607443563237747e-05
143 -2.046611782774623e-05
144 -2.0259407341199447e-05
145 -2.1908062452968416e-05
146 -2.0522904394428167e-05
147 -2.1866348104152563e-05
148 -2.0530097910586294e-05
149 -2.226063363172165e-05
150 -1.9426482092277807e-05
151 -2.2548587180203963e-05
152 -1.9410960413970397e-05
153 -1.915602508886321e-05
154 -2.0720404535299493e-05
155 -1.8686721321807924e-05
156 -2.1928913078217308e-05
157 -1.9798754852295033e-05
158 -1.968190400558951e-05
159 -2.0787977797352e-05
160 -2.1253888584701633e-05
161 -2.1623347090542207e-05
162 -2.0009079969541915e-05
163 -2.1577859643605503e-05
164 -2.1739028800133536e-05
165 -2.0305682430715083e-05
166 -2.073634307588118e-05
167 -2.1758759139970457e-05
168 -2.1184525118670778e-05
169 -2.1939511194569776e-05
170 -2.1060680591427293e-05
171 -2.2454113330574487e-05
172 -2.235376978173033e-05
173 -2.1356874765075318e-05
174 -2.2437989885068997e-05
175 -2.079764307828145e-05
176 -2.162536174147277e-05
177 -2.0544295671133104e-05
178 -2.0648041281039005e-05
179 -2.370893348714107e-05
180 -1.9779441494636576e-05
181 -2.2433712771938748e-05
182 -2.037718522000079e-05
183 -2.179048473684225e-05
184 -2.1922250680958062e-05
185 -1.9600000084867374e-05
186 -2.0669444744230367e-05
187 -2.2910606389366118e-05
188 -2.2605168149458026e-05
189 -2.1730427129310362e-05
190 -2.0086046292184913e-05
191 -2.0363121858159398e-05
192 -1.786335913756545e-05
193 -2.14121613581002e-05
194 -2.009834500387865e-05
195 -2.219795667952636e-05
196 -2.2434722799973254e-05
197 -1.9193003969663334e-05
198 -2.1007926238822153e-05
199 -2.1357170564197903e-05
200 -2.31933234678158e-05
201 -2.1628396593488475e-05
202 -2.0543705793627667e-05
203 -2.303685794589705e-05
204 -2.2917089694378153e-05
205 -2.189376624716755e-05
206 -2.2926456604474547e-05
207 -2.292575009399357e-05
208 -1.9812561332513274e-05
209 -1.8595431078580825e-05
210 -2.2532890870838346e-05
211 -2.126340242733291e-05
212 -2.043339523132007e-05
213 -2.0380189143500082e-05
214 -1.977776903685955e-05
215 -2.2921061170833077e-05
216 -2.351805343909546e-05
217 -2.0387172811569047e-05
218 -1.975456949962803e-05
219 -2.0686818683637838e-05
220 -2.002445204231928e-05
221 -2.0901126425461515e-05
222 -2.0503578004661162e-05
223 -2.1218176823938984e-05
224 -1.8494079242302627e-05
225 -2.1576100631208683e-05
226 -1.8458375781753488e-05
227 -2.0031606266911106e-05
228 -2.0639322087704642e-05
229 -2.1566888265580664e-05
230 -2.0292777284612232e-05
231 -1.965500802391421e-05
232 -1.9127876960191556e-05
233 -2.154630018652079e-05
234 -2.012237446332219e-05
235 -2.0126509902992225e-05
236 -2.0158526534721e-05
237 -2.290574653988531e-05
238 -1.965324964559731e-05
239 -1.9694604418451905e-05
240 -2.0768582461392697e-05
241 -2.1459459721535368e-05
242 -2.1573313667474944e-05
243 -2.0576082241781623e-05
244 -2.1992128374922884e-05
245 -2.181979480945136e-05
246 -2.1598601756040456e-05
247 -2.1409677042722766e-05
248 -2.066568040552918e-05
249 -2.2006259876061543e-05
250 -2.152927937777201e-05
251 -2.0980355475999635e-05
252 -2.0463755944039178e-05
253 -2.026488990739968e-05
254 -2.112166732939015e-05
255 -2.2794205218998217e-05
256 -2.194616249810903e-05
257 -2.0485930405067834e-05
258 -2.1964219136582976e-05
259 -2.2237148375703218e-05
260 -2.096699062054491e-05
261 -1.990862228932674e-05
262 -2.091774064546249e-05
263 -2.016671387379726e-05
264 -2.219921535492299e-05
265 -2.2221080602892307e-05
266 -2.0219180075375873e-05
267 -1.9727937852523045e-05
268 -2.063523034459957e-05
269 -2.029538840192913e-05
270 -2.2167258731534244e-05
271 -2.1246117622317054e-05
272 -2.158303531136979e-05
273 -1.982912554327316e-05
274 -1.9317031133147436e-05
275 -2.1268424197805226e-05
276 -2.2880470502974412e-05
277 -2.2973105948860672e-05
278 -2.129356274832513e-05
279 -2.127317551024894e-05
280 -1.9333729429851664e-05
281 -1.7227042469455e-05
282 -2.1298815535217376e-05
283 -2.0455607486539947e-05
284 -2.0661640685046165e-05
285 -2.257976765562687e-05
286 -2.1732390806299558e-05
287 -2.2573707103007768e-05
288 -1.8669951102818238e-05
289 -2.229491007403718e-05
290 -2.0297722429608532e-05
291 -2.159738753934435e-05
292 -2.1127049203885516e-05
293 -2.150811488991979e-05
294 -2.1046720286211455e-05
295 -2.026018685916296e-05
296 -2.230360089102168e-05
297 -2.2379729335030663e-05
298 -1.904121870775176e-05
299 -2.333100801544851e-05
