0 -7.397247764933059e-06
1 -6.272047432029033e-06
2 -4.664500024758247e-06
3 -5.602173049852065e-06
4 -6.351170513303293e-06
5 -6.2463917886227135e-06
6 -7.6690765755439e-06
7 -7.854936158372562e-06
8 -9.12360887843949e-06
9 -5.102546350777489e-06
10 -7.350419075784594e-06
11 -8.296986429787218e-06
12 -6.308064571555461e-06
13 -8.222788023551249e-06
14 -6.690962479707932e-06
15 -6.957043276965653e-06
16 -4.4315748141066215e-06
17 -6.099114851816315e-06
18 -5.863037076051096e-06
19 -7.309355460831275e-06
20 -8.3387979827736e-06
21 -6.2455411631554425e-06
22 -6.694619894257939e-06
23 -6.924309666893128e-06
24 -7.957643411931754e-06
25 -7.181420378544687e-06
26 -6.945410504116759e-06
27 -8.367669763576522e-06
28 -7.853426554804152e-06
29 -6.861854090744198e-06
30 -7.082487447142602e-06
31 -8.304445330583879e-06
32 -7.877097495758341e-06
33 -8.6536376135868e-06
34 -6.111021645228269e-06
35 -6.999014976294647e-06
36 -8.08646156180168e-06
37 -6.640628991807538e-06
38 -5.825576266070762e-06
39 -8.128745683963539e-06
40 -7.219691721033729e-06
41 -8.216554702348904e-06
42 -7.420607234166196e-06
43 -6.605085623757696e-06
44 -6.737674625294092e-06
45 -6.698494278794072e-06
46 -7.769107571914802e-06
47 -5.980390573198729e-06
48 -6.450855753980367e-06
49 -7.556515944232547e-06
50 -6.714775006572551e-06
51 -8.019319112484393e-06
52 -8.9420373612398e-06
53 -7.332865504737608e-06
54 -7.239959024600416e-06
55 -7.12269539455099e-06
56 -7.21547823464156e-06
57 -8.586268206267514e-06
58 -6.094179307119031e-06
59 -6.978926116148183e-06
60 -5.968396453381397e-06
61 -6.835872599049591e-06
62 -8.862735311484442e-06
63 -6.397962622685632e-06
64 -6.574731391832203e-06
65 -7.310323009278869e-06
66 -6.811290511751124e-06
67 -7.110617761127685e-06
68 -6.747930993126524e-06
69 -7.01822827856817e-06
70 -7.973551046641427e-06
71 -7.587950714700351e-06
72 -6.166920804744957e-06
73 -6.386386527989792e-06
74 -5.9191657505521415e-06
75 -6.542860251666536e-06
76 -7.237070215105864e-06
77 -7.749036684139792e-06
78 -7.948268105024122e-06
79 -6.347271313472022e-06
80 -6.680420204709562e-06
81 -7.737560504166672e-06
82 -7.589680802944206e-06
83 -6.9308794418232985e-06
84 -7.72127093120975e-06
85 -5.795648705968467e-06
86 -7.987435438055015e-06
87 -6.583159352091248e-06
88 -8.2402972840918e-06
89 -7.0311019731599916e-06
90 -7.029888298450557e-06
91 -7.44681774384571e-06
92 -7.40192043830952e-06
93 -6.296431607662268e-06
94 -5.228357678437935e-06
95 -6.904642834961642e-06
96 -6.2870748799423635e-06
97 -8.009258485336102e-06
98 -7.248157528932117e-06
99 -8.021713351088208e-06
100 -7.672159638633401e-06
101 -6.743326808910995e-06
102 -6.753531841768542e-06
103 -6.484682929619227e-06
104 -7.825032394020928e-06
105 -7.488081037781183e-06
106 -6.857305986104465e-06
107 -8.183642521209876e-06
108 -7.194762676580534e-06
109 -6.100006542271666e-06
110 -8.176332286879355e-06
111 -5.915673292795387e-06
112 -6.470584694245742e-06
113 -6.4310690339263414e-06
114 -5.978662762534996e-06
115 -9.82978416175467e-06
116 -6.481910103886656e-06
117 -8.084326143419816e-06
118 -6.9841063055499125e-06
119 -7.691333705209065e-06
120 -5.529411415991356e-06
121 -7.940714941710251e-06
122 -5.232591554306997e-06
123 -8.27962138402535e-06
124 -5.587433821585518e-06
125 -6.3234453451533985e-06
126 -5.784314437116113e-06
127 -6.843137845008164e-06
128 -5.92607660060959e-06
129 -6.939775870225419e-06
130 -7.058979731055714e-06
131 -5.607134726557231e-06
132 -7.496908857461977e-06
133 -5.214904159111725e-06
134 -7.877802818987564e-06
135 -6.681033038597954e-06
136 -6.450077470406878e-06
137 -8.85631996899594e-06
138 -8.1206809439361e-06
139 -6.285228631698927e-06
140 -7.49785024847713e-06
141 -6.372349951037263e-06
142 -7.681540741224646e-06
143 -7.1274288951382655e-06
144 -7.136082902083956e-06
145 -7.195736305696653e-06
146 -7.443440709189882e-06
147 -8.104128633069305e-06
148 -7.216271332944193e-06
149 -7.625500334014042e-06
150 -6.9759004863327805e-06
151 -8.517723152709655e-06
152 -6.306786261124548e-06
153 -6.130771603910534e-06
154 -7.192044348512724e-06
155 -5.180991220964708e-06
156 -7.061119972077363e-06
157 -6.577728143751157e-06
158 -7.06103878937466e-06
159 -6.355212129488602e-06
160 -7.500107318242061e-06
161 -8.0257082599063e-06
162 -6.438878380888868e-06
163 -7.556094390746182e-06
164 -7.832402361377862e-06
165 -7.030917873576168e-06
166 -6.510665179545933e-06
167 -7.391216131849002e-06
168 -7.35953141686958e-06
169 -8.025342826288373e-06
170 -7.572872583461889e-06
171 -8.106002891162851e-06
172 -8.117882244312156e-06
173 -7.0269547343676e-06
174 -7.94710817133915e-06
175 -7.840189565208714e-06
176 -7.327535451690359e-06
177 -6.555536812727613e-06
178 -7.588957559356908e-06
179 -9.042888380849227e-06
180 -6.224081975163183e-06
181 -8.435341766723835e-06
182 -6.79902122908371e-06
183 -7.493082543584167e-06
184 -7.906930396827955e-06
185 -6.853605694466666e-06
186 -7.130411752965108e-06
187 -8.391542137675411e-06
188 -7.922342766972576e-06
189 -8.25912454537292e-06
190 -6.8573243463309514e-06
191 -6.399201076193326e-06
192 -5.196894367318275e-06
193 -7.4944019981791945e-06
194 -7.1158642700426745e-06
195 -8.392260233474096e-06
196 -7.67223458399849e-06
197 -6.242227720559807e-06
198 -7.179569385146174e-06
199 -7.164468457488892e-06
200 -8.456422176399874e-06
201 -7.1325057423467e-06
202 -5.799713514750999e-06
203 -8.17408697874833e-06
204 -8.93216117955953e-06
205 -6.8799733630230726e-06
206 -8.13145092430012e-06
207 -8.410814289322471e-06
208 -6.690097689717744e-06
209 -5.65249054393412e-06
210 -8.192164002280185e-06
211 -7.216439582841942e-06
212 -7.152993639154827e-06
213 -6.925585222095157e-06
214 -6.771743432544345e-06
215 -8.733032013582406e-06
216 -8.191541053962816e-06
217 -7.100284394419692e-06
218 -6.308108370143848e-06
219 -7.525067729669897e-06
220 -6.210919596786169e-06
221 -7.783165140229616e-06
222 -6.529664151964587e-06
223 -6.797954736859633e-06
224 -6.13376328235221e-06
225 -7.437534683669072e-06
226 -5.547763739062255e-06
227 -6.723591870990336e-06
228 -7.842259657258874e-06
229 -7.862201188735763e-06
230 -6.664638968361406e-06
231 -6.63639321066444e-06
232 -5.856423019339215e-06
233 -7.044460366790418e-06
234 -6.985935575838547e-06
235 -6.036790862515914e-06
236 -6.969338894022101e-06
237 -8.25413398432961e-06
238 -7.0738254372573606e-06
239 -5.780825355707049e-06
240 -7.533020934189903e-06
241 -7.5199652078198615e-06
242 -6.974805323073395e-06
243 -7.078705995052198e-06
244 -7.6276986643405395e-06
245 -7.225756072006647e-06
246 -7.82575973412903e-06
247 -7.400384197451099e-06
248 -6.779907486606878e-06
249 -8.512536240558433e-06
250 -6.994225299066246e-06
251 -7.341689930013066e-06
252 -6.071451555422074e-06
253 -6.2061374633347066e-06
254 -6.7040079602717305e-06
255 -7.263371248196964e-06
256 -7.957244435582378e-06
257 -5.7055847898771634e-06
258 -6.541469529129623e-06
259 -8.183360716309108e-06
260 -7.448479630866481e-06
261 -6.902299473334675e-06
262 -6.6336703224255504e-06
263 -6.581112745440113e-06
264 -8.915913045037417e-06
265 -8.301474713619423e-06
266 -6.790291583707685e-06
267 -6.1072018984306574e-06
268 -7.995633020269124e-06
269 -5.9919971732321304e-06
270 -8.103940616085628e-06
271 -8.317248963825743e-06
272 -7.590874623275632e-06
273 -6.914520444869885e-06
274 -5.806729045898565e-06
275 -8.322383073934711e-06
276 -8.46635546631091e-06
277 -8.665456218145038e-06
278 -7.265380117123953e-06
279 -6.9714426440407296e-06
280 -6.463601226926748e-06
281 -4.138639245150227e-06
282 -7.194461841124639e-06
283 -7.723785278648855e-06
284 -7.2575456096909105e-06
285 -8.084903075092738e-06
286 -7.0608442571627575e-06
287 -9.03695784574115e-06
288 -5.710714033530037e-06
289 -8.997214666850585e-06
290 -7.056100605824459e-06
291 -7.677325390067273e-06
292 -6.437979455791948e-06
293 -7.347616781900089e-06
294 -7.708129230626598e-06
295 -7.379316680224972e-06
296 -7.603308752832697e-06
297 -8.838139860873782e-06
298 -5.597978846214206e-06
299 -8.199814020667603e-06
