0 -4.841765404199665e-05
1 -4.835111712782705e-05
2 -4.5571861557488656e-05
3 -4.700647037479484e-05
4 -4.84627123973873e-05
5 -4.559870953932269e-05
6 -4.672016447410597e-05
7 -4.5145307627127286e-05
8 -4.7817952460714824e-05
9 -4.385501275273524e-05
10 -4.744691983647592e-05
11 -4.9019559283907604e-05
12 -4.593276573619902e-05
13 -4.734007595900322e-05
14 -4.572844949102632e-05
15 -4.6949316005452444e-05
16 -4.2706983790920575e-05
17 -4.541450857882994e-05
18 -4.610208803477632e-05
19 -4.6327165624159826e-05
20 -4.851975577123113e-05
21 -4.807591041790648e-05
22 -4.890298781163365e-05
23 -4.610038097046089e-05
24 -4.640443960432595e-05
25 -4.7689456570440326e-05
26 -4.46914143679792e-05
27 -4.765210437398668e-05
28 -4.803273701172188e-05
29 -4.7220229521261757e-05
30 -4.618518072767691e-05
31 -4.980091595396684e-05
32 -4.7967191544555895e-05
33 -4.820253240965844e-05
34 -4.651549842573563e-05
35 -4.7371070295893954e-05
36 -4.679637284178633e-05
37 -4.7345305223115244e-05
38 -4.551311726945013e-05
39 -4.7534194697364434e-05
40 -4.661689080660621e-05
41 -4.7682597128976265e-05
42 -4.7195589543566476e-05
43 -4.66117249962142e-05
44 -4.6861729619110264e-05
45 -4.472273296005862e-05
46 -4.8301439696034896e-05
47 -4.3578541731553254e-05
48 -4.857583649917134e-05
49 -4.7372076113805295e-05
50 -4.72702691451023e-05
51 -4.69700768285382e-05
52 -4.787050606076626e-05
53 -4.6001293179138514e-05
54 -4.672643642973436e-05
55 -4.700910492070858e-05
56 -4.927831275906895e-05
57 -4.7815385875402414e-05
58 -4.518969629305215e-05
59 -4.648494698162948e-05
60 -4.5906924452220385e-05
61 -4.638936696260567e-05
62 -4.9477022639754404e-05
63 -4.85656021159522e-05
64 -4.737738398195783e-05
65 -4.619687288889876e-05
66 -4.716544172203152e-05
67 -4.460357221109902e-05
68 -4.631876840910167e-05
69 -4.649352637520526e-05
70 -4.537475424905519e-05
71 -4.385079775968368e-05
72 -4.624069058752527e-05
73 -4.680766861531265e-05
74 -4.609068303041002e-05
75 -4.8195074916005665e-05
76 -4.757649129833617e-05
77 -4.673547557428337e-05
78 -4.6676362559813604e-05
79 -4.799120440077467e-05
80 -4.708372793900961e-05
81 -4.699377535154071e-05
82 -4.661637700249115e-05
83 -4.7551295890948956e-05
84 -4.6107598575119725e-05
85 -4.630513088621836e-05
86 -4.73873724176775e-05
87 -4.627302896582187e-05
88 -4.6121983194161896e-05
89 -4.870458635933099e-05
90 -4.836689497413349e-05
91 -4.619375959766923e-05
92 -4.561518472866823e-05
93 -4.686484566305309e-05
94 -4.477668265495528e-05
95 -4.4933740278912475e-05
96 -4.4508122970023326e-05
97 -4.741981043374569e-05
98 -4.5797212819088675e-05
99 -4.626012322448832e-05
100 -4.917250678204978e-05
101 -4.661798760246688e-05
102 -4.717433276660979e-05
103 -4.691246976285101e-05
104 -4.7037579419258264e-05
105 -4.8578216286558184e-05
106 -4.554274592968126e-05
107 -4.886741916677536e-05
108 -4.7840645750799454e-05
109 -4.595617642991392e-05
110 -4.805422441999416e-05
111 -4.45617037354435e-05
112 -4.699105966961331e-05
113 -4.4441277488347164e-05
114 -4.456926461001645e-05
115 -5.0258830215945225e-05
116 -4.6624519680171325e-05
117 -4.695463160832423e-05
118 -4.827347145948064e-05
119 -4.9390821541459265e-05
120 -4.596250179179807e-05
121 -4.7125357591556626e-05
122 -4.447548171635972e-05
123 -4.628385115584739e-05
124 -4.684774453003421e-05
125 -4.6862140044505966e-05
126 -4.6591717563956376e-05
127 -4.6304319894694016e-05
128 -4.707400055066013e-05
129 -4.748756646087345e-05
130 -4.6267190858399834e-05
131 -4.710842998524684e-05
132 -4.845853989656196e-05
133 -4.405939300318219e-05
134 -4.698736340185146e-05
135 -4.72928663596397e-05
136 -4.972805459974603e-05
137 -4.6793068722541855e-05
138 -4.743331090962396e-05
139 -4.6094240354603316e-05
140 -4.611712108421678e-05
141 -4.641535622097848e-05
142 -4.754081152505522e-05
143 -4.5855257141174734e-05
144 -4.610807493729964e-05
145 -4.86272526271288e-05
146 -4.5869216068738975e-05
147 -4.7633470080819454e-05
148 -4.6146893600861914e-05
149 -4.857529658515053e-05
150 -4.454499060648634e-05
151 -4.7680127811807874e-05
152 -4.546126385668734e-05
153 -4.543925846483663e-05
154 -4.6196567365120905e-05
155 -4.5754150577083736e-05
156 -4.8966791706933476e-05
157 -4.573322139138544e-05
158 -4.476741617199642e-05
159 -4.762130033020655e-05
160 -4.718805314397256e-05
161 -4.7057200834244065e-05
162 -4.6263948770989704e-05
163 -4.763154703837154e-05
164 -4.735456652132921e-05
165 -4.600109517178481e-05
166 -4.746532092706511e-05
167 -4.7704471752972796e-05
168 -4.693113115194315e-05
169 -4.763102264748882e-05
170 -4.646825803506885e-05
171 -4.841728442466948e-05
172 -4.7976797275395486e-05
173 -4.7945779940873885e-05
174 -4.848006664157484e-05
175 -4.588422520064099e-05
176 -4.787453713012278e-05
177 -4.709115675842008e-05
178 -4.5961353326743666e-05
179 -4.93173015669168e-05
180 -4.5835439351890844e-05
181 -4.7988999769395054e-05
182 -4.625240273978652e-05
183 -4.816227340447379e-05
184 -4.755666382537512e-05
185 -4.496339146179632e-05
186 -4.648724747222816e-05
187 -4.862859352734908e-05
188 -4.900998339844346e-05
189 -4.653573509876594e-05
190 -4.595490771560379e-05
191 -4.6990529886338586e-05
192 -4.4233010983093166e-05
193 -4.718183942074949e-05
194 -4.5498333019043674e-05
195 -4.7594992459772654e-05
196 -4.892750290434497e-05
197 -4.533675179957986e-05
198 -4.696825581964347e-05
199 -4.7920389273246215e-05
200 -4.9229223864657435e-05
201 -4.849562774266672e-05
202 -4.821954301638479e-05
203 -4.9078384298849545e-05
204 -4.8266724855162026e-05
205 -4.901914778431234e-05
206 -4.932305072289006e-05
207 -4.8862903065297774e-05
208 -4.557525808526707e-05
209 -4.4883153719137954e-05
210 -4.836051566924788e-05
211 -4.7334670874087075e-05
212 -4.630816183018719e-05
213 -4.6338032863044726e-05
214 -4.548075790226438e-05
215 -4.833621991931076e-05
216 -4.999384291845717e-05
217 -4.6262691405547444e-05
218 -4.578100426552562e-05
219 -4.602673905453135e-05
220 -4.659959085774063e-05
221 -4.615930621015959e-05
222 -4.698809429456611e-05
223 -4.791686343629191e-05
224 -4.412238484159313e-05
225 -4.766510086766977e-05
226 -4.479730819556247e-05
227 -4.6010360180820114e-05
228 -4.55576977688611e-05
229 -4.694736170177242e-05
230 -4.663921621483579e-05
231 -4.567837373002055e-05
232 -4.5757451470555455e-05
233 -4.779525831791089e-05
234 -4.579201380085618e-05
235 -4.68662241291998e-05
236 -4.586870681425957e-05
237 -4.863243270897843e-05
238 -4.4829701184919366e-05
239 -4.65065053761534e-05
240 -4.605371610057549e-05
241 -4.748774992771767e-05
242 -4.857351869353599e-05
243 -4.624277837303457e-05
244 -4.8297623473109866e-05
245 -4.848464919042289e-05
246 -4.7221982381059334e-05
247 -4.741825214696448e-05
248 -4.6879017960324054e-05
249 -4.679961056542501e-05
250 -4.8314666218534684e-05
251 -4.7053909910625855e-05
252 -4.770112242106629e-05
253 -4.696359641892163e-05
254 -4.7910488218431015e-05
255 -5.004742282846674e-05
256 -4.790444980129137e-05
257 -4.780471781759624e-05
258 -4.943050197511185e-05
259 -4.773798839713942e-05
260 -4.645583589493762e-05
261 -4.557586506498542e-05
262 -4.764325044876226e-05
263 -4.614915953055274e-05
264 -4.660309632989245e-05
265 -4.7812386977265616e-05
266 -4.622984129957501e-05
267 -4.6020469606887105e-05
268 -4.5632510508634186e-05
269 -4.727008079116918e-05
270 -4.785304763642445e-05
271 -4.593912571777684e-05
272 -4.762017406221728e-05
273 -4.545735231855472e-05
274 -4.584318948345223e-05
275 -4.6059323482700865e-05
276 -4.853198783681096e-05
277 -4.8499695966135773e-05
278 -4.731324589183656e-05
279 -4.792931887295193e-05
280 -4.506779970276196e-05
281 -4.439808536975639e-05
282 -4.740674447823202e-05
283 -4.5621293087038873e-05
284 -4.648879487575379e-05
285 -4.879285480788746e-05
286 -4.832881279580508e-05
287 -4.744080904117113e-05
288 -4.484346665383479e-05
289 -4.681088521335658e-05
290 -4.602279778862642e-05
291 -4.7576491907694983e-05
292 -4.801717240948059e-05
293 -4.754560944189254e-05
294 -4.624453825196779e-05
295 -4.548982528107311e-05
296 -4.857076242646852e-05
297 -4.720856534543285e-05
298 -4.582738548959227e-05
299 -4.9620235302687785e-05
