0 -1.0737440654860106e-06
1 -1.1089923918545655e-06
2 -1.0637550517059024e-06
3 -1.098492136570132e-06
4 -1.0748115341788122e-06
5 -1.0193855098320906e-06
6 -1.0471595429329292e-06
7 -1.0270960938170518e-06
8 -1.0379417969667986e-06
9 -1.034203667452925e-06
10 -1.0664873017852888e-06
11 -1.064151953171315e-06
12 -9.824704533609067e-07
13 -1.001661832219573e-06
14 -1.0029408194764564e-06
15 -1.0172690793422955e-06
16 -9.730497408671625e-07
17 -1.0024306369122849e-06
18 -1.0714794014247226e-06
19 -1.0564419337227314e-06
20 -1.023063056416093e-06
21 -1.059525386701126e-06
22 -1.0324798805392683e-06
23 -9.761275848993673e-07
24 -1.0187373485195385e-06
25 -1.0353867184388833e-06
26 -9.886011711426137e-07
27 -1.0536850901123832e-06
28 -1.036233354431831e-06
29 -1.0775950246426837e-06
30 -1.0336044484737993e-06
31 -1.104405262194499e-06
32 -1.0688445163095731e-06
33 -1.0056934063842848e-06
34 -1.0850730689968993e-06
35 -1.065129404821e-06
36 -9.756091840269993e-07
37 -1.044404632235087e-06
38 -9.944315551671147e-07
39 -1.0531879030760722e-06
40 -1.0321496891680187e-06
41 -1.086828889777445e-06
42 -9.702396975663056e-07
43 -1.0595197379880018e-06
44 -1.0404570853286032e-06
45 -1.0213175431709478e-06
46 -1.029825581312381e-06
47 -1.027190076996695e-06
48 -1.1329544454616461e-06
49 -1.0312047220790182e-06
50 -1.0375238013964752e-06
51 -1.0836681112290254e-06
52 -1.070599267931613e-06
53 -1.045094210376254e-06
54 -1.026235216115365e-06
55 -1.0797706020117465e-06
56 -1.1254450549131524e-06
57 -1.0398378184725376e-06
58 -1.0392702663696018e-06
59 -1.0000663699986745e-06
60 -1.0435575635031773e-06
61 -1.0610309728870627e-06
62 -1.0734311211172655e-06
63 -1.0637393979565663e-06
64 -1.029896313478383e-06
65 -1.0483887315008636e-06
66 -1.0885547458876845e-06
67 -9.794426119969883e-07
68 -1.1177891855671919e-06
69 -1.0781467543559375e-06
70 -1.0042490364166992e-06
71 -9.702186842796416e-07
72 -1.0665398159373425e-06
73 -1.0208249246735583e-06
74 -1.0248646683589604e-06
75 -1.0324734988037841e-06
76 -1.0417994172113532e-06
77 -1.0682003391734133e-06
78 -1.0053396124213077e-06
79 -1.0950177042473793e-06
80 -1.0429059119285922e-06
81 -1.0277824522031405e-06
82 -1.0322519525990008e-06
83 -1.0971050182955042e-06
84 -1.0323720410910452e-06
85 -9.895414703618322e-07
86 -1.0401575376596936e-06
87 -1.0212339861853332e-06
88 -1.0190304068280642e-06
89 -1.0782063122829492e-06
90 -1.0799817162932102e-06
91 -1.0368548395828082e-06
92 -1.0106552949138344e-06
93 -1.090140225669225e-06
94 -1.001601878872833e-06
95 -1.0246901012208004e-06
96 -9.789301908752077e-07
97 -1.0187291934016385e-06
98 -1.0397129061358166e-06
99 -9.830845149714669e-07
100 -1.0334798332189124e-06
101 -1.0112419603232059e-06
102 -1.0516125880240584e-06
103 -1.0980978589039315e-06
104 -1.0497328545462857e-06
105 -1.0287095748802682e-06
106 -1.0000951396384225e-06
107 -1.016566242686074e-06
108 -1.106509144494274e-06
109 -1.0692130937583687e-06
110 -1.0841793141775854e-06
111 -1.0496015791088547e-06
112 -1.0718202217924902e-06
113 -1.0283500632734281e-06
114 -9.95679951968936e-07
115 -1.0687443771526497e-06
116 -1.0148775465494829e-06
117 -1.0260917225635224e-06
118 -1.082982749946281e-06
119 -1.1172927079019406e-06
120 -1.0236724112787147e-06
121 -1.0632307994854755e-06
122 -9.604171374936622e-07
123 -1.0211164495870357e-06
124 -1.0934642366466369e-06
125 -1.0720720954750215e-06
126 -1.0196444664616451e-06
127 -1.0067914665705013e-06
128 -1.0244416556908493e-06
129 -1.0440731458188219e-06
130 -1.0415813135621184e-06
131 -1.1200153000284424e-06
132 -1.0702663422807262e-06
133 -9.892901393167483e-07
134 -1.068473444404628e-06
135 -1.0475139473700412e-06
136 -1.073471861873903e-06
137 -1.0378659707739063e-06
138 -1.036138239079495e-06
139 -1.0341950950066868e-06
140 -1.007424312815795e-06
141 -1.0912354258525707e-06
142 -1.0380968539379373e-06
143 -1.0433295479491402e-06
144 -1.0329699821878254e-06
145 -1.1010990425207305e-06
146 -9.524582004494694e-07
147 -9.84827998835128e-07
148 -1.0946608489218596e-06
149 -1.044620440364383e-06
150 -9.574545694640906e-07
151 -1.0559132315396398e-06
152 -1.02002789728821e-06
153 -9.727305515936697e-07
154 -1.0601181920737198e-06
155 -1.0530661279323355e-06
156 -1.1187116827047625e-06
157 -9.979915117527961e-07
158 -1.0030356429645392e-06
159 -1.0596066006947267e-06
160 -1.047574167985035e-06
161 -9.833377666359531e-07
162 -1.0534820550381349e-06
163 -9.91021903113149e-07
164 -1.0677642916629402e-06
165 -1.0577014095835123e-06
166 -1.004247909980486e-06
167 -1.1042894064011945e-06
168 -1.01675898700147e-06
169 -1.1256497567095565e-06
170 -1.0070753218918414e-06
171 -1.0703727192882406e-06
172 -1.0716316522544344e-06
173 -1.0699495345813475e-06
174 -1.0875891844418076e-06
175 -9.691603859270396e-07
176 -1.0755751373862674e-06
177 -1.0484633333915133e-06
178 -1.0054202596640184e-06
179 -1.0489020519052834e-06
180 -1.0402180999319505e-06
181 -1.0802462282897518e-06
182 -1.012350534472883e-06
183 -1.0771524606027122e-06
184 -1.068992469576573e-06
185 -1.014209005423981e-06
186 -9.967271250324356e-07
187 -1.0754045761021179e-06
188 -1.0906384283813216e-06
189 -1.0702992100294677e-06
190 -1.0328838160197922e-06
191 -1.0142605802870066e-06
192 -1.0165786118502518e-06
193 -9.916445704160093e-07
194 -1.0191944691709101e-06
195 -9.80938158318577e-07
196 -1.072090860798435e-06
197 -9.939853815172857e-07
198 -1.0580160853323794e-06
199 -1.0848162409607346e-06
200 -1.0357088604582934e-06
201 -1.0145218035757412e-06
202 -1.067731826590191e-06
203 -1.0923244431819392e-06
204 -1.0202700690517162e-06
205 -1.05671564361918e-06
206 -1.039769425023497e-06
207 -1.0892661870790605e-06
208 -1.0258030648606296e-06
209 -1.017145551022102e-06
210 -1.0408413942575966e-06
211 -1.0684007079327647e-06
212 -1.0335115654921866e-06
213 -1.0443486216258241e-06
214 -1.012448065349885e-06
215 -1.0579318475244462e-06
216 -1.1024718864768612e-06
217 -1.0024922703841884e-06
218 -1.044125916357835e-06
219 -1.0451415064561558e-06
220 -1.0342086964685585e-06
221 -1.0078530813734357e-06
222 -1.0308640793846681e-06
223 -1.0681211652310208e-06
224 -1.0277532373965256e-06
225 -1.0367500730933594e-06
226 -9.941137713638477e-07
227 -1.0377673539765651e-06
228 -9.835234048684525e-07
229 -1.0733059857307313e-06
230 -1.0312378032731164e-06
231 -1.0036655598465151e-06
232 -1.0514653814298183e-06
233 -1.115729023404064e-06
234 -9.973732710968854e-07
235 -1.0564106000409293e-06
236 -1.0234304714351375e-06
237 -1.1103546377882282e-06
238 -9.855037114324814e-07
239 -1.052383943443652e-06
240 -9.896665875102908e-07
241 -1.0396710926566317e-06
242 -1.0645182245899211e-06
243 -1.047225697037051e-06
244 -1.0555149383296719e-06
245 -1.0421156803422833e-06
246 -1.052879259406783e-06
247 -1.0656692522096625e-06
248 -1.0413356970545206e-06
249 -1.0186318813535732e-06
250 -1.0214364667285066e-06
251 -1.0045251526106697e-06
252 -1.0901542360053327e-06
253 -9.891388175096187e-07
254 -1.0959508587663702e-06
255 -1.1016053717913277e-06
256 -1.0423856928220975e-06
257 -1.093854823497077e-06
258 -1.058880286255755e-06
259 -1.0906140810186164e-06
260 -1.0802813024074283e-06
261 -9.83371822531578e-07
262 -1.0885903468529179e-06
263 -1.056095650787761e-06
264 -9.871778704106054e-07
265 -1.0353283176795192e-06
266 -1.0612600765705168e-06
267 -1.0157430115937122e-06
268 -1.0137554898100408e-06
269 -1.0240250480294665e-06
270 -1.059384712387892e-06
271 -9.488261389474856e-07
272 -1.0158031238002086e-06
273 -9.965162807931126e-07
274 -1.0357973662540414e-06
275 -1.0149522759698174e-06
276 -1.0863818954826116e-06
277 -1.027893554756437e-06
278 -1.0581717369942844e-06
279 -1.069491314943101e-06
280 -9.919310405281896e-07
281 -1.0115361966304991e-06
282 -1.0542646499820235e-06
283 -9.966554192733652e-07
284 -1.0398731067410097e-06
285 -1.0429352627661587e-06
286 -1.0793492968548173e-06
287 -1.010624359075714e-06
288 -9.915055357062732e-07
289 -9.488063658668411e-07
290 -1.027282962674374e-06
291 -1.039451341544313e-06
292 -1.0428144192236068e-06
293 -1.0742220343721148e-06
294 -1.0580459882838721e-06
295 -1.0170289088285196e-06
296 -1.116265995756857e-06
297 -1.0784564511167377e-06
298 -1.0464386488842252e-06
299 -1.1243184070872947e-06
