0 -1.147877203505967e-05
1 -1.205648468226981e-05
2 -1.2487001757182596e-05
3 -1.2110307012903967e-05
4 -1.2127039414635646e-05
5 -1.2839272134609278e-05
6 -1.2336269382150287e-05
7 -1.2959196042748576e-05
8 -1.2449315791073411e-05
9 -1.319676130066047e-05
10 -1.236075490296799e-05
11 -1.2099146107466726e-05
12 -1.2678908157579463e-05
13 -1.2944892536511348e-05
14 -1.273292639769043e-05
15 -1.2069038315826781e-05
16 -1.401526908964063e-05
17 -1.285726166423776e-05
18 -1.2766402744242425e-05
19 -1.2838134999200652e-05
20 -1.2362270754310456e-05
21 -1.1783266956532052e-05
22 -1.1485953546061683e-05
23 -1.2761850152930635e-05
24 -1.2674193332830725e-05
25 -1.214193930149507e-05
26 -1.29298241493104e-05
27 -1.2087962239073899e-05
28 -1.228348681549045e-05
29 -1.1911768604508835e-05
30 -1.2915838410262212e-05
31 -1.1463354463735623e-05
32 -1.2227389168669382e-05
33 -1.2051391649305428e-05
34 -1.2140427689591925e-05
35 -1.252341243917332e-05
36 -1.277336167071178e-05
37 -1.2149711989496655e-05
38 -1.3030567915056415e-05
39 -1.2257224232917824e-05
40 -1.259636988228309e-05
41 -1.2170452462259476e-05
42 -1.2301113087116118e-05
43 -1.251555863122315e-05
44 -1.2439499149466962e-05
45 -1.3410133998472663e-05
46 -1.195867437407805e-05
47 -1.3640134660210718e-05
48 -1.2025026245200836e-05
49 -1.2638999555818806e-05
50 -1.2307285358717696e-05
51 -1.2393484247842296e-05
52 -1.2421062062983655e-05
53 -1.297128573246181e-05
54 -1.2668331856835897e-05
55 -1.1970658839097594e-05
56 -1.2194332855803945e-05
57 -1.2420376576145045e-05
58 -1.328827170787504e-05
59 -1.24963991337901e-05
60 -1.266170961635571e-05
61 -1.2302275745862166e-05
62 -1.1353715105850377e-05
63 -1.1778825565558957e-05
64 -1.238949271052318e-05
65 -1.2950830758920535e-05
66 -1.18593162480112e-05
67 -1.2935950610164992e-05
68 -1.2729680017923349e-05
69 -1.2412677761247444e-05
70 -1.3140005451743631e-05
71 -1.3484217075562547e-05
72 -1.2084393953571635e-05
73 -1.2297797185044198e-05
74 -1.2544219469948414e-05
75 -1.192638367257135e-05
76 -1.2002330004996118e-05
77 -1.3190310812688713e-05
78 -1.2547529508057949e-05
79 -1.2000069896090586e-05
80 -1.2002090686693775e-05
81 -1.2377588392551306e-05
82 -1.217347331031018e-05
83 -1.2242751607534739e-05
84 -1.2809899754241846e-05
85 -1.2290622736919437e-05
86 -1.2117159608902962e-05
87 -1.2314061941026138e-05
88 -1.3067425562406683e-05
89 -1.1312832987904512e-05
90 -1.2214381706307353e-05
91 -1.2658339190844269e-05
92 -1.307728704101717e-05
93 -1.2529967540776622e-05
94 -1.3387888410106136e-05
95 -1.2930457567155459e-05
96 -1.2961089960784881e-05
97 -1.189622654711942e-05
98 -1.2712314779972744e-05
99 -1.2744685167119618e-05
100 -1.1428265251794753e-05
101 -1.2741333915415292e-05
102 -1.2423331451365623e-05
103 -1.2520901939525018e-05
104 -1.2697308423400457e-05
105 -1.175606410343798e-05
106 -1.2719729286996933e-05
107 -1.1469423084068964e-05
108 -1.1956437707876963e-05
109 -1.2249077651157659e-05
110 -1.2149134695347654e-05
111 -1.3383312528867983e-05
112 -1.2165451401850326e-05
113 -1.3240178263481501e-05
114 -1.276505805593792e-05
115 -1.1662811174301237e-05
116 -1.2348417451957899e-05
117 -1.2074129266042962e-05
118 -1.190218931858875e-05
119 -1.1643135829232082e-05
120 -1.2530759537562758e-05
121 -1.2499271123430019e-05
122 -1.3316267323570046e-05
123 -1.282098007645839e-05
124 -1.2242019731969413e-05
125 -1.261753972517565e-05
126 -1.2587509116479872e-05
127 -1.2743429886372801e-05
128 -1.2077634595709118e-05
129 -1.2103056100781956e-05
130 -1.2606602614647836e-05
131 -1.1769948428567394e-05
132 -1.2061167465595846e-05
133 -1.3225067508918597e-05
134 -1.2502006726978575e-05
135 -1.2267452919851991e-05
136 -1.1297191847239052e-05
137 -1.2814413387250185e-05
138 -1.2686897563502823e-05
139 -1.259843982285473e-05
140 -1.2556643268516343e-05
141 -1.214955663025719e-05
142 -1.2325087738737589e-05
143 -1.2490928208578325e-05
144 -1.3009068760974198e-05
145 -1.2119337758287788e-05
146 -1.273143184376852e-05
147 -1.2721263529848677e-05
148 -1.291975122947438e-05
149 -1.1851192145732605e-05
150 -1.3252053619197904e-05
151 -1.2002011943479608e-05
152 -1.292177493637552e-05
153 -1.2947799372057444e-05
154 -1.2366841779735248e-05
155 -1.250444468185548e-05
156 -1.1944395138438675e-05
157 -1.2761798051095296e-05
158 -1.3159696703282042e-05
159 -1.1760720078997825e-05
160 -1.253949629009189e-05
161 -1.2498257494083482e-05
162 -1.2820254806247312e-05
163 -1.2047895975573148e-05
164 -1.2533615288396674e-05
165 -1.2723898014906528e-05
166 -1.2201925581082362e-05
167 -1.1830464013225787e-05
168 -1.2009856011043818e-05
169 -1.2632090422526727e-05
170 -1.2551879076287692e-05
171 -1.19931365396023e-05
172 -1.2041147853863008e-05
173 -1.1960946691350733e-05
174 -1.1945876468996393e-05
175 -1.2935567211018623e-05
176 -1.2058891408288044e-05
177 -1.2284455091274652e-05
178 -1.2813184593688682e-05
179 -1.1747682167503359e-05
180 -1.2381787089702797e-05
181 -1.2468211987647729e-05
182 -1.2347996035260814e-05
183 -1.2218982929725034e-05
184 -1.238712677936716e-05
185 -1.2990248917289566e-05
186 -1.2352538076679387e-05
187 -1.1744467133739847e-05
188 -1.1858291680324785e-05
189 -1.2442691307350036e-05
190 -1.2913469929088305e-05
191 -1.2205381816410592e-05
192 -1.3125894101107485e-05
193 -1.2126329137878848e-05
194 -1.2849378593213415e-05
195 -1.2360960010198139e-05
196 -1.1718014603614274e-05
197 -1.3188047078942083e-05
198 -1.248615773958408e-05
199 -1.2365582432051872e-05
200 -1.166672919680635e-05
201 -1.212525276613051e-05
202 -1.1862954890249899e-05
203 -1.1341365210391799e-05
204 -1.2326135973580484e-05
205 -1.161495455512156e-05
206 -1.1873146169427227e-05
207 -1.1978920491712073e-05
208 -1.2762833291183537e-05
209 -1.2745701685890977e-05
210 -1.2050597450460327e-05
211 -1.213263963408359e-05
212 -1.2981129166463986e-05
213 -1.2770735787113247e-05
214 -1.290337543175696e-05
215 -1.2404974698674311e-05
216 -1.1386580564794428e-05
217 -1.2962700714134781e-05
218 -1.244764117920875e-05
219 -1.277516427806581e-05
220 -1.2284298405960443e-05
221 -1.2692901340218721e-05
222 -1.2290496541561958e-05
223 -1.1963271332527827e-05
224 -1.3316683571950908e-05
225 -1.2096500424863105e-05
226 -1.2949879992724974e-05
227 -1.274522543031908e-05
228 -1.2850526726168826e-05
229 -1.256314684839782e-05
230 -1.2675404562277047e-05
231 -1.3048236434282976e-05
232 -1.289316989437192e-05
233 -1.1492591128424931e-05
234 -1.2883453838641098e-05
235 -1.2120741891228805e-05
236 -1.2794436428790517e-05
237 -1.1537611287917872e-05
238 -1.2990630566661451e-05
239 -1.238685526053509e-05
240 -1.2576339152609637e-05
241 -1.2234058217067021e-05
242 -1.2135246244578135e-05
243 -1.2481470104998294e-05
244 -1.2250382433218778e-05
245 -1.1803566013661923e-05
246 -1.2450166691020414e-05
247 -1.2395353730533948e-05
248 -1.2391448278273563e-05
249 -1.2442706111693585e-05
250 -1.1934183390831263e-05
251 -1.276720683418895e-05
252 -1.2052728217947592e-05
253 -1.2198597224309558e-05
254 -1.2058215820736244e-05
255 -1.1483705778210694e-05
256 -1.2458979360760012e-05
257 -1.1596460423371611e-05
258 -1.120087343621327e-05
259 -1.2313531899845294e-05
260 -1.2593092989293375e-05
261 -1.3061675504959326e-05
262 -1.210381278011621e-05
263 -1.2488114656960463e-05
264 -1.245980102050682e-05
265 -1.2538174638297895e-05
266 -1.2897774135159813e-05
267 -1.2261840632190599e-05
268 -1.327437436394938e-05
269 -1.1850083883064427e-05
270 -1.2101650506157188e-05
271 -1.2908699669064032e-05
272 -1.2268962521715914e-05
273 -1.3059417773053475e-05
274 -1.2512741897805263e-05
275 -1.2952110256725635e-05
276 -1.1761447580126766e-05
277 -1.204136577724624e-05
278 -1.2089386565658561e-05
279 -1.2279045084662756e-05
280 -1.2853701285415954e-05
281 -1.2641994486481426e-05
282 -1.1951508855090888e-05
283 -1.338473460220824e-05
284 -1.2760624449637017e-05
285 -1.2200175612715694e-05
286 -1.1631341185442748e-05
287 -1.274251671024319e-05
288 -1.2790345047315005e-05
289 -1.2459282197063937e-05
290 -1.2733279872485701e-05
291 -1.2619880777048701e-05
292 -1.154422321262327e-05
293 -1.2084245169297875e-05
294 -1.2688197123365651e-05
295 -1.3078996753127765e-05
296 -1.1744802056076283e-05
297 -1.2667881676865804e-05
298 -1.2662734549339467e-05
299 -1.1528748814771675e-05
