0 -6.9372981537835995e-06
1 -7.481109117012579e-06
2 -7.465253045948991e-06
3 -7.456932463259462e-06
4 -7.313422792388925e-06
5 -7.317808223007623e-06
6 -6.946747188828589e-06
7 -6.958945853727097e-06
8 -6.859854348777404e-06
9 -7.4270515290449176e-06
10 -7.163064288858856e-06
11 -7.040831932805817e-06
12 -7.113860759997035e-06
13 -7.040265587008045e-06
14 -7.057897137867985e-06
15 -7.0874108396745425e-06
16 -7.468344233587661e-06
17 -7.170575504243724e-06
18 -7.372005683136447e-06
19 -7.180814329365539e-06
20 -6.952076033618963e-06
21 -7.243192287880323e-06
22 -7.082993401193667e-06
23 -7.023373484590566e-06
24 -6.943332763535298e-06
25 -7.072092756889931e-06
26 -7.022171446532032e-06
27 -6.740088152980485e-06
28 -6.965401339994767e-06
29 -7.082460794752148e-06
30 -7.133544469752911e-06
31 -6.9072185467039325e-06
32 -7.037703012525079e-06
33 -6.7956344772456635e-06
34 -7.208831984764794e-06
35 -7.204189888000217e-06
36 -6.910035107613105e-06
37 -7.2170111028278954e-06
38 -7.357683974292114e-06
39 -6.979191972021827e-06
40 -7.005110311128214e-06
41 -6.859872113280169e-06
42 -6.962697360782698e-06
43 -7.099403401880499e-06
44 -7.1129065353432286e-06
45 -7.1532387091830515e-06
46 -6.994782039590466e-06
47 -7.299834928332155e-06
48 -7.413696859113978e-06
49 -7.102082932366122e-06
50 -7.138079260343253e-06
51 -6.987193616229319e-06
52 -6.912128058767653e-06
53 -7.179538009741123e-06
54 -7.133650317858733e-06
55 -7.095093574800022e-06
56 -7.4331837225722125e-06
57 -6.8623351723594186e-06
58 -7.299258751862182e-06
59 -7.021385321979812e-06
60 -7.318259628764788e-06
61 -7.0726105265792605e-06
62 -6.776327270049738e-06
63 -7.24892505141542e-06
64 -7.138811440547295e-06
65 -7.043463575566391e-06
66 -7.119907514266232e-06
67 -6.935964691672925e-06
68 -7.32704368561609e-06
69 -7.00863970522667e-06
70 -6.917234965507129e-06
71 -6.814007781519733e-06
72 -7.201308890587912e-06
73 -7.102446846329779e-06
74 -7.113783035249122e-06
75 -7.12805824560929e-06
76 -7.007092978374352e-06
77 -7.260330272365585e-06
78 -6.908257986385832e-06
79 -7.289661276244551e-06
80 -7.1209924434458696e-06
81 -6.995571944410506e-06
82 -6.8463088720233e-06
83 -7.242301976418031e-06
84 -7.0905522411691264e-06
85 -7.1332986715327514e-06
86 -6.987044189920627e-06
87 -7.011805609250912e-06
88 -6.987455339120429e-06
89 -6.9940224502330495e-06
90 -7.310730702210837e-06
91 -6.891321425093289e-06
92 -6.991550062319805e-06
93 -7.396193175936362e-06
94 -7.483831342878124e-06
95 -7.0152535969225275e-06
96 -7.022184221434604e-06
97 -6.858301281771757e-06
98 -6.978704526361005e-06
99 -6.835947392522088e-06
100 -6.9600161649109814e-06
101 -7.054912615385389e-06
102 -7.205803438476546e-06
103 -7.332308884073363e-06
104 -7.101840334075257e-06
105 -7.057624989148384e-06
106 -6.910096312712178e-06
107 -6.7511990838349754e-06
108 -7.1767831962635815e-06
109 -7.180530003638983e-06
110 -6.84553524489865e-06
111 -7.388016025814701e-06
112 -7.235184489895624e-06
113 -7.171288205158597e-06
114 -7.053497870130869e-06
115 -6.711128421462909e-06
116 -7.131523091151266e-06
117 -6.775662791323513e-06
118 -7.213743624349823e-06
119 -7.13773045296241e-06
120 -7.279749349456335e-06
121 -7.022505046096343e-06
122 -7.235760876115955e-06
123 -6.9896887480164015e-06
124 -7.47791636534306e-06
125 -7.3304640905605405e-06
126 -7.350675682809371e-06
127 -7.1312560825382254e-06
128 -7.142665896476794e-06
129 -7.207769426232771e-06
130 -7.07350526218201e-06
131 -7.366749785124602e-06
132 -7.101784512295958e-06
133 -7.342489172215197e-06
134 -6.974812968277862e-06
135 -7.128847958707883e-06
136 -7.140430489561753e-06
137 -6.717410304929961e-06
138 -7.028819472612041e-06
139 -7.209774340400046e-06
140 -6.965359954879925e-06
141 -7.097592997193129e-06
142 -6.969664211350322e-06
143 -7.121299876664334e-06
144 -7.082165416708822e-06
145 -7.338349296284143e-06
146 -6.871358225712353e-06
147 -6.9291730220209855e-06
148 -7.303960099872796e-06
149 -7.047979024569615e-06
150 -7.0562901590293904e-06
151 -6.81956822879328e-06
152 -7.2185958478879545e-06
153 -7.0922148748796115e-06
154 -7.1036070473262575e-06
155 -7.282188548801294e-06
156 -7.279496217532819e-06
157 -7.095042809491158e-06
158 -7.12930981036655e-06
159 -7.117672682740053e-06
160 -7.0304580147127446e-06
161 -6.893547962938866e-06
162 -7.40690807905816e-06
163 -6.789693313814199e-06
164 -7.205879670299269e-06
165 -7.1518961272439515e-06
166 -7.1905270623237285e-06
167 -7.157938619904929e-06
168 -6.873674936235152e-06
169 -7.207038510335186e-06
170 -7.040536744920846e-06
171 -6.902361579983121e-06
172 -7.006777332718418e-06
173 -7.001280272865645e-06
174 -7.048386132507283e-06
175 -6.911684942089123e-06
176 -7.12138332390892e-06
177 -7.192741047740745e-06
178 -6.8918550792311945e-06
179 -6.79875181540914e-06
180 -7.204035253404666e-06
181 -7.013235421334525e-06
182 -7.052787991213071e-06
183 -7.080982440518098e-06
184 -7.156048936269065e-06
185 -7.0411243919286e-06
186 -6.938223858685336e-06
187 -6.8641519055604815e-06
188 -6.925891850158072e-06
189 -6.968056192931095e-06
190 -7.209964447066096e-06
191 -7.101999058895095e-06
192 -7.382664176892173e-06
193 -6.944685233858516e-06
194 -6.999003069184057e-06
195 -6.81466664880164e-06
196 -6.982736585919316e-06
197 -7.1955773984534995e-06
198 -7.209337835752081e-06
199 -7.134133643960756e-06
200 -6.790040464181127e-06
201 -7.042149670289292e-06
202 -7.277784509568181e-06
203 -6.8098288371671695e-06
204 -6.778980941951634e-06
205 -7.136469839478337e-06
206 -6.932620614922815e-06
207 -6.941584823517664e-06
208 -7.099638051216213e-06
209 -7.081555185412008e-06
210 -6.9674997814937115e-06
211 -7.130428353600931e-06
212 -7.154188261777552e-06
213 -7.192875732627579e-06
214 -7.084993507705253e-06
215 -7.09150342205277e-06
216 -7.032535388517814e-06
217 -7.105082393405723e-06
218 -7.200758901187652e-06
219 -6.966386773201654e-06
220 -7.155261809734992e-06
221 -6.847563017922375e-06
222 -7.1700171708591804e-06
223 -7.152356990316876e-06
224 -7.184331337700262e-06
225 -7.0250734187864114e-06
226 -7.2025064612018315e-06
227 -7.169815488276158e-06
228 -6.757860138393888e-06
229 -7.1374007297389685e-06
230 -7.19141986614695e-06
231 -7.111598955978959e-06
232 -7.3149439319614996e-06
233 -6.9894515453667895e-06
234 -7.087654464294513e-06
235 -7.229784326246077e-06
236 -7.081123220281053e-06
237 -6.8929564001739324e-06
238 -6.9080376428157035e-06
239 -7.3818908239875784e-06
240 -6.881933535414492e-06
241 -6.926987851583633e-06
242 -7.196613205803508e-06
243 -7.0787482013516105e-06
244 -7.1281212271671565e-06
245 -6.957882828415203e-06
246 -7.002246113605045e-06
247 -7.137927529992331e-06
248 -7.226185969154362e-06
249 -6.872497584034869e-06
250 -7.082665692452836e-06
251 -7.067785870519675e-06
252 -7.272625742250691e-06
253 -7.226707335185337e-06
254 -7.2143670090402645e-06
255 -7.272743240645478e-06
256 -6.927091116756671e-06
257 -7.3669544748609325e-06
258 -7.217893271709195e-06
259 -7.040420249109405e-06
260 -7.120004636211532e-06
261 -7.157426130424016e-06
262 -7.180260321803173e-06
263 -7.236128891472298e-06
264 -6.657993192843296e-06
265 -7.015956208927341e-06
266 -7.285315958101078e-06
267 -7.1506874898828055e-06
268 -6.90051559481705e-06
269 -7.120104312319754e-06
270 -6.902522369532474e-06
271 -6.813960888557417e-06
272 -6.956985377430487e-06
273 -7.074821629588114e-06
274 -7.204098137667707e-06
275 -6.850399971361631e-06
276 -6.798166223731546e-06
277 -6.8551404247330095e-06
278 -7.0032804971229615e-06
279 -7.2149075978986245e-06
280 -7.073524811428014e-06
281 -7.36831105767766e-06
282 -6.925233367264827e-06
283 -7.05887609144448e-06
284 -7.0976833164392305e-06
285 -7.034150016555673e-06
286 -7.022311687288728e-06
287 -6.870044345522227e-06
288 -7.181189809127041e-06
289 -6.5746123509951e-06
290 -7.051088629415441e-06
291 -7.14936529374347e-06
292 -7.121740087462887e-06
293 -7.086033700754022e-06
294 -7.087090870171105e-06
295 -7.04337446124933e-06
296 -7.143666682077276e-06
297 -6.963945602210995e-06
298 -7.306433174186881e-06
299 -7.039096492066617e-06
