0 -7.932636783168275e-05
1 -8.097854765489495e-05
2 -8.135492856199067e-05
3 -7.995558606689822e-05
4 -8.188747103389e-05
5 -7.918118227195209e-05
6 -7.728269632870535e-05
7 -7.542263752238902e-05
8 -7.60724799572268e-05
9 -7.908116748098666e-05
10 -7.928151346792575e-05
11 -7.915860714936787e-05
12 -7.984522211706316e-05
13 -7.818309122280102e-05
14 -7.879891168798665e-05
15 -7.817099092143358e-05
16 -8.043638007025673e-05
17 -7.937489156782749e-05
18 -8.025175127134213e-05
19 -7.8064973363255e-05
20 -7.903798520031974e-05
21 -8.10932868590385e-05
22 -8.134452051006699e-05
23 -7.917028417428151e-05
24 -7.76015515613711e-05
25 -7.922689028379328e-05
26 -7.68926320246123e-05
27 -7.761818186974646e-05
28 -7.927276649352788e-05
29 -7.90365321311419e-05
30 -7.849806339262708e-05
31 -7.972780185889053e-05
32 -7.890107370431705e-05
33 -7.716489070934341e-05
34 -7.972220794834739e-05
35 -8.015398065030748e-05
36 -7.773129373421385e-05
37 -7.954472969396867e-05
38 -8.01788182531384e-05
39 -7.74020922149262e-05
40 -7.874639510255031e-05
41 -7.828650815640732e-05
42 -7.874699507677865e-05
43 -8.01350057694505e-05
44 -7.962202011216964e-05
45 -7.834737826748682e-05
46 -7.910298021999276e-05
47 -7.811632351248341e-05
48 -8.128536016590467e-05
49 -7.895237982448915e-05
50 -7.993628985260652e-05
51 -7.705926081133837e-05
52 -7.639738168151686e-05
53 -7.78630522995817e-05
54 -7.862713340476978e-05
55 -7.781634110523016e-05
56 -8.048474370252949e-05
57 -7.77713133001232e-05
58 -7.967414483665947e-05
59 -7.911485085328347e-05
60 -7.94075079119548e-05
61 -7.852123947476413e-05
62 -7.769356212244762e-05
63 -8.08184757478751e-05
64 -8.093706684895015e-05
65 -7.901141284783725e-05
66 -7.865192859979869e-05
67 -7.639453086873413e-05
68 -7.831302705016221e-05
69 -7.852051640174198e-05
70 -7.674196270457501e-05
71 -7.587095479311126e-05
72 -7.891417600227223e-05
73 -8.02287589177739e-05
74 -8.045029756583999e-05
75 -8.123344905687217e-05
76 -7.9086524184689e-05
77 -7.82051504982709e-05
78 -7.750221198314388e-05
79 -8.093379701518846e-05
80 -7.923436544290437e-05
81 -7.7988361088041e-05
82 -7.785266678995494e-05
83 -7.919522701118791e-05
84 -7.710573503957447e-05
85 -8.112482014912047e-05
86 -7.726395622249196e-05
87 -7.934005179711679e-05
88 -7.67354721248619e-05
89 -7.997408178633444e-05
90 -8.029976995579648e-05
91 -7.794989535757146e-05
92 -7.773087344644233e-05
93 -8.007711220174273e-05
94 -8.058884333294796e-05
95 -7.734158750983412e-05
96 -7.858144147877152e-05
97 -7.694460611512107e-05
98 -7.752436191577503e-05
99 -7.726211341634204e-05
100 -7.959543199109291e-05
101 -8.030519885812116e-05
102 -7.988353616816197e-05
103 -7.973718267590107e-05
104 -7.793607017503967e-05
105 -7.940292179139548e-05
106 -7.866916611760496e-05
107 -7.845588781746169e-05
108 -7.855088670455939e-05
109 -7.918497943502722e-05
110 -7.856453716173465e-05
111 -7.887088420971465e-05
112 -7.963593970402333e-05
113 -7.805917656851218e-05
114 -7.825230583262712e-05
115 -7.784551293401866e-05
116 -7.952207095599214e-05
117 -7.669387946822767e-05
118 -8.026629576323883e-05
119 -7.950854083543279e-05
120 -8.09359380013037e-05
121 -7.776695117288492e-05
122 -8.06382758910541e-05
123 -7.589206022570052e-05
124 -8.090624022924854e-05
125 -8.055655192920956e-05
126 -8.078162264979437e-05
127 -7.943765250416006e-05
128 -8.110998164822883e-05
129 -7.878762877676483e-05
130 -7.796611746070053e-05
131 -8.04013828535498e-05
132 -7.961970440747214e-05
133 -7.944720422808223e-05
134 -7.781541457717374e-05
135 -8.024445064135287e-05
136 -8.253597334755298e-05
137 -7.679572450576671e-05
138 -7.821570696200801e-05
139 -7.955450777925876e-05
140 -7.761465070064788e-05
141 -7.907552921531365e-05
142 -7.894832040148955e-05
143 -7.710512932331118e-05
144 -7.930493954606097e-05
145 -7.976829992322593e-05
146 -7.776351097121318e-05
147 -7.866560177482646e-05
148 -7.779624470480726e-05
149 -7.911188162511744e-05
150 -7.722685999142265e-05
151 -7.651637407601838e-05
152 -7.900149867563648e-05
153 -8.004286525723047e-05
154 -7.713454855423731e-05
155 -8.148202064726857e-05
156 -8.091814125233277e-05
157 -7.875437168672877e-05
158 -7.679324300380047e-05
159 -8.04199496039663e-05
160 -7.882676523049008e-05
161 -7.791516259513942e-05
162 -7.889334197108772e-05
163 -7.940129794548025e-05
164 -7.737271285846955e-05
165 -7.83276833387627e-05
166 -8.005511609518444e-05
167 -7.78712899000352e-05
168 -7.826318926195318e-05
169 -7.800665463810635e-05
170 -7.726151563609963e-05
171 -7.895233162082586e-05
172 -7.758116393271858e-05
173 -8.029812566098698e-05
174 -7.872174931605367e-05
175 -7.739692101265814e-05
176 -7.910527303582882e-05
177 -7.996417034533514e-05
178 -7.784137314908046e-05
179 -7.814303971706667e-05
180 -7.823812061819157e-05
181 -7.799769360348833e-05
182 -7.824041770565389e-05
183 -7.968836829145194e-05
184 -7.744073741616126e-05
185 -7.757089576651732e-05
186 -7.868253557166729e-05
187 -7.803174286616276e-05
188 -7.98580657715441e-05
189 -7.565896173534663e-05
190 -7.867936735065991e-05
191 -8.026536012567289e-05
192 -7.994702282645614e-05
193 -7.812317188797787e-05
194 -7.766947115093115e-05
195 -7.778851731756122e-05
196 -7.9844589341734e-05
197 -7.938311615234277e-05
198 -7.830239977539045e-05
199 -8.027949437994441e-05
200 -7.905363202228191e-05
201 -8.099335502269332e-05
202 -8.244687894598177e-05
203 -7.8768904534699e-05
204 -7.799460699240702e-05
205 -8.097342622788498e-05
206 -7.981248782598976e-05
207 -7.880753479143015e-05
208 -7.838708103954741e-05
209 -7.992137907099602e-05
210 -7.832862773101665e-05
211 -7.882891168495947e-05
212 -7.891869494401518e-05
213 -7.865781694018079e-05
214 -7.844873847132739e-05
215 -7.717337686703994e-05
216 -7.92694312220896e-05
217 -7.884318850275756e-05
218 -7.84535252912881e-05
219 -7.755041018533886e-05
220 -8.007120689774396e-05
221 -7.788055417465708e-05
222 -7.964735009811665e-05
223 -8.011496490885252e-05
224 -7.862439943691315e-05
225 -7.899530736991546e-05
226 -7.967470301214273e-05
227 -7.901454105400303e-05
228 -7.703723156616285e-05
229 -7.686837847567766e-05
230 -7.969267605575974e-05
231 -7.954716809546738e-05
232 -8.072425949016053e-05
233 -7.885826053825384e-05
234 -7.817955489327788e-05
235 -7.992105168027324e-05
236 -7.83813014341577e-05
237 -7.768161686023653e-05
238 -7.761197343428545e-05
239 -8.010929313947166e-05
240 -7.736056329283011e-05
241 -7.922482716921438e-05
242 -8.111029579371061e-05
243 -7.780269405985654e-05
244 -7.936946242189809e-05
245 -8.035276417886434e-05
246 -7.800451530438101e-05
247 -7.842203655949174e-05
248 -7.883284813698005e-05
249 -7.600366701969361e-05
250 -8.051811611001938e-05
251 -7.926237182354876e-05
252 -8.167384551926828e-05
253 -7.998102852764206e-05
254 -8.032633371837776e-05
255 -8.074912472994093e-05
256 -7.909378030501042e-05
257 -8.085450338060807e-05
258 -8.142880207736064e-05
259 -7.716804688790337e-05
260 -7.729880734280051e-05
261 -7.824756122342662e-05
262 -8.028790850389554e-05
263 -7.819775475097519e-05
264 -7.528582436290573e-05
265 -7.800468305144404e-05
266 -7.861378855980029e-05
267 -7.914459033737028e-05
268 -7.767312729497183e-05
269 -8.070563967057842e-05
270 -7.837881882293529e-05
271 -7.625318443265101e-05
272 -7.914169344702527e-05
273 -7.836983896337157e-05
274 -7.972999522432828e-05
275 -7.661388112655051e-05
276 -7.815082316126902e-05
277 -7.776780753138164e-05
278 -7.86620335079748e-05
279 -8.020710827733198e-05
280 -7.861119923532813e-05
281 -8.138648700619956e-05
282 -7.889458151509908e-05
283 -7.757147768308152e-05
284 -7.878596962670349e-05
285 -7.926868320535946e-05
286 -7.977295640778123e-05
287 -7.662734957119101e-05
288 -7.927960018682638e-05
289 -7.596330384187454e-05
290 -7.85959714774753e-05
291 -7.874131660194034e-05
292 -8.022931057682632e-05
293 -7.849522105816594e-05
294 -7.680298532671126e-05
295 -7.725580476762902e-05
296 -7.885561322389247e-05
297 -7.617527696795447e-05
298 -8.079651886926476e-05
299 -7.881927058015577e-05
