0 -1.1407971511493753e-05
1 -1.2279279079651797e-05
2 -1.2576058484632635e-05
3 -1.2348523022618934e-05
4 -1.2174669584231713e-05
5 -1.2467378329745825e-05
6 -1.1811893049139892e-05
7 -1.2085645068147544e-05
8 -1.1679613466237737e-05
9 -1.2828662969327707e-05
10 -1.2015781470621305e-05
11 -1.174425597659393e-05
12 -1.2231756145922303e-05
13 -1.2167227490688524e-05
14 -1.2170081139467558e-05
15 -1.1874073250146066e-05
16 -1.3331361886501061e-05
17 -1.2394910341118606e-05
18 -1.2540075665433798e-05
19 -1.2279578518419138e-05
20 -1.1797371334087879e-05
21 -1.1931259866394211e-05
22 -1.1629215564622516e-05
23 -1.2142316620328805e-05
24 -1.1912222857356398e-05
25 -1.1894252250808806e-05
26 -1.2192345672659285e-05
27 -1.1448482898043395e-05
28 -1.1797721016323863e-05
29 -1.1777679637449415e-05
30 -1.230910765014999e-05
31 -1.1313687570046554e-05
32 -1.1812676197939803e-05
33 -1.149014522205921e-05
34 -1.2056834305050357e-05
35 -1.217632230770045e-05
36 -1.196294905235601e-05
37 -1.2048305738841427e-05
38 -1.265145425773793e-05
39 -1.1763498457075924e-05
40 -1.2034638043140474e-05
41 -1.1585913341226175e-05
42 -1.1839599108459628e-05
43 -1.2112255061740344e-05
44 -1.2093442483334679e-05
45 -1.2565919752354311e-05
46 -1.1669194158576775e-05
47 -1.284626150442757e-05
48 -1.2186022808314914e-05
49 -1.2120963227448021e-05
50 -1.2064270008678317e-05
51 -1.182854047236044e-05
52 -1.172774646634855e-05
53 -1.232897996433104e-05
54 -1.2171512836184339e-05
55 -1.180121083789127e-05
56 -1.2256468399548981e-05
57 -1.169763905427326e-05
58 -1.2701576864887841e-05
59 -1.2002330132356537e-05
60 -1.2435521482317778e-05
61 -1.196064812342843e-05
62 -1.1098033205356441e-05
63 -1.1972888350057854e-05
64 -1.2114279325050057e-05
65 -1.219929879321044e-05
66 -1.1790857685376716e-05
67 -1.2125685375337564e-05
68 -1.2410077338865719e-05
69 -1.1963227323737984e-05
70 -1.2112718170200863e-05
71 -1.2226483345930694e-05
72 -1.2014102943503404e-05
73 -1.204396564155855e-05
74 -1.2220331098814337e-05
75 -1.1892939601678054e-05
76 -1.1740568085051755e-05
77 -1.2485793425094537e-05
78 -1.1846587963819635e-05
79 -1.206455456915328e-05
80 -1.1877413652982706e-05
81 -1.184943533258681e-05
82 -1.1619689920554407e-05
83 -1.2096085132548466e-05
84 -1.2135182069765522e-05
85 -1.2088545073122065e-05
86 -1.1694498184106783e-05
87 -1.1936593083302493e-05
88 -1.21278664790762e-05
89 -1.1421096781867263e-05
90 -1.2138786939112806e-05
91 -1.1948067638244745e-05
92 -1.2226541072512244e-05
93 -1.2398951944236633e-05
94 -1.2991783361272127e-05
95 -1.2208466878705426e-05
96 -1.2258906747942388e-05
97 -1.1502697230720297e-05
98 -1.2052249021957422e-05
99 -1.1877426273934243e-05
100 -1.1408313098706966e-05
101 -1.2191296855104333e-05
102 -1.2161357775716042e-05
103 -1.233270446914145e-05
104 -1.2107597148601493e-05
105 -1.1661140216356025e-05
106 -1.2024520113498488e-05
107 -1.120745241501629e-05
108 -1.1877718379190829e-05
109 -1.2072275872470934e-05
110 -1.1608410531885362e-05
111 -1.2828720887992948e-05
112 -1.2067463116988694e-05
113 -1.2513830959801414e-05
114 -1.2245937721264511e-05
115 -1.1116530696122857e-05
116 -1.2084617371105586e-05
117 -1.1497940698205858e-05
118 -1.1884272585934322e-05
119 -1.1672408555761871e-05
120 -1.2365308733628121e-05
121 -1.1917434834903624e-05
122 -1.2752068574405666e-05
123 -1.2024760331074777e-05
124 -1.2392175369605735e-05
125 -1.2376262792394094e-05
126 -1.247156970134259e-05
127 -1.2216192493437639e-05
128 -1.2017518780301554e-05
129 -1.2002627918929339e-05
130 -1.2116620201536738e-05
131 -1.2065244685286068e-05
132 -1.1852216801206464e-05
133 -1.2780799071962432e-05
134 -1.1892512405905452e-05
135 -1.202446688883647e-05
136 -1.1630594983951443e-05
137 -1.1740588592960386e-05
138 -1.2018731618414342e-05
139 -1.2267199547159197e-05
140 -1.1915507124836573e-05
141 -1.1955609443452459e-05
142 -1.1827862889657648e-05
143 -1.205327312867447e-05
144 -1.227791474865544e-05
145 -1.2114175074111686e-05
146 -1.1952867944748103e-05
147 -1.198774447902805e-05
148 -1.2408588998879936e-05
149 -1.1697754845957902e-05
150 -1.23846537936354e-05
151 -1.1475717309181457e-05
152 -1.2433711153899518e-05
153 -1.2365684899300522e-05
154 -1.1982023656981437e-05
155 -1.2372335606844623e-05
156 -1.1976970542142103e-05
157 -1.2246816051325473e-05
158 -1.2393706696246027e-05
159 -1.1801621859108567e-05
160 -1.2005611059533578e-05
161 -1.1814908224418938e-05
162 -1.2552354482171069e-05
163 -1.1561871304923636e-05
164 -1.212348997492921e-05
165 -1.2195001166984948e-05
166 -1.2093695348674234e-05
167 -1.1759234126939458e-05
168 -1.16020701938678e-05
169 -1.2143580168398785e-05
170 -1.2003957794420563e-05
171 -1.1576092644171476e-05
172 -1.1684792475455789e-05
173 -1.1743693391299001e-05
174 -1.1689865433420629e-05
175 -1.2044510312848606e-05
176 -1.1857935051631028e-05
177 -1.2092239520124995e-05
178 -1.1990663975693199e-05
179 -1.1284568172355834e-05
180 -1.218692283387294e-05
181 -1.1876178658360895e-05
182 -1.1983758875965665e-05
183 -1.1898350836539086e-05
184 -1.2000183867899762e-05
185 -1.2258899876410973e-05
186 -1.1845216229547001e-05
187 -1.1397047992259317e-05
188 -1.1566610882539397e-05
189 -1.181260062114471e-05
190 -1.2369137308906044e-05
191 -1.1998812194605964e-05
192 -1.2730608951749145e-05
193 -1.1731657885828043e-05
194 -1.2143566570284333e-05
195 -1.1657940542561838e-05
196 -1.1559832090728325e-05
197 -1.257742284485722e-05
198 -1.2155624770993429e-05
199 -1.2050392950054995e-05
200 -1.1305192225138736e-05
201 -1.1879413906293938e-05
202 -1.2060074364077694e-05
203 -1.1171194034722502e-05
204 -1.1554707879694706e-05
205 -1.1727890859374383e-05
206 -1.1577870594543104e-05
207 -1.157558587894862e-05
208 -1.2213140864861549e-05
209 -1.228477939980909e-05
210 -1.165511772329088e-05
211 -1.188642656555159e-05
212 -1.234003681377512e-05
213 -1.2297041204946653e-05
214 -1.2268679720477195e-05
215 -1.1884865061953548e-05
216 -1.1405316354708443e-05
217 -1.2319194834361052e-05
218 -1.2177724149453201e-05
219 -1.204359294857633e-05
220 -1.2086971017615963e-05
221 -1.185454015700981e-05
222 -1.2099855013603708e-05
223 -1.1887639406195615e-05
224 -1.2575964022872882e-05
225 -1.1785365191583884e-05
226 -1.2509373970094089e-05
227 -1.225558848335371e-05
228 -1.1864038945526624e-05
229 -1.2072898481979293e-05
230 -1.2276791109822283e-05
231 -1.2375171348037805e-05
232 -1.2527610576407385e-05
233 -1.1485339676443534e-05
234 -1.2254266136589261e-05
235 -1.2110085310603565e-05
236 -1.2197794173149998e-05
237 -1.1327177389439131e-05
238 -1.211147923246563e-05
239 -1.2384455915639865e-05
240 -1.1881909623357353e-05
241 -1.1758531111941161e-05
242 -1.2016284036551986e-05
243 -1.2040905947255006e-05
244 -1.1954832593735705e-05
245 -1.1633332555267228e-05
246 -1.1907222220922195e-05
247 -1.2052316871424737e-05
248 -1.2162288440345339e-05
249 -1.1717784060502241e-05
250 -1.180922288706669e-05
251 -1.217769263098691e-05
252 -1.2090519771254089e-05
253 -1.212688457808142e-05
254 -1.199977129413151e-05
255 -1.1766540147091247e-05
256 -1.1863923037062892e-05
257 -1.1995007552464528e-05
258 -1.1612726807797637e-05
259 -1.1853496766775645e-05
260 -1.2101080535199696e-05
261 -1.2405954296096793e-05
262 -1.1999666903970551e-05
263 -1.2222563439333365e-05
264 -1.1516318546788014e-05
265 -1.1928295965278576e-05
266 -1.2458280485174337e-05
267 -1.2071785237045593e-05
268 -1.216137950951923e-05
269 -1.1888725705655368e-05
270 -1.1608318666045625e-05
271 -1.1917067141327911e-05
272 -1.1803174001390121e-05
273 -1.2331510512303056e-05
274 -1.2287583782148137e-05
275 -1.1952290779630512e-05
276 -1.1332465892273486e-05
277 -1.1521043986792436e-05
278 -1.1777527028486905e-05
279 -1.2095158190332732e-05
280 -1.224196513708609e-05
281 -1.2607779531335984e-05
282 -1.1659236360827813e-05
283 -1.2400157627866382e-05
284 -1.216408332451728e-05
285 -1.1820709498022784e-05
286 -1.1608892923905832e-05
287 -1.1828310235445358e-05
288 -1.2382486633118016e-05
289 -1.14419700150339e-05
290 -1.2131457032472407e-05
291 -1.2142099542241562e-05
292 -1.169344972710382e-05
293 -1.1842523467407004e-05
294 -1.2083529542174298e-05
295 -1.22776453255829e-05
296 -1.1695441345729522e-05
297 -1.1870090719241665e-05
298 -1.243723463551102e-05
299 -1.148300241315422e-05
