0 -3.789687106009078e-07
1 -5.861633148612651e-07
2 -5.334749833475325e-07
3 -6.970543848275013e-07
4 -5.403178370971256e-07
5 -3.8110507685935906e-07
6 -4.959500932433065e-07
7 -5.038403022710053e-07
8 -4.130315330143837e-07
9 -5.673999301269986e-07
10 -3.771658000474081e-07
11 -4.1682751848767483e-07
12 -2.9684950377064493e-07
13 -4.322244624262765e-07
14 -3.611120253146233e-07
15 -3.9733354918733656e-07
16 -5.034026981680004e-07
17 -4.92509043221678e-07
18 -5.737032512087766e-07
19 -5.486600913084394e-07
20 -3.282448896161655e-07
21 -3.950730399898148e-07
22 -3.478191653538735e-07
23 -2.9930516662138685e-07
24 -3.097112120544381e-07
25 -4.690738852665995e-07
26 -3.4327692104082475e-07
27 -3.845422543002596e-07
28 -3.5733109067458357e-07
29 -4.632180279198161e-07
30 -5.06600720430333e-07
31 -4.5181541354488265e-07
32 -4.197868753475219e-07
33 -3.5827066512611703e-07
34 -5.194279486693731e-07
35 -4.529129005422554e-07
36 -2.983837316462709e-07
37 -3.9561607927637887e-07
38 -3.7399331901844996e-07
39 -4.5032926663615506e-07
40 -5.03344885063408e-07
41 -4.466938260886932e-07
42 -1.9991337614553168e-07
43 -5.240387608612872e-07
44 -4.788242304962377e-07
45 -4.84197998519685e-07
46 -3.123569832589895e-07
47 -5.027907107382739e-07
48 -6.190821494293225e-07
49 -4.3631372839501894e-07
50 -4.923125050047381e-07
51 -5.257002000980558e-07
52 -5.329224572990719e-07
53 -4.780559213962328e-07
54 -4.1235039459032633e-07
55 -5.413145641379266e-07
56 -7.218130632073948e-07
57 -3.242320260360102e-07
58 -5.354311992662482e-07
59 -3.221526609811895e-07
60 -5.044676160074079e-07
61 -5.280188188516126e-07
62 -3.6619637410242265e-07
63 -6.268049909674406e-07
64 -4.4584300642809455e-07
65 -4.4085828976062545e-07
66 -5.162485135155686e-07
67 -4.3433760292477415e-07
68 -7.725081072908052e-07
69 -6.632948667074455e-07
70 -3.5398084873934923e-07
71 -3.858746044657201e-07
72 -4.90049184673011e-07
73 -4.0984786302846725e-07
74 -5.1749211114448e-07
75 -3.6920826412372844e-07
76 -3.8801082348199257e-07
77 -5.514877733809265e-07
78 -3.218449741378866e-07
79 -4.805387208830604e-07
80 -3.8916348145329397e-07
81 -3.1990336832941745e-07
82 -2.983896838447933e-07
83 -5.819309870859558e-07
84 -4.2864894060833645e-07
85 -1.9757333438358407e-07
86 -2.867192363039243e-07
87 -3.9983161864701966e-07
88 -3.416713426409124e-07
89 -3.945977969956085e-07
90 -4.773115674771428e-07
91 -5.756412134817817e-07
92 -4.558990607614207e-07
93 -5.196334724221234e-07
94 -5.016908779006465e-07
95 -5.657731624840443e-07
96 -3.188955401283225e-07
97 -3.9196745000562673e-07
98 -5.371151402146102e-07
99 -3.178107652803157e-07
100 -3.191820282630922e-07
101 -4.327254970501046e-07
102 -4.747068347631956e-07
103 -5.942124895951097e-07
104 -4.821140813052968e-07
105 -3.283023043389028e-07
106 -4.3198744406551666e-07
107 -2.961580958425355e-07
108 -5.992562354439476e-07
109 -4.686802395615869e-07
110 -6.096069587952689e-07
111 -6.14229972598912e-07
112 -4.676184806834377e-07
113 -5.093745577269667e-07
114 -4.716932476056084e-07
115 -3.1792477784999856e-07
116 -3.928653172122812e-07
117 -3.901082749291492e-07
118 -4.025494460303101e-07
119 -5.943345090419156e-07
120 -4.095529839151329e-07
121 -4.273949297944678e-07
122 -4.162014989668353e-07
123 -4.002592277841943e-07
124 -5.814062416631793e-07
125 -3.9945349907222314e-07
126 -5.319226953302216e-07
127 -2.4701840985890655e-07
128 -3.8988082071089565e-07
129 -4.5769854013119156e-07
130 -5.709575213945937e-07
131 -6.044861253335092e-07
132 -4.970745264018106e-07
133 -5.045082391237462e-07
134 -5.282074157583431e-07
135 -4.283901260570364e-07
136 -4.73077046074815e-07
137 -4.859561269112905e-07
138 -3.9856717648203525e-07
139 -3.6237712512677774e-07
140 -2.58885732338458e-07
141 -6.440764509961664e-07
142 -3.9764946326557694e-07
143 -4.30920169270747e-07
144 -4.152598984008036e-07
145 -5.775024311036904e-07
146 -2.348582829231741e-07
147 -3.790902220254418e-07
148 -5.274411767383495e-07
149 -4.217942857578989e-07
150 -3.143010804757735e-07
151 -4.7409783323694033e-07
152 -4.3721952543272596e-07
153 -3.689281016381133e-07
154 -4.800375516046572e-07
155 -4.554721489377785e-07
156 -5.432410163206741e-07
157 -4.870301412927339e-07
158 -4.3687483652399236e-07
159 -4.95364673367566e-07
160 -4.682991499473552e-07
161 -2.750367847445932e-07
162 -5.296906758021101e-07
163 -2.895682891141763e-07
164 -5.115065043067612e-07
165 -4.332939374674219e-07
166 -4.270251372222261e-07
167 -4.957944947452455e-07
168 -2.734066288682526e-07
169 -6.554666404013461e-07
170 -3.766392092993289e-07
171 -4.249762973973616e-07
172 -4.629753199899301e-07
173 -4.961362024030437e-07
174 -4.661940077138398e-07
175 -2.9825767065918655e-07
176 -4.481814770878412e-07
177 -4.09191539232381e-07
178 -3.997641729722878e-07
179 -2.7335620205651583e-07
180 -5.89175905192028e-07
181 -5.663793078782869e-07
182 -3.9278343142787187e-07
183 -4.6455259151201807e-07
184 -4.639863386975846e-07
185 -4.629055095168296e-07
186 -2.869004592044038e-07
187 -4.385297803862007e-07
188 -5.260661259592449e-07
189 -4.819473539289665e-07
190 -4.190521410235101e-07
191 -3.652234212671572e-07
192 -3.616044917241279e-07
193 -3.1479024196918807e-07
194 -5.005809592542488e-07
195 -2.3838831094041618e-07
196 -4.167909911387417e-07
197 -5.110122956964925e-07
198 -4.889833606656671e-07
199 -5.826051525076614e-07
200 -2.894620848101733e-07
201 -3.739639221349207e-07
202 -5.302408856602593e-07
203 -4.256849506914706e-07
204 -2.555129090853189e-07
205 -4.0584673834744807e-07
206 -4.112535439905647e-07
207 -4.2601219995210047e-07
208 -4.029936293140218e-07
209 -5.265991891954816e-07
210 -3.352037665959611e-07
211 -3.5942654436492953e-07
212 -4.4663118109416605e-07
213 -4.976181991859015e-07
214 -4.346975781444806e-07
215 -3.6712024508791547e-07
216 -4.182703957439653e-07
217 -5.061661367833797e-07
218 -4.225670653962039e-07
219 -5.146092604074822e-07
220 -4.1377005140070276e-07
221 -2.411821346469379e-07
222 -5.104993058866903e-07
223 -4.086120624839836e-07
224 -4.928438521541509e-07
225 -3.7474759814729857e-07
226 -4.743797329888426e-07
227 -3.7497648474483116e-07
228 -3.177816212247776e-07
229 -5.561034887678112e-07
230 -4.198371238915601e-07
231 -3.9179823003457185e-07
232 -4.607274626581363e-07
233 -5.989854330127443e-07
234 -3.8421201823830783e-07
235 -5.755686541889931e-07
236 -4.451445187113596e-07
237 -5.105972901359991e-07
238 -3.2724203970461764e-07
239 -5.787830999043744e-07
240 -3.9823145196452866e-07
241 -3.8106310703854534e-07
242 -4.499263774566094e-07
243 -5.225666186074514e-07
244 -4.5988433909226796e-07
245 -4.409287165227654e-07
246 -5.014961666224302e-07
247 -5.874204483257546e-07
248 -4.5762757879186183e-07
249 -3.844724859382527e-07
250 -2.7303119182583117e-07
251 -4.0314235407366186e-07
252 -5.100607839845779e-07
253 -2.8799638617981176e-07
254 -5.426080209433318e-07
255 -5.354300109929431e-07
256 -5.244869010330498e-07
257 -5.677180295176569e-07
258 -3.070491901930915e-07
259 -5.899334299157063e-07
260 -6.121895196933737e-07
261 -3.810736282385304e-07
262 -5.83196053697148e-07
263 -5.383548016830258e-07
264 -3.280485842687747e-07
265 -4.069649906907665e-07
266 -6.150708320184772e-07
267 -3.6596918348622596e-07
268 -3.3256070021745666e-07
269 -4.281999724799316e-07
270 -3.487226992755431e-07
271 -2.75392452250131e-07
272 -3.4176229307753424e-07
273 -4.4160119546374866e-07
274 -5.428885944493853e-07
275 -3.8052828439356476e-07
276 -4.395794355998101e-07
277 -3.284904928119366e-07
278 -4.615796401329909e-07
279 -5.354381550828676e-07
280 -3.063415105986485e-07
281 -4.876746306644822e-07
282 -4.887282711038436e-07
283 -3.9244684764006817e-07
284 -3.6436015974899355e-07
285 -3.986270350277236e-07
286 -5.373062788569938e-07
287 -3.3014056112814125e-07
288 -3.9149583256268335e-07
289 -2.219983795108161e-07
290 -4.5641382475958166e-07
291 -4.662776401834438e-07
292 -3.480002031098593e-07
293 -5.215569152192012e-07
294 -5.020661635870865e-07
295 -5.298260605553884e-07
296 -4.891596549069159e-07
297 -4.726359023244346e-07
298 -4.7426148784989275e-07
299 -5.719870789448119e-07
