0 -2.7452294907911243e-05
1 -2.7257084787289213e-05
2 -2.68237781209093e-05
3 -2.615174175805098e-05
4 -2.6945211788577378e-05
5 -2.7490261956768495e-05
6 -2.7364981392778794e-05
7 -2.845306239760394e-05
8 -2.8553275612802945e-05
9 -2.7438692922861658e-05
10 -2.5878412418014285e-05
11 -2.6548764955444535e-05
12 -2.7060294762957564e-05
13 -2.733099348179142e-05
14 -2.6968529187744535e-05
15 -2.695985416143393e-05
16 -2.7275067278399817e-05
17 -2.6559019753375592e-05
18 -2.7315276957739876e-05
19 -2.5695771593676214e-05
20 -2.5446985004270687e-05
21 -2.7009107970761497e-05
22 -2.6555038889332885e-05
23 -2.6739147571083397e-05
24 -2.7125994807852894e-05
25 -2.7254193678878565e-05
26 -2.7258538558034153e-05
27 -2.7797305668954217e-05
28 -2.6828357891608257e-05
29 -2.710077129037876e-05
30 -2.7430871496423665e-05
31 -2.784515168574203e-05
32 -2.6521971745914457e-05
33 -2.7041770905583985e-05
34 -2.7297385613960088e-05
35 -2.6708874366259377e-05
36 -2.818933151853127e-05
37 -2.6041616784430848e-05
38 -2.6594599794360036e-05
39 -2.7402797829182168e-05
40 -2.5776387268255372e-05
41 -2.7859645617195487e-05
42 -2.7348085101278875e-05
43 -2.651040134690035e-05
44 -2.7088006510984303e-05
45 -2.620827210828136e-05
46 -2.668990593375149e-05
47 -2.62552573787487e-05
48 -2.7367278956508538e-05
49 -2.750547070919675e-05
50 -2.8335892619253593e-05
51 -2.7397546979128026e-05
52 -2.6918473863425528e-05
53 -2.6402101473861546e-05
54 -2.6524825140660123e-05
55 -2.689091496281328e-05
56 -2.653717099263619e-05
57 -2.800032038524584e-05
58 -2.778064611243828e-05
59 -2.7987339750492596e-05
60 -2.720438914994536e-05
61 -2.6762008916612375e-05
62 -2.6613997870682813e-05
63 -2.553514404236195e-05
64 -2.6721835534389977e-05
65 -2.608670437423385e-05
66 -2.674174795241955e-05
67 -2.6899419569017483e-05
68 -2.6138142824212648e-05
69 -2.6522237929671145e-05
70 -2.7839497609930328e-05
71 -2.767154334203369e-05
72 -2.8389082068289338e-05
73 -2.6858051059099822e-05
74 -2.7366765121349817e-05
75 -2.7033381277752894e-05
76 -2.754886400707321e-05
77 -2.8138427387574205e-05
78 -2.5628778050916473e-05
79 -2.6278084481939204e-05
80 -2.6317250803259195e-05
81 -2.7511103198796386e-05
82 -2.7202479096128548e-05
83 -2.8352549232322957e-05
84 -2.643227762365823e-05
85 -2.7054731567229232e-05
86 -2.547212879280243e-05
87 -2.7898562774366875e-05
88 -2.6957603280790218e-05
89 -2.6026009006412503e-05
90 -2.6774804605089415e-05
91 -2.557247547488681e-05
92 -2.738767299194751e-05
93 -2.744736581085982e-05
94 -2.5612883247202287e-05
95 -2.6911350419381443e-05
96 -2.5902815875139967e-05
97 -2.796693061583187e-05
98 -2.69309432790236e-05
99 -2.7408593883181265e-05
100 -2.786537063612074e-05
101 -2.6882182055798836e-05
102 -2.698701496066181e-05
103 -2.757606636223497e-05
104 -2.7316795429050518e-05
105 -2.5849929155420535e-05
106 -2.5582679751630665e-05
107 -2.671236886948768e-05
108 -2.5912675283324323e-05
109 -2.667948702669334e-05
110 -2.6601066547925297e-05
111 -2.805134947174567e-05
112 -2.6948672574151273e-05
113 -2.7931854759072242e-05
114 -2.5332981005680983e-05
115 -2.6953618385014843e-05
116 -2.6721609875236986e-05
117 -2.7507988797520282e-05
118 -2.8179556344160583e-05
119 -2.6680760465108164e-05
120 -2.7127188464188055e-05
121 -2.7545099779825507e-05
122 -2.77422676163886e-05
123 -2.594339365813569e-05
124 -2.598312687729521e-05
125 -2.5758650504279633e-05
126 -2.6229053319117045e-05
127 -2.552161470618038e-05
128 -2.643429806068268e-05
129 -2.7367616434953904e-05
130 -2.6967743813196814e-05
131 -2.7281255289376893e-05
132 -2.7021868245591903e-05
133 -2.524569467761552e-05
134 -2.7124481254179912e-05
135 -2.6925677699177237e-05
136 -2.7903695085624014e-05
137 -2.6498344445309317e-05
138 -2.750355618571371e-05
139 -2.7329293667609848e-05
140 -2.7131002384931186e-05
141 -2.7575742578314373e-05
142 -2.706403955617745e-05
143 -2.7514817262188067e-05
144 -2.5994442594812764e-05
145 -2.7598638677447398e-05
146 -2.6015392780861557e-05
147 -2.7093871637366257e-05
148 -2.839723334949191e-05
149 -2.614030372852223e-05
150 -2.5347232743729423e-05
151 -2.698144041374128e-05
152 -2.5695497222353443e-05
153 -2.659448209434292e-05
154 -2.603792792618764e-05
155 -2.6491397022315924e-05
156 -2.57970896454836e-05
157 -2.6657309326159097e-05
158 -2.639477823708164e-05
159 -2.7493580378396576e-05
160 -2.7409813764622156e-05
161 -2.59831604895793e-05
162 -2.608867976673075e-05
163 -2.8217407275471453e-05
164 -2.6823072579237847e-05
165 -2.5968666315856266e-05
166 -2.656223469505487e-05
167 -2.7902172718550154e-05
168 -2.5725378701151454e-05
169 -2.6650506371184025e-05
170 -2.577168798863184e-05
171 -2.6545065852794413e-05
172 -2.8081399477670223e-05
173 -2.63043107735348e-05
174 -2.571180196353952e-05
175 -2.7434588477825933e-05
176 -2.740564894923798e-05
177 -2.691010365440622e-05
178 -2.5896636802019462e-05
179 -2.6733074141442775e-05
180 -2.7998139424680997e-05
181 -2.6281128021232404e-05
182 -2.7234782141188805e-05
183 -2.8738149473467585e-05
184 -2.6984672884657046e-05
185 -2.6652377005956542e-05
186 -2.7296230665116847e-05
187 -2.6458605272753887e-05
188 -2.721541040781806e-05
189 -2.7671831938736573e-05
190 -2.571613622805729e-05
191 -2.733992188345735e-05
192 -2.734605237195649e-05
193 -2.641446760973935e-05
194 -2.715968671541701e-05
195 -2.7153969821045725e-05
196 -2.7107115587696234e-05
197 -2.765822968796264e-05
198 -2.684561810975324e-05
199 -2.6683669891995183e-05
200 -2.6534297398529977e-05
201 -2.6603141500216108e-05
202 -2.6090078670533584e-05
203 -2.677489474594571e-05
204 -2.6940524022400697e-05
205 -2.631922950907146e-05
206 -2.6610378494393766e-05
207 -2.6788241165950703e-05
208 -2.7510668117244373e-05
209 -2.7428890332441292e-05
210 -2.7223990670075095e-05
211 -2.6180309805205077e-05
212 -2.7247518295354096e-05
213 -2.704828384815247e-05
214 -2.7524959705478447e-05
215 -2.6919537904485423e-05
216 -2.7379051413449053e-05
217 -2.793100333656611e-05
218 -2.6451445824960416e-05
219 -2.75262255576595e-05
220 -2.6382757832282244e-05
221 -2.6823921714306374e-05
222 -2.6729248147675413e-05
223 -2.841435046858174e-05
224 -2.777872832551321e-05
225 -2.7448198304442344e-05
226 -2.5899436135166265e-05
227 -2.6688993375882843e-05
228 -2.6896281281369112e-05
229 -2.7932262296991418e-05
230 -2.5650069232939877e-05
231 -2.70074815349439e-05
232 -2.7030055665731126e-05
233 -2.7183599709447606e-05
234 -2.7830813961745003e-05
235 -2.6790583020984466e-05
236 -2.736909108011543e-05
237 -2.671940628842284e-05
238 -2.771741989446969e-05
239 -2.734184398143688e-05
240 -2.61118386186886e-05
241 -2.641586833680994e-05
242 -2.716545742680877e-05
243 -2.692755840776793e-05
244 -2.6823881500619095e-05
245 -2.8255068661462515e-05
246 -2.6472170090672876e-05
247 -2.6599070583504042e-05
248 -2.7405434799691768e-05
249 -2.7155473479278713e-05
250 -2.652631148684182e-05
251 -2.7628224532315355e-05
252 -2.7309751509453485e-05
253 -2.734315753864486e-05
254 -2.6061367144055616e-05
255 -2.7120584729949154e-05
256 -2.6675046957122863e-05
257 -2.7450083099607626e-05
258 -2.717683312089471e-05
259 -2.6274108053851985e-05
260 -2.774915241684375e-05
261 -2.735694387819331e-05
262 -2.7777918085135335e-05
263 -2.736569802455731e-05
264 -2.6320584917660983e-05
265 -2.6468361404224226e-05
266 -2.6669795197565908e-05
267 -2.7310242309847993e-05
268 -2.5878105880450842e-05
269 -2.681538866870187e-05
270 -2.6021474830127373e-05
271 -2.63889813571264e-05
272 -2.6817681389547644e-05
273 -2.831501045352846e-05
274 -2.7311141133205058e-05
275 -2.7846631974321044e-05
276 -2.654671031315984e-05
277 -2.7541092458591662e-05
278 -2.682610522528161e-05
279 -2.5544994138852506e-05
280 -2.729180952590085e-05
281 -2.54881825998518e-05
282 -2.6802502821791333e-05
283 -2.8031989035909923e-05
284 -2.7442489327534824e-05
285 -2.6842237065242967e-05
286 -2.5843873257978366e-05
287 -2.6031505616454302e-05
288 -2.7234252697929602e-05
289 -2.731316546197312e-05
290 -2.5444930887598168e-05
291 -2.746737795679076e-05
292 -2.6700100671152816e-05
293 -2.652682641459096e-05
294 -2.747887561552659e-05
295 -2.5817140996453418e-05
296 -2.6599620677826996e-05
297 -2.5543097025022964e-05
298 -2.7909643211180136e-05
299 -2.6015452078408868e-05
