0 8.049163942459907e-06
1 8.048755277422362e-06
2 8.16603352907165e-06
3 8.115874194301838e-06
4 7.846055812977992e-06
5 8.19859369970607e-06
6 8.03301402368532e-06
7 8.195579471905513e-06
8 8.219154042911086e-06
9 8.04721187890252e-06
10 8.033901422108558e-06
11 8.032013752667359e-06
12 8.374953017619686e-06
13 8.082107405403056e-06
14 8.044509588492002e-06
15 7.967236815956275e-06
16 8.197600954755576e-06
17 8.274765248335503e-06
18 7.847901729233472e-06
19 7.840429852019039e-06
20 8.014114077386678e-06
21 8.104806170224436e-06
22 8.29469882005057e-06
23 7.997073781343622e-06
24 8.58447369195636e-06
25 8.135182000504802e-06
26 8.059603468239115e-06
27 8.22632496798121e-06
28 8.298204188535235e-06
29 8.006388462801212e-06
30 8.306399951676005e-06
31 8.37964108041258e-06
32 8.117963122501872e-06
33 8.078301378280606e-06
34 7.942599406721741e-06
35 8.143307148755e-06
36 8.273018573308546e-06
37 8.087063927962749e-06
38 8.104085204873919e-06
39 8.16744335397393e-06
40 8.288493803658663e-06
41 8.144767025442974e-06
42 8.097610381303488e-06
43 8.232112522795266e-06
44 7.840086765731552e-06
45 8.093125921703122e-06
46 8.10302169245159e-06
47 8.0187095479504e-06
48 8.063833625556362e-06
49 8.245291460012393e-06
50 8.27818809905254e-06
51 8.192236381152727e-06
52 8.142187475525009e-06
53 8.21230267205559e-06
54 8.144018525995852e-06
55 8.197743595871582e-06
56 7.903929109620566e-06
57 8.260915576046155e-06
58 8.071825789551253e-06
59 8.165990314598052e-06
60 8.144696157061897e-06
61 8.17598463438226e-06
62 8.278138942992851e-06
63 8.199186527718412e-06
64 8.320739943223638e-06
65 8.448477394151807e-06
66 8.076121697291056e-06
67 8.208109917636033e-06
68 8.358712829840387e-06
69 8.162370228939771e-06
70 8.0096957632043e-06
71 8.213996606235684e-06
72 8.082582962270953e-06
73 8.237633790451555e-06
74 8.151775195279855e-06
75 8.237069936468228e-06
76 8.157161431699693e-06
77 8.182272770537988e-06
78 8.284403894515554e-06
79 8.178688212966423e-06
80 8.281446690020894e-06
81 8.021770848291634e-06
82 8.093308473396456e-06
83 7.998016299841055e-06
84 8.08705229298309e-06
85 8.086161044209403e-06
86 8.190610695054908e-06
87 8.088728934054308e-06
88 8.006238611416681e-06
89 7.940962125045153e-06
90 8.166412688816195e-06
91 8.094047059431727e-06
92 8.418210647251896e-06
93 8.423152053827212e-06
94 8.025582481023149e-06
95 8.032031948351247e-06
96 8.086596522149597e-06
97 8.079876540015255e-06
98 8.113996460991466e-06
99 8.008835428193498e-06
100 8.274599529712112e-06
101 8.141879994135465e-06
102 8.165414803225521e-06
103 8.402566972450937e-06
104 8.177779695345219e-06
105 8.041705380712577e-06
106 7.975839584637078e-06
107 8.066946313095198e-06
108 8.146275965082508e-06
109 8.169010754270488e-06
110 8.120376620745887e-06
111 8.127371136500412e-06
112 7.962730051193865e-06
113 8.04490971726384e-06
114 8.166362971871781e-06
115 8.128630367848983e-06
116 8.32730793430715e-06
117 8.412948075587709e-06
118 8.03897930412513e-06
119 8.151338295893257e-06
120 7.8700701201448e-06
121 8.298317962623422e-06
122 8.098602024482523e-06
123 8.150301963290796e-06
124 8.006814431711335e-06
125 8.0782089488104e-06
126 8.206134671821364e-06
127 8.19628103738514e-06
128 8.28866969977625e-06
129 8.18736614979934e-06
130 7.847202746737349e-06
131 8.131317034713237e-06
132 8.1411463330142e-06
133 7.921947138503282e-06
134 8.198399417124827e-06
135 8.32354329338264e-06
136 8.22072816947152e-06
137 8.331662795366134e-06
138 8.234046936902559e-06
139 8.051496200089534e-06
140 8.027117630484403e-06
141 8.226162454386424e-06
142 8.286968980081613e-06
143 8.217832441102852e-06
144 8.266433910380647e-06
145 8.226615169186965e-06
146 7.99550824635479e-06
147 8.217063129102988e-06
148 8.041535331010277e-06
149 8.064363648293049e-06
150 8.35017954714814e-06
151 7.96829769298365e-06
152 7.9565804405462e-06
153 8.094470879119746e-06
154 8.089639431937389e-06
155 8.187956390180879e-06
156 8.185844187126459e-06
157 8.164099697970142e-06
158 8.163103291076741e-06
159 8.203172428610777e-06
160 8.294793691542133e-06
161 8.375282936107984e-06
162 8.116150422787007e-06
163 8.282914392107152e-06
164 7.958441823084794e-06
165 8.259815938067172e-06
166 8.132519198564605e-06
167 8.228481634744883e-06
168 8.108645576604491e-06
169 8.2237803188075e-06
170 8.020465653262944e-06
171 8.21756363156223e-06
172 8.148448017757828e-06
173 8.299314902442738e-06
174 8.249723358580598e-06
175 8.280693555434875e-06
176 8.23944425410139e-06
177 8.097011391786981e-06
178 8.100812873673765e-06
179 8.048242404039144e-06
180 8.139960953448951e-06
181 8.208225660139778e-06
182 8.127331775802143e-06
183 8.348531530343645e-06
184 8.053753504907304e-06
185 8.146627666995616e-06
186 8.010262623182988e-06
187 8.319776965985937e-06
188 8.41172958597144e-06
189 8.27961314536553e-06
190 8.175346774793256e-06
191 8.242295138455069e-06
192 8.221395650314887e-06
193 8.11411902469036e-06
194 8.289936705326153e-06
195 8.180391983176828e-06
196 7.964745031894866e-06
197 8.228658406287127e-06
198 8.07104613442294e-06
199 8.26090252740107e-06
200 8.131845896162243e-06
201 8.12978859192426e-06
202 8.064070463775842e-06
203 8.291657961692289e-06
204 8.387101524342736e-06
205 7.918410128057727e-06
206 8.001554969280885e-06
207 8.042416090708394e-06
208 7.85560412012197e-06
209 8.284791037845316e-06
210 7.994938886987875e-06
211 8.177434814976818e-06
212 8.234944838881893e-06
213 8.127118868511385e-06
214 8.05260647321564e-06
215 8.005522909266799e-06
216 8.17797671568731e-06
217 8.074407813355242e-06
218 7.99912437047598e-06
219 8.096957154055597e-06
220 8.058668434004837e-06
221 8.173863451146013e-06
222 8.18999353663169e-06
223 8.072036114943633e-06
224 8.508783347041364e-06
225 8.001892715241822e-06
226 8.07448131894467e-06
227 7.874418961625463e-06
228 7.912740061961792e-06
229 8.165084605735369e-06
230 8.140487565039305e-06
231 7.963873405805604e-06
232 8.187780209767296e-06
233 8.062035771222081e-06
234 8.353849852206044e-06
235 8.30676066657078e-06
236 8.005321234478537e-06
237 8.434451355996185e-06
238 8.199744080059492e-06
239 8.230536270531566e-06
240 8.311245706800911e-06
241 8.137400393052454e-06
242 7.863847377161695e-06
243 8.137087145470832e-06
244 8.316757061246522e-06
245 8.181383599067858e-06
246 8.20012202497826e-06
247 8.179130515375214e-06
248 8.033850607025754e-06
249 8.123178520354227e-06
250 8.06989966759984e-06
251 8.19756044043191e-06
252 8.070567376974237e-06
253 8.356275115553525e-06
254 8.105466789443984e-06
255 8.15214429956376e-06
256 8.183048770360891e-06
257 8.044997471634576e-06
258 8.192445330692084e-06
259 8.06375940205762e-06
260 8.255124337651254e-06
261 8.134512865934082e-06
262 8.109397555875007e-06
263 8.121571766717272e-06
264 8.058143646719517e-06
265 7.967952815483229e-06
266 8.15294828592481e-06
267 8.27086685633005e-06
268 8.278067914536024e-06
269 8.103921029046924e-06
270 8.188697916063292e-06
271 8.046606477717395e-06
272 8.336074324691212e-06
273 8.197137373136239e-06
274 8.152562437081335e-06
275 7.938264582574765e-06
276 8.13912348367232e-06
277 8.215277239247618e-06
278 8.161414202489788e-06
279 8.116885852213549e-06
280 8.341055111665423e-06
281 7.973183527006815e-06
282 7.939867713064827e-06
283 8.283587330726592e-06
284 8.222854622579518e-06
285 8.256106596066502e-06
286 8.279514382834309e-06
287 8.269263609872043e-06
288 8.064327995934813e-06
289 7.948331322082812e-06
290 8.204755225621776e-06
291 8.16390020310266e-06
292 8.049143523078483e-06
293 8.222895818333037e-06
294 8.15622572668399e-06
295 8.124796933420421e-06
296 7.98777947396808e-06
297 8.150072115552152e-06
298 8.053965667551418e-06
299 8.259274698189583e-06
