0 1.6994577090488864e-05
1 1.7934694456837808e-05
2 1.6511420147309144e-05
3 1.6315832302237566e-05
4 1.710532106913372e-05
5 1.6746807304906375e-05
6 1.7017369253418386e-05
7 1.7124244007118412e-05
8 1.642819806902655e-05
9 1.6580037461399004e-05
10 1.6461928129118205e-05
11 1.740688824522711e-05
12 1.632001129728741e-05
13 1.7029705321399338e-05
14 1.701181944793819e-05
15 1.646076363823916e-05
16 1.642925993098733e-05
17 1.644087449777297e-05
18 1.683472890332835e-05
19 1.6235055433118415e-05
20 1.6111111924602303e-05
21 1.650704602106648e-05
22 1.5709759318906598e-05
23 1.6404447483200587e-05
24 1.6287066347217286e-05
25 1.657041533918236e-05
26 1.6685517333847643e-05
27 1.6256509008024452e-05
28 1.5678638637256994e-05
29 1.6103867171045706e-05
30 1.6414055653746937e-05
31 1.6570545261483743e-05
32 1.598673741905202e-05
33 1.6546412064349446e-05
34 1.6545792232604922e-05
35 1.669167363477924e-05
36 1.6689695516069768e-05
37 1.6327498639944685e-05
38 1.6337066578262227e-05
39 1.6896310974941275e-05
40 1.601709493758414e-05
41 1.73941921461233e-05
42 1.6277999796153402e-05
43 1.6674372708699037e-05
44 1.6389145270509985e-05
45 1.6073555544010863e-05
46 1.6609431934020194e-05
47 1.6616982401150848e-05
48 1.65556747630696e-05
49 1.626055126581969e-05
50 1.6454731782889387e-05
51 1.6785104222574838e-05
52 1.6586560024017567e-05
53 1.6743734948059715e-05
54 1.6588428378729053e-05
55 1.7029312509362168e-05
56 1.6339378304733677e-05
57 1.64216184400702e-05
58 1.680113973961665e-05
59 1.6667413740262545e-05
60 1.670583368356738e-05
61 1.6699039797063726e-05
62 1.6853783134747575e-05
63 1.6348551837040856e-05
64 1.6250319648361882e-05
65 1.651260082014909e-05
66 1.6219220460349935e-05
67 1.6588519925217064e-05
68 1.6214308861490838e-05
69 1.630931311931042e-05
70 1.7402116893437682e-05
71 1.6507188176844224e-05
72 1.612583372404271e-05
73 1.6216988762568548e-05
74 1.702114573961893e-05
75 1.6410543196523877e-05
76 1.6831924269035516e-05
77 1.6365267171308836e-05
78 1.5800841806053888e-05
79 1.628180630092343e-05
80 1.6508952401867273e-05
81 1.7020893874335275e-05
82 1.6903672808913275e-05
83 1.6712149495385477e-05
84 1.680312508833116e-05
85 1.6199533859620802e-05
86 1.6147962434626603e-05
87 1.6729114144407622e-05
88 1.592692396868941e-05
89 1.649349107644954e-05
90 1.654840709093262e-05
91 1.5988415516179336e-05
92 1.595253454827916e-05
93 1.7432002240977628e-05
94 1.669993856713241e-05
95 1.655193603342209e-05
96 1.5713934819441617e-05
97 1.6871657280908274e-05
98 1.6814691829804154e-05
99 1.710421016915597e-05
100 1.6751435703375827e-05
101 1.6773092400545247e-05
102 1.665349992487433e-05
103 1.645268327006266e-05
104 1.7048133009277993e-05
105 1.6545441264261684e-05
106 1.6637544759912046e-05
107 1.7405564263409567e-05
108 1.6130302511748226e-05
109 1.63617761012867e-05
110 1.6467306804881248e-05
111 1.680448539410274e-05
112 1.6171695217682947e-05
113 1.6797173544012337e-05
114 1.5901517444770665e-05
115 1.6807425088155743e-05
116 1.634544154268753e-05
117 1.5752652471363397e-05
118 1.7297057070474134e-05
119 1.6436524008075338e-05
120 1.645933727816575e-05
121 1.660795326600309e-05
122 1.6774107138398795e-05
123 1.5928223979383645e-05
124 1.6703185012670825e-05
125 1.6786334940484664e-05
126 1.5299136804346585e-05
127 1.6496846697967068e-05
128 1.65186287916237e-05
129 1.6444524955260943e-05
130 1.6915551444437446e-05
131 1.6313555966419127e-05
132 1.679402311954244e-05
133 1.64621319661552e-05
134 1.6129665072256623e-05
135 1.634906285717029e-05
136 1.6784261146788768e-05
137 1.6235180925396734e-05
138 1.674248872018188e-05
139 1.6647628484702796e-05
140 1.6283425537925935e-05
141 1.639586101007553e-05
142 1.6530889154980498e-05
143 1.705273167698892e-05
144 1.6356695789272465e-05
145 1.6674397514280387e-05
146 1.672418468613094e-05
147 1.6849529926120533e-05
148 1.654348357675093e-05
149 1.654118302519529e-05
150 1.6154413631897236e-05
151 1.7655601863860778e-05
152 1.6282832481385165e-05
153 1.6638706746914548e-05
154 1.5952296301068864e-05
155 1.6545537530885422e-05
156 1.5508999417556903e-05
157 1.6160922380170352e-05
158 1.677408228481815e-05
159 1.7511449174914706e-05
160 1.710903057709754e-05
161 1.6369756778409597e-05
162 1.6812182992351386e-05
163 1.6841546596065556e-05
164 1.6167796614683262e-05
165 1.6014450399438536e-05
166 1.6067665086760693e-05
167 1.7097402507945925e-05
168 1.6732925275928073e-05
169 1.6416316362378548e-05
170 1.646595948412606e-05
171 1.6809518595797257e-05
172 1.6405433012856792e-05
173 1.6555261816533263e-05
174 1.638811885863891e-05
175 1.6537354001619144e-05
176 1.6455215783545696e-05
177 1.638761444993995e-05
178 1.7085625799119627e-05
179 1.6197074948231335e-05
180 1.6382462196615074e-05
181 1.6100625281061017e-05
182 1.68542410344246e-05
183 1.73787796424315e-05
184 1.7588403841816658e-05
185 1.714134813894632e-05
186 1.6505311156855366e-05
187 1.663077876472148e-05
188 1.5756991964087687e-05
189 1.633896515683225e-05
190 1.580861552004596e-05
191 1.5586132310680213e-05
192 1.6978562720408294e-05
193 1.646634771509634e-05
194 1.6379424557644883e-05
195 1.664465794276988e-05
196 1.596624027572704e-05
197 1.6517142963233843e-05
198 1.754170349625064e-05
199 1.6347082027029972e-05
200 1.7228954769139396e-05
201 1.689951442451415e-05
202 1.717324963594021e-05
203 1.6896343466556793e-05
204 1.5826216935388453e-05
205 1.6600266831903907e-05
206 1.6993676195855865e-05
207 1.6672875813090608e-05
208 1.727720722473599e-05
209 1.7233098873379833e-05
210 1.713903997361476e-05
211 1.642545547264637e-05
212 1.6425943759275898e-05
213 1.658791566279912e-05
214 1.643473227072295e-05
215 1.6548977313976788e-05
216 1.708797617851504e-05
217 1.6773612680157815e-05
218 1.6319050124863116e-05
219 1.6421909020922382e-05
220 1.740128586402117e-05
221 1.671148826347397e-05
222 1.6311034578972034e-05
223 1.6927955518613328e-05
224 1.6821670403272664e-05
225 1.6554287747909397e-05
226 1.6181256638660443e-05
227 1.661698111816144e-05
228 1.6683223452085224e-05
229 1.7461427427140574e-05
230 1.535921375584873e-05
231 1.6300784598028847e-05
232 1.641797198058226e-05
233 1.662775640288205e-05
234 1.6662207480519396e-05
235 1.6572989158686783e-05
236 1.6579486424617797e-05
237 1.5929552050524922e-05
238 1.648441193133498e-05
239 1.641525474340032e-05
240 1.6015449868401078e-05
241 1.665887549183757e-05
242 1.6858672083648913e-05
243 1.6757510052521238e-05
244 1.70890007861862e-05
245 1.722665660747624e-05
246 1.626343422241424e-05
247 1.6333369332664872e-05
248 1.6406592705915528e-05
249 1.702693457014319e-05
250 1.663925733415402e-05
251 1.698163200983055e-05
252 1.6641268044269406e-05
253 1.6651010044321905e-05
254 1.6635527442599656e-05
255 1.6398725196967345e-05
256 1.6983416862312234e-05
257 1.686832313360429e-05
258 1.6357284322410772e-05
259 1.7108335043656874e-05
260 1.6923057183320335e-05
261 1.6121357303172716e-05
262 1.7210947072075958e-05
263 1.7079010063403568e-05
264 1.6911907185583424e-05
265 1.63661008989916e-05
266 1.6942319029811522e-05
267 1.6879132042552194e-05
268 1.634654732771177e-05
269 1.6454820837243034e-05
270 1.6734810814849827e-05
271 1.7139020844247874e-05
272 1.620476747581182e-05
273 1.7099071367584182e-05
274 1.694740589239019e-05
275 1.680659272361105e-05
276 1.6343804146991603e-05
277 1.6759651270173065e-05
278 1.6319639317228254e-05
279 1.6098123910262338e-05
280 1.615494771903035e-05
281 1.5457858618462992e-05
282 1.727433971394153e-05
283 1.6786234111615688e-05
284 1.665530318263455e-05
285 1.6104875890902163e-05
286 1.618619609913519e-05
287 1.6694247727928997e-05
288 1.745318365678098e-05
289 1.701990341203813e-05
290 1.5768953616567967e-05
291 1.6070959645697102e-05
292 1.646463566327558e-05
293 1.5996224544237886e-05
294 1.669000452270461e-05
295 1.592174134285995e-05
296 1.594834380269176e-05
297 1.6460631069297193e-05
298 1.6690110274575334e-05
299 1.573958368404407e-05
