0 3.245876397099272e-05
1 3.0375567915557788e-05
2 3.3430019353753765e-05
3 3.273601476473777e-05
4 3.190951566884505e-05
5 3.3198757417746235e-05
6 3.28015164504216e-05
7 3.282902330237546e-05
8 3.387717650561925e-05
9 3.292851533114618e-05
10 3.188848740716091e-05
11 3.1815582499296044e-05
12 3.334057210519735e-05
13 3.201046901926628e-05
14 3.17379675868141e-05
15 3.238272776109723e-05
16 3.3475916023147784e-05
17 3.295621836545066e-05
18 3.226181024558891e-05
19 3.304151699807436e-05
20 3.232082528999689e-05
21 3.2774843789458594e-05
22 3.4558292583111835e-05
23 3.2412009690505547e-05
24 3.349461041240124e-05
25 3.293693455546013e-05
26 3.355944572921215e-05
27 3.3520022957277265e-05
28 3.3701278915859594e-05
29 3.361060774049295e-05
30 3.36818699248346e-05
31 3.3382975388212154e-05
32 3.3334063199927614e-05
33 3.2669163381579175e-05
34 3.3532948347797966e-05
35 3.29643142830647e-05
36 3.372758729743205e-05
37 3.280150210301663e-05
38 3.292871406634281e-05
39 3.3103618096143425e-05
40 3.4451431379003874e-05
41 3.3130992420603246e-05
42 3.320736208517747e-05
43 3.21692812262335e-05
44 3.2980390320717045e-05
45 3.3127688300303516e-05
46 3.2871729640467265e-05
47 3.362973918929318e-05
48 3.398383725208714e-05
49 3.403415538838287e-05
50 3.386622452932762e-05
51 3.232446122317932e-05
52 3.433566706797143e-05
53 3.236139786984143e-05
54 3.2488994274102054e-05
55 3.267041175919514e-05
56 3.3962024472176236e-05
57 3.365392899476854e-05
58 3.243631782585989e-05
59 3.366268830012797e-05
60 3.251682356602744e-05
61 3.1709621865485766e-05
62 3.262962139111814e-05
63 3.1925276225467674e-05
64 3.335750312192517e-05
65 3.247722794043714e-05
66 3.3280902109291645e-05
67 3.263457287419079e-05
68 3.2191915356866473e-05
69 3.294013247304313e-05
70 3.296188047960106e-05
71 3.327913057298635e-05
72 3.5080739258155847e-05
73 3.324737553932028e-05
74 3.167987173961984e-05
75 3.334426572660039e-05
76 3.1905342249761375e-05
77 3.3540762965077544e-05
78 3.3672209525296485e-05
79 3.2860160467734045e-05
80 3.301519542096787e-05
81 3.2710996945710315e-05
82 3.195140187152961e-05
83 3.282823082463127e-05
84 3.2286968924557004e-05
85 3.3424830433843006e-05
86 3.269193320822042e-05
87 3.304538598935681e-05
88 3.387507797007713e-05
89 3.212947841088924e-05
90 3.339015395334787e-05
91 3.1744702847728687e-05
92 3.3294673950474465e-05
93 3.209314348027813e-05
94 3.1666003246893244e-05
95 3.296005951463542e-05
96 3.321217229514614e-05
97 3.400027362614745e-05
98 3.216913041747996e-05
99 3.2437955840580976e-05
100 3.3794671199528285e-05
101 3.3150226836225814e-05
102 3.286875504897031e-05
103 3.36769518909948e-05
104 3.214923573831313e-05
105 3.2741691579145266e-05
106 3.210017960337291e-05
107 3.181045754123725e-05
108 3.273946127326383e-05
109 3.2791782659917464e-05
110 3.164746403201319e-05
111 3.296932597855285e-05
112 3.356031059520826e-05
113 3.346730645572105e-05
114 3.364374682614378e-05
115 3.248519399165517e-05
116 3.351814242882649e-05
117 3.512067120108333e-05
118 3.249165287283262e-05
119 3.308297074774984e-05
120 3.285124230566587e-05
121 3.275942398898144e-05
122 3.290981256514622e-05
123 3.281357597082893e-05
124 3.172798840275352e-05
125 3.186431003147083e-05
126 3.49994554447042e-05
127 3.2752974916791455e-05
128 3.298743075998257e-05
129 3.35783182715353e-05
130 3.2762574915705634e-05
131 3.393786037835022e-05
132 3.2646213666730256e-05
133 3.17150754267659e-05
134 3.37651580909608e-05
135 3.307291989396787e-05
136 3.31757138015452e-05
137 3.3445210636636154e-05
138 3.289946353130266e-05
139 3.283948598606507e-05
140 3.273753926579506e-05
141 3.346823894877358e-05
142 3.2967365438136435e-05
143 3.2811978681969675e-05
144 3.299916648758782e-05
145 3.3117250438007946e-05
146 3.210378769484763e-05
147 3.239376870765721e-05
148 3.32454476968705e-05
149 3.209111935256962e-05
150 3.2332138964114726e-05
151 3.1106197906642914e-05
152 3.299103481105871e-05
153 3.3366356119321456e-05
154 3.362859561480406e-05
155 3.265058316763657e-05
156 3.385856891433852e-05
157 3.257809181773493e-05
158 3.263211989212857e-05
159 3.1825580468558204e-05
160 3.216430932767393e-05
161 3.346804177569426e-05
162 3.1603043766479334e-05
163 3.280343010642981e-05
164 3.330089448599946e-05
165 3.3850705675944995e-05
166 3.433832756547201e-05
167 3.326750133902278e-05
168 3.179607208763583e-05
169 3.331009876636191e-05
170 3.3718120103363105e-05
171 3.310558703238721e-05
172 3.376287911786911e-05
173 3.334522991889156e-05
174 3.2608543293964325e-05
175 3.334809243482156e-05
176 3.2515004849355966e-05
177 3.2796095481623593e-05
178 3.164233792568239e-05
179 3.354320359388551e-05
180 3.312287627396538e-05
181 3.326129500821789e-05
182 3.2800475957053756e-05
183 3.282373912707832e-05
184 3.162190335451879e-05
185 3.1988777928630414e-05
186 3.3321581456397084e-05
187 3.211675700948166e-05
188 3.439745118578101e-05
189 3.383739031826832e-05
190 3.358433251504676e-05
191 3.5323047390954835e-05
192 3.4127716867515294e-05
193 3.3564543370535204e-05
194 3.233650854439685e-05
195 3.334303631270897e-05
196 3.3549302098636214e-05
197 3.3331050125534335e-05
198 3.1016091528744906e-05
199 3.3057569951313134e-05
200 3.1844089400985674e-05
201 3.257530999855527e-05
202 3.18934829287644e-05
203 3.1934389352162296e-05
204 3.356642735626473e-05
205 3.224828669909427e-05
206 3.199817904980893e-05
207 3.280236710180055e-05
208 3.244548126332519e-05
209 3.1869550363152156e-05
210 3.223587842707607e-05
211 3.3951032083127456e-05
212 3.333384035683867e-05
213 3.346162536237818e-05
214 3.3177305369588216e-05
215 3.22056341008905e-05
216 3.249980850611961e-05
217 3.3476150188130754e-05
218 3.283658994450051e-05
219 3.337364024874915e-05
220 3.110163910752085e-05
221 3.23235717848045e-05
222 3.33149259699111e-05
223 3.3703742841216306e-05
224 3.345393891385818e-05
225 3.3606192109681566e-05
226 3.171457539849357e-05
227 3.2256889303556526e-05
228 3.241617231248791e-05
229 3.230247587466965e-05
230 3.4216666886491524e-05
231 3.391444826453103e-05
232 3.384287830421526e-05
233 3.2920584396063215e-05
234 3.337958956738753e-05
235 3.228615505278797e-05
236 3.282636916942712e-05
237 3.318556493725863e-05
238 3.293882285817665e-05
239 3.396560856516468e-05
240 3.278373569051358e-05
241 3.295958733620538e-05
242 3.224403157847846e-05
243 3.262416534052865e-05
244 3.294638807049477e-05
245 3.2689023868912446e-05
246 3.38593327451366e-05
247 3.300205805659976e-05
248 3.3577447721643045e-05
249 3.226212877998507e-05
250 3.297967002123441e-05
251 3.331641614185252e-05
252 3.258275919491761e-05
253 3.318035915307789e-05
254 3.255294940839749e-05
255 3.28609593827972e-05
256 3.21296919738977e-05
257 3.324510858897124e-05
258 3.343570325504454e-05
259 3.180157336962739e-05
260 3.203235795768147e-05
261 3.37662612706483e-05
262 3.25242872070941e-05
263 3.240179101797505e-05
264 3.181285805610893e-05
265 3.407916209257817e-05
266 3.153701956580205e-05
267 3.321090517979011e-05
268 3.256428085243173e-05
269 3.269667251193277e-05
270 3.255509505021897e-05
271 3.1442216122498534e-05
272 3.3234565179048324e-05
273 3.278742409302911e-05
274 3.255880705860253e-05
275 3.31597824949307e-05
276 3.250978869233401e-05
277 3.2390004462072815e-05
278 3.2989246479930174e-05
279 3.3806045399603234e-05
280 3.388460921257981e-05
281 3.3607422923527035e-05
282 3.102594818199419e-05
283 3.2412786817118716e-05
284 3.2540241716586325e-05
285 3.246906363901645e-05
286 3.259447600747106e-05
287 3.253401473971418e-05
288 3.174470777710449e-05
289 3.1991639643111866e-05
290 3.333055234646824e-05
291 3.4254527599536455e-05
292 3.3328215666049225e-05
293 3.3390177979886265e-05
294 3.351024351320136e-05
295 3.314527594881295e-05
296 3.405796133935964e-05
297 3.223136031324446e-05
298 3.345173454678253e-05
299 3.284809091648174e-05
