0 -4.3660469438912634e-05
1 -4.2081500825533645e-05
2 -4.327151828173848e-05
3 -4.283659685137552e-05
4 -4.2902659640043275e-05
5 -4.377847557746931e-05
6 -4.3790314463542465e-05
7 -4.42589056658362e-05
8 -4.498778278421161e-05
9 -4.418712502407453e-05
10 -4.172763926121671e-05
11 -4.2619833618509894e-05
12 -4.38404751155313e-05
13 -4.319697097408653e-05
14 -4.2394989444409524e-05
15 -4.317670460075688e-05
16 -4.391984974144507e-05
17 -4.2913752378215354e-05
18 -4.3709964024734766e-05
19 -4.2872332681059146e-05
20 -4.194260808159958e-05
21 -4.3670239034689896e-05
22 -4.3442229306026676e-05
23 -4.3073654476731916e-05
24 -4.387288582468798e-05
25 -4.3648931945841285e-05
26 -4.421705380603388e-05
27 -4.4273137704034774e-05
28 -4.342122686610433e-05
29 -4.423247481718581e-05
30 -4.414173711801197e-05
31 -4.447878921125679e-05
32 -4.312362396507548e-05
33 -4.36056176591044e-05
34 -4.39431098232077e-05
35 -4.3408718109195855e-05
36 -4.460254770701686e-05
37 -4.243438638579867e-05
38 -4.298682838044295e-05
39 -4.376335992739284e-05
40 -4.275598436734552e-05
41 -4.439667530081682e-05
42 -4.40180794924741e-05
43 -4.26748520527753e-05
44 -4.385980336101933e-05
45 -4.3063785092310645e-05
46 -4.318514237303781e-05
47 -4.3214830123465915e-05
48 -4.431815916731913e-05
49 -4.412654261426368e-05
50 -4.499397263682567e-05
51 -4.3743672190714675e-05
52 -4.42263503242797e-05
53 -4.2428915047619566e-05
54 -4.245718940689061e-05
55 -4.287705814512633e-05
56 -4.423958253715057e-05
57 -4.442833613447515e-05
58 -4.3759578829775756e-05
59 -4.466234901191456e-05
60 -4.337345865670373e-05
61 -4.265091807040715e-05
62 -4.2926188085191826e-05
63 -4.151092089667781e-05
64 -4.338840134455814e-05
65 -4.188991817218529e-05
66 -4.3309213045420743e-05
67 -4.2976299781589136e-05
68 -4.204840629741226e-05
69 -4.2712101201855144e-05
70 -4.471827112467302e-05
71 -4.408398044067651e-05
72 -4.570216750155025e-05
73 -4.3342275232212976e-05
74 -4.2938361498647377e-05
75 -4.3706820548506533e-05
76 -4.3135256275437327e-05
77 -4.490532962319072e-05
78 -4.2642293297988804e-05
79 -4.250337763302399e-05
80 -4.304094189672932e-05
81 -4.395755540163894e-05
82 -4.297128160032659e-05
83 -4.514454209567427e-05
84 -4.239595334456463e-05
85 -4.3483725937723735e-05
86 -4.189694056149382e-05
87 -4.42435646380509e-05
88 -4.386289576769708e-05
89 -4.214664393765882e-05
90 -4.3231960526582995e-05
91 -4.198060622475281e-05
92 -4.3551013421367774e-05
93 -4.350199934293277e-05
94 -4.155545036079227e-05
95 -4.3378150147791705e-05
96 -4.311705339103268e-05
97 -4.4467326076255596e-05
98 -4.318664787531818e-05
99 -4.3452390847740217e-05
100 -4.4495798446078365e-05
101 -4.318786843753756e-05
102 -4.316375875634941e-05
103 -4.3737578161171924e-05
104 -4.3484032451223585e-05
105 -4.240496930258571e-05
106 -4.210270047795301e-05
107 -4.2830538069533057e-05
108 -4.2150159030006186e-05
109 -4.327541687901922e-05
110 -4.2523661051363964e-05
111 -4.4333018834280805e-05
112 -4.388939798945861e-05
113 -4.478265694487945e-05
114 -4.2023520941146984e-05
115 -4.3367435918993495e-05
116 -4.3057015933998056e-05
117 -4.495370957675368e-05
118 -4.448640314482129e-05
119 -4.328977560611202e-05
120 -4.362813349743002e-05
121 -4.361464081052142e-05
122 -4.370370364423044e-05
123 -4.2387428739594526e-05
124 -4.206314724527906e-05
125 -4.1624820036029884e-05
126 -4.375995553723139e-05
127 -4.153543970349807e-05
128 -4.250965126814198e-05
129 -4.400487933293304e-05
130 -4.330489897562275e-05
131 -4.4212337889658015e-05
132 -4.343076767662545e-05
133 -4.1485092129890014e-05
134 -4.375199442636971e-05
135 -4.3102504445065446e-05
136 -4.4049110013737125e-05
137 -4.288763644032589e-05
138 -4.374641163564261e-05
139 -4.369883222078304e-05
140 -4.346562930183449e-05
141 -4.4598078214171185e-05
142 -4.3033909839121584e-05
143 -4.374590428692208e-05
144 -4.255280293153764e-05
145 -4.4262128046657144e-05
146 -4.222977914539509e-05
147 -4.3014477528491865e-05
148 -4.467117234743267e-05
149 -4.1808963326675466e-05
150 -4.13527020261238e-05
151 -4.285219784865876e-05
152 -4.206515807673356e-05
153 -4.3264302953966964e-05
154 -4.2748615188387365e-05
155 -4.2811845369494486e-05
156 -4.283543026963198e-05
157 -4.308861536077051e-05
158 -4.277557868560243e-05
159 -4.3296799233181834e-05
160 -4.34534464785987e-05
161 -4.275086598530773e-05
162 -4.213196727464749e-05
163 -4.432039594869307e-05
164 -4.3761086971321465e-05
165 -4.285528566682408e-05
166 -4.356509118384189e-05
167 -4.449259393036783e-05
168 -4.1459054551206045e-05
169 -4.281334223219607e-05
170 -4.34338493918143e-05
171 -4.3111000939405666e-05
172 -4.4974060915250397e-05
173 -4.264013518387466e-05
174 -4.269280283988146e-05
175 -4.39412611665401e-05
176 -4.341395645985376e-05
177 -4.3274324502047635e-05
178 -4.194655029966467e-05
179 -4.3564219146045953e-05
180 -4.44234122662166e-05
181 -4.252144588467101e-05
182 -4.342785208348412e-05
183 -4.4670959687814566e-05
184 -4.279536805350599e-05
185 -4.23650432815059e-05
186 -4.3902037124313187e-05
187 -4.233899530526223e-05
188 -4.377092693028303e-05
189 -4.442434517956872e-05
190 -4.223285631421806e-05
191 -4.4614577473121645e-05
192 -4.434046286959941e-05
193 -4.3772365942198595e-05
194 -4.345724566721316e-05
195 -4.349555522312029e-05
196 -4.388786981636821e-05
197 -4.3866678336055176e-05
198 -4.235242431246538e-05
199 -4.337556597732698e-05
200 -4.2356515116483904e-05
201 -4.267599376414208e-05
202 -4.21680709183518e-05
203 -4.276265817578815e-05
204 -4.3746637692308244e-05
205 -4.255823914260601e-05
206 -4.263874145874048e-05
207 -4.336305567791665e-05
208 -4.343840698462054e-05
209 -4.304453475514917e-05
210 -4.3151099639635844e-05
211 -4.319993106025424e-05
212 -4.358294990842047e-05
213 -4.3473103193292326e-05
214 -4.399219408813733e-05
215 -4.311199101105712e-05
216 -4.30808206159147e-05
217 -4.452723464669473e-05
218 -4.278472001128892e-05
219 -4.4308893598503295e-05
220 -4.228602836316282e-05
221 -4.314575675657769e-05
222 -4.32744810374309e-05
223 -4.526050907329795e-05
224 -4.396081305373989e-05
225 -4.402284344140868e-05
226 -4.131454851746897e-05
227 -4.3140490332691676e-05
228 -4.358484233617561e-05
229 -4.410866806191525e-05
230 -4.340417572352157e-05
231 -4.4160736296151284e-05
232 -4.410794893886801e-05
233 -4.3419422639264215e-05
234 -4.441845621942696e-05
235 -4.311936393343447e-05
236 -4.357662189055678e-05
237 -4.309225361906853e-05
238 -4.4114658704746704e-05
239 -4.4068364085751516e-05
240 -4.236671814681788e-05
241 -4.323622505270049e-05
242 -4.3577101368561074e-05
243 -4.319033498551475e-05
244 -4.305970002596193e-05
245 -4.4317905560126874e-05
246 -4.3560611009304814e-05
247 -4.293150192382699e-05
248 -4.3674685424845376e-05
249 -4.3719566759929847e-05
250 -4.316952040673038e-05
251 -4.412618647119101e-05
252 -4.3413031199125896e-05
253 -4.3819788214107524e-05
254 -4.294488670978225e-05
255 -4.3121504208335846e-05
256 -4.237728255398145e-05
257 -4.4286605201955203e-05
258 -4.3849433809366216e-05
259 -4.238302868448278e-05
260 -4.3503926073603836e-05
261 -4.388673076095077e-05
262 -4.404156062341771e-05
263 -4.3069495887261115e-05
264 -4.21489469998531e-05
265 -4.368861521681666e-05
266 -4.2440085762481826e-05
267 -4.40537784352189e-05
268 -4.178460421349197e-05
269 -4.318024447932932e-05
270 -4.255996608001445e-05
271 -4.17470281917331e-05
272 -4.336340241745725e-05
273 -4.4179035383389684e-05
274 -4.377185455407606e-05
275 -4.4196557168204764e-05
276 -4.2900261165462194e-05
277 -4.361036712854841e-05
278 -4.348190907901585e-05
279 -4.283315653832333e-05
280 -4.408845629768133e-05
281 -4.27039939359392e-05
282 -4.253693656847013e-05
283 -4.4143675766517425e-05
284 -4.351438211159498e-05
285 -4.282671322570939e-05
286 -4.221853904510094e-05
287 -4.196981888916329e-05
288 -4.279079520854974e-05
289 -4.324089950645233e-05
290 -4.164929129925967e-05
291 -4.437587071511748e-05
292 -4.353866547944825e-05
293 -4.2973534283851567e-05
294 -4.433436764782823e-05
295 -4.2469888908674535e-05
296 -4.401587997297659e-05
297 -4.1859133306626304e-05
298 -4.4243868020082735e-05
299 -4.2734455396585894e-05
