0 1.929928269059444e-06
1 2.060059128512588e-06
2 1.9942619603717515e-06
3 1.8932876665486837e-06
4 1.926833946287902e-06
5 2.0139743909500078e-06
6 1.9433258014871756e-06
7 2.0286838137145885e-06
8 1.9326964474426836e-06
9 1.9115218469307987e-06
10 1.9566372761930436e-06
11 2.028404223357008e-06
12 2.033734137290707e-06
13 2.0521025111473296e-06
14 2.0677495640929533e-06
15 1.9507147401911685e-06
16 1.899993795254003e-06
17 2.0093518185217745e-06
18 1.977977868167586e-06
19 1.8611621219673533e-06
20 1.9474081044654556e-06
21 2.0163870865922758e-06
22 1.9710874140018206e-06
23 1.9449994801557107e-06
24 2.0965520085410986e-06
25 1.9875969541830557e-06
26 1.9126392319278194e-06
27 2.0383284660856983e-06
28 1.992749889232536e-06
29 1.8590258639536922e-06
30 2.0591643049984848e-06
31 2.1203759524520764e-06
32 1.9725406773560637e-06
33 1.8997766887736354e-06
34 1.983916393003103e-06
35 2.0415517454993215e-06
36 2.039937923894901e-06
37 1.8589918628138587e-06
38 1.8836355941198151e-06
39 2.026857048008832e-06
40 2.023491848988766e-06
41 2.033185630015492e-06
42 1.8362239153675252e-06
43 1.978803162652594e-06
44 1.9806576095443133e-06
45 1.9514226255146838e-06
46 2.0060210787292966e-06
47 1.967665219375807e-06
48 1.935584984833151e-06
49 1.957658262935288e-06
50 2.0116243594951237e-06
51 1.9211228322101475e-06
52 2.016810464958427e-06
53 1.93450867251596e-06
54 1.978750291135993e-06
55 2.078062062544629e-06
56 1.944511454559773e-06
57 1.8752735749813784e-06
58 1.9780012806525825e-06
59 1.964134491936992e-06
60 2.0892256535157732e-06
61 1.9921338931888057e-06
62 1.972235066803743e-06
63 1.9667844711006e-06
64 1.9018252847122734e-06
65 2.0958262217554806e-06
66 1.919327699453439e-06
67 1.9896309091874096e-06
68 2.022262707326159e-06
69 1.9486418948563757e-06
70 2.040056543421577e-06
71 2.0281899310112265e-06
72 1.8200050916131046e-06
73 1.97747826506104e-06
74 2.1193140901714186e-06
75 1.9713746830578257e-06
76 1.9959065323979795e-06
77 1.914476496184661e-06
78 1.9191112464339302e-06
79 2.002596574466268e-06
80 2.063637055010135e-06
81 1.9238653113513806e-06
82 2.068926830678184e-06
83 1.8137961078045499e-06
84 2.0686251412590257e-06
85 1.8953996601359284e-06
86 1.983738603533482e-06
87 1.950114491252225e-06
88 1.959492233308488e-06
89 1.950854489703791e-06
90 1.9559988495216532e-06
91 1.8286437006357805e-06
92 2.0159849607717465e-06
93 1.9542721941568068e-06
94 1.993353461881944e-06
95 1.941827865404458e-06
96 1.8606227544675414e-06
97 2.0767285208717943e-06
98 1.994523027798088e-06
99 2.002224511908386e-06
100 1.960752632458973e-06
101 2.0549276153371474e-06
102 1.9850732267378707e-06
103 2.092304816142348e-06
104 1.985697924358193e-06
105 1.8819569372101445e-06
106 1.8974486187256078e-06
107 2.1146235587175993e-06
108 1.980030327605645e-06
109 1.92509445273041e-06
110 1.9943389275585835e-06
111 2.1344932942413448e-06
112 1.8487543611294236e-06
113 1.974762409614215e-06
114 2.0168989949406937e-06
115 2.018581831777592e-06
116 2.0938033521618155e-06
117 1.8781845523305124e-06
118 1.9630427423367607e-06
119 2.020315959082695e-06
120 1.8998446954373145e-06
121 2.0689020704210574e-06
122 2.0073084166443387e-06
123 2.0348219764606085e-06
124 2.0236525806225524e-06
125 1.9559157605395348e-06
126 1.9029741514487527e-06
127 2.019718717699642e-06
128 2.015910786029995e-06
129 1.9830128080169303e-06
130 1.926324713727373e-06
131 2.050859776657833e-06
132 1.9258935282975795e-06
133 1.9716299619862852e-06
134 1.925191125649446e-06
135 2.0692500044470476e-06
136 1.9618763220013782e-06
137 1.979417299852592e-06
138 1.942654699606222e-06
139 1.9610687279977594e-06
140 1.9904221535877645e-06
141 1.9562173354754827e-06
142 2.0709230724441356e-06
143 2.0267329170726287e-06
144 1.92279911761664e-06
145 1.9578631890110967e-06
146 1.9129170963578965e-06
147 2.025684159636097e-06
148 1.969148298666613e-06
149 2.136275626084889e-06
150 1.97116346695581e-06
151 1.9999189671891797e-06
152 1.9599576306738004e-06
153 1.963295457900598e-06
154 1.950236827984178e-06
155 2.029753563600957e-06
156 2.029203918955676e-06
157 1.90064202942592e-06
158 1.971106310804112e-06
159 2.0562957230452523e-06
160 1.9796141720046437e-06
161 1.9851688471857707e-06
162 1.9229883736647723e-06
163 1.9481402458962293e-06
164 1.9862449006627672e-06
165 1.8664460341102663e-06
166 1.9775278222373124e-06
167 2.054950037798492e-06
168 2.024178421040535e-06
169 1.996988802126879e-06
170 2.026141360830347e-06
171 1.982001571027052e-06
172 1.9264276055510745e-06
173 2.1032934513739353e-06
174 1.949220423033976e-06
175 1.9333985051772967e-06
176 1.9757803152844888e-06
177 1.8310597054215266e-06
178 2.112391312290285e-06
179 1.9592616678933813e-06
180 1.9246643577377832e-06
181 2.00119417519784e-06
182 2.0131421253302726e-06
183 2.0275779376457226e-06
184 2.1078783619481576e-06
185 2.1368937673997184e-06
186 1.8830911930887986e-06
187 2.1027579458713333e-06
188 1.950193501026618e-06
189 1.993856673528115e-06
190 1.956644902272387e-06
191 1.9900523592534766e-06
192 2.000361403950646e-06
193 1.9458902835301057e-06
194 1.944423615793269e-06
195 1.9549809374540064e-06
196 1.9415165536848043e-06
197 2.001243583911907e-06
198 2.0946573435538435e-06
199 1.92733691606771e-06
200 2.123173189910007e-06
201 2.022828271740153e-06
202 2.0644363309729706e-06
203 2.076558555231186e-06
204 1.930039925133618e-06
205 1.970488477961036e-06
206 1.917445504919526e-06
207 2.0188656518792196e-06
208 2.093733489734615e-06
209 2.091736593654344e-06
210 2.020469082838467e-06
211 2.018565300745673e-06
212 2.088200323499282e-06
213 1.9580236753244794e-06
214 2.0120148172395873e-06
215 1.9383034005824273e-06
216 2.0643257710157255e-06
217 2.0098883571978945e-06
218 1.8686904822076457e-06
219 1.9363593445866687e-06
220 2.0432315671366794e-06
221 2.0422184575234677e-06
222 1.934691476958471e-06
223 1.9400964432487102e-06
224 2.1023761195504264e-06
225 1.9828775851359103e-06
226 1.9455011462833096e-06
227 1.926828713458886e-06
228 1.8803588372765962e-06
229 2.060983129423452e-06
230 1.8657700692408743e-06
231 1.898963180956116e-06
232 2.0211961569445525e-06
233 2.0181139906554615e-06
234 2.0418731593308494e-06
235 2.0537516500504576e-06
236 1.99602326294836e-06
237 2.0097238771385624e-06
238 2.0039737830974317e-06
239 1.98344542391428e-06
240 1.9461024162278736e-06
241 2.103155591336624e-06
242 1.941224707499907e-06
243 2.0364798944695934e-06
244 1.9914172796751634e-06
245 2.019523584279816e-06
246 1.9148260977300594e-06
247 2.029638311052287e-06
248 1.991991587203103e-06
249 2.047585293486596e-06
250 1.9731044680751597e-06
251 1.9494302335741645e-06
252 2.004852638407133e-06
253 2.0277853075145226e-06
254 1.9622178455351498e-06
255 2.013768517994281e-06
256 2.04661928180031e-06
257 1.914881643012259e-06
258 1.9255475701358997e-06
259 2.0260489543173537e-06
260 1.9623937834562425e-06
261 1.7786262868368678e-06
262 2.0250149687012837e-06
263 2.0971493027680278e-06
264 1.9850405860738783e-06
265 2.047749286298109e-06
266 1.997571937148437e-06
267 2.0010364316678475e-06
268 2.143586340203723e-06
269 1.922605514051747e-06
270 1.967733255695233e-06
271 1.9731538655508673e-06
272 1.99318466974982e-06
273 2.003455946186049e-06
274 1.991189480555684e-06
275 1.9536408925404417e-06
276 2.0605665785968773e-06
277 2.09110451154366e-06
278 2.0211949706257833e-06
279 1.9049919465910805e-06
280 2.0767171476393494e-06
281 1.7768397375853594e-06
282 2.084941606990046e-06
283 1.9953172766423874e-06
284 1.969224317177586e-06
285 1.9654841560129407e-06
286 2.0354407036845788e-06
287 2.0497245305894213e-06
288 2.0440418424391525e-06
289 1.963657160644698e-06
290 2.025932469567092e-06
291 1.8298939846031593e-06
292 2.029887504794819e-06
293 1.9518220047851545e-06
294 1.8610942508323591e-06
295 1.943411194183013e-06
296 1.911012509123259e-06
297 1.9380812694354777e-06
298 1.9684251506041467e-06
299 1.8791539961711107e-06
