0 -1.2674146629761316e-05
1 -1.3493832192675191e-05
2 -1.187011405213855e-05
3 -1.1226345105718549e-05
4 -1.2429872518063246e-05
5 -1.2572368653645177e-05
6 -1.2454640924996184e-05
7 -1.3737855175845849e-05
8 -1.3359329777711529e-05
9 -1.2304003890797928e-05
10 -1.1515862126636876e-05
11 -1.2020394683574385e-05
12 -1.1873841958183115e-05
13 -1.277454248822467e-05
14 -1.271781961552774e-05
15 -1.2210914780204489e-05
16 -1.216132853841253e-05
17 -1.171691657383378e-05
18 -1.2447856919224887e-05
19 -1.0522528916360982e-05
20 -1.0719374365276053e-05
21 -1.1958538446559666e-05
22 -1.1238961130617697e-05
23 -1.1952765585764648e-05
24 -1.1916106051183071e-05
25 -1.2316339714175681e-05
26 -1.1980784816891824e-05
27 -1.2666554854753753e-05
28 -1.1718403521268492e-05
29 -1.1716151735351357e-05
30 -1.220438577229956e-05
31 -1.2636786039377988e-05
32 -1.150277584553191e-05
33 -1.207830664299706e-05
34 -1.2160136888318166e-05
35 -1.1666499807814668e-05
36 -1.3053438026552426e-05
37 -1.1281774431039093e-05
38 -1.175350450710514e-05
39 -1.2456010885262522e-05
40 -1.052250698866954e-05
41 -1.2792368334396751e-05
42 -1.2250731483409193e-05
43 -1.1874907386030244e-05
44 -1.193982389292499e-05
45 -1.1106879663340574e-05
46 -1.1769502651428335e-05
47 -1.1068755453929903e-05
48 -1.2029494400365914e-05
49 -1.2301528461001609e-05
50 -1.3029864291611277e-05
51 -1.25617524097665e-05
52 -1.1385033277009785e-05
53 -1.185261367695915e-05
54 -1.1980036758638861e-05
55 -1.2252539676955586e-05
56 -1.0866877676803279e-05
57 -1.291451596506919e-05
58 -1.3074747076332772e-05
59 -1.2766376657544299e-05
60 -1.2419777860630668e-05
61 -1.2274606250266714e-05
62 -1.1848045696596567e-05
63 -1.1126312871559012e-05
64 -1.166600672102003e-05
65 -1.164426877848695e-05
66 -1.174817629151198e-05
67 -1.22123417856567e-05
68 -1.1651888907885422e-05
69 -1.1786762361778666e-05
70 -1.2602217257366237e-05
71 -1.2627529156494443e-05
72 -1.2622895621400811e-05
73 -1.1875852096603116e-05
74 -1.2988114552783705e-05
75 -1.1921913211668162e-05
76 -1.3127136841696945e-05
77 -1.2833729950772982e-05
78 -1.0456491016864442e-05
79 -1.1543766107041556e-05
80 -1.1290317119464445e-05
81 -1.2576898731309842e-05
82 -1.2709589068881647e-05
83 -1.3114848624554541e-05
84 -1.1899834495528325e-05
85 -1.2081209978645072e-05
86 -1.0743142338319291e-05
87 -1.292446122743488e-05
88 -1.166602072292723e-05
89 -1.1473889915112782e-05
90 -1.1830620226022065e-05
91 -1.094268030569686e-05
92 -1.249537855357677e-05
93 -1.2821104661116365e-05
94 -1.1255651619087e-05
95 -1.1994119577593482e-05
96 -1.063390247815367e-05
97 -1.2781956100372452e-05
98 -1.2196840845117361e-05
99 -1.2727572463852811e-05
100 -1.2668225559232975e-05
101 -1.2019634973126967e-05
102 -1.221354161849914e-05
103 -1.264204573036008e-05
104 -1.2592123508995494e-05
105 -1.1039033011274223e-05
106 -1.0882180810263212e-05
107 -1.211825028498703e-05
108 -1.1228055999411515e-05
109 -1.1717298454630952e-05
110 -1.2123462451143654e-05
111 -1.3053756672109205e-05
112 -1.1697268188070523e-05
113 -1.2630437289000565e-05
114 -1.0368797869873018e-05
115 -1.2096169623204059e-05
116 -1.1793577551775575e-05
117 -1.1744798125578261e-05
118 -1.3269681249105425e-05
119 -1.1659850882431357e-05
120 -1.2170358472949851e-05
121 -1.2758356015407236e-05
122 -1.300662243059731e-05
123 -1.1106826779620778e-05
124 -1.1490939210199029e-05
125 -1.1421439876526367e-05
126 -1.0552270868806829e-05
127 -1.1022559598377232e-05
128 -1.1768974831445585e-05
129 -1.2219178698797397e-05
130 -1.2148468966650565e-05
131 -1.1926002374737657e-05
132 -1.2160459666175105e-05
133 -1.0751849109079871e-05
134 -1.1981686136694054e-05
135 -1.2106176628880664e-05
136 -1.3023306869049837e-05
137 -1.1603154993334741e-05
138 -1.2643354197091947e-05
139 -1.2423270354297952e-05
140 -1.2250083726810214e-05
141 -1.2199489805715992e-05
142 -1.2365735819586296e-05
143 -1.2674534349726988e-05
144 -1.1117725239566461e-05
145 -1.247516903549341e-05
146 -1.1427379466326258e-05
147 -1.2506823255008545e-05
148 -1.3363491910855584e-05
149 -1.1788605369659454e-05
150 -1.0890733096788228e-05
151 -1.2602166534922582e-05
152 -1.0942943628718034e-05
153 -1.1564388622000084e-05
154 -1.0986877575847645e-05
155 -1.1712326028726432e-05
156 -1.0538193847187556e-05
157 -1.1799078933254652e-05
158 -1.1613886113197411e-05
159 -1.299764946067963e-05
160 -1.2752177979476449e-05
161 -1.0940634180203159e-05
162 -1.1644503187837205e-05
163 -1.3370192987716805e-05
164 -1.1578085647641021e-05
165 -1.0832691700453524e-05
166 -1.1227857231997907e-05
167 -1.2765676761622234e-05
168 -1.1457432115616335e-05
169 -1.1880196109999482e-05
170 -1.0222614181424365e-05
171 -1.1605445714397185e-05
172 -1.2700412998298877e-05
173 -1.1452198937476753e-05
174 -1.0662207789773878e-05
175 -1.23993602854423e-05
176 -1.2712735924268434e-05
177 -1.2073535000159415e-05
178 -1.1441079674387342e-05
179 -1.1545469713352425e-05
180 -1.2938234073260061e-05
181 -1.1494117801456007e-05
182 -1.2435686920971834e-05
183 -1.3914603847954564e-05
184 -1.255578015225426e-05
185 -1.2260557616248819e-05
186 -1.2228238843742214e-05
187 -1.1958678409030436e-05
188 -1.2029787625602701e-05
189 -1.2383079173044409e-05
190 -1.0816047298010458e-05
191 -1.1634068327935323e-05
192 -1.1988856093819307e-05
193 -1.0993490836233352e-05
194 -1.2340548193044615e-05
195 -1.2238393807213565e-05
196 -1.1901268163558472e-05
197 -1.2733135745686286e-05
198 -1.2660732876718233e-05
199 -1.1654149944890094e-05
200 -1.21103039469522e-05
201 -1.1979313756825518e-05
202 -1.1580688684290228e-05
203 -1.2213324339915383e-05
204 -1.1728766577101976e-05
205 -1.1654897904026028e-05
206 -1.2086270890708261e-05
207 -1.1822317457472536e-05
208 -1.2866825342224623e-05
209 -1.3021711744947372e-05
210 -1.2642991471863357e-05
211 -1.0920842198148849e-05
212 -1.2277070087721264e-05
213 -1.2089461855224486e-05
214 -1.2483731010917428e-05
215 -1.2209480919733739e-05
216 -1.2873953038558473e-05
217 -1.2767179171038684e-05
218 -1.1668444902161203e-05
219 -1.2307716245216471e-05
220 -1.2027591051975673e-05
221 -1.2033043266485902e-05
222 -1.1738509879750092e-05
223 -1.3055296931926409e-05
224 -1.2833820416927139e-05
225 -1.2333317719982954e-05
226 -1.1776038131165347e-05
227 -1.1868433049222316e-05
228 -1.1927551889490484e-05
229 -1.3130148651637445e-05
230 -1.0000942563519633e-05
231 -1.1600314005290711e-05
232 -1.1644387551301237e-05
233 -1.2346899331577359e-05
234 -1.267468684114016e-05
235 -1.1998766584387713e-05
236 -1.253615731887312e-05
237 -1.1802882057597094e-05
238 -1.2716271078072878e-05
239 -1.2118964643065205e-05
240 -1.1390807901551427e-05
241 -1.1319358540861108e-05
242 -1.2313307087738978e-05
243 -1.2134765026842513e-05
244 -1.2047751063337494e-05
245 -1.3437928647451386e-05
246 -1.1164005952326172e-05
247 -1.1750768157873547e-05
248 -1.244712758640554e-05
249 -1.2212789982486998e-05
250 -1.1553477112060505e-05
251 -1.2583749445691408e-05
252 -1.2564226124877966e-05
253 -1.2323180028426496e-05
254 -1.1039697251750361e-05
255 -1.2418828897562759e-05
256 -1.2282086075263118e-05
257 -1.2244028758827696e-05
258 -1.2046864963979598e-05
259 -1.1744216389458335e-05
260 -1.3225438782463181e-05
261 -1.2283365606324892e-05
262 -1.2914325763840972e-05
263 -1.286156310297627e-05
264 -1.1936782508820313e-05
265 -1.1049401644882342e-05
266 -1.2299063020743641e-05
267 -1.2165701941966884e-05
268 -1.1373826990877833e-05
269 -1.198302280867362e-05
270 -1.1209773533129966e-05
271 -1.2308533751272455e-05
272 -1.1796028143911826e-05
273 -1.358244370879746e-05
274 -1.2400120617256176e-05
275 -1.287029221686316e-05
276 -1.1725774817678196e-05
277 -1.2790273967377675e-05
278 -1.177334876491509e-05
279 -1.0242466423246844e-05
280 -1.2004252746900588e-05
281 -1.0234705512641042e-05
282 -1.2480989909849274e-05
283 -1.3218786382642809e-05
284 -1.2708808190568616e-05
285 -1.220964980388699e-05
286 -1.109755802417817e-05
287 -1.1540879047996054e-05
288 -1.29117124048907e-05
289 -1.2748428476951337e-05
290 -1.075289730597075e-05
291 -1.2103152150235452e-05
292 -1.1537673571397212e-05
293 -1.1586052647700783e-05
294 -1.2251691837605772e-05
295 -1.0872878399030981e-05
296 -1.1062040177409787e-05
297 -1.0932055491333979e-05
298 -1.2901196195676864e-05
299 -1.103643819260447e-05
