0 2.1790382737461217e-05
1 1.9413853482413248e-05
2 2.287766771871546e-05
3 2.280112385054958e-05
4 2.1389912041852545e-05
5 2.2370799903515723e-05
6 2.21681667263765e-05
7 2.140843097531739e-05
8 2.2573908291866536e-05
9 2.2531006125208723e-05
10 2.1761402696701875e-05
11 2.1556726915135237e-05
12 2.3058828169503263e-05
13 2.135172077042807e-05
14 2.0991340772331854e-05
15 2.199578491133488e-05
16 2.2880179671744785e-05
17 2.263905783589985e-05
18 2.1893577245470203e-05
19 2.3505900866504908e-05
20 2.271059135297061e-05
21 2.2588949626022848e-05
22 2.414104497812008e-05
23 2.217374665021036e-05
24 2.315966236577311e-05
25 2.2397243837708165e-05
26 2.3124794601222945e-05
27 2.27222922868947e-05
28 2.3299909239147096e-05
29 2.3408120430200196e-05
30 2.3100853387223008e-05
31 2.272192986603268e-05
32 2.3100041018236888e-05
33 2.2374151792838942e-05
34 2.2939822039105418e-05
35 2.281380178976272e-05
36 2.2599516824292044e-05
37 2.2674082907819678e-05
38 2.2574527585129407e-05
39 2.2402540003106714e-05
40 2.4367114007003937e-05
41 2.23019204129142e-05
42 2.2676555517975253e-05
43 2.19480978958794e-05
44 2.2791823992587157e-05
45 2.3249439787977784e-05
46 2.261367284944349e-05
47 2.3559540038164286e-05
48 2.3381867525411275e-05
49 2.320855318182172e-05
50 2.2839936064546702e-05
51 2.1832924578840505e-05
52 2.4059082788141083e-05
53 2.1969389350691942e-05
54 2.1998939893512363e-05
55 2.202150397076592e-05
56 2.424273364296796e-05
57 2.257202339924852e-05
58 2.1544041322754825e-05
59 2.274982901676216e-05
60 2.2017133043159344e-05
61 2.1403005213456648e-05
62 2.229277207976741e-05
63 2.2032906005630967e-05
64 2.3033871025839313e-05
65 2.2107143456340774e-05
66 2.289905786106684e-05
67 2.2081308557772168e-05
68 2.2003574490875637e-05
69 2.249294923302108e-05
70 2.24451494165006e-05
71 2.2520475359379804e-05
72 2.4021667282183338e-05
73 2.2838018015852293e-05
74 2.09395933493061e-05
75 2.2953611225261768e-05
76 2.1023579341298962e-05
77 2.2759181336767152e-05
78 2.3923478370776782e-05
79 2.2592376006767595e-05
80 2.3028601965940335e-05
81 2.208962901582682e-05
82 2.1314474207194782e-05
83 2.213974653119005e-05
84 2.19133891783858e-05
85 2.279895755893578e-05
86 2.2897192669088987e-05
87 2.215238990893818e-05
88 2.3518772910186175e-05
89 2.2066198498942762e-05
90 2.28593148403733e-05
91 2.2216727730937877e-05
92 2.2509261530553884e-05
93 2.1365695244247775e-05
94 2.176817905594006e-05
95 2.252389957614638e-05
96 2.3673306092724547e-05
97 2.2906255929195568e-05
98 2.186009895433929e-05
99 2.1671785487864046e-05
100 2.2847657043104162e-05
101 2.2584353640085412e-05
102 2.2265098740309777e-05
103 2.263946607755981e-05
104 2.1639570298768083e-05
105 2.278895023987372e-05
106 2.243837154627013e-05
107 2.157842374994675e-05
108 2.2648658263696834e-05
109 2.2637557798771474e-05
110 2.1451718527457112e-05
111 2.2120004759402367e-05
112 2.3272582373621793e-05
113 2.2787010684561756e-05
114 2.3784671838863596e-05
115 2.21816304145422e-05
116 2.2987318037560977e-05
117 2.4517765599172267e-05
118 2.1598881180667576e-05
119 2.288912441522324e-05
120 2.2420715260332027e-05
121 2.1972856280449438e-05
122 2.1845922565743796e-05
123 2.2900940139715654e-05
124 2.179804636560206e-05
125 2.1749378148617682e-05
126 2.501674074261811e-05
127 2.2579157420563745e-05
128 2.2467826162725844e-05
129 2.295417047285345e-05
130 2.2233952119817587e-05
131 2.3480625403629623e-05
132 2.2219939404868857e-05
133 2.216737897549427e-05
134 2.3178466719621945e-05
135 2.251291257490971e-05
136 2.209621068398207e-05
137 2.298776577250808e-05
138 2.212628351286363e-05
139 2.2248766926332466e-05
140 2.2293398713855987e-05
141 2.3094849125400218e-05
142 2.2209073794812143e-05
143 2.2031254889810846e-05
144 2.2967198912112908e-05
145 2.2537790029569983e-05
146 2.2081664570689164e-05
147 2.170858807265147e-05
148 2.211179100516459e-05
149 2.177207696136142e-05
150 2.242388097740568e-05
151 2.0741066698238614e-05
152 2.2955198060771112e-05
153 2.3038037788134084e-05
154 2.3535640463493967e-05
155 2.242161968435413e-05
156 2.4099718972797192e-05
157 2.2416030729304887e-05
158 2.242551591988369e-05
159 2.10561983259201e-05
160 2.1508290322822174e-05
161 2.3447152070682884e-05
162 2.1586506761858106e-05
163 2.169285893752119e-05
164 2.3227674565981324e-05
165 2.3777054848005684e-05
166 2.4013762393075647e-05
167 2.2474554762636317e-05
168 2.1659134889034784e-05
169 2.2665491060940223e-05
170 2.4346993353201846e-05
171 2.2806411916517885e-05
172 2.2992902058922204e-05
173 2.298937856710517e-05
174 2.314015600656654e-05
175 2.262496619029553e-05
176 2.1775845366105196e-05
177 2.2330615097338347e-05
178 2.1740702334154886e-05
179 2.3315337813839618e-05
180 2.228824216250259e-05
181 2.2878528972184994e-05
182 2.2126709870772852e-05
183 2.1407179777860455e-05
184 2.1111257123703935e-05
185 2.1459034651235988e-05
186 2.2713260126579203e-05
187 2.1811652538512836e-05
188 2.3549298787333143e-05
189 2.314547666254807e-05
190 2.3477063534191023e-05
191 2.4673860145578338e-05
192 2.346929945643917e-05
193 2.3761529189372066e-05
194 2.198195688682157e-05
195 2.260107941585726e-05
196 2.3168790467630424e-05
197 2.2388949670145504e-05
198 2.0548298454449028e-05
199 2.2851973371821924e-05
200 2.1479234003751935e-05
201 2.2082198719203717e-05
202 2.1828856046600378e-05
203 2.1612886456766057e-05
204 2.328432246896924e-05
205 2.212059484035552e-05
206 2.1620525042039874e-05
207 2.2586364832972484e-05
208 2.1580578191352272e-05
209 2.1026154892439883e-05
210 2.1528940473129954e-05
211 2.388466028705183e-05
212 2.2685583155874945e-05
213 2.2772103438571088e-05
214 2.252958932676164e-05
215 2.1874359382881846e-05
216 2.1497404686907687e-05
217 2.261739567007959e-05
218 2.2520237128286226e-05
219 2.2848263149897718e-05
220 2.1052211356477012e-05
221 2.209375562149746e-05
222 2.2922423183710366e-05
223 2.2722238312856855e-05
224 2.2426646811669917e-05
225 2.2865903663151258e-05
226 2.1380831625078533e-05
227 2.2145187987222897e-05
228 2.2294140919979564e-05
229 2.1496296235080945e-05
230 2.484888366218977e-05
231 2.3626315745987824e-05
232 2.3581205775464573e-05
233 2.2282129520862773e-05
234 2.2632811163804484e-05
235 2.2102763763060896e-05
236 2.2135508375143703e-05
237 2.2816960433258832e-05
238 2.226279918333638e-05
239 2.325564155994398e-05
240 2.2627646444936564e-05
241 2.304626458808959e-05
242 2.193280595813882e-05
243 2.2189300144093777e-05
244 2.2362957400354796e-05
245 2.1561312776868186e-05
246 2.3745418217748414e-05
247 2.2660273473902608e-05
248 2.269064042904468e-05
249 2.2074492597485953e-05
250 2.2796637227522603e-05
251 2.250067730066542e-05
252 2.192627325221933e-05
253 2.259038955091375e-05
254 2.2882782823633267e-05
255 2.212645061473742e-05
256 2.151701497337507e-05
257 2.276355433736553e-05
258 2.2951824769159345e-05
259 2.1709389153171976e-05
260 2.1093553057815073e-05
261 2.2934511330462852e-05
262 2.178415660994286e-05
263 2.1465132780788377e-05
264 2.1506679920811487e-05
265 2.402573757849407e-05
266 2.1180586544247458e-05
267 2.274940031026289e-05
268 2.2360053951839056e-05
269 2.2337097831386695e-05
270 2.2614082321128817e-05
271 2.0859997995013237e-05
272 2.2913734535009567e-05
273 2.148483466661835e-05
274 2.2082759088014393e-05
275 2.222606699011313e-05
276 2.2413412758555014e-05
277 2.1734878362416285e-05
278 2.280835359599444e-05
279 2.4168720795786166e-05
280 2.3378824990774987e-05
281 2.406652286303515e-05
282 2.0775256103199473e-05
283 2.155925546328714e-05
284 2.1816725231336552e-05
285 2.198716567181731e-05
286 2.2699955222759846e-05
287 2.21821972555243e-05
288 2.091450735382206e-05
289 2.1335597719441123e-05
290 2.323010467023364e-05
291 2.353925932579928e-05
292 2.3175601319218876e-05
293 2.3030727388287753e-05
294 2.291232580494989e-05
295 2.3256493877659162e-05
296 2.4108167143649687e-05
297 2.2433587356436464e-05
298 2.2403971435799866e-05
299 2.30579079811185e-05
