0 4.073729848152449e-06
1 4.257377356209051e-06
2 4.113686095355801e-06
3 4.056284511294494e-06
4 4.063251958986242e-06
5 4.133147299151296e-06
6 4.134847904168789e-06
7 4.18872026365355e-06
8 4.050539355960935e-06
9 4.0344352034871394e-06
10 4.0828434816475564e-06
11 4.167648843760981e-06
12 4.133958908389516e-06
13 4.131294618574584e-06
14 4.1353489737699755e-06
15 4.0286450588231945e-06
16 4.040743640558194e-06
17 4.096185676978544e-06
18 4.049032134590101e-06
19 3.993475830617143e-06
20 4.0053471613377475e-06
21 4.081156850888e-06
22 4.0279630259574406e-06
23 4.024716463280584e-06
24 4.193495879936324e-06
25 4.060485870915183e-06
26 4.059333945358962e-06
27 4.088131230717947e-06
28 4.048604767054914e-06
29 3.96330962018872e-06
30 4.136474824804459e-06
31 4.177596023371688e-06
32 4.041254599458011e-06
33 4.018254140367109e-06
34 4.046679403624125e-06
35 4.123040180134787e-06
36 4.147856042398992e-06
37 4.005771537738433e-06
38 4.028489032346238e-06
39 4.128022725848033e-06
40 4.0975023864094245e-06
41 4.188464202349242e-06
42 3.993969585940808e-06
43 4.134217821048464e-06
44 3.965508894006862e-06
45 4.027010371162502e-06
46 4.093931594051715e-06
47 4.056828992252583e-06
48 4.074764198783237e-06
49 4.052576222609896e-06
50 4.113406756653188e-06
51 4.089196927607616e-06
52 4.137048368035886e-06
53 4.112558187654936e-06
54 4.07114186662999e-06
55 4.178935314631986e-06
56 4.010081135886839e-06
57 4.0750126440565366e-06
58 4.0953669768484156e-06
59 4.134062981941947e-06
60 4.1147538213672685e-06
61 4.092341873098569e-06
62 4.147618935868489e-06
63 4.084030071890287e-06
64 4.053911586832088e-06
65 4.201890471081027e-06
66 4.048805383735132e-06
67 4.087866485062586e-06
68 4.104922226524721e-06
69 4.095138996890861e-06
70 4.1651375588481665e-06
71 4.093329127216587e-06
72 3.973711945243369e-06
73 4.0651863073303005e-06
74 4.207102134151508e-06
75 4.076700252867466e-06
76 4.086272195557557e-06
77 4.011785490754226e-06
78 4.037179206553852e-06
79 4.069597874902059e-06
80 4.163884770652846e-06
81 4.062808849760244e-06
82 4.1342604903296305e-06
83 3.986456928917001e-06
84 4.182395910073708e-06
85 4.001413486970568e-06
86 4.071697765742635e-06
87 4.07125617834457e-06
88 4.043731452339509e-06
89 4.031894295724822e-06
90 4.1014371004355195e-06
91 3.931732753066607e-06
92 4.09372245569776e-06
93 4.246101593084953e-06
94 4.072519132740678e-06
95 4.062566649735571e-06
96 3.954017055176374e-06
97 4.151276567362168e-06
98 4.123103093866277e-06
99 4.131254858851718e-06
100 4.140736780511684e-06
101 4.1324024539052384e-06
102 4.09818871176764e-06
103 4.202392961230621e-06
104 4.10942987141246e-06
105 4.029204114306493e-06
106 4.032719901505094e-06
107 4.218578573021331e-06
108 4.0730876665798025e-06
109 4.054298129932694e-06
110 4.074580761338907e-06
111 4.122146297810613e-06
112 3.9668459309038776e-06
113 4.0724385973642186e-06
114 4.105632886103678e-06
115 4.150307956594357e-06
116 4.155577877148213e-06
117 4.0414535977950974e-06
118 4.1339905148193585e-06
119 4.0460167913573966e-06
120 3.968856770248419e-06
121 4.167455576408848e-06
122 4.151271050455266e-06
123 4.061089680646896e-06
124 4.1135539958885e-06
125 4.109182674584071e-06
126 3.967157106505525e-06
127 4.125485877757108e-06
128 4.150417060156322e-06
129 4.0929487428084695e-06
130 4.040017181269872e-06
131 4.095064509053661e-06
132 4.0869226294160605e-06
133 4.0362378991424455e-06
134 4.022788024324475e-06
135 4.11086948316046e-06
136 4.110837063927645e-06
137 4.133290078361192e-06
138 4.086510332420954e-06
139 4.040465098194636e-06
140 4.050888117246726e-06
141 4.050983898483883e-06
142 4.152503755943487e-06
143 4.194354459022734e-06
144 4.077996556978905e-06
145 4.1221151547028955e-06
146 4.03631785449531e-06
147 4.1680884103724066e-06
148 4.038530464271233e-06
149 4.127697205034424e-06
150 4.066636715864705e-06
151 4.213276575282776e-06
152 4.030517165772209e-06
153 4.0990227413201e-06
154 4.005484383774851e-06
155 4.104377849487256e-06
156 4.03967680627325e-06
157 3.992734085996768e-06
158 4.121537031813635e-06
159 4.221613658099619e-06
160 4.153247813186517e-06
161 4.118028079769507e-06
162 4.103705377697215e-06
163 4.127411458599474e-06
164 4.007103456464927e-06
165 4.016445598164305e-06
166 4.047749597259647e-06
167 4.195487512264683e-06
168 4.153561024598662e-06
169 4.128773957555637e-06
170 4.071419668262863e-06
171 4.1253618615779805e-06
172 4.043716116353926e-06
173 4.149065564532171e-06
174 4.072157918825023e-06
175 4.127677051466606e-06
176 4.127646887058777e-06
177 4.014812453758588e-06
178 4.190648788555625e-06
179 4.0031884679429245e-06
180 4.011033011551164e-06
181 4.079402620817913e-06
182 4.1226359405175164e-06
183 4.18988686412903e-06
184 4.239210105918345e-06
185 4.24162275835974e-06
186 4.03108373711564e-06
187 4.168894126952001e-06
188 4.047630668556476e-06
189 4.068214807744841e-06
190 4.061049722016715e-06
191 4.013437622801797e-06
192 4.197684329168004e-06
193 4.054628464877584e-06
194 4.085964998002784e-06
195 4.094220380375811e-06
196 3.970375744019491e-06
197 4.107679917032635e-06
198 4.216868937041913e-06
199 4.089608388545169e-06
200 4.229714371465597e-06
201 4.17259977293722e-06
202 4.181914953781405e-06
203 4.173626993240018e-06
204 4.0446118203430055e-06
205 4.05107640993747e-06
206 4.083295741003999e-06
207 4.070618390032164e-06
208 4.16677341701128e-06
209 4.218260898111073e-06
210 4.1371432087584415e-06
211 4.100125757917419e-06
212 4.1026413444484755e-06
213 4.0979668099626984e-06
214 4.0821987674509975e-06
215 3.997017286278204e-06
216 4.21979572166552e-06
217 4.102847103854591e-06
218 4.0035096426947406e-06
219 4.052657823459059e-06
220 4.157260614713466e-06
221 4.130492329341756e-06
222 4.056488755934042e-06
223 4.086685432500732e-06
224 4.201367121962875e-06
225 4.085483587635065e-06
226 4.0146932268457205e-06
227 4.004266059942869e-06
228 4.034864171485885e-06
229 4.210140593755897e-06
230 3.922201882443249e-06
231 4.017622014632037e-06
232 4.088379454597844e-06
233 4.116140044547846e-06
234 4.149003355536054e-06
235 4.170858141255482e-06
236 4.084240910420965e-06
237 4.106289463597332e-06
238 4.082814631623682e-06
239 4.148449370918037e-06
240 4.055581756040532e-06
241 4.140405411589335e-06
242 4.005786782258313e-06
243 4.142862403110443e-06
244 4.141209178198745e-06
245 4.181760474743931e-06
246 4.0521987405254645e-06
247 4.0803196403581575e-06
248 4.040034969289764e-06
249 4.141318351872343e-06
250 4.123981800231301e-06
251 4.112827272512403e-06
252 4.084864516282505e-06
253 4.137315397538981e-06
254 4.060653640441713e-06
255 4.08071435754911e-06
256 4.192541257290112e-06
257 4.047711663123282e-06
258 4.0061683377646095e-06
259 4.1586846994791625e-06
260 4.1574079177088124e-06
261 3.942677579093423e-06
262 4.133065661452852e-06
263 4.2105228589406854e-06
264 4.120840646847376e-06
265 4.064962553139204e-06
266 4.129687706574576e-06
267 4.173289067546273e-06
268 4.155405042028823e-06
269 4.031706268519927e-06
270 4.106098291014504e-06
271 4.134584714367461e-06
272 4.055409179000414e-06
273 4.129902610188485e-06
274 4.19756842646336e-06
275 4.068213430539573e-06
276 4.050254250988096e-06
277 4.152194605841354e-06
278 4.096011285309969e-06
279 4.053988135775144e-06
280 4.126902136045817e-06
281 3.849577428861801e-06
282 4.1628205124700364e-06
283 4.135113290847515e-06
284 4.10602549270417e-06
285 4.055954086488559e-06
286 4.110549483056455e-06
287 4.22365362581751e-06
288 4.1905757086838645e-06
289 4.0847745595160565e-06
290 4.0864140226178764e-06
291 3.9422589563900995e-06
292 4.094791480442062e-06
293 4.032665984810849e-06
294 4.053030156509636e-06
295 4.0138151117593454e-06
296 3.979635230923541e-06
297 4.068894806176228e-06
298 4.09461296293905e-06
299 3.982076557474392e-06
