0 -2.0494037852579112e-06
1 -1.8969400344197327e-06
2 -2.0072968894337803e-06
3 -2.001021534857454e-06
4 -1.9581162609310845e-06
5 -2.043635483152539e-06
6 -1.9936043832028256e-06
7 -1.973348617795e-06
8 -1.9202905634836527e-06
9 -1.898001252513573e-06
10 -1.9497178892978076e-06
11 -1.9482416729560467e-06
12 -2.012184984130922e-06
13 -2.0003421372914196e-06
14 -1.9548091099636006e-06
15 -1.954895596965262e-06
16 -1.9703734924237666e-06
17 -1.9634253678764253e-06
18 -1.923202475837624e-06
19 -1.9662618146579014e-06
20 -1.9616921063968304e-06
21 -2.0056579923012555e-06
22 -1.9326126636787197e-06
23 -1.929932017301818e-06
24 -1.8370619824780827e-06
25 -1.9803200255335236e-06
26 -1.9672536931811035e-06
27 -1.9724245741398146e-06
28 -1.9727479157320317e-06
29 -1.8901187967164634e-06
30 -1.987555086454802e-06
31 -2.01029757692925e-06
32 -1.9682512311713388e-06
33 -2.006262729440692e-06
34 -1.955532661789463e-06
35 -2.0216145862442314e-06
36 -2.0055313329684423e-06
37 -1.9619824612951603e-06
38 -1.958462567772295e-06
39 -1.948991322723135e-06
40 -1.9110510335225884e-06
41 -2.000279867588729e-06
42 -1.940815498113061e-06
43 -1.9395338256110597e-06
44 -1.9951622063511272e-06
45 -2.059363283276754e-06
46 -1.99963442580709e-06
47 -1.9664311553394717e-06
48 -1.8948230860869818e-06
49 -2.0653114223214914e-06
50 -1.9523916306417393e-06
51 -1.9607947926038893e-06
52 -1.878475307790841e-06
53 -1.9482285286598386e-06
54 -1.9377849598767804e-06
55 -1.9516864338118626e-06
56 -1.9892709375625066e-06
57 -1.983391396190842e-06
58 -1.9947113757433993e-06
59 -2.0090288092907944e-06
60 -1.8512335635804698e-06
61 -1.968527767798979e-06
62 -1.9631894854031343e-06
63 -1.9803499634266623e-06
64 -2.0080971666467782e-06
65 -1.9844513067249297e-06
66 -1.9869131901474987e-06
67 -2.008599334499713e-06
68 -1.9114921674336295e-06
69 -1.9904649945762595e-06
70 -1.9989490065844643e-06
71 -1.9397057045303987e-06
72 -1.9433018274422965e-06
73 -2.000959537471032e-06
74 -1.959260676257092e-06
75 -1.904798953340162e-06
76 -1.9710281924360086e-06
77 -1.9668909300459842e-06
78 -1.9554362782394516e-06
79 -1.935495938071176e-06
80 -2.010919005794214e-06
81 -1.9712415964814594e-06
82 -2.021858936379353e-06
83 -1.9651268969499964e-06
84 -1.943052920402928e-06
85 -1.8795147389620467e-06
86 -1.8971316820625908e-06
87 -1.928869273167654e-06
88 -1.9458609782520063e-06
89 -1.9422972801052086e-06
90 -1.9049635373761592e-06
91 -1.9239634421687034e-06
92 -1.9574250208515716e-06
93 -1.9530423097307402e-06
94 -1.936289338442418e-06
95 -1.8667674272355058e-06
96 -2.0045545114593414e-06
97 -1.9003306079732832e-06
98 -1.981297501900764e-06
99 -1.988959159492904e-06
100 -1.9346855739518617e-06
101 -1.976438686991759e-06
102 -1.9525091132999537e-06
103 -1.9613928588443713e-06
104 -1.945404336470597e-06
105 -1.9650674458683193e-06
106 -1.954749317309762e-06
107 -1.988814465142535e-06
108 -1.9353217913710033e-06
109 -1.924675608800104e-06
110 -1.9461458061999076e-06
111 -1.9987464573730895e-06
112 -1.9561057818744924e-06
113 -1.991351999686565e-06
114 -2.0670099785520815e-06
115 -1.922856197507499e-06
116 -1.921914658338296e-06
117 -1.9140231412993256e-06
118 -1.982228423757177e-06
119 -2.0184372550344134e-06
120 -1.956281284399682e-06
121 -1.9876701141458746e-06
122 -1.99617892025999e-06
123 -2.0223564379351487e-06
124 -1.9488118374365438e-06
125 -2.023388972508067e-06
126 -1.93419921914786e-06
127 -1.98928602543054e-06
128 -1.956182034208129e-06
129 -2.0015823097510147e-06
130 -1.8950925655692975e-06
131 -1.916947037365514e-06
132 -2.0097900814564658e-06
133 -1.9882853900380477e-06
134 -1.9913611329109193e-06
135 -1.9718566828093716e-06
136 -1.9671523917806702e-06
137 -1.987697179418244e-06
138 -1.9391243910658147e-06
139 -1.9127047493436723e-06
140 -1.998087459079374e-06
141 -1.9612091427726083e-06
142 -1.9601103684823844e-06
143 -1.9963709823653567e-06
144 -1.9291616904195158e-06
145 -1.9705936732793778e-06
146 -1.9342493334629244e-06
147 -1.9248652416554748e-06
148 -1.962156859923195e-06
149 -1.9919295234144363e-06
150 -2.0036662305876707e-06
151 -2.0084165489391677e-06
152 -1.953627320133809e-06
153 -1.9615688345491423e-06
154 -1.958841441650966e-06
155 -1.976022732931512e-06
156 -2.026023663804225e-06
157 -1.9020951706211712e-06
158 -1.936730710923898e-06
159 -1.9349110059050847e-06
160 -1.9138417985483975e-06
161 -1.8815271854354994e-06
162 -2.0229388003979503e-06
163 -1.9965617683723365e-06
164 -1.967499422793158e-06
165 -1.922667742396969e-06
166 -1.9327248520742993e-06
167 -1.9250048487761007e-06
168 -2.0242560837202527e-06
169 -1.9790390885956335e-06
170 -1.9954825424207994e-06
171 -1.9765099417862113e-06
172 -1.8791623933139873e-06
173 -1.945488679794403e-06
174 -1.9122785722299462e-06
175 -1.993311526784433e-06
176 -1.968940788616673e-06
177 -1.9622505382987377e-06
178 -1.908671860063934e-06
179 -1.918619792710741e-06
180 -1.9667491814195373e-06
181 -1.9719999392230422e-06
182 -1.8913314935261174e-06
183 -1.925636645923467e-06
184 -2.0309397315748026e-06
185 -1.9890821651222105e-06
186 -1.976012559852432e-06
187 -2.0227477863032565e-06
188 -1.9872249721914665e-06
189 -1.953754478373199e-06
190 -1.9945670651449326e-06
191 -1.9174032452634678e-06
192 -2.0256746458898807e-06
193 -1.9773567012081552e-06
194 -2.046405574635027e-06
195 -2.0340735038248376e-06
196 -1.984481951745902e-06
197 -1.989810471501978e-06
198 -1.9750128371523444e-06
199 -1.8516458674784807e-06
200 -1.8782880957929048e-06
201 -2.0200357973904134e-06
202 -1.8822574986309575e-06
203 -1.9444371396431145e-06
204 -1.9754133323435234e-06
205 -1.934568270855979e-06
206 -1.9722012827217196e-06
207 -1.9103096601579675e-06
208 -1.9843122717930223e-06
209 -1.96262491389017e-06
210 -1.9661417130221225e-06
211 -1.989920296717269e-06
212 -1.8728899406652711e-06
213 -1.9921715189078855e-06
214 -1.955440173213354e-06
215 -2.0256890028212985e-06
216 -2.0038766785938936e-06
217 -1.947204368895647e-06
218 -1.9455165232603506e-06
219 -1.999685681062032e-06
220 -2.026300304310322e-06
221 -1.945972153402684e-06
222 -1.9487610149589545e-06
223 -1.8812284382533428e-06
224 -1.9465025897783897e-06
225 -2.0459101898369894e-06
226 -1.93845381494489e-06
227 -1.943365357278235e-06
228 -1.937438442903959e-06
229 -2.003955685794428e-06
230 -1.988338127473813e-06
231 -1.932611643526149e-06
232 -1.902027425048898e-06
233 -2.0260460478845434e-06
234 -1.943377609940201e-06
235 -1.9588829193300633e-06
236 -1.977207741917382e-06
237 -1.953566246441531e-06
238 -2.0232103048422528e-06
239 -1.9902761666003037e-06
240 -2.003785708245123e-06
241 -1.9489867295955035e-06
242 -2.0263564619120738e-06
243 -1.944765247071181e-06
244 -1.9694657995885537e-06
245 -1.9333211214260216e-06
246 -1.9263148685396928e-06
247 -1.9368528731249086e-06
248 -2.0048734095520076e-06
249 -1.927810630639032e-06
250 -1.9493779289531216e-06
251 -1.877653075094639e-06
252 -2.0064530468913145e-06
253 -1.9812331118312224e-06
254 -2.0210686520387655e-06
255 -1.925866523727993e-06
256 -1.9092149771987545e-06
257 -1.9661599289488508e-06
258 -1.9993537502114347e-06
259 -1.9537236309988195e-06
260 -1.9678372449234358e-06
261 -1.9801947897984066e-06
262 -2.047516448260838e-06
263 -2.0301767158969384e-06
264 -1.968667596083469e-06
265 -1.988945019780124e-06
266 -1.990709440193472e-06
267 -2.0187286366508613e-06
268 -2.025391671958702e-06
269 -1.9191582573211088e-06
270 -1.912746982593779e-06
271 -1.991617909394333e-06
272 -1.9372817354212316e-06
273 -1.957604245408115e-06
274 -1.9850575093067612e-06
275 -1.9094431978774107e-06
276 -2.0084066679178956e-06
277 -1.8947279233094497e-06
278 -1.934934635676854e-06
279 -2.0180152565251107e-06
280 -1.9509961936415933e-06
281 -2.0196032514563726e-06
282 -1.916763247128807e-06
283 -1.9699775484587946e-06
284 -1.9321552431425004e-06
285 -1.950299188933762e-06
286 -1.9381240940640396e-06
287 -1.90047220563269e-06
288 -1.9306941625938457e-06
289 -1.9955537981353282e-06
290 -2.0056141575047083e-06
291 -1.9232139669546736e-06
292 -1.9341065551681996e-06
293 -1.872978638798674e-06
294 -1.9549340113050326e-06
295 -1.9807624707119703e-06
296 -1.9432138782429075e-06
297 -1.954607730553752e-06
298 -1.953284150377319e-06
299 -1.94633066484312e-06
