0 -3.8462149608440994e-07
1 -4.171810728393961e-07
2 -3.6460803846831055e-07
3 -3.852145940435222e-07
4 -3.895870641315043e-07
5 -3.891138498392541e-07
6 -3.9914651832324614e-07
7 -3.817192536874781e-07
8 -3.9202744781666226e-07
9 -4.124543275331316e-07
10 -4.1156119023048327e-07
11 -3.7809240079946696e-07
12 -3.935563148197948e-07
13 -3.7512043599422126e-07
14 -3.828126681200961e-07
15 -3.9663552608174784e-07
16 -3.873762899700467e-07
17 -3.9138240705987607e-07
18 -3.7782127368209566e-07
19 -3.687211603940735e-07
20 -3.862678336174187e-07
21 -3.62162470665917e-07
22 -3.907033730451616e-07
23 -3.969943834225925e-07
24 -4.1525473059809904e-07
25 -3.692522193113124e-07
26 -3.821202649621691e-07
27 -3.855269023246395e-07
28 -3.6974659227782253e-07
29 -4.209491736305134e-07
30 -3.7942729564743767e-07
31 -3.9230987683806067e-07
32 -3.983691213592601e-07
33 -3.543718490469887e-07
34 -3.9010355420660156e-07
35 -3.781663613602085e-07
36 -3.745327034789746e-07
37 -3.777537695577091e-07
38 -4.0294106630563853e-07
39 -3.799457548109237e-07
40 -4.025430808175906e-07
41 -3.9441367191352156e-07
42 -4.048795989936956e-07
43 -4.091029061027455e-07
44 -3.6749948222157477e-07
45 -3.653707738751965e-07
46 -3.7609526076131496e-07
47 -3.8569118552037005e-07
48 -3.9782834220504855e-07
49 -3.9965784249044677e-07
50 -3.9597088744249e-07
51 -4.036548773241796e-07
52 -3.937860637811816e-07
53 -3.75788046267793e-07
54 -3.974249437511002e-07
55 -3.959224982529288e-07
56 -3.694969773495487e-07
57 -3.895107329770952e-07
58 -3.9379412616042674e-07
59 -3.818514724423026e-07
60 -4.040297880376135e-07
61 -3.6520382146499124e-07
62 -3.8110645027759847e-07
63 -3.975177143352665e-07
64 -3.8413209277173977e-07
65 -3.6643442646420544e-07
66 -4.137827609955027e-07
67 -3.6006670519734224e-07
68 -4.258053567099661e-07
69 -3.879628653562185e-07
70 -3.95550445985388e-07
71 -3.9081429654011734e-07
72 -3.7827351147711173e-07
73 -3.806836406858908e-07
74 -3.4693256662249477e-07
75 -3.920832973043172e-07
76 -3.872528789114933e-07
77 -4.204838187799948e-07
78 -3.627976479372342e-07
79 -4.0453488383878445e-07
80 -3.8281282042418974e-07
81 -3.8513173120439534e-07
82 -3.9861795414357817e-07
83 -4.019233498964997e-07
84 -3.747883044259082e-07
85 -4.217127674780236e-07
86 -3.7678591144443656e-07
87 -4.1188979716627217e-07
88 -3.6375052613587887e-07
89 -4.1427270294302563e-07
90 -3.9708100824461757e-07
91 -3.9711778921973604e-07
92 -3.93577225576688e-07
93 -3.866075914439318e-07
94 -3.517207409425846e-07
95 -3.782557553776222e-07
96 -4.391141590271679e-07
97 -3.944454997857531e-07
98 -4.091062581688169e-07
99 -3.951515031859518e-07
100 -4.1352985829925376e-07
101 -3.8407960505302805e-07
102 -3.9877547455635646e-07
103 -3.891565367201311e-07
104 -3.939753290531173e-07
105 -4.095338292118825e-07
106 -4.1366639314585777e-07
107 -4.0215225315186857e-07
108 -3.793893889107941e-07
109 -4.0082291512029255e-07
110 -3.832011199100299e-07
111 -3.6893611864445043e-07
112 -4.018587966937289e-07
113 -3.9139039159870036e-07
114 -3.75321977363945e-07
115 -3.995923799989814e-07
116 -3.932039214067854e-07
117 -4.223457544593021e-07
118 -3.998713560720456e-07
119 -3.700019167726616e-07
120 -4.095541671005492e-07
121 -3.804112342157548e-07
122 -4.062323501166172e-07
123 -3.7601549520589774e-07
124 -3.74327914946603e-07
125 -3.772936713710858e-07
126 -3.590546564597778e-07
127 -4.035595832884695e-07
128 -3.9311424374455683e-07
129 -4.014847486746087e-07
130 -4.132708152930106e-07
131 -3.8376942113528664e-07
132 -3.9150051930356905e-07
133 -3.885137075606002e-07
134 -3.898159518518087e-07
135 -3.809712971729808e-07
136 -3.925784668127483e-07
137 -3.716949659532251e-07
138 -3.679289720313191e-07
139 -4.0771262134784453e-07
140 -3.884182572359046e-07
141 -3.451272148516708e-07
142 -3.871409496963937e-07
143 -3.591407576077479e-07
144 -3.7369886353786817e-07
145 -3.784223242032448e-07
146 -3.70886130580031e-07
147 -3.6873866042101054e-07
148 -3.8639234364938965e-07
149 -3.581999381134684e-07
150 -3.8930340297770846e-07
151 -3.897053714581694e-07
152 -3.9105116600629916e-07
153 -4.0712505018141636e-07
154 -3.735723072789709e-07
155 -4.070985798135607e-07
156 -3.408325711901671e-07
157 -3.8547125110074007e-07
158 -3.9276235912020267e-07
159 -3.7670623778532405e-07
160 -3.8215998995381457e-07
161 -3.897704740386897e-07
162 -3.7387324553572787e-07
163 -3.833672996194021e-07
164 -3.981147436965971e-07
165 -4.026632502064653e-07
166 -3.719552670488927e-07
167 -3.836999630686174e-07
168 -3.7268453912722353e-07
169 -3.8560033907005425e-07
170 -3.7747014565779324e-07
171 -3.7216050774475086e-07
172 -4.219333898489904e-07
173 -3.8128008992365697e-07
174 -3.7434711000561494e-07
175 -4.1661403892478396e-07
176 -4.1377316370031e-07
177 -3.810953849246521e-07
178 -4.037480570279475e-07
179 -3.949803984248458e-07
180 -3.7629310866024925e-07
181 -4.2029271883733143e-07
182 -3.9026327068187635e-07
183 -3.816307642973569e-07
184 -3.85378587577714e-07
185 -3.7804042293099097e-07
186 -3.982438720304159e-07
187 -3.724409824907119e-07
188 -3.980251674595659e-07
189 -3.8107120088528254e-07
190 -3.891712558184433e-07
191 -4.156113349179166e-07
192 -3.475843110985066e-07
193 -3.790986252591144e-07
194 -3.641142623016931e-07
195 -3.688759072307666e-07
196 -3.873991311665951e-07
197 -3.830807067012157e-07
198 -3.8838448033563616e-07
199 -3.9948230436483347e-07
200 -4.0233012791153e-07
201 -3.7466771460557474e-07
202 -4.2425666844139564e-07
203 -3.955194293085867e-07
204 -4.0470523907524984e-07
205 -4.124172696691172e-07
206 -3.9124255169547206e-07
207 -4.108725406801121e-07
208 -4.1250316153105514e-07
209 -4.025491880859748e-07
210 -3.8997059846709493e-07
211 -3.9992279589940904e-07
212 -4.181188248740997e-07
213 -3.966491202213589e-07
214 -3.7374061573463307e-07
215 -3.618622255217671e-07
216 -3.815586984829774e-07
217 -4.1177913249299295e-07
218 -3.914010787926049e-07
219 -4.0643250604478025e-07
220 -4.090561559292749e-07
221 -3.720335579763361e-07
222 -3.7064614583421024e-07
223 -3.9266528258767084e-07
224 -3.595013482352773e-07
225 -3.832069480143153e-07
226 -4.018821528298412e-07
227 -4.0687793322230196e-07
228 -4.052991824887433e-07
229 -3.6197104317285124e-07
230 -3.709909850313613e-07
231 -3.8832179888972974e-07
232 -4.147436689248003e-07
233 -3.443106948656592e-07
234 -3.7598238206512214e-07
235 -3.760558467480774e-07
236 -4.0088448471890983e-07
237 -4.1615085948317377e-07
238 -3.628251433372908e-07
239 -3.7841870972313114e-07
240 -3.654680963515454e-07
241 -3.726061141927598e-07
242 -3.9853793789158275e-07
243 -4.1210118062671204e-07
244 -3.988937416917432e-07
245 -4.1766510182562765e-07
246 -4.4123182547976935e-07
247 -3.8727323164071755e-07
248 -3.9213397151798173e-07
249 -4.202228693468495e-07
250 -3.781999275162962e-07
251 -3.9158060642278897e-07
252 -3.722692865474348e-07
253 -3.8303978960986224e-07
254 -3.870298923694559e-07
255 -3.701603650069396e-07
256 -4.083288073992578e-07
257 -3.4900384330045723e-07
258 -3.7691603873297423e-07
259 -4.04260970585222e-07
260 -3.914527762697242e-07
261 -3.650269460509732e-07
262 -3.8917537549282934e-07
263 -3.680822167989766e-07
264 -3.5669027038101334e-07
265 -3.860057519562453e-07
266 -4.040971610270788e-07
267 -3.6916553831826567e-07
268 -3.770985426764745e-07
269 -4.0898569844714353e-07
270 -4.0123520770819206e-07
271 -3.6758708853024394e-07
272 -3.68177238354301e-07
273 -4.185401414254223e-07
274 -3.919234481462582e-07
275 -4.3294218150610746e-07
276 -3.689769930104026e-07
277 -3.7683150526947906e-07
278 -4.0169999887392354e-07
279 -3.8119993686529935e-07
280 -4.189181528768764e-07
281 -3.7783963526433204e-07
282 -3.907585277213845e-07
283 -3.8227661458148394e-07
284 -4.008573094168045e-07
285 -4.071614378997306e-07
286 -3.951908512627223e-07
287 -4.0650845957316054e-07
288 -3.740110222449961e-07
289 -3.7015266216198895e-07
290 -3.499476042177343e-07
291 -3.866635495570614e-07
292 -4.085279583885195e-07
293 -4.1037566681862177e-07
294 -4.0709162617886313e-07
295 -4.0438261804659183e-07
296 -4.098249909524444e-07
297 -3.970038932761433e-07
298 -3.9670613152581064e-07
299 -3.9982306162468296e-07
