0 3.7121784732301637e-07
1 4.751804758102778e-07
2 4.413482279486986e-07
3 3.7665862660145785e-07
4 4.1615388197912183e-07
5 3.593539007973263e-07
6 3.9151548119232176e-07
7 4.389871553454374e-07
8 4.4602325521886126e-07
9 4.4800806849446e-07
10 3.830095115016553e-07
11 4.821963304271992e-07
12 4.087637031388599e-07
13 4.09423640843319e-07
14 4.5888009298561125e-07
15 4.0583648164941103e-07
16 4.046390253251564e-07
17 4.4341573410292013e-07
18 4.702975584824078e-07
19 4.785303446330776e-07
20 4.222026700182657e-07
21 4.096546680501764e-07
22 4.4775988405579346e-07
23 4.75050565234575e-07
24 5.142082666901059e-07
25 4.6655914091384613e-07
26 4.3224196905557214e-07
27 4.399347846324002e-07
28 4.626230536436799e-07
29 4.45166946787539e-07
30 4.2066113426593276e-07
31 3.8975508629381586e-07
32 3.9960984310312486e-07
33 4.712678978225417e-07
34 4.2666206253614194e-07
35 4.6050064197880954e-07
36 4.3275509469821933e-07
37 4.6167333034801385e-07
38 4.015780102662784e-07
39 4.772269122656193e-07
40 4.3422010460221654e-07
41 3.776022093803584e-07
42 4.1588107619411616e-07
43 3.8171343910643623e-07
44 4.581960398270175e-07
45 4.0596786781170804e-07
46 4.3127242429276034e-07
47 4.1309230464579247e-07
48 4.7367852520560363e-07
49 3.301550324107911e-07
50 4.3900133841369913e-07
51 3.712183369916041e-07
52 5.042968543303088e-07
53 4.600184506537016e-07
54 4.38689696677631e-07
55 4.3464944802783176e-07
56 4.3432333562990083e-07
57 4.353952922644927e-07
58 3.906863779916385e-07
59 4.6255172333679425e-07
60 5.113234963943895e-07
61 4.609335350240422e-07
62 4.4886517421895673e-07
63 4.174973463067129e-07
64 4.343873636657467e-07
65 4.6072178543192034e-07
66 3.5947611896898524e-07
67 4.505884442876351e-07
68 3.46032734871076e-07
69 3.947831292200416e-07
70 3.893412076730543e-07
71 4.294684564641318e-07
72 4.5904372854579117e-07
73 4.1045945559042444e-07
74 5.151521134138031e-07
75 4.630838258416427e-07
76 4.048144594729613e-07
77 4.051706856872817e-07
78 5.034313180790125e-07
79 4.3870359446533596e-07
80 3.8498924094987964e-07
81 4.3498986706569275e-07
82 3.955167464874839e-07
83 3.94484301263532e-07
84 4.59820549532753e-07
85 4.364636937258412e-07
86 5.07170442529131e-07
87 4.677168562036983e-07
88 5.018724816704346e-07
89 4.2032942546272916e-07
90 4.98466461272369e-07
91 4.830022528577547e-07
92 4.1535567592271853e-07
93 4.457689441221714e-07
94 5.270411041350838e-07
95 5.564992854797427e-07
96 3.256948677784854e-07
97 4.797482319312918e-07
98 3.762801675400388e-07
99 4.149948415634078e-07
100 4.3465758752223434e-07
101 4.207444371863351e-07
102 4.2181682229609674e-07
103 4.2560919225372204e-07
104 4.021326057670915e-07
105 3.8142960289293867e-07
106 4.196044469302262e-07
107 3.8372183785713476e-07
108 5.011496024584679e-07
109 4.6725044512626946e-07
110 4.510924882063945e-07
111 4.803379520496674e-07
112 3.896072521929761e-07
113 4.1175499215986325e-07
114 3.7332277334075454e-07
115 4.172375879651378e-07
116 4.6199107530502536e-07
117 4.151835731410109e-07
118 3.5668576297255585e-07
119 4.2509142674519104e-07
120 4.003260145641813e-07
121 4.5330451988045247e-07
122 3.3700198971373635e-07
123 4.3955512556841226e-07
124 4.878622497626198e-07
125 3.7490285782375314e-07
126 4.930230560993651e-07
127 3.913792211143346e-07
128 4.293612180366227e-07
129 3.8308241491728796e-07
130 4.5601067869785196e-07
131 4.7409027435605074e-07
132 3.56728953493331e-07
133 4.0704661421991965e-07
134 4.09382981596284e-07
135 3.919118114019677e-07
136 3.997492916114939e-07
137 4.556600479968326e-07
138 5.020277880915113e-07
139 4.247138841739801e-07
140 4.0201310433887763e-07
141 5.181132172656797e-07
142 4.4661603559227453e-07
143 4.760138289973581e-07
144 5.171620177984303e-07
145 4.0356443998791544e-07
146 4.66064242428215e-07
147 4.941044780799837e-07
148 4.2418051220776917e-07
149 4.423818691059005e-07
150 3.94874383818794e-07
151 4.122355930617391e-07
152 4.399544931253126e-07
153 3.823636864626025e-07
154 4.4311785141016427e-07
155 3.904887162525656e-07
156 4.4389897772449644e-07
157 4.6893674130742616e-07
158 4.763613180400011e-07
159 4.942541240547404e-07
160 4.971661773016488e-07
161 4.6744553043040296e-07
162 4.3952697655736463e-07
163 3.731981862109898e-07
164 4.177062060542918e-07
165 4.3008506077031276e-07
166 4.895504841529689e-07
167 4.851112107099887e-07
168 4.2928935422252957e-07
169 4.1288385127824775e-07
170 4.499948301971201e-07
171 4.1508324865111816e-07
172 4.3884050080757566e-07
173 4.918647702310304e-07
174 4.917372801690568e-07
175 3.54729289036422e-07
176 3.4138760290175006e-07
177 4.307262912360084e-07
178 4.7259365172199594e-07
179 4.681841395076177e-07
180 4.341965431927978e-07
181 3.479043547863685e-07
182 4.792949084927462e-07
183 4.436914547856628e-07
184 3.8048962300958137e-07
185 4.0104973595948033e-07
186 4.1711068653005274e-07
187 4.1645072453967283e-07
188 3.8820420414742836e-07
189 4.590322999461089e-07
190 4.195532251689503e-07
191 4.5521533942597075e-07
192 4.771231690408627e-07
193 4.4341018935543707e-07
194 4.073586446344054e-07
195 3.925847289614838e-07
196 4.0837806638279085e-07
197 4.2547054699206175e-07
198 4.2583605210531667e-07
199 4.875418245536603e-07
200 5.004666245714811e-07
201 4.3750227089150024e-07
202 4.7011223709851e-07
203 4.442461268065864e-07
204 3.629347371527762e-07
205 3.825525449323795e-07
206 4.180506467595749e-07
207 4.4873683867098175e-07
208 3.706052299714648e-07
209 3.850750719323467e-07
210 4.6604944663321427e-07
211 4.011860738036822e-07
212 4.3690872706983157e-07
213 3.784873480682446e-07
214 4.70898847000275e-07
215 3.9571299332898727e-07
216 4.3124158037163804e-07
217 3.9375692142494404e-07
218 4.217445783703237e-07
219 3.904951244051048e-07
220 3.615340231193658e-07
221 5.032315003028557e-07
222 5.128274556446867e-07
223 4.5979361282036257e-07
224 4.990536473219567e-07
225 3.870136732354308e-07
226 4.5848726506656165e-07
227 4.359485546775844e-07
228 4.2616420374587995e-07
229 3.8945631369050095e-07
230 4.35378920429597e-07
231 4.800377267241097e-07
232 4.192357753692927e-07
233 4.6010136132921726e-07
234 4.85125682976752e-07
235 4.401814864816564e-07
236 3.8164732974260785e-07
237 3.761192596752442e-07
238 4.4735903936393365e-07
239 4.4152009721668964e-07
240 4.353066467299861e-07
241 5.084471138157013e-07
242 3.9256500300891434e-07
243 3.8406047748234317e-07
244 3.8350899538931077e-07
245 3.838400210563639e-07
246 4.293042397121734e-07
247 4.5933148993937804e-07
248 3.781321512939774e-07
249 4.003429300266022e-07
250 4.843527864034681e-07
251 5.120216603780696e-07
252 4.1528806850826486e-07
253 4.3539241662741886e-07
254 3.7569758746019823e-07
255 5.343103906498116e-07
256 4.5001286476211864e-07
257 4.973805490312504e-07
258 4.185729019218079e-07
259 4.064942610078381e-07
260 4.285774812782113e-07
261 4.563534184224959e-07
262 3.5535325763230117e-07
263 3.846368612709792e-07
264 4.4514793887926665e-07
265 4.511032071049246e-07
266 3.691399379268084e-07
267 4.5689450172973115e-07
268 4.4301423903072175e-07
269 4.6337398009676413e-07
270 4.3294934379495135e-07
271 4.241493406930105e-07
272 4.809510036172304e-07
273 3.3841236566748555e-07
274 4.2270499630352273e-07
275 3.9260455290621583e-07
276 4.709360010586327e-07
277 5.394336364995825e-07
278 4.037737859867982e-07
279 3.8351767504299774e-07
280 3.7415444010506375e-07
281 4.3050735657489227e-07
282 4.727407168200395e-07
283 4.176665314537103e-07
284 4.021740758605249e-07
285 4.358427985282834e-07
286 4.5159528902888944e-07
287 4.418671711378854e-07
288 4.5731032249864905e-07
289 4.003105024607304e-07
290 4.6166436420403734e-07
291 4.6942342835023814e-07
292 4.278108201617887e-07
293 4.837105513316125e-07
294 3.990816903687397e-07
295 4.313289081701361e-07
296 3.985202341802933e-07
297 4.1718514684996115e-07
298 4.24178185752584e-07
299 4.4376474973993486e-07
