0 -4.120572438663576e-08
1 -4.0572027543358136e-08
2 -3.728760315167668e-08
3 -3.799852790357833e-08
4 -4.18924705235547e-08
5 -3.899402475080221e-08
6 -3.969825675260138e-08
7 -4.310231300451795e-08
8 -4.005405221119719e-08
9 -3.9664035444340274e-08
10 -3.626270553381482e-08
11 -4.264368368480043e-08
12 -4.366710271500412e-08
13 -4.2287632883966995e-08
14 -4.1546748726599256e-08
15 -4.092759488614065e-08
16 -4.022829852287369e-08
17 -4.2120537884757186e-08
18 -3.826836843349615e-08
19 -3.735037692396198e-08
20 -3.6070609188154635e-08
21 -3.9490067334037875e-08
22 -3.970948460621917e-08
23 -4.5325351330456425e-08
24 -4.402517295358265e-08
25 -4.12304371954169e-08
26 -3.3769425474467096e-08
27 -3.720099473387879e-08
28 -3.554751228148843e-08
29 -3.981491104013207e-08
30 -4.024191274862074e-08
31 -3.948516806309893e-08
32 -3.410739011455597e-08
33 -3.859010840553026e-08
34 -3.7074085389203754e-08
35 -4.660660495598373e-08
36 -3.932488004967008e-08
37 -3.665863569203022e-08
38 -3.7756358129984696e-08
39 -4.541634729346211e-08
40 -3.942506318622638e-08
41 -3.5919866166189496e-08
42 -3.414910525613721e-08
43 -3.741871574572522e-08
44 -3.931892996955936e-08
45 -3.871824332558519e-08
46 -4.4062107784356604e-08
47 -3.4488991174635025e-08
48 -3.974615093230349e-08
49 -4.2362257015602755e-08
50 -4.233138817898242e-08
51 -3.442951842554477e-08
52 -4.0990592454180464e-08
53 -4.115905232710175e-08
54 -4.023103167190708e-08
55 -4.200418861355146e-08
56 -3.660665490192296e-08
57 -4.267234008853484e-08
58 -3.766749931309936e-08
59 -4.465177147196553e-08
60 -4.129129188715266e-08
61 -3.933996691011838e-08
62 -4.096127378944657e-08
63 -4.2484657226080505e-08
64 -4.0542751099005146e-08
65 -4.0104505523249744e-08
66 -3.9956682223982136e-08
67 -4.23844365146609e-08
68 -3.5880756186079934e-08
69 -3.752286137717044e-08
70 -3.984260196352175e-08
71 -4.089174147009617e-08
72 -4.180847125788615e-08
73 -3.965067233149867e-08
74 -4.121445228990549e-08
75 -3.952573648437198e-08
76 -3.9083273079241717e-08
77 -4.9119786968221945e-08
78 -3.86780528979759e-08
79 -4.240967982496153e-08
80 -4.40914037619475e-08
81 -4.1097912929707254e-08
82 -4.6529761491236096e-08
83 -3.6489916232068966e-08
84 -3.420854656778984e-08
85 -3.634494028968216e-08
86 -3.632639911414211e-08
87 -4.403449691780307e-08
88 -4.3765294400796955e-08
89 -3.7715345155544026e-08
90 -3.9079624297955475e-08
91 -4.1610208715523155e-08
92 -4.0696293571820475e-08
93 -3.689389028078689e-08
94 -3.242146277761944e-08
95 -4.3515826141527534e-08
96 -4.0479124569569016e-08
97 -4.665853234421196e-08
98 -3.696861210047606e-08
99 -4.125359344240752e-08
100 -4.3642039302857355e-08
101 -4.305867455696855e-08
102 -3.7684637921151576e-08
103 -3.736924652787349e-08
104 -3.3275684822370436e-08
105 -4.050156134081787e-08
106 -4.1640416796589264e-08
107 -4.339199922944883e-08
108 -4.0453511368694575e-08
109 -4.301693263807614e-08
110 -3.636958487432644e-08
111 -3.742625425370785e-08
112 -3.618836723464483e-08
113 -4.616929795186909e-08
114 -4.037680674510238e-08
115 -3.709756122767453e-08
116 -4.225955068312797e-08
117 -4.217752295781573e-08
118 -3.873944680362972e-08
119 -3.844519064640959e-08
120 -3.7643509113086206e-08
121 -4.1450481979121715e-08
122 -4.114297688197751e-08
123 -4.548304440487889e-08
124 -3.890273296905134e-08
125 -3.924235345143538e-08
126 -3.629755668103873e-08
127 -4.0639771537225705e-08
128 -3.587776950567754e-08
129 -3.986116098863311e-08
130 -4.1719756460704344e-08
131 -3.5355950515441174e-08
132 -4.045430051768275e-08
133 -4.0806396613633577e-08
134 -3.685757577092794e-08
135 -3.457970368240956e-08
136 -3.6215816132777754e-08
137 -3.950497553570372e-08
138 -3.816289974078255e-08
139 -4.0600133951724624e-08
140 -4.03451467852613e-08
141 -3.740598109474675e-08
142 -3.8968720106135213e-08
143 -3.803169134153952e-08
144 -3.414243771573896e-08
145 -3.652706924420617e-08
146 -3.87063507678841e-08
147 -4.045169754589147e-08
148 -4.0364744573092184e-08
149 -3.9835671868773866e-08
150 -4.0333021325042466e-08
151 -3.992653961628161e-08
152 -3.9747799378031524e-08
153 -4.159921079656417e-08
154 -3.966974168138241e-08
155 -3.9038368013449997e-08
156 -3.4357546227599245e-08
157 -3.79563630617459e-08
158 -4.578556497085735e-08
159 -3.895704828149794e-08
160 -3.865013044662018e-08
161 -3.951753120390752e-08
162 -3.9035465577314924e-08
163 -3.879571715953925e-08
164 -4.357748494453046e-08
165 -3.9952887668453766e-08
166 -3.4839202774069956e-08
167 -3.7073437680781715e-08
168 -3.649826534283338e-08
169 -3.7566419848049114e-08
170 -4.122237726658458e-08
171 -3.943690509522092e-08
172 -4.461168162632098e-08
173 -4.1923926511479556e-08
174 -3.8680994933308486e-08
175 -3.958366069093441e-08
176 -4.432183681077094e-08
177 -3.594385068760494e-08
178 -3.662701533531393e-08
179 -3.626542776056661e-08
180 -3.9270655697959087e-08
181 -4.300495464143084e-08
182 -3.879720385148675e-08
183 -3.792596861382207e-08
184 -4.256119415910801e-08
185 -3.388905587817021e-08
186 -4.2392493732275794e-08
187 -4.507949931326833e-08
188 -4.0031607394854455e-08
189 -4.0209170577568494e-08
190 -4.290013402023217e-08
191 -3.4283324159818693e-08
192 -4.3906696663675685e-08
193 -3.715648440038439e-08
194 -3.364388099673785e-08
195 -4.336051019107395e-08
196 -4.268134987281808e-08
197 -4.048955180385449e-08
198 -4.0501607142920516e-08
199 -3.4876760981575004e-08
200 -3.90399727053473e-08
201 -4.387908021557332e-08
202 -4.3024553549365766e-08
203 -3.8432459713105954e-08
204 -4.4133044549811074e-08
205 -4.097005197163103e-08
206 -3.951554214473023e-08
207 -4.153993346509312e-08
208 -4.5381418979884436e-08
209 -3.532253426440967e-08
210 -4.0171475120683215e-08
211 -4.2907586494052073e-08
212 -4.477674652058905e-08
213 -3.571060520099883e-08
214 -3.844030345384664e-08
215 -3.232406367729646e-08
216 -4.233509949441305e-08
217 -3.8927909905348105e-08
218 -3.8054580408520196e-08
219 -4.0675941275319626e-08
220 -4.410831407617997e-08
221 -4.0416145528070064e-08
222 -3.9998872207961774e-08
223 -3.785141299191326e-08
224 -3.861209823272993e-08
225 -4.423972065495186e-08
226 -4.017190967797153e-08
227 -4.139266255301528e-08
228 -4.056214652031139e-08
229 -3.827257552630608e-08
230 -4.0592146868440994e-08
231 -4.176736737088932e-08
232 -3.87231427836975e-08
233 -3.6883201087409355e-08
234 -3.7590144126627456e-08
235 -3.362506790238565e-08
236 -4.258895621320672e-08
237 -3.908054173964943e-08
238 -3.754125550355807e-08
239 -3.834411684632581e-08
240 -4.273351454164239e-08
241 -3.751849365232533e-08
242 -3.976160694018568e-08
243 -3.9571363526057777e-08
244 -3.822735407406943e-08
245 -4.0039081295656865e-08
246 -4.3708317416164196e-08
247 -3.9161885341157015e-08
248 -4.0408008042127564e-08
249 -4.131310302673143e-08
250 -4.152388095742794e-08
251 -3.624699939581548e-08
252 -4.0632396964424676e-08
253 -4.0682404820831415e-08
254 -4.10168872598532e-08
255 -3.9902337704074075e-08
256 -3.9963494646108524e-08
257 -3.140665404109086e-08
258 -3.8101163665808263e-08
259 -3.882376892775638e-08
260 -4.065181387509188e-08
261 -4.1018806383726276e-08
262 -4.0839844902089523e-08
263 -3.4026598466271244e-08
264 -3.316826105468896e-08
265 -4.251535859718389e-08
266 -4.0146932532398225e-08
267 -3.820580672502355e-08
268 -4.4880961821640886e-08
269 -4.499219658266891e-08
270 -4.02475372662861e-08
271 -3.681539145243864e-08
272 -3.6821532403001945e-08
273 -4.1160577648043925e-08
274 -4.570168470272033e-08
275 -3.9499747219962735e-08
276 -3.8543747227945585e-08
277 -3.534663521964314e-08
278 -4.081628031989458e-08
279 -3.7950749152479526e-08
280 -3.82216253972454e-08
281 -3.8289087191776515e-08
282 -4.465316215648705e-08
283 -3.9079628227861707e-08
284 -4.0957591252321805e-08
285 -4.4138819150682345e-08
286 -4.062832803955791e-08
287 -4.0013652936852286e-08
288 -3.985718808967442e-08
289 -3.6848108983997495e-08
290 -4.122735751327477e-08
291 -4.225038365074676e-08
292 -4.605065638703686e-08
293 -4.2828479678608905e-08
294 -4.1397457197227996e-08
295 -4.4958222875161445e-08
296 -3.963167971867186e-08
297 -4.290571776060322e-08
298 -3.8758187602844716e-08
299 -4.063500517510837e-08
