0 -1.69500446426188e-06
1 -1.5302617211183533e-06
2 -1.6228052454176686e-06
3 -1.653060942797813e-06
4 -1.600258895204002e-06
5 -1.697146116206585e-06
6 -1.6437239211414614e-06
7 -1.5993724679015906e-06
8 -1.5561142117799155e-06
9 -1.5419151574862651e-06
10 -1.6141132334552226e-06
11 -1.5586047983783898e-06
12 -1.6487168636971071e-06
13 -1.6344858636574471e-06
14 -1.576411261845373e-06
15 -1.6042838112480513e-06
16 -1.6152451041935599e-06
17 -1.593283507088293e-06
18 -1.542284159925772e-06
19 -1.5723215429636488e-06
20 -1.599987570654913e-06
21 -1.634642754081646e-06
22 -1.5651341500102246e-06
23 -1.5530984795405911e-06
24 -1.4620941541877134e-06
25 -1.5904909340044982e-06
26 -1.598937482340402e-06
27 -1.5995003642220697e-06
28 -1.5857898373574066e-06
29 -1.5405208798321497e-06
30 -1.6193066054829609e-06
31 -1.656429495802272e-06
32 -1.6198014274769587e-06
33 -1.6050711321177433e-06
34 -1.5935695572479724e-06
35 -1.6295080886741158e-06
36 -1.627950657013233e-06
37 -1.5791409061720375e-06
38 -1.6110118121989936e-06
39 -1.5625109191865054e-06
40 -1.556832206413036e-06
41 -1.6533382672631728e-06
42 -1.5897957358356773e-06
43 -1.6058299954575323e-06
44 -1.6052431736594093e-06
45 -1.6809102664740522e-06
46 -1.6231544569890483e-06
47 -1.6076386315062664e-06
48 -1.5243763593765573e-06
49 -1.731319292806685e-06
50 -1.5866982769443533e-06
51 -1.626449405456856e-06
52 -1.4954296228685018e-06
53 -1.5681492888376355e-06
54 -1.574362734411805e-06
55 -1.5883553684987876e-06
56 -1.6125777174893629e-06
57 -1.6108637951076407e-06
58 -1.642750239701031e-06
59 -1.6191041835682769e-06
60 -1.4720953650979071e-06
61 -1.5812247775619625e-06
62 -1.5867746017319911e-06
63 -1.6204082668438946e-06
64 -1.6327451486613105e-06
65 -1.5946211241346197e-06
66 -1.6572787791624404e-06
67 -1.6184837813635944e-06
68 -1.6043253452188318e-06
69 -1.636314199576292e-06
70 -1.647258702955012e-06
71 -1.5792641434964792e-06
72 -1.5654692660730301e-06
73 -1.635702021865549e-06
74 -1.5441423869062393e-06
75 -1.5354453701527376e-06
76 -1.6147622194023047e-06
77 -1.6208959195236715e-06
78 -1.5511717859053057e-06
79 -1.5747628171130516e-06
80 -1.6564777756957655e-06
81 -1.6010946840402633e-06
82 -1.6640479504215856e-06
83 -1.6196609053570291e-06
84 -1.5637164799826557e-06
85 -1.5352233579753682e-06
86 -1.5052712558024248e-06
87 -1.5589725011010573e-06
88 -1.5435202898116415e-06
89 -1.5926903175712832e-06
90 -1.521136300300876e-06
91 -1.5436784837553341e-06
92 -1.600354564667697e-06
93 -1.5807427308218707e-06
94 -1.5219334478943625e-06
95 -1.4565146920307715e-06
96 -1.695078088955075e-06
97 -1.5241992286618185e-06
98 -1.6432882672100437e-06
99 -1.6280544173308496e-06
100 -1.580138280364548e-06
101 -1.6106054066974395e-06
102 -1.5969417948757657e-06
103 -1.5988905865067574e-06
104 -1.5965444703655498e-06
105 -1.6268108021743675e-06
106 -1.602326238826093e-06
107 -1.644195698053601e-06
108 -1.5398318971126243e-06
109 -1.5519677636404155e-06
110 -1.5726134677688014e-06
111 -1.5992402297893633e-06
112 -1.613871008985988e-06
113 -1.6302473587931211e-06
114 -1.7062468359279784e-06
115 -1.5735051098376456e-06
116 -1.549618773168882e-06
117 -1.5741569746994477e-06
118 -1.6504890933143918e-06
119 -1.6400110399265396e-06
120 -1.6115033957270135e-06
121 -1.6056117642201776e-06
122 -1.672040938939757e-06
123 -1.6378186389268227e-06
124 -1.554443525519267e-06
125 -1.668945101570669e-06
126 -1.535998722122613e-06
127 -1.6410800571081693e-06
128 -1.5933366189326463e-06
129 -1.6550849616276372e-06
130 -1.5370890919839607e-06
131 -1.5383574630351728e-06
132 -1.6713498484087196e-06
133 -1.6290026765235157e-06
134 -1.631217039413362e-06
135 -1.62021606199415e-06
136 -1.6172093264092168e-06
137 -1.601820363850809e-06
138 -1.539439520874127e-06
139 -1.5636084117037729e-06
140 -1.638630016393668e-06
141 -1.5434991539158952e-06
142 -1.5882349412500667e-06
143 -1.5965293777818549e-06
144 -1.5254373562594752e-06
145 -1.6123843403894744e-06
146 -1.551949827318561e-06
147 -1.530877972743809e-06
148 -1.5987106769670658e-06
149 -1.606155938704435e-06
150 -1.6479116273347399e-06
151 -1.6440680716049674e-06
152 -1.5865074437258202e-06
153 -1.6235405914767838e-06
154 -1.584682000927794e-06
155 -1.631574432199269e-06
156 -1.6305248292280446e-06
157 -1.5278838650432468e-06
158 -1.555152119633012e-06
159 -1.542282625805392e-06
160 -1.5238423164786525e-06
161 -1.512806317658858e-06
162 -1.6395143715482256e-06
163 -1.648786516000295e-06
164 -1.6097539066940248e-06
165 -1.5688798407520516e-06
166 -1.5411837851380174e-06
167 -1.539974233691013e-06
168 -1.6456320961378914e-06
169 -1.61789191936233e-06
170 -1.6131241710370498e-06
171 -1.6097150188812936e-06
172 -1.5347335216687482e-06
173 -1.5526914396576185e-06
174 -1.5228392595428167e-06
175 -1.6655160571111266e-06
176 -1.6497086401266112e-06
177 -1.5958428689189974e-06
178 -1.539597406809604e-06
179 -1.5459276170245373e-06
180 -1.5955582359406987e-06
181 -1.6518269091113589e-06
182 -1.5165560450622505e-06
183 -1.5582746287479016e-06
184 -1.6756585574183627e-06
185 -1.6295190231844013e-06
186 -1.6179464618830637e-06
187 -1.6478300003517994e-06
188 -1.6386999457424318e-06
189 -1.5732099664872838e-06
190 -1.6280683861894307e-06
191 -1.5565372008248889e-06
192 -1.6166739525829667e-06
193 -1.6003321227049821e-06
194 -1.6693006749430972e-06
195 -1.668831925481686e-06
196 -1.6256284513302873e-06
197 -1.6204383074002092e-06
198 -1.6095582313934297e-06
199 -1.4828821879237234e-06
200 -1.498657579093184e-06
201 -1.6367068439540747e-06
202 -1.5231258263696993e-06
203 -1.5782582435672347e-06
204 -1.6427549651096026e-06
205 -1.603597801610099e-06
206 -1.6119474084166288e-06
207 -1.5516155682358115e-06
208 -1.6505133396057517e-06
209 -1.62196584828776e-06
210 -1.584840187213386e-06
211 -1.6364157520722679e-06
212 -1.527935527614559e-06
213 -1.6477809921632783e-06
214 -1.5693486743260515e-06
215 -1.6568224596126422e-06
216 -1.6295993085103774e-06
217 -1.608095625049191e-06
218 -1.58668906721513e-06
219 -1.6514966175098798e-06
220 -1.687880775580889e-06
221 -1.5454501026377632e-06
222 -1.5413629320730557e-06
223 -1.5171591796390492e-06
224 -1.5436270891989766e-06
225 -1.6845546054524762e-06
226 -1.5681400260467367e-06
227 -1.5844588085919694e-06
228 -1.5829738316182455e-06
229 -1.6416282951021178e-06
230 -1.611268756676966e-06
231 -1.5504314221731548e-06
232 -1.5597156880320825e-06
233 -1.6222677775933712e-06
234 -1.5520293207883426e-06
235 -1.5859941347600035e-06
236 -1.6351586571956223e-06
237 -1.622048881448755e-06
238 -1.632751553847858e-06
239 -1.6112490209748298e-06
240 -1.6223413646008884e-06
241 -1.5458211594484934e-06
242 -1.6701075124790387e-06
243 -1.609526826443509e-06
244 -1.6262275212891175e-06
245 -1.6024382089391889e-06
246 -1.5835124523409282e-06
247 -1.5622410317221616e-06
248 -1.6566873623109306e-06
249 -1.5910847310223114e-06
250 -1.5585606537217656e-06
251 -1.4900390122580287e-06
252 -1.6345628500970822e-06
253 -1.6098719047939729e-06
254 -1.669464115668903e-06
255 -1.5142702836349466e-06
256 -1.5494386651247007e-06
257 -1.557990113380921e-06
258 -1.6294822482136124e-06
259 -1.6055638412275136e-06
260 -1.6030393434062565e-06
261 -1.592553580125966e-06
262 -1.7026921331596417e-06
263 -1.6680785429690307e-06
264 -1.585547678411055e-06
265 -1.6086173479722033e-06
266 -1.6533279887744223e-06
267 -1.62629386326298e-06
268 -1.6401260828860699e-06
269 -1.5523349384389058e-06
270 -1.557885131290663e-06
271 -1.6163267059176017e-06
272 -1.5465845321878892e-06
273 -1.644506630083449e-06
274 -1.6207508014971153e-06
275 -1.5828561170047155e-06
276 -1.6109451957381465e-06
277 -1.48759171518623e-06
278 -1.5893922452185736e-06
279 -1.6610358421572208e-06
280 -1.62346963051091e-06
281 -1.6418443269207747e-06
282 -1.5408596168178041e-06
283 -1.6061716498572464e-06
284 -1.5885275971786706e-06
285 -1.5897257608994383e-06
286 -1.569285850477679e-06
287 -1.547098612273697e-06
288 -1.5535690513807715e-06
289 -1.6324911624647707e-06
290 -1.6074210731452267e-06
291 -1.5464302242720688e-06
292 -1.5808367244608647e-06
293 -1.5043211356588053e-06
294 -1.6110016569144769e-06
295 -1.6167594411333739e-06
296 -1.601843274608584e-06
297 -1.598761146062067e-06
298 -1.5952567847280605e-06
299 -1.5810891512257084e-06
