0 -1.631152570591159e-07
1 -2.335574760613428e-07
2 -1.5395471934062495e-07
3 -1.6618106897194297e-07
4 -1.8145087881288993e-07
5 -1.670649364407741e-07
6 -1.8994072955380138e-07
7 -1.755557869076829e-07
8 -2.039630411809334e-07
9 -2.1660688463295787e-07
10 -2.0346746648352746e-07
11 -1.904369577918229e-07
12 -1.7084962512860127e-07
13 -1.7226469428120153e-07
14 -1.920867417836719e-07
15 -1.933978786994989e-07
16 -1.7856154998355826e-07
17 -1.850872550433131e-07
18 -1.9331110946388334e-07
19 -1.7610258526519239e-07
20 -1.9241489730550865e-07
21 -1.4987136020211753e-07
22 -2.023595751765539e-07
23 -1.9863904205295012e-07
24 -2.386469113543192e-07
25 -1.7920475684532365e-07
26 -1.865310700816753e-07
27 -1.9092129012106686e-07
28 -1.7897305238795298e-07
29 -2.396354630781768e-07
30 -1.8291732446899686e-07
31 -1.7478312011095763e-07
32 -1.880629904069134e-07
33 -1.5420650072455647e-07
34 -1.9374450876063218e-07
35 -1.6592758972169324e-07
36 -1.6840799981742462e-07
37 -1.9452265068187524e-07
38 -2.0088876666336912e-07
39 -1.8811992630829873e-07
40 -2.1413414194559583e-07
41 -1.8655341734057272e-07
42 -2.0549905530506338e-07
43 -2.108048704296058e-07
44 -1.7416998454386532e-07
45 -1.594605912736756e-07
46 -1.74679371647815e-07
47 -1.9279559727634378e-07
48 -2.1909445462631823e-07
49 -1.6569328460896115e-07
50 -2.0043101345354694e-07
51 -1.9239150668711448e-07
52 -2.2228706461467869e-07
53 -1.8027525496715052e-07
54 -2.0429806570313573e-07
55 -1.9537134944317108e-07
56 -1.6854726720424497e-07
57 -1.897682165675638e-07
58 -1.8293922915232909e-07
59 -1.7155707365050463e-07
60 -2.390885503394453e-07
61 -1.7346511743383431e-07
62 -1.8159656961672147e-07
63 -1.9143680388157058e-07
64 -1.698135759954478e-07
65 -1.7012485749429e-07
66 -1.911277353739985e-07
67 -1.5742544506364605e-07
68 -2.225508590927076e-07
69 -1.8031459254701704e-07
70 -1.8333356823679376e-07
71 -1.8746805635983597e-07
72 -1.8706253947654456e-07
73 -1.6201333081068117e-07
74 -1.6442303010604598e-07
75 -2.0435914553468198e-07
76 -1.8360411368216314e-07
77 -1.9865551925733997e-07
78 -1.8309248153948546e-07
79 -2.0118021508258613e-07
80 -1.5754802296467913e-07
81 -1.847619291391404e-07
82 -1.870854776911251e-07
83 -1.971642760187494e-07
84 -1.9346323699309613e-07
85 -2.3113314427460647e-07
86 -2.0969572091952824e-07
87 -2.246402440176677e-07
88 -1.8312167342087587e-07
89 -2.1992027959331712e-07
90 -2.2438857101747044e-07
91 -2.1068556976843815e-07
92 -1.9185431010544033e-07
93 -1.927302169523429e-07
94 -1.8744912057737838e-07
95 -2.046430110206025e-07
96 -2.0498414926165908e-07
97 -2.1067654237292834e-07
98 -2.02656761701318e-07
99 -1.849864616204236e-07
100 -2.1407749886424164e-07
101 -1.741644537587879e-07
102 -1.95595859284382e-07
103 -1.9250502236232307e-07
104 -1.953874483834149e-07
105 -1.9241207993784153e-07
106 -2.1194260364576513e-07
107 -1.8372147612604325e-07
108 -1.9289648696746568e-07
109 -2.0699310526051265e-07
110 -1.911544805386756e-07
111 -1.7176068315724893e-07
112 -2.0487526544920047e-07
113 -1.7856357495250933e-07
114 -1.4475208632702957e-07
115 -2.1037576429540525e-07
116 -2.0044709090173016e-07
117 -2.2855348018762861e-07
118 -1.8059111589289277e-07
119 -1.6509979878070243e-07
120 -2.1213529892558796e-07
121 -1.775974423778876e-07
122 -1.8522637642389833e-07
123 -1.5741247007072767e-07
124 -1.8675127900218766e-07
125 -1.5998515370146661e-07
126 -1.8513627355453617e-07
127 -1.879327261148592e-07
128 -1.9509720304912607e-07
129 -1.9331653097100538e-07
130 -2.2780017744480315e-07
131 -1.989022288080191e-07
132 -1.7493441782783627e-07
133 -1.838452123718794e-07
134 -1.823781124912311e-07
135 -1.8549560170117013e-07
136 -1.8226789417449182e-07
137 -1.719862843826329e-07
138 -1.8974473335855632e-07
139 -2.0743890089144685e-07
140 -1.7627965153229268e-07
141 -1.6182565862625388e-07
142 -1.87737005776195e-07
143 -1.658376151428673e-07
144 -1.9730575448609234e-07
145 -1.7128230675550877e-07
146 -1.868019334065063e-07
147 -1.8476477073082414e-07
148 -1.8729051167187152e-07
149 -1.589611041604197e-07
150 -1.8315075547122193e-07
151 -1.832849124766829e-07
152 -1.9815181702050758e-07
153 -1.9802750128271513e-07
154 -1.8741130807934858e-07
155 -1.9480477555898272e-07
156 -1.3258728983133085e-07
157 -2.1344212417719017e-07
158 -1.9639340709042182e-07
159 -1.9653918521768383e-07
160 -2.0703098018168788e-07
161 -2.0183280444656406e-07
162 -1.7026704710971113e-07
163 -1.6926139475740796e-07
164 -1.8914822747584545e-07
165 -2.157031121371404e-07
166 -1.9060847056611857e-07
167 -2.0542283076657495e-07
168 -1.698085139803533e-07
169 -1.7879094884447943e-07
170 -1.6739344334416242e-07
171 -1.691894145626356e-07
172 -2.262072129366447e-07
173 -1.952220178850244e-07
174 -1.8857630918960707e-07
175 -1.9768776596875683e-07
176 -1.864358526492462e-07
177 -1.8812120902532807e-07
178 -2.1771209412939414e-07
179 -2.2048040412375814e-07
180 -1.784969586135134e-07
181 -2.0393857526638927e-07
182 -2.1834117764208815e-07
183 -1.9707424829003979e-07
184 -1.7409580935967483e-07
185 -1.851259927876795e-07
186 -1.8816378804394768e-07
187 -1.576773771887441e-07
188 -1.9256057325111487e-07
189 -1.888543804652705e-07
190 -1.7698957403659957e-07
191 -2.3556785876656717e-07
192 -1.458124556782543e-07
193 -1.7863488493508214e-07
194 -1.5586190395035555e-07
195 -1.422298522260768e-07
196 -1.7815149673405378e-07
197 -1.8361254237100315e-07
198 -1.9690347473200839e-07
199 -2.3862170404444656e-07
200 -2.2289642522129346e-07
201 -1.6481837774559324e-07
202 -2.3377331691810388e-07
203 -2.0285643992082617e-07
204 -1.8253910035189032e-07
205 -2.0881578688598137e-07
206 -1.8160504128555477e-07
207 -2.2082312839592798e-07
208 -1.8726795696033766e-07
209 -2.0128343573667623e-07
210 -1.9948981529540696e-07
211 -1.9084827625858954e-07
212 -2.2391284121579054e-07
213 -1.7866568981208702e-07
214 -1.882945431498208e-07
215 -1.488447233024311e-07
216 -1.7837566182677088e-07
217 -1.963561597310813e-07
218 -1.973538874863114e-07
219 -1.9778438018077925e-07
220 -1.8203561958650332e-07
221 -1.8768654176363033e-07
222 -1.8886145096700622e-07
223 -2.1377675853779556e-07
224 -1.8277391292650633e-07
225 -1.584544521211657e-07
226 -2.0563821201840188e-07
227 -2.191834514433594e-07
228 -2.037889021482564e-07
229 -1.4665119373772567e-07
230 -1.6862489486610395e-07
231 -1.94831868730765e-07
232 -2.280903380735054e-07
233 -1.470396797106649e-07
234 -1.882971259256904e-07
235 -1.8566626473408446e-07
236 -1.9091265994130032e-07
237 -2.1303675504592072e-07
238 -1.677605241734456e-07
239 -1.726226492164213e-07
240 -1.5111148921917574e-07
241 -1.9190871199720078e-07
242 -1.8097665337433857e-07
243 -2.0516081913282496e-07
244 -1.910206013373394e-07
245 -2.1960286126567597e-07
246 -2.340290123535797e-07
247 -2.0300348713284995e-07
248 -1.8301973404570462e-07
249 -2.0907134640757716e-07
250 -1.878545625461807e-07
251 -2.2374158827916086e-07
252 -1.675590752093156e-07
253 -1.7569788620637772e-07
254 -1.6931282286517244e-07
255 -2.0288975830862371e-07
256 -2.210546466828162e-07
257 -1.6432646260606676e-07
258 -1.7189930396868576e-07
259 -2.102486624719825e-07
260 -1.8479105780606509e-07
261 -1.718657203977458e-07
262 -1.5569962554032032e-07
263 -1.604899953070173e-07
264 -1.6391598749505913e-07
265 -1.896334164815719e-07
266 -1.8831715719856866e-07
267 -1.7283506797037336e-07
268 -1.7136917410411448e-07
269 -2.2079779617560088e-07
270 -2.1184235533412384e-07
271 -1.6608676046444775e-07
272 -1.8710587581682482e-07
273 -2.031912980634861e-07
274 -1.8286750048910174e-07
275 -2.2635489795118612e-07
276 -1.7231997125856551e-07
277 -2.1863228294180274e-07
278 -2.0126280412560797e-07
279 -1.6960504166328117e-07
280 -2.0748441600862566e-07
281 -1.672461084909069e-07
282 -1.9907287095076076e-07
283 -1.8009667205691096e-07
284 -2.0048496442100625e-07
285 -2.0139521784214427e-07
286 -2.0866174139811761e-07
287 -2.1855585045036742e-07
288 -1.7845985635967124e-07
289 -1.6483612629311497e-07
290 -1.480449152369594e-07
291 -2.0313714446523972e-07
292 -2.026957867624904e-07
293 -2.3393073364515632e-07
294 -2.0871125778578373e-07
295 -1.9566772221058557e-07
296 -2.0880203774028167e-07
297 -1.935088710777184e-07
298 -1.9944906172001465e-07
299 -1.9985869695573012e-07
