0 -8.064946562289226e-07
1 -6.622155090405268e-07
2 -7.255130511041633e-07
3 -7.804063924634642e-07
4 -7.297498361787367e-07
5 -8.150318466797052e-07
6 -7.688403210731837e-07
7 -7.152300940929954e-07
8 -6.898824554930136e-07
9 -6.825565298001406e-07
10 -7.584074717318157e-07
11 -6.690753648940044e-07
12 -7.60240282405902e-07
13 -7.512444682066421e-07
14 -6.929281370908487e-07
15 -7.38737032042089e-07
16 -7.442779087265462e-07
17 -7.11343620360648e-07
18 -6.669319402547444e-07
19 -6.780253597890903e-07
20 -7.269250877982954e-07
21 -7.490512954542259e-07
22 -6.938404673905113e-07
23 -6.723134598127366e-07
24 -6.022757083243576e-07
25 -6.950013876136443e-07
26 -7.201527614940551e-07
27 -7.161462950597531e-07
28 -6.946455212018406e-07
29 -6.859070356597566e-07
30 -7.372211252651463e-07
31 -7.758230853856459e-07
32 -7.514882712621309e-07
33 -6.982658571027224e-07
34 -7.208813350780456e-07
35 -7.19767123177828e-07
36 -7.345329678182966e-07
37 -6.927237427818672e-07
38 -7.45859213914946e-07
39 -6.743358018732079e-07
40 -6.981456924755078e-07
41 -7.812329903729018e-07
42 -7.264597797305099e-07
43 -7.547986926198134e-07
44 -7.07185563870995e-07
45 -7.773675047925766e-07
46 -7.324775612210102e-07
47 -7.36248274008525e-07
48 -6.580591934999278e-07
49 -8.508109030566313e-07
50 -7.10587199777011e-07
51 -7.707759417059063e-07
52 -6.24689782324239e-07
53 -6.86301414189169e-07
54 -7.03970609936465e-07
55 -7.139256257597142e-07
56 -7.247869818311955e-07
57 -7.246173614828076e-07
58 -7.679083558060353e-07
59 -7.132484215850139e-07
60 -6.088597328560255e-07
61 -6.920911227096927e-07
62 -7.031878434163658e-07
63 -7.410975641299414e-07
64 -7.372760972394545e-07
65 -6.994899891896955e-07
66 -7.9557838497534e-07
67 -7.177274035390089e-07
68 -7.755658037155342e-07
69 -7.617932812339973e-07
70 -7.711497192795236e-07
71 -7.112650976905698e-07
72 -6.861738364061267e-07
73 -7.511937744105286e-07
74 -6.396744213056106e-07
75 -6.686722535507896e-07
76 -7.438719165397946e-07
77 -7.496494489611149e-07
78 -6.523745738498778e-07
79 -7.046058266228935e-07
80 -7.769644001831383e-07
81 -7.19599603287738e-07
82 -7.769847021036144e-07
83 -7.544841066523385e-07
84 -6.851649672490696e-07
85 -6.869025396576518e-07
86 -6.270114648777405e-07
87 -6.817871829261335e-07
88 -6.485215373587929e-07
89 -7.269894338458689e-07
90 -6.426238670020543e-07
91 -6.629729809771488e-07
92 -7.305921486088182e-07
93 -7.025013795296357e-07
94 -6.227329409582948e-07
95 -5.712554595999058e-07
96 -8.379883972740659e-07
97 -6.533662618822731e-07
98 -7.78505703626539e-07
99 -7.465112288111317e-07
100 -7.118236810098499e-07
101 -7.31576571413063e-07
102 -7.268562770816018e-07
103 -7.243854131894188e-07
104 -7.365010097812574e-07
105 -7.654075603522615e-07
106 -7.319285770610308e-07
107 -7.730830263796629e-07
108 -6.486669469239747e-07
109 -6.762047206751859e-07
110 -6.951778820768402e-07
111 -6.919718135264131e-07
112 -7.543318321121652e-07
113 -7.487798036451311e-07
114 -8.10113476426181e-07
115 -7.164529493953572e-07
116 -6.767085655841367e-07
117 -7.204892073607726e-07
118 -7.917781097237167e-07
119 -7.447205359024391e-07
120 -7.475803581326904e-07
121 -7.113558607069019e-07
122 -8.149996786906612e-07
123 -7.350341520027665e-07
124 -6.631283410159989e-07
125 -7.888444775759287e-07
126 -6.49139810208694e-07
127 -7.678607151313562e-07
128 -7.195601045557498e-07
129 -7.804747386033823e-07
130 -6.764135327468339e-07
131 -6.639396828453593e-07
132 -8.026138018698891e-07
133 -7.509209541837135e-07
134 -7.512737814911732e-07
135 -7.541539464861332e-07
136 -7.49134205848191e-07
137 -7.070906125279688e-07
138 -6.471927932669845e-07
139 -7.069871150617339e-07
140 -7.583599084229534e-07
141 -6.373836380392087e-07
142 -7.066479217569493e-07
143 -6.920351405329345e-07
144 -6.316897441004174e-07
145 -7.421901919094961e-07
146 -6.73847315728887e-07
147 -6.462599666679785e-07
148 -7.244796559770069e-07
149 -7.147319121681982e-07
150 -7.681845900197221e-07
151 -7.568154995158918e-07
152 -7.101198304979587e-07
153 -7.633119689419036e-07
154 -7.056289490540068e-07
155 -7.63226496651116e-07
156 -7.260557962185659e-07
157 -6.609851357390446e-07
158 -6.714774001948316e-07
159 -6.540551578145254e-07
160 -6.425384194814877e-07
161 -6.530739973709215e-07
162 -7.374143155009384e-07
163 -7.793794839003408e-07
164 -7.351076666837792e-07
165 -7.074143775511152e-07
166 -6.554993611539131e-07
167 -6.588024917726922e-07
168 -7.467738968892167e-07
169 -7.411237840696838e-07
170 -7.171018184846434e-07
171 -7.334470704727428e-07
172 -6.85309523405933e-07
173 -6.610676185159703e-07
174 -6.435368069897302e-07
175 -8.031747613264044e-07
176 -8.00504624682391e-07
177 -7.195384826649393e-07
178 -6.685239016110265e-07
179 -6.732091818931388e-07
180 -7.161770071510524e-07
181 -7.997195923321419e-07
182 -6.499028101939036e-07
183 -6.912484712381319e-07
184 -7.90732621894124e-07
185 -7.543163188981308e-07
186 -7.404929252904508e-07
187 -7.533192295532367e-07
188 -7.675601647142229e-07
189 -6.899212198512927e-07
190 -7.428651698311454e-07
191 -6.882024557701188e-07
192 -7.005494343548695e-07
193 -7.137836391237765e-07
194 -7.700199399090594e-07
195 -7.781504874611257e-07
196 -7.482451404428358e-07
197 -7.354700020605822e-07
198 -7.302480613284993e-07
199 -6.285457355256416e-07
200 -6.287992833587327e-07
201 -7.359555700180464e-07
202 -6.616870451102417e-07
203 -7.035814860659587e-07
204 -7.841075331878184e-07
205 -7.53548150620596e-07
206 -7.356764572254634e-07
207 -6.875407495954609e-07
208 -7.854997628251753e-07
209 -7.613932139085312e-07
210 -6.944099941732837e-07
211 -7.594442259342711e-07
212 -6.814945027901656e-07
213 -7.778589480005512e-07
214 -6.818395792624377e-07
215 -7.692554434280598e-07
216 -7.373414784373998e-07
217 -7.490010587039468e-07
218 -7.194493170647387e-07
219 -7.747567733789537e-07
220 -8.105097631208977e-07
221 -6.496548890650637e-07
222 -6.414176563689758e-07
223 -6.607584849053905e-07
224 -6.496650653501297e-07
225 -7.913300446269896e-07
226 -6.902683739948592e-07
227 -7.131585848019739e-07
228 -7.166193489770681e-07
229 -7.639063775462901e-07
230 -7.232722235120968e-07
231 -6.675224490198997e-07
232 -7.095759961630568e-07
233 -7.123463022376378e-07
234 -6.636037444778686e-07
235 -7.078294209526408e-07
236 -7.695422026980227e-07
237 -7.674771898739734e-07
238 -7.282633821852846e-07
239 -7.204953740345869e-07
240 -7.282621724003755e-07
241 -6.475498707674585e-07
242 -7.825554814380007e-07
243 -7.551740308459464e-07
244 -7.631396316119705e-07
245 -7.526868552971599e-07
246 -7.197064657778559e-07
247 -6.853428842159563e-07
248 -7.824782432327362e-07
249 -7.369548962166472e-07
250 -6.680637156459689e-07
251 -6.169885811880457e-07
252 -7.469171898632819e-07
253 -7.242856916054353e-07
254 -7.896240708184785e-07
255 -6.158355474009447e-07
256 -6.855977779621474e-07
257 -6.574131379761691e-07
258 -7.433514524437949e-07
259 -7.407856334964569e-07
260 -7.247559968792504e-07
261 -7.005188378099651e-07
262 -8.199818196967456e-07
263 -7.828125842784727e-07
264 -7.02037037388389e-07
265 -7.146554564274239e-07
266 -7.874075621951495e-07
267 -7.199410117154227e-07
268 -7.355905604299979e-07
269 -6.801595277839883e-07
270 -6.988343681939897e-07
271 -7.314212795352471e-07
272 -6.622894124584284e-07
273 -8.011387028165636e-07
274 -7.380537449962409e-07
275 -7.38250653929588e-07
276 -7.03475590333555e-07
277 -5.991605263316341e-07
278 -7.319848890249263e-07
279 -7.800680241119008e-07
280 -7.701372947892208e-07
281 -7.439933649898298e-07
282 -6.661137909986659e-07
283 -7.310966846377545e-07
284 -7.326120189295215e-07
285 -7.149634048070107e-07
286 -6.946333492798729e-07
287 -6.89251496501387e-07
288 -6.792152539802416e-07
289 -7.543766575089772e-07
290 -7.040902826243466e-07
291 -6.710559981353217e-07
292 -7.148394122306469e-07
293 -6.422968656544172e-07
294 -7.479857154754834e-07
295 -7.323922572603006e-07
296 -7.43209467048471e-07
297 -7.292958311019981e-07
298 -7.24200230756452e-07
299 -7.053818611585156e-07
