0 -1.059659822928418e-06
1 -1.033719689031391e-06
2 -1.0945202983014281e-06
3 -1.0318651613051288e-06
4 -1.0346032906703538e-06
5 -1.0462162828552327e-06
6 -1.0356585139507556e-06
7 -1.0655134796553688e-06
8 -1.0427712458240694e-06
9 -1.0117643570355324e-06
10 -9.982931672385737e-07
11 -1.088992609620731e-06
12 -1.0524146621102084e-06
13 -1.0699164835247074e-06
14 -1.0759035063828101e-06
15 -1.025287061565501e-06
16 -1.035629742076836e-06
17 -1.0541117319859564e-06
18 -1.0753802585368936e-06
19 -1.1061662442170336e-06
20 -1.0543725805672038e-06
21 -1.07543188966649e-06
22 -1.0529061119858728e-06
23 -1.0515250570292812e-06
24 -1.0238390546888193e-06
25 -1.1047653155631904e-06
26 -1.0646808833090698e-06
27 -1.0741403765596967e-06
28 -1.099137205794013e-06
29 -1.0097839631083654e-06
30 -1.0738597837760746e-06
31 -1.044104310984839e-06
32 -1.0231437460491549e-06
33 -1.1281405022924953e-06
34 -1.0486814220287737e-06
35 -1.1045699363344636e-06
36 -1.0865514536856097e-06
37 -1.094720573130581e-06
38 -1.0237248818808736e-06
39 -1.0817169448848896e-06
40 -1.0235047098339237e-06
41 -1.0391631147983128e-06
42 -1.0253413819713435e-06
43 -9.99354780610253e-07
44 -1.1101428325139424e-06
45 -1.1136917872102943e-06
46 -1.0853506911422676e-06
47 -1.0548631990413812e-06
48 -1.0458380662362185e-06
49 -1.0255336486041097e-06
50 -1.0499922651907892e-06
51 -1.000504028712248e-06
52 -1.0631826436432354e-06
53 -1.072104696093701e-06
54 -1.0445312164207698e-06
55 -1.0432989296357603e-06
56 -1.082994842109941e-06
57 -1.072064663508572e-06
58 -1.0409925793223603e-06
59 -1.096640279202067e-06
60 -1.0480528528532976e-06
61 -1.097488642088645e-06
62 -1.069498625075331e-06
63 -1.0443738193913999e-06
64 -1.0745574906847834e-06
65 -1.103663202877986e-06
66 -9.928473442588485e-07
67 -1.1091502054880886e-06
68 -9.424118606842308e-07
69 -1.0459326320799597e-06
70 -1.0401405913652848e-06
71 -1.0355427273625741e-06
72 -1.071319110942743e-06
73 -1.0567878904634364e-06
74 -1.1408304932727617e-06
75 -1.042028919998215e-06
76 -1.0433210294636656e-06
77 -1.0003488037066526e-06
78 -1.1238842586950547e-06
79 -1.029271580945791e-06
80 -1.040190135701945e-06
81 -1.0642700740527807e-06
82 -1.0549253214425255e-06
83 -1.0219573856349147e-06
84 -1.0850801539353517e-06
85 -9.900013516851186e-07
86 -1.08959884533397e-06
87 -1.0494683525957814e-06
88 -1.1153808620934876e-06
89 -1.022049200418117e-06
90 -1.0729975758624762e-06
91 -1.0653083745326025e-06
92 -1.0376814150488696e-06
93 -1.065853567569417e-06
94 -1.1445934166580341e-06
95 -1.0944747978141378e-06
96 -9.568516248275586e-07
97 -1.0523064465534009e-06
98 -1.0161860118179118e-06
99 -1.0485782950098874e-06
100 -1.02026312253343e-06
101 -1.0526513584154996e-06
102 -1.0316427886815223e-06
103 -1.0511992969885054e-06
104 -1.0279592460875793e-06
105 -9.996250510462495e-07
106 -1.025522729440187e-06
107 -1.0165979278297399e-06
108 -1.0943161782744195e-06
109 -1.0489580641505573e-06
110 -1.0662621041925022e-06
111 -1.1213349942458973e-06
112 -1.022083012973364e-06
113 -1.047835399900259e-06
114 -1.0696851126166837e-06
115 -1.0219658618758042e-06
116 -1.0494395618440358e-06
117 -9.94777270576059e-07
118 -9.998655892220698e-07
119 -1.0961912291098426e-06
120 -1.0200858841786473e-06
121 -1.084307023611137e-06
122 -9.928991859245553e-07
123 -1.0920235847427385e-06
124 -1.1005110106780954e-06
125 -1.0538370784673545e-06
126 -1.114843279100509e-06
127 -1.0287620031833571e-06
128 -1.0498029190288074e-06
129 -1.0359534037365199e-06
130 -1.0198810743148073e-06
131 -1.06724082688842e-06
132 -1.023343919407893e-06
133 -1.0527940470652745e-06
134 -1.0541055148565035e-06
135 -1.0460564659436675e-06
136 -1.0250051876050405e-06
137 -1.0953796582895146e-06
138 -1.1117108562349298e-06
139 -1.0062068564254103e-06
140 -1.0518571936935934e-06
141 -1.1464553000941234e-06
142 -1.0605496086331616e-06
143 -1.126712567596541e-06
144 -1.114658492137167e-06
145 -1.0465234775671915e-06
146 -1.0812223774604754e-06
147 -1.0927778108557304e-06
148 -1.05289957547806e-06
149 -1.1017441672152262e-06
150 -1.0512469701998692e-06
151 -1.0666983020731882e-06
152 -1.0575180642141711e-06
153 -1.0032220547959496e-06
154 -1.0778323212269433e-06
155 -1.0168742058770697e-06
156 -1.1267902630907262e-06
157 -1.0633033022730292e-06
158 -1.0645256935147202e-06
159 -1.0957200247341874e-06
160 -1.0875748969065946e-06
161 -1.03287513395869e-06
162 -1.1031235825800753e-06
163 -1.0365664295536767e-06
164 -1.0352370484688533e-06
165 -1.027873196387739e-06
166 -1.0947268086310448e-06
167 -1.0828313769034084e-06
168 -1.097915370701015e-06
169 -1.050953505731791e-06
170 -1.0842536495738145e-06
171 -1.0650642355303347e-06
172 -9.83958741046086e-07
173 -1.0947183050857643e-06
174 -1.0791755105653723e-06
175 -9.944194992775173e-07
176 -9.666863212238173e-07
177 -1.0614305113529673e-06
178 -1.0438923460559534e-06
179 -1.0640022082885643e-06
180 -1.067336797364387e-06
181 -9.761370535009329e-07
182 -1.057675380851091e-06
183 -1.0555118922720499e-06
184 -1.058377892110777e-06
185 -1.0683322034743218e-06
186 -1.0385825377434848e-06
187 -1.0832381866649722e-06
188 -1.03577271317239e-06
189 -1.0784520477793342e-06
190 -1.058814741663659e-06
191 -1.0371821409114795e-06
192 -1.1457724780721412e-06
193 -1.078672156990543e-06
194 -1.1057859902841754e-06
195 -1.06560809939085e-06
196 -1.0463353517575128e-06
197 -1.0713747734248197e-06
198 -1.0653926390556368e-06
199 -1.041214984131887e-06
200 -1.0501798620211635e-06
201 -1.0968731104025633e-06
202 -1.0085264014017982e-06
203 -1.0510465973955167e-06
204 -9.948386433348007e-07
205 -9.856954985810317e-07
206 -1.0427377094055537e-06
207 -1.0234342798820346e-06
208 -9.931693944237594e-07
209 -1.0187920192573568e-06
210 -1.0813315365131251e-06
211 -1.0388030152831855e-06
212 -9.845537533006087e-07
213 -1.0233751677566798e-06
214 -1.0934099506285676e-06
215 -1.084454520017075e-06
216 -1.0810815141097754e-06
217 -9.939858332304447e-07
218 -1.0423044726345366e-06
219 -1.0351066026415394e-06
220 -1.015835402748097e-06
221 -1.1078027764756936e-06
222 -1.1228579543397447e-06
223 -1.0336468423338214e-06
224 -1.1214179389392687e-06
225 -1.0632185968363012e-06
226 -1.0489927218972281e-06
227 -1.0410245111998984e-06
228 -1.0223483068998103e-06
229 -1.0633099822310596e-06
230 -1.0815322042457423e-06
231 -1.068313552435535e-06
232 -1.0020624128927112e-06
233 -1.145601360491416e-06
234 -1.0931719111537643e-06
235 -1.0738712003552259e-06
236 -1.0159537629188119e-06
237 -9.96196259189162e-07
238 -1.1220136128934006e-06
239 -1.08350947759438e-06
240 -1.0859670394405959e-06
241 -1.1175034249383673e-06
242 -1.0523207023698762e-06
243 -9.955586361909034e-07
244 -1.019398832617332e-06
245 -9.894699452082748e-07
246 -9.893788009463494e-07
247 -1.0668645535422387e-06
248 -1.0405286324238643e-06
249 -9.845095681340839e-07
250 -1.0915684442907296e-06
251 -1.0723890601863752e-06
252 -1.0811750858639995e-06
253 -1.0639580416007065e-06
254 -1.045020584128583e-06
255 -1.1292474940288422e-06
256 -1.028252504672301e-06
257 -1.1350959889417003e-06
258 -1.0743084019628932e-06
259 -1.0284982508900709e-06
260 -1.0494726842193827e-06
261 -1.1009015985748198e-06
262 -1.0355037042266624e-06
263 -1.0782269554703872e-06
264 -1.0946627633504351e-06
265 -1.08481894996327e-06
266 -1.013615031182937e-06
267 -1.120298873451503e-06
268 -1.1032882174855094e-06
269 -1.040647870890438e-06
270 -1.023845389203351e-06
271 -1.0856420768031568e-06
272 -1.0973345598809886e-06
273 -9.614288832309076e-07
274 -1.053104103062673e-06
275 -9.63905167750298e-07
276 -1.123417319238151e-06
277 -1.1166451929932838e-06
278 -1.0120623752108356e-06
279 -1.0594482542037437e-06
280 -9.810796025003652e-07
281 -1.0891840544316603e-06
282 -1.0525411883828214e-06
283 -1.0550940135949143e-06
284 -1.0070677271829377e-06
285 -1.0315544830254175e-06
286 -1.0570409179562181e-06
287 -1.013870041636808e-06
288 -1.062779091221103e-06
289 -1.065989458519181e-06
290 -1.1228928888133453e-06
291 -1.06507384947043e-06
292 -1.0143344554724887e-06
293 -1.0327975938913727e-06
294 -1.0177219724862281e-06
295 -1.0474731710953667e-06
296 -1.0072336310396246e-06
297 -1.0323406037416509e-06
298 -1.0395788969441345e-06
299 -1.0431324820228685e-06
