0 1.791445609552499e-05
1 1.786237557901286e-05
2 1.805845821868928e-05
3 1.787191299599352e-05
4 1.78358928875655e-05
5 1.7937215486752595e-05
6 1.7941281155208632e-05
7 1.8065243117401296e-05
8 1.800472505843733e-05
9 1.798710806163882e-05
10 1.7939317729114288e-05
11 1.808112531744397e-05
12 1.7805072459723232e-05
13 1.7953027177735705e-05
14 1.7662045001362098e-05
15 1.794928262815986e-05
16 1.817427710202148e-05
17 1.8053154247349036e-05
18 1.802243439846652e-05
19 1.7808771107778023e-05
20 1.8036011077502117e-05
21 1.810805875900486e-05
22 1.7779581688795266e-05
23 1.7987950803843308e-05
24 1.7939869483798757e-05
25 1.803312780993249e-05
26 1.8015647390238646e-05
27 1.8081766738472892e-05
28 1.7829776565409205e-05
29 1.805355359934857e-05
30 1.777445037945249e-05
31 1.8055648017596857e-05
32 1.783253113623624e-05
33 1.7860578220737727e-05
34 1.7823934582609075e-05
35 1.78829174976476e-05
36 1.7900594598045447e-05
37 1.8038085834353005e-05
38 1.8037535315044473e-05
39 1.78569932055524e-05
40 1.79338367308965e-05
41 1.8020679668895458e-05
42 1.776407080354092e-05
43 1.799246968743041e-05
44 1.7769338163463196e-05
45 1.8076650194747605e-05
46 1.795965587928364e-05
47 1.816157040561675e-05
48 1.7877319631848575e-05
49 1.7942276681435797e-05
50 1.796764018557867e-05
51 1.7917011056596e-05
52 1.7885094582529033e-05
53 1.8092436700009283e-05
54 1.8132581860353036e-05
55 1.806316229840785e-05
56 1.7986397139175316e-05
57 1.7929167379669814e-05
58 1.8019542221901637e-05
59 1.8037338193242945e-05
60 1.7981306089933266e-05
61 1.7855950158590687e-05
62 1.7993156073113487e-05
63 1.7850119469570542e-05
64 1.814353718870083e-05
65 1.7905045651756567e-05
66 1.802913272168965e-05
67 1.8170152795833946e-05
68 1.777905994504697e-05
69 1.8224947722887615e-05
70 1.8091609470913337e-05
71 1.7925479419354275e-05
72 1.7891978859431457e-05
73 1.797550372937143e-05
74 1.7964382777432603e-05
75 1.77677360637878e-05
76 1.8045329923250816e-05
77 1.7991873077897445e-05
78 1.7873782497977702e-05
79 1.8149987919924634e-05
80 1.7936985297639548e-05
81 1.795409393484125e-05
82 1.8144704170663624e-05
83 1.7913661634828145e-05
84 1.803859156322393e-05
85 1.7938462741085603e-05
86 1.8037836980558063e-05
87 1.8087187979885508e-05
88 1.8036163145985712e-05
89 1.7875330540762774e-05
90 1.7859728011703442e-05
91 1.793190375575851e-05
92 1.7903499917846033e-05
93 1.799351316446423e-05
94 1.7862324669472465e-05
95 1.791825563186276e-05
96 1.8018408306495865e-05
97 1.804421930713595e-05
98 1.8239726677706652e-05
99 1.79146801057245e-05
100 1.795980098033249e-05
101 1.7733147395089035e-05
102 1.798489355244541e-05
103 1.8019600190994955e-05
104 1.7751414761113546e-05
105 1.8051335780402283e-05
106 1.7855546109473667e-05
107 1.800693557050143e-05
108 1.782059938189617e-05
109 1.80655628730912e-05
110 1.805829585252762e-05
111 1.7524436792032136e-05
112 1.8058134899288096e-05
113 1.7863584172087106e-05
114 1.792710703482583e-05
115 1.8084072949107416e-05
116 1.798964912996646e-05
117 1.8007924542289686e-05
118 1.814216823280772e-05
119 1.7842459568708548e-05
120 1.777002060357242e-05
121 1.789516124809318e-05
122 1.7944917174577043e-05
123 1.7909032776379186e-05
124 1.7977775902505363e-05
125 1.791516517224532e-05
126 1.80493642382781e-05
127 1.7823090094777334e-05
128 1.795368439110412e-05
129 1.778366483721637e-05
130 1.8087907456049995e-05
131 1.8036831628210508e-05
132 1.7985804083129745e-05
133 1.7949458815535803e-05
134 1.780656553482586e-05
135 1.8033685089165907e-05
136 1.812754741799637e-05
137 1.80418336723593e-05
138 1.80399855995684e-05
139 1.7874330988575563e-05
140 1.807584067104271e-05
141 1.7963753368327707e-05
142 1.7900384332719914e-05
143 1.7970417898037033e-05
144 1.801774012465854e-05
145 1.8143492043340387e-05
146 1.8166963348176274e-05
147 1.8056132772927548e-05
148 1.794005227936e-05
149 1.801133962313964e-05
150 1.779908529042963e-05
151 1.7935244967299867e-05
152 1.7810449208386313e-05
153 1.800118193010803e-05
154 1.7913721205323953e-05
155 1.79505434525884e-05
156 1.7948431594389627e-05
157 1.7917795033690687e-05
158 1.801952552386096e-05
159 1.8021162843820672e-05
160 1.7792621913529496e-05
161 1.7874502072094313e-05
162 1.798141220751852e-05
163 1.796673966263394e-05
164 1.7933937966387095e-05
165 1.793173508895613e-05
166 1.8035810968969847e-05
167 1.802453817151236e-05
168 1.7963968649711654e-05
169 1.791632081972782e-05
170 1.7719280252922053e-05
171 1.8009259729887516e-05
172 1.8276710201162025e-05
173 1.79602872814087e-05
174 1.8125273392439855e-05
175 1.7966168271998495e-05
176 1.818342118495447e-05
177 1.7833853365876576e-05
178 1.7994322805601996e-05
179 1.830062266185056e-05
180 1.8048007613209197e-05
181 1.7920150972903874e-05
182 1.8008075501081472e-05
183 1.8063053213346605e-05
184 1.8061454165960084e-05
185 1.779324329085369e-05
186 1.8021379092351564e-05
187 1.801125905746654e-05
188 1.7907466247486044e-05
189 1.8059620591503643e-05
190 1.789817536735859e-05
191 1.7999970038943785e-05
192 1.7989375466308208e-05
193 1.798951191634939e-05
194 1.7767919135183475e-05
195 1.7846095281104544e-05
196 1.800956405062205e-05
197 1.8007332800614244e-05
198 1.8104354589781597e-05
199 1.7907604805019146e-05
200 1.7827129600756722e-05
201 1.806925339693768e-05
202 1.817712865770509e-05
203 1.781919642792357e-05
204 1.8143330855937644e-05
205 1.780543627087864e-05
206 1.7909484129374198e-05
207 1.781608419793544e-05
208 1.781882964069111e-05
209 1.7888083622751544e-05
210 1.772813311585032e-05
211 1.808644260809301e-05
212 1.801712371466752e-05
213 1.784874072662181e-05
214 1.7962404082820303e-05
215 1.8096600341246968e-05
216 1.7839029455630612e-05
217 1.818348034936301e-05
218 1.793938785461843e-05
219 1.7917741499347198e-05
220 1.8007000364149373e-05
221 1.7955497259843717e-05
222 1.8178855773989217e-05
223 1.7856340570717898e-05
224 1.7678777122425034e-05
225 1.807353324146252e-05
226 1.78531093641081e-05
227 1.7846726888501472e-05
228 1.7780571280700496e-05
229 1.795570334924169e-05
230 1.799922847203987e-05
231 1.7928508025870437e-05
232 1.7885726418704417e-05
233 1.7972470995537297e-05
234 1.8155938911154433e-05
235 1.77933646065186e-05
236 1.8020816261670808e-05
237 1.7815545642285343e-05
238 1.790447979205251e-05
239 1.80393634097556e-05
240 1.8134473037077353e-05
241 1.7861890618902443e-05
242 1.7811474614009023e-05
243 1.784865668737684e-05
244 1.7854488365646133e-05
245 1.787031365125413e-05
246 1.798701367781909e-05
247 1.789016748466317e-05
248 1.801328523550197e-05
249 1.818456699254714e-05
250 1.8180488433012476e-05
251 1.7978325123391662e-05
252 1.7782183661025394e-05
253 1.8026223648735558e-05
254 1.7850325909910276e-05
255 1.7941409079013577e-05
256 1.811477346660433e-05
257 1.8075465790920193e-05
258 1.8089216564036773e-05
259 1.801011425749193e-05
260 1.804743686459059e-05
261 1.795942142753237e-05
262 1.7919255185081808e-05
263 1.8007590604777096e-05
264 1.7907075845747366e-05
265 1.808629832449893e-05
266 1.8088421847839155e-05
267 1.7985524814644066e-05
268 1.7959530643201524e-05
269 1.7907612012135984e-05
270 1.8019326918446674e-05
271 1.8039033731044716e-05
272 1.8048877138672368e-05
273 1.789700727413233e-05
274 1.79432184461833e-05
275 1.803223378268427e-05
276 1.7989791536617992e-05
277 1.7779246276355483e-05
278 1.7895899429658228e-05
279 1.7979102015698394e-05
280 1.808350796463279e-05
281 1.7895635442317276e-05
282 1.7898994383039347e-05
283 1.8014481779987084e-05
284 1.787874550866346e-05
285 1.794410591774848e-05
286 1.800696485160366e-05
287 1.7985849812559198e-05
288 1.8020281540982568e-05
289 1.8031019399446805e-05
290 1.796094485054876e-05
291 1.78253464377538e-05
292 1.7972320456576443e-05
293 1.8043467355084005e-05
294 1.7996900235497277e-05
295 1.7903939927140885e-05
296 1.7824384920566115e-05
297 1.80595801343894e-05
298 1.7902965629101462e-05
299 1.794972610104234e-05
