0 -9.998718017235415e-06
1 -1.0012127271343641e-05
2 -1.039834248657379e-05
3 -1.0010538591348668e-05
4 -1.0314338028089243e-05
5 -1.0304924803717908e-05
6 -9.95666897724738e-06
7 -1.03119165091183e-05
8 -1.0132959913765752e-05
9 -9.946039005965608e-06
10 -9.927735482116241e-06
11 -1.0027147110207021e-05
12 -9.956768580489463e-06
13 -1.0001578843411637e-05
14 -1.0148127212135135e-05
15 -9.996016496739005e-06
16 -1.0030736382669073e-05
17 -9.970120243835858e-06
18 -1.011660138797504e-05
19 -9.989374349270763e-06
20 -9.858893411432057e-06
21 -1.0083790549909503e-05
22 -1.0151928388856509e-05
23 -1.0196966007892375e-05
24 -1.0001146687096976e-05
25 -9.969726913962206e-06
26 -9.987944611483512e-06
27 -9.963855228354794e-06
28 -9.744067949735182e-06
29 -9.92013531880675e-06
30 -9.938311072248423e-06
31 -9.919519404513954e-06
32 -9.918127063443703e-06
33 -1.0021707652024308e-05
34 -9.910338966601165e-06
35 -9.86509671829303e-06
36 -9.951110954802851e-06
37 -1.0296599408879005e-05
38 -9.879269029587924e-06
39 -9.826108077106835e-06
40 -9.98188068059402e-06
41 -1.0056844573001675e-05
42 -1.0076156302004171e-05
43 -1.0156960779884124e-05
44 -9.75831286594247e-06
45 -1.0110209907524464e-05
46 -1.0100176444986124e-05
47 -1.022957603429151e-05
48 -9.715984667779415e-06
49 -9.985994502264792e-06
50 -9.926105260298836e-06
51 -1.0061726844250754e-05
52 -1.0102018982882087e-05
53 -1.0034390252476262e-05
54 -1.0107111327448702e-05
55 -9.888532836109014e-06
56 -1.0003436812465345e-05
57 -9.94833399208927e-06
58 -1.0038007245561091e-05
59 -9.743214012954547e-06
60 -1.013351263745097e-05
61 -1.005734342487168e-05
62 -1.0022327202871958e-05
63 -1.0111178161121683e-05
64 -1.0191782476376385e-05
65 -1.0036051778524848e-05
66 -9.846278787811818e-06
67 -1.0156220573500768e-05
68 -1.023993528256093e-05
69 -1.0001550630352603e-05
70 -1.0199839375188516e-05
71 -9.98007019764843e-06
72 -9.69541053294105e-06
73 -9.971854308749587e-06
74 -9.724956598428742e-06
75 -9.919829924034561e-06
76 -9.969048424015849e-06
77 -1.0006331144381419e-05
78 -1.0015363563072444e-05
79 -1.0020235466322544e-05
80 -1.0025757978309365e-05
81 -1.0112070317236718e-05
82 -1.0263391875165042e-05
83 -9.691783915603859e-06
84 -1.0155954252680887e-05
85 -1.0160786588263036e-05
86 -1.0030826275544155e-05
87 -1.0141178365305127e-05
88 -1.0021270841647003e-05
89 -1.0085037566237504e-05
90 -1.0118815290302353e-05
91 -1.0241954445096485e-05
92 -1.0185462283604044e-05
93 -9.899833589922185e-06
94 -9.862921151484398e-06
95 -1.0031572549383685e-05
96 -9.78802887587192e-06
97 -9.733011603693981e-06
98 -1.0158723082332171e-05
99 -1.0036615867462044e-05
100 -9.833962126148058e-06
101 -1.0165184395609217e-05
102 -1.0244860681383259e-05
103 -1.0162898094880997e-05
104 -1.0089813693497434e-05
105 -1.0182291565493557e-05
106 -1.0089942616115597e-05
107 -9.871448216110356e-06
108 -9.905897273840752e-06
109 -1.0272797646737907e-05
110 -1.0113231369050773e-05
111 -1.015483934246757e-05
112 -9.818676097030972e-06
113 -9.7580493577758e-06
114 -9.90441648959812e-06
115 -1.0055835460772398e-05
116 -9.975791128092507e-06
117 -9.90290840737807e-06
118 -9.89375007003705e-06
119 -9.964087393179954e-06
120 -1.0089252014628627e-05
121 -9.984844112696629e-06
122 -1.0155627590452717e-05
123 -9.884899678123542e-06
124 -1.0098600083304254e-05
125 -9.816992058343124e-06
126 -9.864212861372787e-06
127 -9.804687720900043e-06
128 -1.0209526999129274e-05
129 -9.852055231501215e-06
130 -9.818409506342505e-06
131 -1.0191654476406619e-05
132 -9.912172494209179e-06
133 -9.909365131300222e-06
134 -9.981635125220618e-06
135 -1.0150897023086218e-05
136 -9.946403179957911e-06
137 -1.003340536149169e-05
138 -9.941189504521191e-06
139 -9.748532124933127e-06
140 -1.0068346688390011e-05
141 -9.726836341402359e-06
142 -9.87599624074644e-06
143 -1.0068282248494156e-05
144 -1.008525601907225e-05
145 -9.895464064275193e-06
146 -1.0225025943247504e-05
147 -1.0075943964290577e-05
148 -1.002142515746948e-05
149 -1.007321298116577e-05
150 -9.593018352791818e-06
151 -9.903223061505588e-06
152 -9.940643248785127e-06
153 -1.0174456276417822e-05
154 -9.714892883839223e-06
155 -1.0074378306944223e-05
156 -9.880563884609233e-06
157 -1.0008002435207878e-05
158 -9.915132704431737e-06
159 -9.772765053923979e-06
160 -1.0226058970669126e-05
161 -1.0014374547521891e-05
162 -9.843227000804273e-06
163 -9.84245849032062e-06
164 -9.937982663821507e-06
165 -9.893273274252927e-06
166 -1.0085162913999795e-05
167 -1.001109385477129e-05
168 -9.947310712262215e-06
169 -9.933769423235807e-06
170 -1.0062494886196843e-05
171 -1.0065490437969493e-05
172 -1.0111715044423328e-05
173 -9.727834695350695e-06
174 -1.0240114294638078e-05
175 -1.0112674672553355e-05
176 -1.0304643436414424e-05
177 -9.966233804931634e-06
178 -9.884956523665423e-06
179 -1.0116981359623382e-05
180 -1.0107178579188629e-05
181 -9.846482980019433e-06
182 -9.897403408079902e-06
183 -9.94657661763659e-06
184 -1.0191364721588025e-05
185 -9.835439781232254e-06
186 -1.0130920646501246e-05
187 -1.0192108472471987e-05
188 -9.840937708967592e-06
189 -9.700417502266868e-06
190 -1.0249122848776287e-05
191 -1.0140590904794436e-05
192 -1.0106216686412783e-05
193 -9.924166395259206e-06
194 -9.588286486217279e-06
195 -1.0109462717748101e-05
196 -1.011266974558897e-05
197 -1.000330129045317e-05
198 -9.978058676068089e-06
199 -9.630504087183309e-06
200 -1.025422340174033e-05
201 -9.954892338789623e-06
202 -9.906290192169415e-06
203 -9.551576062123227e-06
204 -1.0181225567492678e-05
205 -1.0250319539388471e-05
206 -1.0200910754373435e-05
207 -9.846678010309587e-06
208 -9.897342998425564e-06
209 -1.007796760521111e-05
210 -1.0015299319957817e-05
211 -1.0020903075685518e-05
212 -1.0046841875129571e-05
213 -9.956629040396888e-06
214 -1.0122507431501361e-05
215 -9.91263210355892e-06
216 -1.0017106496592036e-05
217 -1.0154852970535928e-05
218 -9.874287818934976e-06
219 -1.0041886429522889e-05
220 -1.0051161994800477e-05
221 -9.797061057976008e-06
222 -1.0289391276252476e-05
223 -9.896473710387634e-06
224 -9.960367675895366e-06
225 -9.906351357203084e-06
226 -9.802613867851534e-06
227 -9.933059921204801e-06
228 -9.99937173737799e-06
229 -9.96947351579193e-06
230 -1.0055901235075344e-05
231 -9.861746858867664e-06
232 -9.946595191075993e-06
233 -9.743991626506895e-06
234 -9.876351761370196e-06
235 -1.0063161915640003e-05
236 -1.0121528825764935e-05
237 -9.890979419694942e-06
238 -1.0146072437090674e-05
239 -9.97914489445855e-06
240 -1.0056556528241797e-05
241 -1.0056316608642566e-05
242 -1.0131679837769603e-05
243 -9.59835211642002e-06
244 -1.0248381654182791e-05
245 -1.0164266650333273e-05
246 -1.0053694635848953e-05
247 -1.0003160563041286e-05
248 -1.0094583510141806e-05
249 -1.0134744434772571e-05
250 -9.890858919221561e-06
251 -9.76243809470664e-06
252 -9.932458471059466e-06
253 -1.0187544940236447e-05
254 -1.0222391305629094e-05
255 -1.0121288681378488e-05
256 -1.0152523260221878e-05
257 -1.0136226236403562e-05
258 -1.0171349493726595e-05
259 -1.0159332738422327e-05
260 -9.884121238159754e-06
261 -1.0091132610384396e-05
262 -1.0163944155207117e-05
263 -9.898930902923511e-06
264 -9.86657417044728e-06
265 -1.0038668033353752e-05
266 -9.928794015794385e-06
267 -9.963940149128332e-06
268 -1.0052040185464204e-05
269 -1.0015720756927291e-05
270 -1.022626432196791e-05
271 -1.0087532078316731e-05
272 -9.755462352598809e-06
273 -1.0067341384568027e-05
274 -1.0037574765278975e-05
275 -1.0263977485228623e-05
276 -9.447856041441156e-06
277 -1.0072817132628755e-05
278 -1.0115798134525554e-05
279 -9.886569264800978e-06
280 -1.0176313289177521e-05
281 -9.813148539696718e-06
282 -1.009722296624757e-05
283 -1.0134712991010106e-05
284 -1.0051896854768356e-05
285 -9.823120812236618e-06
286 -9.901220637374306e-06
287 -9.973470875358273e-06
288 -1.037405934246446e-05
289 -9.939557073160441e-06
290 -1.0024759534200038e-05
291 -9.913389399308317e-06
292 -9.839746582669127e-06
293 -1.0002508960355401e-05
294 -9.838787062366891e-06
295 -9.756733946403662e-06
296 -9.97177223282063e-06
297 -9.832944755381659e-06
298 -9.992779238838586e-06
299 -9.871527187912627e-06
