0 -5.77809023755344e-06
1 -5.879015993173811e-06
2 -6.1301091747765365e-06
3 -5.910300997375319e-06
4 -6.11122938775411e-06
5 -6.137138266689984e-06
6 -5.711278706469498e-06
7 -5.98691433695236e-06
8 -5.887227673369957e-06
9 -5.686794013740428e-06
10 -5.727827345741944e-06
11 -5.753335272305782e-06
12 -5.7659700280001724e-06
13 -5.862401959699282e-06
14 -6.101446578832115e-06
15 -5.855811365725102e-06
16 -5.706523697259382e-06
17 -5.711349699944841e-06
18 -5.839496020106732e-06
19 -5.863038488561533e-06
20 -5.638846189583994e-06
21 -5.868143994336659e-06
22 -6.000536830266655e-06
23 -5.97970080113864e-06
24 -5.807055672386522e-06
25 -5.739767981687634e-06
26 -5.787893648052769e-06
27 -5.702395334439786e-06
28 -5.581109257877441e-06
29 -5.63702494792037e-06
30 -5.935359357947168e-06
31 -5.6239869751448525e-06
32 -5.78197172039645e-06
33 -5.807262437423291e-06
34 -5.742353788184198e-06
35 -5.678057415961867e-06
36 -5.8316776774213665e-06
37 -6.112636749945938e-06
38 -5.660358613087563e-06
39 -5.713598931767754e-06
40 -5.754985775935331e-06
41 -5.815558833854293e-06
42 -5.969619026886761e-06
43 -5.939347758103595e-06
44 -5.607270765308365e-06
45 -5.811352204442016e-06
46 -5.856357689053016e-06
47 -5.918244042646944e-06
48 -5.536329510361086e-06
49 -5.7456103008268975e-06
50 -5.684493790661169e-06
51 -5.914880424712117e-06
52 -5.968725921233512e-06
53 -5.838599325865202e-06
54 -5.811929169498087e-06
55 -5.58047726053992e-06
56 -5.779512639284295e-06
57 -5.7719556537194816e-06
58 -5.753245295434658e-06
59 -5.5042506601454035e-06
60 -5.900519763569813e-06
61 -5.872483288790749e-06
62 -5.821010600865545e-06
63 -5.9438956040078305e-06
64 -5.921850665088769e-06
65 -5.885585959883569e-06
66 -5.598356427182944e-06
67 -5.834065984437424e-06
68 -6.0512693577213245e-06
69 -5.588950693900404e-06
70 -5.9636840746476725e-06
71 -5.8270601333987626e-06
72 -5.577975372942662e-06
73 -5.762352618115458e-06
74 -5.5677251573477e-06
75 -5.827842322965272e-06
76 -5.7623415569653425e-06
77 -5.739058830266123e-06
78 -5.807097834848885e-06
79 -5.7353171161967274e-06
80 -5.820028121583702e-06
81 -5.904706200625211e-06
82 -6.028964839137664e-06
83 -5.548992360152537e-06
84 -5.9443785761620675e-06
85 -5.985075917378957e-06
86 -5.806409716509037e-06
87 -5.895285441924811e-06
88 -5.788406915271588e-06
89 -5.9051229572404555e-06
90 -5.996942920150564e-06
91 -6.076655710533575e-06
92 -5.9822063329925005e-06
93 -5.696976379444071e-06
94 -5.708833439355508e-06
95 -5.846581770925491e-06
96 -5.533676346207186e-06
97 -5.501207859365192e-06
98 -5.871173003228805e-06
99 -5.859481415014165e-06
100 -5.5596186628021345e-06
101 -6.082732704425257e-06
102 -6.013277060780611e-06
103 -5.988064917030155e-06
104 -6.0156318011875036e-06
105 -5.923362556018264e-06
106 -5.952979073777439e-06
107 -5.654062926291257e-06
108 -5.795710397970321e-06
109 -6.0240789802406345e-06
110 -5.86804917899488e-06
111 -6.120024296613974e-06
112 -5.473294564525219e-06
113 -5.5716889361937275e-06
114 -5.720507595190744e-06
115 -5.810774605063308e-06
116 -5.722774389497801e-06
117 -5.691542459698702e-06
118 -5.633282814753786e-06
119 -5.834882197500201e-06
120 -6.022667078066261e-06
121 -5.769606491796709e-06
122 -5.924787289210543e-06
123 -5.694090462319433e-06
124 -5.861337967800006e-06
125 -5.618996859543792e-06
126 -5.564755770337381e-06
127 -5.645506333293857e-06
128 -5.977929000579023e-06
129 -5.770406925800679e-06
130 -5.55646652971094e-06
131 -5.992931556032111e-06
132 -5.722676227449842e-06
133 -5.679874308838027e-06
134 -5.852780518687854e-06
135 -5.886300639918373e-06
136 -5.653236263562782e-06
137 -5.733182562280422e-06
138 -5.647100404221874e-06
139 -5.629567454364126e-06
140 -5.76969954249813e-06
141 -5.499645855901845e-06
142 -5.625153298991133e-06
143 -5.78544891167005e-06
144 -5.759780109100362e-06
145 -5.6025227787695036e-06
146 -5.945595200452142e-06
147 -5.81523612037086e-06
148 -5.831142455971252e-06
149 -5.916027226174295e-06
150 -5.500700663248223e-06
151 -5.6921423471602905e-06
152 -5.781099150653604e-06
153 -5.974115853282614e-06
154 -5.531941190730161e-06
155 -5.897735319819923e-06
156 -5.7001843607583775e-06
157 -5.757395884000075e-06
158 -5.680196533134426e-06
159 -5.557249846564761e-06
160 -6.122159076922224e-06
161 -5.824496037649625e-06
162 -5.589581085789577e-06
163 -5.66566548750905e-06
164 -5.802193029852513e-06
165 -5.6749912533290336e-06
166 -5.890062912062095e-06
167 -5.804020216301679e-06
168 -5.766150821575723e-06
169 -5.734464085686368e-06
170 -5.948016045983836e-06
171 -5.817839658566525e-06
172 -5.740767199486998e-06
173 -5.446034269057086e-06
174 -5.995532309203421e-06
175 -5.915313514759273e-06
176 -6.024636641391967e-06
177 -5.819574110154332e-06
178 -5.650618254033921e-06
179 -5.731976493783713e-06
180 -5.83135267262858e-06
181 -5.675816208716262e-06
182 -5.722245201970652e-06
183 -5.693051176742828e-06
184 -5.906569150464795e-06
185 -5.692725635189728e-06
186 -5.95069197336918e-06
187 -5.970095634495916e-06
188 -5.661216051271754e-06
189 -5.403927607042805e-06
190 -6.05475350994383e-06
191 -5.992547310536353e-06
192 -5.88123054504989e-06
193 -5.626205852161071e-06
194 -5.485584767017245e-06
195 -5.925990331801342e-06
196 -5.9157184685990035e-06
197 -5.754023500097844e-06
198 -5.7048620113797e-06
199 -5.365265953041511e-06
200 -6.1495702190310955e-06
201 -5.63270605395824e-06
202 -5.550435426291207e-06
203 -5.369621274867191e-06
204 -5.875470169704695e-06
205 -6.164560725752062e-06
206 -6.0363931067504e-06
207 -5.641943815323972e-06
208 -5.756364009047962e-06
209 -5.866117029277439e-06
210 -5.879290379792247e-06
211 -5.819891783654069e-06
212 -5.827821162824526e-06
213 -5.768807531650821e-06
214 -5.851689671245505e-06
215 -5.657894594635433e-06
216 -5.83493030322103e-06
217 -5.8480478311703105e-06
218 -5.649901534988738e-06
219 -5.89528039780648e-06
220 -5.850619810103842e-06
221 -5.531813711621386e-06
222 -5.95579186272857e-06
223 -5.75747478282996e-06
224 -5.841774134740612e-06
225 -5.577620743813568e-06
226 -5.674458853560372e-06
227 -5.78906408544944e-06
228 -5.89676744491389e-06
229 -5.812056180269271e-06
230 -5.859767177627447e-06
231 -5.684707710945579e-06
232 -5.767641202960365e-06
233 -5.592566048804324e-06
234 -5.5814318868961374e-06
235 -5.8881719654921664e-06
236 -5.897605842961649e-06
237 -5.784511163578083e-06
238 -5.975883863271033e-06
239 -5.767570028292387e-06
240 -5.6822291844999514e-06
241 -5.86752321668528e-06
242 -6.055658958829896e-06
243 -5.42799678611028e-06
244 -6.086945822592721e-06
245 -6.001949747624922e-06
246 -5.857409074519161e-06
247 -5.890337391651756e-06
248 -5.886737355448706e-06
249 -5.85035213315686e-06
250 -5.595299856411171e-06
251 -5.4903109139933865e-06
252 -5.826878489161316e-06
253 -6.012573125036772e-06
254 -6.098080403005361e-06
255 -6.008406125125159e-06
256 -5.819614780836059e-06
257 -5.8759147731859695e-06
258 -5.924603365638538e-06
259 -5.93194177631557e-06
260 -5.593996147049608e-06
261 -5.908003677168237e-06
262 -6.003562791277462e-06
263 -5.5918892380895e-06
264 -5.699495909905942e-06
265 -5.739264188433221e-06
266 -5.5720325194149065e-06
267 -5.727617089959703e-06
268 -5.833687883228426e-06
269 -5.8307135915227834e-06
270 -5.928629621619908e-06
271 -5.789141644685198e-06
272 -5.431543013767548e-06
273 -5.899080652416941e-06
274 -5.884991497663244e-06
275 -5.965828640849219e-06
276 -5.1950064914163745e-06
277 -5.967031685423182e-06
278 -5.916960777066437e-06
279 -5.663788239228057e-06
280 -5.96109574213233e-06
281 -5.7025304946419204e-06
282 -5.889649292480395e-06
283 -5.922168682831035e-06
284 -5.853430205785394e-06
285 -5.638247923859352e-06
286 -5.707899726223226e-06
287 -5.811201063989037e-06
288 -6.139565547774205e-06
289 -5.643824933904987e-06
290 -5.838627397688355e-06
291 -5.821556165181696e-06
292 -5.535781607417374e-06
293 -5.7340080922971804e-06
294 -5.620323408919314e-06
295 -5.5018189074469705e-06
296 -5.808573816192513e-06
297 -5.578286828389505e-06
298 -5.8785264947113555e-06
299 -5.676546849497583e-06
