0 -6.254293403565768e-06
1 -5.994373099189538e-06
2 -6.300783390216124e-06
3 -5.981868367518174e-06
4 -6.173971553810591e-06
5 -6.098294632353131e-06
6 -6.294875039066127e-06
7 -6.427421643094946e-06
8 -6.27603913065708e-06
9 -6.287949919578963e-06
10 -6.2037308230792765e-06
11 -6.386158555002839e-06
12 -6.224896114058573e-06
13 -6.047810932730874e-06
14 -5.896013642022939e-06
15 -6.105508148416116e-06
16 -6.4338108694341565e-06
17 -6.323154979385433e-06
18 -6.3051509852961996e-06
19 -6.048244815629057e-06
20 -6.219891754662945e-06
21 -6.24970217235099e-06
22 -6.09920604610896e-06
23 -6.203748371929797e-06
24 -6.2033966825777055e-06
25 -6.261390277330527e-06
26 -6.187729564691534e-06
27 -6.305826993041814e-06
28 -6.196309301984855e-06
29 -6.333526179062313e-06
30 -5.722982889868326e-06
31 -6.474832113310301e-06
32 -6.117514881096376e-06
33 -6.20679578219174e-06
34 -6.151210603908005e-06
35 -6.182963640725445e-06
36 -5.9647630762598845e-06
37 -6.088483542911725e-06
38 -6.224423952448337e-06
39 -6.025658506089635e-06
40 -6.265490089512396e-06
41 -6.245506928489752e-06
42 -6.005579720726151e-06
43 -6.229785868111582e-06
44 -6.156138755593061e-06
45 -6.323010256095618e-06
46 -6.329596066893754e-06
47 -6.361092274932218e-06
48 -6.199235130931231e-06
49 -6.3158689578264635e-06
50 -6.27205632771375e-06
51 -6.106491282435288e-06
52 -6.0144968716141835e-06
53 -6.164470038901997e-06
54 -6.415465774640313e-06
55 -6.4856429205645424e-06
56 -6.2844995294094685e-06
57 -6.146311090022881e-06
58 -6.357773854536968e-06
59 -6.306754119298465e-06
60 -6.3046231094569705e-06
61 -6.060250831001749e-06
62 -6.196971622471562e-06
63 -6.125039287221353e-06
64 -6.298603356090042e-06
65 -6.029415199968765e-06
66 -6.240534702595613e-06
67 -6.3824377282302885e-06
68 -6.113759941598287e-06
69 -6.642320714494713e-06
70 -6.290504193782757e-06
71 -6.06165920125341e-06
72 -6.0296637147604665e-06
73 -6.214525691658937e-06
74 -6.154842931094716e-06
75 -5.983912560557819e-06
76 -6.200872955464491e-06
77 -6.338015884833522e-06
78 -6.158385521507472e-06
79 -6.333207544333573e-06
80 -6.1884327491251136e-06
81 -6.248979730636399e-06
82 -6.2279851857663855e-06
83 -6.141126967530574e-06
84 -6.214767962487312e-06
85 -6.064652673634706e-06
86 -6.312737232890657e-06
87 -6.297279095296933e-06
88 -6.234295752599409e-06
89 -6.197519687296641e-06
90 -6.0187941070838e-06
91 -6.099210250468159e-06
92 -6.211861010116128e-06
93 -6.2237855621517785e-06
94 -6.202966418345839e-06
95 -6.155583639157092e-06
96 -6.3231357709971725e-06
97 -6.267603270618431e-06
98 -6.32574484684516e-06
99 -6.104945184262969e-06
100 -6.3787295141808235e-06
101 -5.948473657365777e-06
102 -6.250630836395339e-06
103 -6.180516162403873e-06
104 -5.946998029154707e-06
105 -6.304174769625615e-06
106 -6.104764722457174e-06
107 -6.193837388534597e-06
108 -5.9842425311454445e-06
109 -6.373036299692647e-06
110 -6.259450170531749e-06
111 -5.837157488879954e-06
112 -6.565606018490786e-06
113 -6.177700168113055e-06
114 -6.187436123254683e-06
115 -6.345678227607325e-06
116 -6.271815245556036e-06
117 -6.158662729698188e-06
118 -6.254003568307472e-06
119 -6.09937454648504e-06
120 -5.9128662949197834e-06
121 -6.259303295592266e-06
122 -6.221331164845807e-06
123 -6.183628790110886e-06
124 -6.259233604644896e-06
125 -6.205023842868941e-06
126 -6.5335676282021515e-06
127 -6.114199084667676e-06
128 -6.236251962998902e-06
129 -5.967791520089171e-06
130 -6.254385024004193e-06
131 -6.174776185847253e-06
132 -6.1901805489943775e-06
133 -6.236151558915217e-06
134 -6.113860369740759e-06
135 -6.336618369787489e-06
136 -6.397842839014493e-06
137 -6.435940248503518e-06
138 -6.340837511895572e-06
139 -6.090085686653608e-06
140 -6.4140253313570485e-06
141 -6.2216903379307885e-06
142 -6.269120446204047e-06
143 -6.398759441433929e-06
144 -6.387291713280687e-06
145 -6.411718950775157e-06
146 -6.331347885532837e-06
147 -6.29895370744094e-06
148 -6.169170255325151e-06
149 -6.053537864370252e-06
150 -5.9569794500058865e-06
151 -6.221254570771813e-06
152 -6.0719000048730604e-06
153 -6.20445457653214e-06
154 -6.194291357588173e-06
155 -6.142316044775578e-06
156 -6.152147162238939e-06
157 -6.3523146170941665e-06
158 -6.2581166061169276e-06
159 -6.2003463774409575e-06
160 -6.025972410278218e-06
161 -6.165218259493979e-06
162 -6.334259023050324e-06
163 -6.166679785895009e-06
164 -6.0170800998911476e-06
165 -6.217296480861872e-06
166 -6.188703844428132e-06
167 -6.211180328010922e-06
168 -6.150685140087169e-06
169 -6.237297385810453e-06
170 -5.977759648269559e-06
171 -6.266528950564034e-06
172 -6.565063521256927e-06
173 -6.395652908313417e-06
174 -6.261000162675916e-06
175 -6.24273131993143e-06
176 -6.3251605057315716e-06
177 -6.0994149375570596e-06
178 -6.2933172707411984e-06
179 -6.576018126810991e-06
180 -6.2293098092471355e-06
181 -6.176624667476334e-06
182 -6.166160556680425e-06
183 -6.365519542639065e-06
184 -6.33405607985504e-06
185 -6.182658595027279e-06
186 -6.1611480952223214e-06
187 -6.237734627702757e-06
188 -6.108688149590692e-06
189 -6.42216960021062e-06
190 -6.17974265093439e-06
191 -6.08605146104522e-06
192 -6.235593730327973e-06
193 -6.366850359370338e-06
194 -5.990854189882387e-06
195 -6.137833587664371e-06
196 -6.058461376000296e-06
197 -6.311379596097253e-06
198 -6.365284364351365e-06
199 -6.347692551979324e-06
200 -5.915734271404962e-06
201 -6.536672892731646e-06
202 -6.5213315461569e-06
203 -6.188518215171567e-06
204 -6.357639520060496e-06
205 -5.929981348624411e-06
206 -6.155826550783805e-06
207 -6.252118607990201e-06
208 -6.089877074324521e-06
209 -6.239977916481802e-06
210 -6.070816830826289e-06
211 -6.202217075291983e-06
212 -6.15843593701793e-06
213 -6.213547727917682e-06
214 -6.4332560617040034e-06
215 -6.3496771168038715e-06
216 -6.153521517752984e-06
217 -6.3003750193361755e-06
218 -6.237359696900805e-06
219 -6.082972116050077e-06
220 -6.198726218019303e-06
221 -6.330333048406922e-06
222 -6.491628037526223e-06
223 -6.055975667886312e-06
224 -6.056162573104297e-06
225 -6.48735373531432e-06
226 -6.076155857930347e-06
227 -6.078062772587236e-06
228 -5.9819415831681945e-06
229 -6.1229294973588066e-06
230 -6.172154642436506e-06
231 -6.123123773105096e-06
232 -6.195640659260472e-06
233 -6.0537257000443886e-06
234 -6.43615912862374e-06
235 -6.1921017095696065e-06
236 -6.30647604281477e-06
237 -6.019938227387257e-06
238 -6.144303439525548e-06
239 -6.178873737749295e-06
240 -6.573915783570623e-06
241 -6.068754120001861e-06
242 -5.8957684702733135e-06
243 -6.268726188419845e-06
244 -6.1337033969571975e-06
245 -6.13998508995289e-06
246 -6.172082437436802e-06
247 -5.996351708879635e-06
248 -6.228682563328587e-06
249 -6.304250815617874e-06
250 -6.383091414569096e-06
251 -6.341842179322969e-06
252 -6.042657485394571e-06
253 -6.134883915392203e-06
254 -6.087459561269523e-06
255 -6.003382076077777e-06
256 -6.438223900862888e-06
257 -6.264088605982363e-06
258 -6.297406495294988e-06
259 -6.273535659916524e-06
260 -6.333410817925151e-06
261 -6.086117124333377e-06
262 -6.099365760958878e-06
263 -6.496574508693407e-06
264 -6.102984370418918e-06
265 -6.424457175708974e-06
266 -6.483786264016214e-06
267 -6.303533019552962e-06
268 -6.2780875483757474e-06
269 -6.188775398805067e-06
270 -6.424742359831906e-06
271 -6.39001602328386e-06
272 -6.481017955270094e-06
273 -6.146279560651286e-06
274 -6.085440029278133e-06
275 -6.401870784213433e-06
276 -6.369946262369289e-06
277 -6.061478641134532e-06
278 -6.179322678097001e-06
279 -6.359569626572521e-06
280 -6.178472531704548e-06
281 -6.01413914574552e-06
282 -6.262238060607424e-06
283 -6.180341227099112e-06
284 -6.169584713264004e-06
285 -6.1565304430075494e-06
286 -6.155002201029235e-06
287 -6.145024547998933e-06
288 -6.2477708676392795e-06
289 -6.399599036250598e-06
290 -6.154345394216491e-06
291 -5.965331012422616e-06
292 -6.485228452593536e-06
293 -6.269081267045015e-06
294 -6.262655556065125e-06
295 -6.334061910880856e-06
296 -6.126904201676162e-06
297 -6.356621441463953e-06
298 -5.971496850706536e-06
299 -6.218336921758877e-06
