0 1.8538258191308873e-08
1 7.798055885249398e-08
2 6.502978932378692e-08
3 3.906004750425906e-08
4 7.584532350634116e-08
5 4.1977633797475696e-08
6 1.3820984940114435e-08
7 6.426943765707562e-08
8 3.045316806186097e-08
9 1.1463159072777484e-08
10 -3.1174044983181337e-08
11 -5.590681587366943e-08
12 -2.3978352554126808e-08
13 3.307628667860715e-08
14 6.132598436456379e-08
15 -1.5493459434613868e-09
16 4.308863285104891e-09
17 -9.365244703662506e-09
18 7.41212306014502e-08
19 -1.8572260303366007e-08
20 6.468134732768867e-09
21 4.0419161334646565e-08
22 1.585150301633515e-08
23 5.3257508359300644e-08
24 1.0463466983815984e-09
25 -2.269946141187838e-08
26 -7.011556066944647e-09
27 4.289797278717729e-09
28 -1.0834597593499919e-08
29 -1.2237284100991009e-08
30 7.668170364262131e-08
31 -7.286189930362985e-08
32 -1.6542954095085645e-08
33 7.12100482220971e-08
34 2.077444141249497e-08
35 1.3484464227297494e-08
36 5.0569294806552385e-08
37 8.489534108396161e-08
38 -3.3885596147752444e-08
39 -3.449185438096415e-09
40 -1.2175226676643017e-09
41 -7.329043270809902e-09
42 1.4056740741913546e-08
43 3.320584911343377e-08
44 -5.54804818090232e-08
45 3.792299637280461e-08
46 -2.9420254059618986e-08
47 -2.4831988593054227e-08
48 -6.727439827388294e-08
49 -3.977818258204173e-09
50 -6.5194140000846255e-09
51 1.1067928994545448e-08
52 6.090942732864309e-08
53 -2.218642972655691e-08
54 -3.2334268936010896e-08
55 -6.8082425267229e-08
56 1.145795742818524e-08
57 2.0811064620320212e-08
58 6.202726204019522e-09
59 -3.5723035575333785e-08
60 -8.187591852826838e-09
61 8.457513604723297e-08
62 -5.899836902766502e-09
63 4.4111757760484805e-08
64 2.8676642800271333e-08
65 5.991733302323541e-08
66 3.262093417189381e-08
67 2.1609644884866404e-08
68 1.0778588989400706e-07
69 -3.6033152873510705e-08
70 3.7991140419381975e-11
71 -3.0429913437899292e-09
72 -1.3418903559447303e-08
73 1.9687859503474396e-09
74 -6.435730034649568e-08
75 5.7006494188746356e-08
76 1.2849851219141424e-08
77 4.205814094788526e-08
78 5.786123528709758e-08
79 -1.979826640840729e-08
80 6.366927813677328e-08
81 -9.316153311586492e-09
82 2.845503932132112e-08
83 -4.25953972523949e-08
84 2.7973133547722044e-08
85 5.5879346396443095e-08
86 -9.468040167133649e-08
87 -5.439550181934718e-08
88 1.4252242152429374e-08
89 -3.313735330413722e-08
90 4.864834653316622e-08
91 5.092844002851716e-08
92 1.490794180699039e-08
93 -2.7685543438663584e-08
94 -2.2549918850498676e-08
95 3.744969315863886e-08
96 1.1080152327475467e-08
97 -5.377182937948162e-08
98 3.686058439791117e-09
99 1.0540877960049831e-07
100 -2.7615950303502636e-08
101 8.851389628286354e-08
102 3.911090589946809e-08
103 9.246266541074635e-09
104 5.428703060732669e-08
105 -1.3892883898701805e-08
106 4.688091656872616e-08
107 1.5817232308062372e-08
108 6.851098795336011e-08
109 -3.7139034328692786e-08
110 1.3595840372414337e-08
111 1.2590374509852747e-07
112 -1.0880502020289235e-07
113 2.0723329778786704e-08
114 -1.7965692504177212e-08
115 -7.222191791715313e-08
116 4.982681696025896e-08
117 6.427617291578326e-08
118 4.788891073906422e-08
119 -3.7827219380763384e-08
120 8.223723880941825e-08
121 -2.6344386188575916e-08
122 6.642467884338512e-08
123 7.329431412489875e-09
124 4.959216066225723e-08
125 -3.5115811372192614e-08
126 -1.3367416280148758e-07
127 -1.1024758051710323e-08
128 5.286958301820862e-08
129 4.18500942429225e-09
130 3.7476523452604884e-08
131 4.583142136949507e-08
132 2.0833729985868234e-08
133 2.7997039926859708e-09
134 7.401822107965859e-09
135 2.0941256786225895e-09
136 -2.942606002039827e-08
137 -2.5914925737815007e-08
138 2.3501733429759485e-09
139 -4.809680295495768e-08
140 -5.5779197211819916e-09
141 -9.697232283487904e-09
142 1.0083282687599384e-08
143 -1.9144344228779443e-08
144 3.779897209485585e-08
145 -6.729994149019456e-08
146 1.9486193407109123e-08
147 2.330114246356761e-08
148 -1.0784749628216368e-08
149 4.539837391829677e-08
150 3.639873105109451e-08
151 8.64399931771965e-09
152 4.95365385393262e-08
153 1.6156781998995353e-08
154 -2.5418518683540315e-08
155 6.000636219214912e-08
156 2.7585243670202736e-08
157 -1.8553233475403047e-08
158 -2.62418010545922e-08
159 2.0489188669783117e-08
160 3.3467168426514896e-08
161 4.7847878921301657e-08
162 -2.2118318533234103e-08
163 -2.1033362083997746e-08
164 1.8328148432512987e-08
165 -9.731725792217919e-09
166 5.284029994274194e-08
167 2.538503010200455e-09
168 -2.2978215518168307e-08
169 -3.607624943535135e-08
170 5.7523187691129236e-08
171 2.8408085972450547e-08
172 -4.18235706528441e-08
173 -2.539223462317291e-08
174 1.8778389838639998e-08
175 -3.5071097499629438e-09
176 1.2809823088517683e-08
177 -7.498378031694463e-10
178 -2.1382801271470062e-08
179 -7.293631900624416e-08
180 1.2986302103120874e-07
181 -4.779373225429702e-08
182 -1.0687157381924602e-08
183 -3.099249725320648e-08
184 2.8098804275052214e-08
185 -9.100683389424907e-08
186 6.86306716261539e-10
187 1.5591843758905096e-08
188 1.2876287264243476e-08
189 -9.001448639313525e-08
190 6.08634145894385e-08
191 -1.5895673914216987e-08
192 3.220269451298358e-08
193 2.2688970308154265e-08
194 -2.9307513178241567e-08
195 8.848817372738824e-08
196 7.430476890705932e-08
197 -6.944037456115278e-09
198 -2.0711924047986166e-08
199 -4.254522810446493e-08
200 1.2848090725463926e-07
201 -8.620077665886838e-08
202 -5.071493334089007e-08
203 -4.8370434019325733e-08
204 2.7359384226896665e-08
205 8.155471408180759e-08
206 5.301228611455062e-08
207 -1.6310074813991608e-09
208 3.470525031904232e-08
209 -4.8759591160598274e-08
210 5.506856470609065e-08
211 -4.957767460991826e-08
212 7.350329857979853e-08
213 -2.3590434909358856e-09
214 -3.7252285003341965e-08
215 -5.5909817263402187e-08
216 2.9119726996059898e-08
217 6.046648612862342e-08
218 1.7050995653498502e-08
219 3.591581407176622e-08
220 1.002727881090343e-08
221 -2.0133264111154033e-08
222 -2.5727346880610935e-08
223 2.3992454944362922e-08
224 6.38882510139458e-08
225 -3.594334890073086e-08
226 -1.4271573428576498e-08
227 -2.34788379338694e-08
228 5.613308055775483e-08
229 4.719172968708604e-09
230 3.005696891906044e-08
231 3.4543504754411436e-09
232 -1.2931357079961063e-08
233 2.0369890370613077e-08
234 -6.35310479829191e-08
235 2.2101951778981585e-08
236 -1.8760005380306903e-08
237 1.3693962362835863e-08
238 6.539987362204294e-08
239 7.439024155854551e-09
240 -2.1243127971873564e-08
241 8.677774103931866e-08
242 1.1939054468138642e-07
243 -1.0682724348556115e-07
244 6.939982621276165e-09
245 1.2699442576390461e-08
246 1.3589916244095377e-08
247 5.575604871552029e-08
248 -3.4362241090409993e-09
249 1.970192860489688e-09
250 -7.080305016959326e-09
251 -3.966994019156926e-08
252 5.0899917428741445e-09
253 4.147603835589187e-08
254 -1.7445797582340916e-08
255 9.510960221045958e-08
256 1.6987146713352922e-08
257 2.46490587382433e-08
258 6.380578256235863e-08
259 2.3737051961579786e-08
260 -3.0023624127906474e-09
261 7.057052405808856e-08
262 5.911104460200635e-08
263 -4.9822774847347993e-08
264 4.972435016745091e-09
265 -3.701955775875963e-08
266 -1.8575355002002588e-08
267 -2.603491879374882e-08
268 -4.4112299285405274e-08
269 2.5875679674689046e-08
270 2.6587632688206515e-08
271 -2.282303584805783e-08
272 -7.347510422171176e-08
273 -6.7671246803476225e-09
274 3.5983164951774604e-08
275 4.828971755237094e-08
276 -1.1284242608943693e-07
277 3.300052809965514e-08
278 5.749921170408384e-08
279 -1.0091939710009064e-07
280 6.796243258184524e-08
281 1.0697579460040982e-08
282 -1.898507711586022e-08
283 9.367503139236565e-08
284 3.838933290454072e-08
285 2.946961804821465e-10
286 3.6409610217234644e-08
287 1.003561859132844e-08
288 6.95134833658979e-08
289 -2.948771465460677e-08
290 3.278695063191459e-08
291 1.2522056762071828e-08
292 -6.143920619896578e-08
293 1.489829072636915e-08
294 -4.645900128967906e-08
295 -5.593411089416794e-09
296 6.376481949802939e-08
297 -4.6516888297629295e-08
298 5.030172565232653e-08
299 -1.3837501821492981e-08
