0 -1.0219778123913932e-05
1 -1.009101584309733e-05
2 -1.0521819143665885e-05
3 -1.0061302953087048e-05
4 -1.039806704763469e-05
5 -1.0335634451651416e-05
6 -1.0215506584360282e-05
7 -1.0543547166123717e-05
8 -1.032644137092548e-05
9 -1.0218150081089374e-05
10 -1.0138884925417808e-05
11 -1.0300887461469766e-05
12 -1.0170532506473054e-05
13 -1.009509111146817e-05
14 -1.0104289162414506e-05
15 -1.0108143041179725e-05
16 -1.034674437482586e-05
17 -1.0235630017626474e-05
18 -1.0343711725318384e-05
19 -1.0090353942055369e-05
20 -1.0102063900051975e-05
21 -1.0253069955804995e-05
22 -1.0236408416319287e-05
23 -1.0326202262417194e-05
24 -1.018508600771229e-05
25 -1.0195550946853545e-05
26 -1.0166084517172607e-05
27 -1.0228336107053021e-05
28 -9.990443256630074e-06
29 -1.02230716908892e-05
30 -9.870056706597279e-06
31 -1.027150519950922e-05
32 -1.0065224774078366e-05
33 -1.0221261945724534e-05
34 -1.0095016137644361e-05
35 -1.0085572794557063e-05
36 -1.0028301728278365e-05
37 -1.0333339939902705e-05
38 -1.0118614174682322e-05
39 -9.957237106885646e-06
40 -1.0213081703020755e-05
41 -1.0263503685717687e-05
42 -1.0122772269054384e-05
43 -1.0306532875299427e-05
44 -9.98825066099683e-06
45 -1.035845776134438e-05
46 -1.032238347683052e-05
47 -1.0450212771318656e-05
48 -9.98733158694254e-06
49 -1.023923514773502e-05
50 -1.0186630497543213e-05
51 -1.0157700417870617e-05
52 -1.0156996966394559e-05
53 -1.018204443410279e-05
54 -1.0374974486142671e-05
55 -1.0265243421306094e-05
56 -1.0226695227075262e-05
57 -1.0118746987189759e-05
58 -1.031217562577825e-05
59 -1.0065452694503133e-05
60 -1.0325416450588106e-05
61 -1.0178818793626997e-05
62 -1.0194440670720982e-05
63 -1.0221701512384828e-05
64 -1.0377037360887376e-05
65 -1.0125474424714462e-05
66 -1.011930150240802e-05
67 -1.0416052899847624e-05
68 -1.03254997529104e-05
69 -1.0450260719857785e-05
70 -1.0358856082488496e-05
71 -1.0098514958128965e-05
72 -9.871552300013489e-06
73 -1.0174911426775573e-05
74 -9.952545836031625e-06
75 -1.0000391086594984e-05
76 -1.0159486566371718e-05
77 -1.0275166630885585e-05
78 -1.0195139356527272e-05
79 -1.0284016778401354e-05
80 -1.0203552650307008e-05
81 -1.0282063795907929e-05
82 -1.0377589521674052e-05
83 -9.918616632655789e-06
84 -1.0294607678885476e-05
85 -1.023471882393429e-05
86 -1.0250187086501171e-05
87 -1.0330878858768251e-05
88 -1.0227420428978543e-05
89 -1.0227612792404633e-05
90 -1.015765620094008e-05
91 -1.0294251131232275e-05
92 -1.0317402903176911e-05
93 -1.0123560117767127e-05
94 -1.00624161615896e-05
95 -1.0184979780598487e-05
96 -1.0113205554156158e-05
97 -1.0039690234460941e-05
98 -1.0367863849030444e-05
99 -1.0167027330345434e-05
100 -1.0180747365410213e-05
101 -1.0151340555077961e-05
102 -1.038299918118696e-05
103 -1.0260365074497364e-05
104 -1.009386563093509e-05
105 -1.0372497977910528e-05
106 -1.0178918081097466e-05
107 -1.0104549735987941e-05
108 -1.0001256120433392e-05
109 -1.0446063473832208e-05
110 -1.0301330361060658e-05
111 -1.0094222619828816e-05
112 -1.0270397983551027e-05
113 -1.0012004001973513e-05
114 -1.0106379246921935e-05
115 -1.0287391445713127e-05
116 -1.0225570675765586e-05
117 -1.0112110214313972e-05
118 -1.0157926695541368e-05
119 -1.008647757312035e-05
120 -1.0075848313162992e-05
121 -1.0208014778330203e-05
122 -1.0321977200494416e-05
123 -1.0097787806814342e-05
124 -1.0292882243337287e-05
125 -1.0064729910832265e-05
126 -1.0256445268352208e-05
127 -1.001135915576612e-05
128 -1.035746650671524e-05
129 -9.940820148725654e-06
130 -1.0113114075678695e-05
131 -1.0296516987342131e-05
132 -1.011438962294187e-05
133 -1.015863676297084e-05
134 -1.010637288952279e-05
135 -1.036664120879127e-05
136 -1.0262146700716336e-05
137 -1.0344564820342503e-05
138 -1.024846435622127e-05
139 -9.929484898014964e-06
140 -1.035679239343385e-05
141 -1.0024578446983878e-05
142 -1.0164857440915781e-05
143 -1.0347717713646814e-05
144 -1.0383454961187832e-05
145 -1.0230201842306898e-05
146 -1.0414637405014995e-05
147 -1.030160363209747e-05
148 -1.0184453857117952e-05
149 -1.0152577307042705e-05
150 -9.773745362055686e-06
151 -1.0133437587504414e-05
152 -1.0086628582893892e-05
153 -1.0299348929027332e-05
154 -9.980297893446897e-06
155 -1.0198474947254846e-05
156 -1.0076731392566158e-05
157 -1.0274258172437659e-05
158 -1.0162996728996858e-05
159 -1.0039178082541716e-05
160 -1.0226616118005849e-05
161 -1.018074807634524e-05
162 -1.0156528180690249e-05
163 -1.0050934979324015e-05
164 -1.0044014416572878e-05
165 -1.0131419888550958e-05
166 -1.0228803800493057e-05
167 -1.019312186170816e-05
168 -1.0120103664183479e-05
169 -1.015077269106053e-05
170 -1.0117170679302016e-05
171 -1.0280714154441846e-05
172 -1.0468448813192657e-05
173 -1.0122936191733539e-05
174 -1.037850288235517e-05
175 -1.0269948059279485e-05
176 -1.0462687079079735e-05
177 -1.010299825094355e-05
178 -1.0155519904276603e-05
179 -1.048250481504417e-05
180 -1.0312059292893685e-05
181 -1.0054102834337204e-05
182 -1.008096553795921e-05
183 -1.0226876677695213e-05
184 -1.0405543741114467e-05
185 -1.0038954991125126e-05
186 -1.0239582852448009e-05
187 -1.0334207187675075e-05
188 -1.0038581047336406e-05
189 -1.0111467638833104e-05
190 -1.0346511213547282e-05
191 -1.0204142415007358e-05
192 -1.0280183917729706e-05
193 -1.0251718596205458e-05
194 -9.7886298522995e-06
195 -1.0236568634321402e-05
196 -1.0210639055831962e-05
197 -1.0253780197597708e-05
198 -1.0261690757626646e-05
199 -1.0033132206910401e-05
200 -1.0211485782964906e-05
201 -1.0334037079274346e-05
202 -1.0313580641881265e-05
203 -9.877544046100012e-06
204 -1.0414539227812406e-05
205 -1.0198166702338599e-05
206 -1.0279699102402241e-05
207 -1.0111737198198255e-05
208 -1.0050661887993413e-05
209 -1.026391687858121e-05
210 -1.0130804943812058e-05
211 -1.0189349716336172e-05
212 -1.0210099024529005e-05
213 -1.0160141014916149e-05
214 -1.0386904244839991e-05
215 -1.0195685644857848e-05
216 -1.0178093886034067e-05
217 -1.0378452414292386e-05
218 -1.0128351547117607e-05
219 -1.0138532972051372e-05
220 -1.0211091537306465e-05
221 -1.0132757999739211e-05
222 -1.0545410608988073e-05
223 -1.0036912429578812e-05
224 -1.00781701006208e-05
225 -1.0290457733103214e-05
226 -9.969060830965128e-06
227 -1.0071528679233315e-05
228 -1.0060359194581356e-05
229 -1.0111650423310282e-05
230 -1.0205692325204284e-05
231 -1.0050460335588587e-05
232 -1.0137233214465041e-05
233 -9.928104747782248e-06
234 -1.0224583340586021e-05
235 -1.021945462130293e-05
236 -1.0305459734393248e-05
237 -1.000138370707445e-05
238 -1.0245850486723295e-05
239 -1.01667828720502e-05
240 -1.0446747414179121e-05
241 -1.0183262814947662e-05
242 -1.0100400009999885e-05
243 -9.920474826504192e-06
244 -1.0310949434475173e-05
245 -1.0253153216886415e-05
246 -1.0208776680482493e-05
247 -1.0064320057635116e-05
248 -1.0257414916003023e-05
249 -1.03469617356825e-05
250 -1.0214776824232066e-05
251 -1.011902896080732e-05
252 -1.0032431253531532e-05
253 -1.026762762777954e-05
254 -1.0253027373480249e-05
255 -1.0141508598851519e-05
256 -1.0445302449790506e-05
257 -1.0326983611595286e-05
258 -1.0352688461044687e-05
259 -1.0327240108864064e-05
260 -1.020670160903724e-05
261 -1.019867809094038e-05
262 -1.0238418578456951e-05
263 -1.0280270854028728e-05
264 -1.0044882635401664e-05
265 -1.033903105918999e-05
266 -1.0328026123572228e-05
267 -1.021358128473395e-05
268 -1.0254389901087156e-05
269 -1.018530457706927e-05
270 -1.0469647716379688e-05
271 -1.0365558208431736e-05
272 -1.0188171111392211e-05
273 -1.0196419945788608e-05
274 -1.014256290745442e-05
275 -1.0485773175699206e-05
276 -9.899804881457199e-06
277 -1.0135175677992766e-05
278 -1.0259933173595913e-05
279 -1.0169591838493465e-05
280 -1.029682548784414e-05
281 -9.942974347195271e-06
282 -1.0278049949998902e-05
283 -1.0271779253954748e-05
284 -1.0215777881992054e-05
285 -1.0045351785973749e-05
286 -1.0095624823172557e-05
287 -1.0119050467533113e-05
288 -1.046556177089405e-05
289 -1.0265967862132937e-05
290 -1.0176731385735267e-05
291 -9.98508332661248e-06
292 -1.0234784443626354e-05
293 -1.0251940140795125e-05
294 -1.0103896990989472e-05
295 -1.010400262521161e-05
296 -1.0124992144847376e-05
297 -1.015145998985272e-05
298 -1.0051697959282854e-05
299 -1.0097728324263384e-05
