0 -2.7701472036064507e-07
1 -3.0748491136911115e-07
2 -3.090083621948744e-07
3 -3.229014308230486e-07
4 -2.9042594999308627e-07
5 -3.1695730284195033e-07
6 -3.350490132960864e-07
7 -2.654123037621544e-07
8 -2.8638871850200474e-07
9 -2.6598627811213595e-07
10 -3.0443733083496463e-07
11 -3.324369129700517e-07
12 -2.705071201949273e-07
13 -3.368166633656225e-07
14 -3.2935854182184376e-07
15 -3.4801446920350667e-07
16 -3.1654926595289004e-07
17 -3.144158726298591e-07
18 -3.029012544855535e-07
19 -3.274260634014549e-07
20 -3.4042628966861813e-07
21 -3.3300023012646754e-07
22 -2.8006149355539463e-07
23 -3.233954828166987e-07
24 -2.7668963525524213e-07
25 -3.3918787514971935e-07
26 -3.555027967725587e-07
27 -2.8826585175535646e-07
28 -3.5388528205395757e-07
29 -3.1670030295660567e-07
30 -3.94082006488484e-07
31 -3.141959261681054e-07
32 -3.514580991341348e-07
33 -2.6836621429136953e-07
34 -3.1593092516208623e-07
35 -3.168240548818036e-07
36 -3.320275939923619e-07
37 -2.9619912046141617e-07
38 -3.1834670781629296e-07
39 -3.6370551669966955e-07
40 -3.014087229543026e-07
41 -2.7625967503682184e-07
42 -3.443697905633524e-07
43 -3.2430942097450853e-07
44 -3.3131669772324725e-07
45 -2.9233941066788083e-07
46 -2.886635738736396e-07
47 -3.2406804768333554e-07
48 -2.9713445081699315e-07
49 -3.0872279359525436e-07
50 -3.064843521278094e-07
51 -3.6971840159585986e-07
52 -2.935979040125778e-07
53 -3.334808320223569e-07
54 -2.9233762815719746e-07
55 -2.911152391932155e-07
56 -3.0635974866224655e-07
57 -3.243758557455538e-07
58 -3.2301188046861364e-07
59 -3.356932246132177e-07
60 -3.246689605278755e-07
61 -3.1452517207531977e-07
62 -3.442182002769901e-07
63 -3.0052553742837597e-07
64 -3.197559841125232e-07
65 -3.391099617629783e-07
66 -3.6707309811975403e-07
67 -2.892203449723004e-07
68 -2.9652450043360673e-07
69 -2.856136677892261e-07
70 -3.1388584596755025e-07
71 -3.2062849165679624e-07
72 -3.869603556872839e-07
73 -3.2019129807520415e-07
74 -3.590180361639563e-07
75 -3.4997099030088796e-07
76 -3.489507404494199e-07
77 -3.108299050988599e-07
78 -3.070682111661385e-07
79 -3.1955956373615357e-07
80 -3.0790959950823627e-07
81 -2.8099916250471826e-07
82 -3.440990191103442e-07
83 -3.7260428053116076e-07
84 -3.253466276384298e-07
85 -3.3828333212411637e-07
86 -3.012638956012959e-07
87 -3.0230614640358617e-07
88 -2.930745464275604e-07
89 -3.5417751182575435e-07
90 -3.642045704829384e-07
91 -3.0001927760636583e-07
92 -3.1187066430606966e-07
93 -3.1514750961229066e-07
94 -3.6978908533424137e-07
95 -3.066208176143821e-07
96 -3.1434309280329385e-07
97 -3.3672445799294537e-07
98 -3.373611546662491e-07
99 -3.227447606819327e-07
100 -2.9654254570573245e-07
101 -3.3695032908457024e-07
102 -3.147259146569945e-07
103 -3.702988613982962e-07
104 -3.2778819194795804e-07
105 -3.095943050363285e-07
106 -3.037892639121597e-07
107 -3.273521768412329e-07
108 -3.474947822324753e-07
109 -2.868853066063887e-07
110 -3.1764802637744723e-07
111 -3.033882066837425e-07
112 -2.7933509950971443e-07
113 -3.0958072280111595e-07
114 -3.2946325785045157e-07
115 -3.098579447913521e-07
116 -3.086423057498452e-07
117 -3.133386264956161e-07
118 -3.414288175493011e-07
119 -3.433559919652228e-07
120 -3.2222903365834564e-07
121 -2.93477318954775e-07
122 -2.5174744752127023e-07
123 -3.28713518593544e-07
124 -3.2018388282095725e-07
125 -3.222739227972102e-07
126 -3.0831411305152976e-07
127 -2.941249628468222e-07
128 -3.1998432609437854e-07
129 -3.6660560407828455e-07
130 -3.3310610100102765e-07
131 -3.3244823102486034e-07
132 -3.0377125243181535e-07
133 -2.9814783549633366e-07
134 -3.260209975693975e-07
135 -2.968594848708702e-07
136 -2.8815193948622115e-07
137 -2.7606921881761754e-07
138 -3.198590339203337e-07
139 -3.479475213546383e-07
140 -2.966216726910047e-07
141 -3.5909266882514346e-07
142 -2.879886615438485e-07
143 -3.001203797726419e-07
144 -2.940109688836618e-07
145 -3.127458795335721e-07
146 -3.0255545215270416e-07
147 -2.935956489552077e-07
148 -3.070709590038289e-07
149 -3.628345758565611e-07
150 -3.4167130382156614e-07
151 -3.347157582877411e-07
152 -3.4274544609404773e-07
153 -3.2028072895517073e-07
154 -3.5622761331099495e-07
155 -3.33885043606738e-07
156 -3.2943633245398705e-07
157 -3.0119405771322245e-07
158 -3.467090574220506e-07
159 -3.1722391430920476e-07
160 -3.0764433820556863e-07
161 -3.3414909389716984e-07
162 -2.9882431698860795e-07
163 -3.349562505204129e-07
164 -3.3368752126882573e-07
165 -3.2610117093508424e-07
166 -3.2149888247542904e-07
167 -3.3685748406397094e-07
168 -3.1495466676715317e-07
169 -3.509497448398254e-07
170 -3.171993397856027e-07
171 -2.9254596852156276e-07
172 -2.7057971844502085e-07
173 -2.5672452230350236e-07
174 -3.53600774941547e-07
175 -3.005126572281157e-07
176 -3.55533092563508e-07
177 -3.1886474581887063e-07
178 -3.342055550788462e-07
179 -2.905397875492863e-07
180 -3.140665124289904e-07
181 -3.453965999794957e-07
182 -3.54533008501645e-07
183 -3.072329478078504e-07
184 -2.9724364112094424e-07
185 -3.221840161908071e-07
186 -3.267881860069223e-07
187 -3.183513137254166e-07
188 -3.4490943909541076e-07
189 -3.1213868995462185e-07
190 -2.919256578622779e-07
191 -3.245717262945494e-07
192 -3.198060490231566e-07
193 -3.083447345391994e-07
194 -3.684386387032954e-07
195 -2.975196728148414e-07
196 -3.2833024923009685e-07
197 -2.8531992500593136e-07
198 -2.9544815087455424e-07
199 -3.0410060216383946e-07
200 -3.202577896188012e-07
201 -2.923989757882354e-07
202 -2.9496113144730996e-07
203 -3.3684900064985186e-07
204 -3.093355970767146e-07
205 -3.503840260518222e-07
206 -3.47421882663574e-07
207 -2.980544843575511e-07
208 -3.1749992631930905e-07
209 -2.908063030158465e-07
210 -2.7270963131158737e-07
211 -3.3434437184304574e-07
212 -3.4110537732709535e-07
213 -2.7878323076985366e-07
214 -2.816005864895655e-07
215 -3.4938492385551623e-07
216 -3.125789430243294e-07
217 -3.079956384713018e-07
218 -3.447644847663704e-07
219 -3.4305317047038064e-07
220 -3.555335485676116e-07
221 -3.372380189334709e-07
222 -2.9951991742602585e-07
223 -3.1425465608178257e-07
224 -2.9551511508901893e-07
225 -3.1290809929332285e-07
226 -3.4528750815009175e-07
227 -3.1180898362762595e-07
228 -3.3520658745505225e-07
229 -2.9731179019090867e-07
230 -3.397058296267254e-07
231 -3.761310378834301e-07
232 -3.277168668933071e-07
233 -3.953065426008008e-07
234 -3.148735488038764e-07
235 -2.797682593336639e-07
236 -3.5099497989517407e-07
237 -3.075245006791667e-07
238 -3.3948977584339384e-07
239 -3.1130467622521067e-07
240 -2.6914476230570785e-07
241 -3.1082249029931943e-07
242 -3.611932794337079e-07
243 -3.3142358332077234e-07
244 -2.978075607585531e-07
245 -3.468306358726077e-07
246 -3.001107534541206e-07
247 -3.801495182556245e-07
248 -2.9904775447956086e-07
249 -3.667238103511206e-07
250 -3.519192624532792e-07
251 -3.0702712628172106e-07
252 -3.8929440414741587e-07
253 -3.017112628394888e-07
254 -3.083641685699072e-07
255 -3.593894092649293e-07
256 -2.523128616576003e-07
257 -3.3151419385626703e-07
258 -2.8197454470600095e-07
259 -3.0600535189949943e-07
260 -2.9824541456489406e-07
261 -3.2304801775062586e-07
262 -3.1835888935307535e-07
263 -2.670235133098108e-07
264 -3.429352422885709e-07
265 -2.8652827351117405e-07
266 -2.6046717209130535e-07
267 -3.386673776292882e-07
268 -3.195565924967458e-07
269 -3.0189355481288533e-07
270 -2.723792919634707e-07
271 -2.882165398511719e-07
272 -2.8778338660011014e-07
273 -3.0252360790929643e-07
274 -3.047810217351509e-07
275 -2.9372696455826763e-07
276 -3.282899363091409e-07
277 -3.289490669740766e-07
278 -3.034992002067574e-07
279 -3.1566012748847076e-07
280 -3.2141469645583375e-07
281 -3.484687684200517e-07
282 -3.008901897278448e-07
283 -3.16853005592852e-07
284 -3.117356029619012e-07
285 -2.9677702467179426e-07
286 -3.2954694381951206e-07
287 -3.308092999636834e-07
288 -3.3593836751848944e-07
289 -3.1125359519824383e-07
290 -3.160732762068049e-07
291 -3.716642361135434e-07
292 -3.2201677356222073e-07
293 -2.8772614217906375e-07
294 -3.277166397620103e-07
295 -3.240631529763096e-07
296 -3.3706733296405436e-07
297 -3.065201253673204e-07
298 -3.468495405815101e-07
299 -3.6016876732199815e-07
