0 6.577597047321477e-07
1 5.290544811610106e-07
2 4.3184873295205884e-07
3 4.830736326675834e-07
4 3.7654779002927134e-07
5 3.525093093021243e-07
6 7.325498055337721e-07
7 5.765213757978494e-07
8 6.015728581186317e-07
9 7.656866807387599e-07
10 6.923518900249535e-07
11 7.323103496842928e-07
12 6.313140748995928e-07
13 5.575973908513914e-07
14 2.680899949414086e-07
15 5.592039733068836e-07
16 8.162257432723838e-07
17 7.557504769124534e-07
18 6.639551132074957e-07
19 5.246696857870045e-07
20 7.927700587412747e-07
21 6.152824718178507e-07
22 4.235601792820818e-07
23 5.125866034762752e-07
24 6.237725224355818e-07
25 7.162275172287361e-07
26 6.588917045854657e-07
27 7.687622204930696e-07
28 7.699066580253126e-07
29 8.313707672722769e-07
30 4.019410397766924e-07
31 8.408541398891545e-07
32 5.96522344903818e-07
33 6.254180766776473e-07
34 6.462317332279491e-07
35 7.15419818089759e-07
36 5.651251279859109e-07
37 3.9793574796092823e-07
38 7.72919433069746e-07
39 6.453648851118029e-07
40 6.840474913975461e-07
41 6.594817647200691e-07
42 4.237755032480439e-07
43 5.440098214487462e-07
44 7.314177736166695e-07
45 7.072288758181973e-07
46 6.13454687154664e-07
47 6.423479666738543e-07
48 8.198163561119117e-07
49 6.987322626593615e-07
50 7.546143809249357e-07
51 5.131907183122338e-07
52 4.582446976273625e-07
53 6.290423773733929e-07
54 7.065428703682575e-07
55 8.825453078316734e-07
56 6.690121668160543e-07
57 6.433742851591421e-07
58 7.33238724395896e-07
59 9.052739653464884e-07
60 5.774900163942512e-07
61 5.648138638160671e-07
62 6.293260666311864e-07
63 4.89265099276358e-07
64 6.124889368968928e-07
65 5.404070588268733e-07
66 8.429170726611566e-07
67 7.157894827414746e-07
68 4.091023391597821e-07
69 9.63346540357829e-07
70 5.485385185535088e-07
71 5.894604743178225e-07
72 7.620080876128863e-07
73 6.765935973843117e-07
74 7.990936214222012e-07
75 5.287137679210803e-07
76 6.879358019381144e-07
77 7.289446194228538e-07
78 6.286574261361997e-07
79 7.691421683893519e-07
80 6.243881339037712e-07
81 5.532597717464145e-07
82 5.080096732695926e-07
83 7.976421420211058e-07
84 5.42908699549495e-07
85 4.82133750782918e-07
86 6.533480791758272e-07
87 6.071168204438275e-07
88 6.798469804692506e-07
89 5.313511148194834e-07
90 4.274518750036716e-07
91 3.9640830224410046e-07
92 4.87038758233733e-07
93 7.257971641094266e-07
94 6.664320351569833e-07
95 5.875230593375871e-07
96 8.885357806539878e-07
97 9.085155726623264e-07
98 6.784295193070064e-07
99 5.755484792878959e-07
100 8.677680327423228e-07
101 3.1534752672651286e-07
102 4.915594459003394e-07
103 4.841621573781668e-07
104 3.6522361749212225e-07
105 5.882236678518954e-07
106 4.6259266214703013e-07
107 7.754064749530104e-07
108 5.748683470345275e-07
109 4.959780494394416e-07
110 6.281622903165146e-07
111 2.2815687513588576e-07
112 9.86712607911761e-07
113 7.986805264083739e-07
114 6.867131592795079e-07
115 6.696117789252345e-07
116 7.363908472696534e-07
117 7.429755588735778e-07
118 8.385144282596098e-07
119 5.511354577914722e-07
120 3.604415428483644e-07
121 6.586960757328193e-07
122 5.544216445273875e-07
123 7.111567929714287e-07
124 6.142671436249527e-07
125 7.742094913194651e-07
126 8.838594086065248e-07
127 7.163318546002248e-07
128 5.160763408339001e-07
129 5.715938448703606e-07
130 8.921632472739223e-07
131 4.98674840311941e-07
132 6.957203096249168e-07
133 7.489754326223446e-07
134 5.286196260516265e-07
135 6.164078558478755e-07
136 8.314065614347367e-07
137 7.554546334914506e-07
138 8.285235303067616e-07
139 7.127901408481968e-07
140 7.32736864222972e-07
141 8.978085932567732e-07
142 7.981970235865332e-07
143 6.949407915592838e-07
144 7.541737623715435e-07
145 8.729923438379171e-07
146 6.010315977152032e-07
147 6.761289593701143e-07
148 6.058027682391313e-07
149 5.363464806209071e-07
150 7.947543960182372e-07
151 7.283365038134287e-07
152 6.136658416539321e-07
153 5.056610663298564e-07
154 8.347685005433624e-07
155 5.486359716424878e-07
156 7.054891613505199e-07
157 6.898089100193736e-07
158 7.650618573499839e-07
159 8.517332445635069e-07
160 3.0214111847426355e-07
161 6.027938138034771e-07
162 8.365190324066103e-07
163 7.324593299117957e-07
164 6.014892762837094e-07
165 7.470061497667139e-07
166 5.748810409750905e-07
167 6.507135224593882e-07
168 6.568913765490724e-07
169 6.82629154152871e-07
170 4.399439464600421e-07
171 6.58531459171539e-07
172 8.255705066135009e-07
173 9.600218042531862e-07
174 5.380899181134467e-07
175 5.420917434454963e-07
176 5.431833500255255e-07
177 5.734050145884532e-07
178 7.807454422060203e-07
179 8.461669587699368e-07
180 6.796861516763289e-07
181 7.138053084182061e-07
182 6.944889107283955e-07
183 7.653021916707461e-07
184 6.190717838814742e-07
185 6.595927058833259e-07
186 5.180816999176381e-07
187 5.249467390069384e-07
188 7.35000697718102e-07
189 1.0204950170484416e-06
190 4.230367228100366e-07
191 4.6274618192253805e-07
192 5.943505840403539e-07
193 8.376439380119709e-07
194 8.083650981392041e-07
195 5.131772891300972e-07
196 5.642648658812883e-07
197 7.064855227375033e-07
198 7.740390000182917e-07
199 1.0105494374188821e-06
200 2.9421667765854923e-07
201 8.482070314731347e-07
202 9.55381410366249e-07
203 9.483455629985332e-07
204 6.695049355308666e-07
205 2.6653163327563123e-07
206 4.235265261869947e-07
207 7.412347558164446e-07
208 6.180263170643184e-07
209 5.787876385544808e-07
210 5.019267370140881e-07
211 6.427826864187612e-07
212 6.439510325355316e-07
213 6.355418237033407e-07
214 6.289267767981109e-07
215 8.020356973753494e-07
216 5.829208791818884e-07
217 7.021356464486854e-07
218 7.706279723480863e-07
219 5.302962995028168e-07
220 6.085438697573902e-07
221 8.885966921773339e-07
222 6.185380353772968e-07
223 6.234347758600679e-07
224 5.15118514252107e-07
225 9.021638242349916e-07
226 6.825204672584186e-07
227 5.996240511146421e-07
228 4.83445257146044e-07
229 6.031161403876854e-07
230 5.974491812230755e-07
231 7.183830860276894e-07
232 6.381160816167804e-07
233 7.864975125956909e-07
234 8.915922447089666e-07
235 5.251044890328187e-07
236 5.81532386173569e-07
237 5.763561170473305e-07
238 4.74471030330068e-07
239 6.861222760887071e-07
240 8.527078845391084e-07
241 5.718961131298349e-07
242 3.5035910889455215e-07
243 8.924409681379931e-07
244 3.716898327455742e-07
245 4.436391024900378e-07
246 5.949525115190658e-07
247 5.124779478855101e-07
248 5.810723774270757e-07
249 6.858603242140745e-07
250 8.907492781009384e-07
251 9.272055428689076e-07
252 5.385515373620446e-07
253 4.6634383447660105e-07
254 3.39437805959769e-07
255 4.2602458629100427e-07
256 7.193204151859107e-07
257 6.354650247630965e-07
258 5.835604360330426e-07
259 5.557746971085041e-07
260 8.680519443922375e-07
261 5.500429365987316e-07
262 4.496956855510399e-07
263 8.624154729555596e-07
264 6.957876962695199e-07
265 7.591088229735144e-07
266 9.262005660402767e-07
267 7.183437215270047e-07
268 6.19149451492991e-07
269 5.955939011943378e-07
270 5.958497171341629e-07
271 7.130851974896018e-07
272 1.0104036166299758e-06
273 5.304849142943732e-07
274 5.432922105779432e-07
275 5.717599225655608e-07
276 1.1496208576642576e-06
277 4.231209389805623e-07
278 5.361268013471785e-07
279 7.538298318615976e-07
280 5.418831465455144e-07
281 6.578228608395299e-07
282 5.578571221055077e-07
283 5.615107920444648e-07
284 5.839184068849257e-07
285 7.557740367217343e-07
286 7.181833313019935e-07
287 6.121037224347187e-07
288 4.008426056897303e-07
289 8.267371835619216e-07
290 6.020042712861139e-07
291 5.447556715104918e-07
292 9.0245150601685e-07
293 7.456026611231042e-07
294 7.964499980356696e-07
295 8.964498504353344e-07
296 5.920121398213598e-07
297 8.559037211697029e-07
298 5.259930021672955e-07
299 7.319002434991809e-07
