0 -2.038948728777048e-07
1 -1.8328350623029851e-07
2 6.40221473978309e-08
3 -3.056604917773305e-07
4 1.1534563588987564e-07
5 -2.4817599021593347e-08
6 -2.999124612925253e-07
7 6.847536879669888e-08
8 -1.321055367283021e-07
9 -1.832565958118508e-07
10 -3.089617626687461e-07
11 -3.397329821161446e-07
12 -1.802465406109796e-07
13 -3.5830843913650967e-07
14 -1.1724808195069264e-07
15 -4.4596566551476015e-07
16 -3.074240983549476e-07
17 -3.381559941151541e-07
18 -1.2376706609207518e-07
19 -2.3830767972697603e-07
20 -4.861066004629632e-07
21 -4.109457818565517e-07
22 4.234254897900276e-09
23 -1.2685133851089505e-07
24 -2.593028942358019e-07
25 -3.931290214651235e-07
26 -3.989315165863964e-07
27 -2.9677757959085587e-07
28 -6.206835068058302e-07
29 -3.061135345626539e-07
30 -3.9634661986892747e-07
31 -4.536385263585432e-07
32 -4.3838590407473786e-07
33 -1.03524188620047e-07
34 -3.326689790557103e-07
35 -3.6504701898361567e-07
36 -2.981474076863364e-07
37 -2.528280886014994e-08
38 -4.0415655990610497e-07
39 -5.240921900053962e-07
40 -2.6922288072825287e-07
41 -1.3920731569005918e-07
42 -1.921234260039346e-07
43 -1.9824533695502516e-07
44 -4.408882316094979e-07
45 -6.149951216116645e-08
46 -1.7691447948477843e-07
47 -6.057994881038384e-08
48 -4.6891708356950255e-07
49 -2.974643742631863e-07
50 -2.7689985906899614e-07
51 -3.9156498771055326e-07
52 -1.3023247320631686e-07
53 -3.668720160339619e-07
54 -2.670397438524613e-07
55 -4.0929650154093653e-07
56 -3.332247954823491e-07
57 -3.5227316627970993e-07
58 -2.2433935121956366e-07
59 -5.920311883015715e-07
60 -2.3618237862067627e-07
61 -4.087811452940195e-08
62 -3.4215235452239666e-07
63 -1.11950623882771e-07
64 -1.8768515631919882e-07
65 -2.1967936733535038e-07
66 -4.5150476186405937e-07
67 -1.0322295265794087e-07
68 1.3112212534631943e-07
69 -2.725661595982137e-07
70 -2.480969778400725e-07
71 -2.6325091893250315e-07
72 -6.70116805876519e-07
73 -3.274576708788338e-07
74 -6.80011193041876e-07
75 -3.912099414436474e-07
76 -4.319796774576e-07
77 -2.670093569882879e-07
78 -1.222636309410974e-07
79 -2.9473657003029154e-07
80 -2.3597520778132186e-07
81 -1.7617368301047943e-07
82 -1.9438931728962973e-07
83 -7.393358304554449e-07
84 -2.2413191185691468e-07
85 -9.018506019448525e-08
86 -3.5202162666404436e-07
87 -2.2738640256743422e-07
88 -2.3007245327164942e-07
89 -2.8662500529792955e-07
90 -2.4661172049040884e-07
91 -4.223586647645089e-08
92 -1.0037248222862517e-07
93 -4.183137770868092e-07
94 -6.03989806713786e-07
95 -2.1848630623633774e-07
96 -5.047059595944625e-07
97 -5.907823542384863e-07
98 -2.727085680243883e-07
99 -2.245177250672887e-07
100 -3.6087702234150747e-07
101 -1.1494284612891869e-07
102 -8.271888608019255e-08
103 -3.693905400249864e-07
104 -2.0238434532498394e-07
105 -1.1516806402285734e-07
106 -2.4627200406390965e-07
107 -3.85223415144144e-07
108 -3.697714062809509e-07
109 -1.7294553162684463e-07
110 -2.14368740164958e-07
111 6.00824232191805e-08
112 -3.9832359836800443e-07
113 -4.5297122222606594e-07
114 -4.0122704605373585e-07
115 -3.572781683558125e-07
116 -2.47003496833124e-07
117 -3.395130498560047e-07
118 -4.285032293656019e-07
119 -3.8342601711346196e-07
120 -2.1979144279404744e-07
121 -2.385804964376831e-07
122 1.7924013351437927e-08
123 -3.878157786998213e-07
124 -1.8875437742306153e-07
125 -4.194715910959206e-07
126 -5.29306184353145e-07
127 -3.278499509485602e-07
128 -7.631908733980391e-08
129 -4.777182353369115e-07
130 -4.3623492491378534e-07
131 -2.2236257841185402e-07
132 -3.9549008900121513e-07
133 -2.5538506324679025e-07
134 -3.3898302522674336e-07
135 -1.5126368972305422e-07
136 -3.634910387779063e-07
137 -2.1676632820298175e-07
138 -2.4073779372071774e-07
139 -6.193382205465558e-07
140 -2.1987492903687585e-07
141 -5.148207181195183e-07
142 -1.9758661789677328e-07
143 -1.8537134455007188e-07
144 -3.074861805570774e-08
145 -4.4971615377844144e-07
146 -1.6787971148721724e-07
147 -1.979681396635537e-07
148 -2.26437456940677e-07
149 -3.245235439901757e-07
150 -6.169181344214366e-07
151 -3.835494949606979e-07
152 -2.4249421769368017e-07
153 -1.9031498230412113e-07
154 -5.98026939144259e-07
155 -2.961620867319734e-07
156 -4.272893838679507e-07
157 -2.5256077042419777e-07
158 -4.0121880704876983e-07
159 -4.86509039238812e-07
160 -9.63273195239794e-08
161 -2.5037684636665604e-07
162 -4.039853133123486e-07
163 -4.975341412215558e-07
164 -3.3337145384004403e-07
165 -3.3777538382523173e-07
166 -3.1360766441242395e-07
167 -3.615519241823594e-07
168 -3.3888490208480046e-07
169 -4.056265769043054e-07
170 -6.632075755166196e-08
171 -1.5460331530523605e-07
172 -2.5569666598824035e-07
173 -3.902576848468515e-07
174 -2.361539997652398e-07
175 -2.59199412804625e-07
176 -1.6241608279144744e-07
177 -2.704943371381288e-07
178 -4.2868800628745543e-07
179 -2.453696707589928e-07
180 -7.402430358139786e-08
181 -4.984507843545283e-07
182 -5.352530415873727e-07
183 -4.5978238213692083e-07
184 -8.084150566909014e-08
185 -4.779392204630251e-07
186 -2.8942774694210445e-07
187 -1.712891891903498e-07
188 -3.652363077135148e-07
189 -5.33185601176079e-07
190 -3.804013720363447e-09
191 -2.485872332185819e-07
192 -2.1473059209891015e-07
193 -2.421805690509138e-07
194 -6.117313309245101e-07
195 -8.50656388406537e-08
196 -1.076863858479684e-07
197 -2.40768523917453e-07
198 -3.482984595585062e-07
199 -4.638477226152382e-07
200 1.8527876214438126e-08
201 -3.7003602942886807e-07
202 -3.623169795220813e-07
203 -5.989841595577811e-07
204 -1.1944826932306463e-07
205 -9.521412552921634e-08
206 -2.405005626703187e-07
207 -3.3004692539821966e-07
208 -3.6288954151343253e-07
209 -1.2118984833376107e-07
210 -9.186435293682193e-08
211 -3.8214680529658257e-07
212 -2.555272592668665e-07
213 -2.5373282926603455e-07
214 -1.9430753180533192e-07
215 -5.34251390198075e-07
216 -1.9028607773534962e-07
217 -1.0054267539466029e-07
218 -3.8828952351786923e-07
219 -3.406676046644513e-07
220 -3.648864440386165e-07
221 -4.2316926845576984e-07
222 -8.792392813262603e-08
223 -3.2733651813548307e-07
224 -1.9702632959627057e-07
225 -3.60624034763328e-07
226 -5.139157913773815e-07
227 -2.8297313146169683e-07
228 -2.72002344440569e-07
229 -3.3901733687232355e-07
230 -3.070677637942977e-07
231 -4.5142409353891214e-07
232 -3.5115911272572225e-07
233 -6.350208293291104e-07
234 -5.164664322584342e-07
235 -1.4543671925740137e-07
236 -3.690331005472488e-07
237 -3.6118220810079605e-07
238 -2.2823322455396685e-07
239 -2.953548561363993e-07
240 -1.9080368405639194e-07
241 -1.9243767831774868e-08
242 -2.323564622956921e-07
243 -7.538650999786295e-07
244 -3.196806917684803e-08
245 -1.9326990399813786e-07
246 -2.2133203971452996e-07
247 -4.0253405299151234e-07
248 -2.5728099219372187e-07
249 -2.612385924431584e-07
250 -5.213881030942012e-07
251 -3.8141605765675195e-07
252 -4.562899056708361e-07
253 -2.015310837672681e-07
254 -1.323815847658199e-07
255 -3.5025690903443557e-07
256 -2.2743192848220367e-08
257 -1.8564108823741499e-07
258 -2.1017977820315385e-07
259 -2.2278189017758582e-07
260 -2.593853111521078e-07
261 -1.557813256824193e-07
262 -1.5804818536755647e-07
263 -3.4108872669605666e-07
264 -3.876547911914272e-07
265 -2.6381639448137463e-07
266 -1.5137596239854378e-07
267 -3.78551596101055e-07
268 -2.8075712482585604e-07
269 -2.5877931501339095e-07
270 -4.831144822167226e-08
271 -1.3695197689504734e-07
272 -4.208688337232628e-07
273 -1.9610892371311477e-07
274 -2.6956048652452886e-07
275 -3.701802235233895e-08
276 -7.996635149910908e-07
277 -2.981560971706815e-07
278 -1.1584431086251846e-07
279 -5.161865526111569e-07
280 -2.049763549164262e-07
281 -5.285257890932808e-07
282 -1.8969261913929417e-07
283 -2.0335525011423707e-07
284 -1.4722953173700109e-07
285 -3.81250592387609e-07
286 -4.07334484546624e-07
287 -4.5119039169949854e-07
288 -3.760192529152824e-08
289 -3.0720656269475954e-07
290 -2.773352625119944e-07
291 -4.2872759267150194e-07
292 -4.2050577509449915e-07
293 -1.4673927706727975e-07
294 -4.838184943281794e-07
295 -4.3269597608975015e-07
296 -3.104416899746045e-07
297 -4.966219056320904e-07
298 -3.3384033872051935e-07
299 -5.041377287313578e-07
