0 -2.038183997492656e-07
1 -2.0621177731007913e-07
2 -2.0059710634323807e-07
3 -2.0482742936385913e-07
4 -2.0025566677690883e-07
5 -1.9638177406525004e-07
6 -1.969772038258041e-07
7 -2.0108885848261983e-07
8 -2.0333047133200462e-07
9 -2.043947983250746e-07
10 -2.050419933502628e-07
11 -2.0646231532349953e-07
12 -2.0351775512246293e-07
13 -2.0256142290588994e-07
14 -1.9688334856575726e-07
15 -2.0553442629746664e-07
16 -2.0354052264674626e-07
17 -2.0067292266974712e-07
18 -1.9435530835437363e-07
19 -2.0208017159606688e-07
20 -2.0194640430654277e-07
21 -2.0437365269581317e-07
22 -2.012571331871275e-07
23 -2.0359119704246199e-07
24 -1.9900128775721646e-07
25 -1.9455468483389028e-07
26 -2.0723789442261706e-07
27 -1.9823526692826067e-07
28 -1.9615866733615361e-07
29 -2.0344407820971146e-07
30 -1.9520239883652992e-07
31 -2.0106283044112954e-07
32 -1.9987579528626236e-07
33 -2.022573485135318e-07
34 -1.9850887247707972e-07
35 -1.9917406276066065e-07
36 -2.105796693315516e-07
37 -1.9647190241121224e-07
38 -2.074705108611431e-07
39 -2.0361837087090195e-07
40 -1.9896042428514796e-07
41 -2.0316138482436822e-07
42 -1.9943230320929506e-07
43 -2.0308429414167126e-07
44 -2.0197608217664156e-07
45 -2.007154621727061e-07
46 -2.0192082885386468e-07
47 -1.9565633056676808e-07
48 -2.022848695158284e-07
49 -2.0089360382667243e-07
50 -1.972916677080975e-07
51 -2.0215732125322635e-07
52 -2.0096838374092597e-07
53 -2.0077661773214316e-07
54 -2.0295202434816642e-07
55 -2.0594665981369647e-07
56 -2.0185550749118598e-07
57 -2.0552808092362165e-07
58 -2.0502582579325655e-07
59 -2.0238668790509954e-07
60 -2.010529372174801e-07
61 -1.9570956649471572e-07
62 -2.038319649783336e-07
63 -2.0565980764889422e-07
64 -2.034267862054806e-07
65 -1.9807813923952086e-07
66 -1.9948124074200918e-07
67 -2.0535830603251868e-07
68 -2.024537129301783e-07
69 -2.0205983588022487e-07
70 -2.004111748437165e-07
71 -1.991642480812602e-07
72 -2.0912725443850542e-07
73 -2.0258508816979788e-07
74 -2.0630436816396928e-07
75 -2.0262922172082116e-07
76 -1.933471003736541e-07
77 -1.9713019806058932e-07
78 -2.095761948331552e-07
79 -2.0420877228943962e-07
80 -2.0349353611541167e-07
81 -1.9510114932719152e-07
82 -1.964476935904137e-07
83 -2.0118892863699145e-07
84 -2.0118957574018867e-07
85 -1.9669148136221585e-07
86 -1.979821356153452e-07
87 -1.9932422984975775e-07
88 -2.0489336954373215e-07
89 -1.993001879027327e-07
90 -2.0422582315891763e-07
91 -2.0562866517665303e-07
92 -2.1016400145392539e-07
93 -2.0503427264215179e-07
94 -1.9983521956884466e-07
95 -1.961565719054824e-07
96 -2.016280152247756e-07
97 -1.942662259030508e-07
98 -2.0210986070992152e-07
99 -2.0277396586148163e-07
100 -2.0389719793369134e-07
101 -2.0754626828888622e-07
102 -2.0220285916191386e-07
103 -2.0296298678374936e-07
104 -2.0389943090530346e-07
105 -2.019255425788351e-07
106 -2.0117103959061474e-07
107 -2.0273072332980423e-07
108 -2.0066427525656254e-07
109 -2.0484717263911709e-07
110 -2.0101960189012857e-07
111 -2.043824606130207e-07
112 -2.0662113906684388e-07
113 -1.9771681444417482e-07
114 -1.9984906436279977e-07
115 -2.0542953045373628e-07
116 -2.0261110399924698e-07
117 -2.019212372043927e-07
118 -2.0035386006362712e-07
119 -2.0303935886343042e-07
120 -2.017221098037107e-07
121 -2.047988836469884e-07
122 -2.0910148065572776e-07
123 -2.052345710127977e-07
124 -2.0353190452228617e-07
125 -1.981306081499513e-07
126 -2.0346797533837176e-07
127 -1.9655791084077943e-07
128 -1.9888411803592854e-07
129 -2.026058770921341e-07
130 -1.8654321116497357e-07
131 -1.9797783444406952e-07
132 -2.0534032192733716e-07
133 -2.000724642166074e-07
134 -1.9931387625936994e-07
135 -2.0486294074174656e-07
136 -2.0363710975772067e-07
137 -2.0090307002667434e-07
138 -2.0344943914526752e-07
139 -2.1266004735722507e-07
140 -2.0146744754173442e-07
141 -2.0485132765070652e-07
142 -2.0214471741690622e-07
143 -2.0410268465134446e-07
144 -2.026459717464699e-07
145 -2.0399370734932138e-07
146 -2.0165022344999443e-07
147 -2.007352498244155e-07
148 -2.0352335889310158e-07
149 -2.011164494344963e-07
150 -1.9633152968144118e-07
151 -2.0124294290295605e-07
152 -2.034966402655407e-07
153 -2.0107304082145584e-07
154 -2.0778754055893675e-07
155 -2.0370720873955646e-07
156 -2.0151354916309923e-07
157 -2.001969294092904e-07
158 -2.029091886114619e-07
159 -1.9808362379482615e-07
160 -2.0485463379827872e-07
161 -2.0171255494168218e-07
162 -2.0330821725556848e-07
163 -1.9554002492972303e-07
164 -2.067247398742717e-07
165 -1.9677969684258976e-07
166 -2.0228539501749607e-07
167 -1.9900645495499072e-07
168 -1.9799475294973344e-07
169 -2.0107733376497537e-07
170 -1.9960361687316587e-07
171 -2.1334763398354793e-07
172 -2.0639541789336644e-07
173 -2.069639923612887e-07
174 -2.0539456992466086e-07
175 -1.9362499064424292e-07
176 -2.0019512719610211e-07
177 -1.98459344561092e-07
178 -2.065978234773851e-07
179 -2.017317163704708e-07
180 -2.0034281276656565e-07
181 -2.0745103056165754e-07
182 -2.0516267647141498e-07
183 -1.9754442847458939e-07
184 -1.9545118597479498e-07
185 -2.0721022606413613e-07
186 -2.0043803915790528e-07
187 -2.0098536095545452e-07
188 -2.069430558580148e-07
189 -2.0065607155417892e-07
190 -2.0573464048650875e-07
191 -2.036076735552818e-07
192 -2.0043720422952582e-07
193 -1.919224269885209e-07
194 -1.9881350817168165e-07
195 -2.0436887907668928e-07
196 -2.0186800353073309e-07
197 -1.9882874186339556e-07
198 -2.0088860380870816e-07
199 -2.032287903640296e-07
200 -2.0337052541351656e-07
201 -1.9833625436739054e-07
202 -1.9945186792565116e-07
203 -2.0197913279115182e-07
204 -1.9928101188206433e-07
205 -2.0611815244555719e-07
206 -1.9913406422028604e-07
207 -2.0628588807168923e-07
208 -2.0125201337553772e-07
209 -1.973412724742557e-07
210 -2.0488856874823224e-07
211 -2.0511895410798115e-07
212 -1.9927482140962392e-07
213 -1.9613763215100032e-07
214 -2.0049037517346438e-07
215 -2.0418702564075632e-07
216 -2.018663959570622e-07
217 -2.00073925075835e-07
218 -2.0409423062259258e-07
219 -2.0272910057617228e-07
220 -1.9882689297745285e-07
221 -2.055345475926838e-07
222 -2.0377282359248658e-07
223 -2.0210392846571494e-07
224 -2.0214067220215192e-07
225 -2.0459656263758694e-07
226 -2.062833560781417e-07
227 -2.070127247820175e-07
228 -2.0177772362123942e-07
229 -1.9442315806551753e-07
230 -1.9744023802583794e-07
231 -2.0417537265448278e-07
232 -2.0179664070811627e-07
233 -1.979031047865279e-07
234 -2.0629673061081757e-07
235 -1.9637907777663236e-07
236 -2.0434141841963298e-07
237 -2.020498188474541e-07
238 -1.9450949417542344e-07
239 -1.973258819320783e-07
240 -1.9636530583896426e-07
241 -1.9334663529837645e-07
242 -2.009316993306846e-07
243 -1.9549439517269246e-07
244 -2.0256426220998596e-07
245 -2.0637039539859337e-07
246 -2.0015577496925166e-07
247 -2.0274917961290785e-07
248 -2.0519007257910335e-07
249 -1.992906401183967e-07
250 -1.9809430595489062e-07
251 -1.981506186027332e-07
252 -1.9846618732091004e-07
253 -1.985547403847807e-07
254 -2.0199522209270687e-07
255 -1.974960065802427e-07
256 -1.9691818932202037e-07
257 -2.0181154455711564e-07
258 -2.0775259093016178e-07
259 -1.974704398167829e-07
260 -2.0159469202976166e-07
261 -1.9740022840538704e-07
262 -2.115594144197924e-07
263 -2.0299357915112146e-07
264 -1.9779679140678815e-07
265 -2.0338607201729402e-07
266 -2.0275784975666097e-07
267 -1.9675989888812752e-07
268 -2.050232876489583e-07
269 -2.0268881356460062e-07
270 -2.025526272741894e-07
271 -1.993695044978381e-07
272 -1.9620635243493687e-07
273 -2.015973259280592e-07
274 -2.044916982500598e-07
275 -2.0026864268784134e-07
276 -1.9597480307977984e-07
277 -1.973450478557551e-07
278 -1.993306877711142e-07
279 -1.9289010420810322e-07
280 -2.0024746237771877e-07
281 -2.01047585480757e-07
282 -2.0645603871101884e-07
283 -2.012780493552795e-07
284 -2.049925106362067e-07
285 -2.0344793456549244e-07
286 -2.0405066968710505e-07
287 -2.055817771035256e-07
288 -2.0777172386685253e-07
289 -2.0351378183599452e-07
290 -2.0129707744139199e-07
291 -1.989094069472838e-07
292 -2.061253661859195e-07
293 -2.0309223872140205e-07
294 -2.0587799121369776e-07
295 -1.8722868810196664e-07
296 -2.0415904841815974e-07
297 -1.9910551860240068e-07
298 -2.0255939730039641e-07
299 -1.991848302724942e-07
