0 -1.4463544830544598e-06
1 -1.4920545571000586e-06
2 -1.4217435406473547e-06
3 -1.4736315703052784e-06
4 -1.438241640784644e-06
5 -1.392697245875838e-06
6 -1.3725822514885024e-06
7 -1.4434651712029688e-06
8 -1.4571368615769277e-06
9 -1.4130786279690052e-06
10 -1.392630305400593e-06
11 -1.4524537864682251e-06
12 -1.423672094426825e-06
13 -1.4271661894454514e-06
14 -1.3620706151582044e-06
15 -1.4060626623032868e-06
16 -1.3663495587764289e-06
17 -1.3721000547453872e-06
18 -1.3768227778305739e-06
19 -1.380278142541136e-06
20 -1.4049712027295828e-06
21 -1.371854853413242e-06
22 -1.4222620943890901e-06
23 -1.4152225735442048e-06
24 -1.318057744221521e-06
25 -1.396179044680306e-06
26 -1.4331755753770007e-06
27 -1.438271729328383e-06
28 -1.4142289543601188e-06
29 -1.3945356284494893e-06
30 -1.4582936064524263e-06
31 -1.4204423792128027e-06
32 -1.4497759627588533e-06
33 -1.389508418563663e-06
34 -1.4221315597319806e-06
35 -1.399319766673669e-06
36 -1.443577869451308e-06
37 -1.3928668495494103e-06
38 -1.4510140889097081e-06
39 -1.4423298232064846e-06
40 -1.367424913666809e-06
41 -1.4503704420265727e-06
42 -1.4660423317352142e-06
43 -1.4212033694505126e-06
44 -1.4511123842042567e-06
45 -1.3830272823309644e-06
46 -1.4784311225605056e-06
47 -1.4235142109914945e-06
48 -1.4259826726957827e-06
49 -1.3871831832017826e-06
50 -1.4067218842448336e-06
51 -1.4011317869043683e-06
52 -1.404127743201679e-06
53 -1.4307112776902406e-06
54 -1.3444262490337672e-06
55 -1.438694696312524e-06
56 -1.4170777243798424e-06
57 -1.4100794745653663e-06
58 -1.423137118491331e-06
59 -1.430460836160439e-06
60 -1.4651528706671006e-06
61 -1.3858033543507799e-06
62 -1.3953801034995779e-06
63 -1.4407629389205805e-06
64 -1.417768683406606e-06
65 -1.4039173851402446e-06
66 -1.3753321657390258e-06
67 -1.4649352604647032e-06
68 -1.4446627004990088e-06
69 -1.3908131780054134e-06
70 -1.384214464477566e-06
71 -1.4405518304368795e-06
72 -1.4565164412035812e-06
73 -1.3688806372986194e-06
74 -1.4305322244273435e-06
75 -1.4228573995182384e-06
76 -1.3868338186217483e-06
77 -1.4124022420361407e-06
78 -1.4520650421886205e-06
79 -1.4185572004341402e-06
80 -1.423492736092945e-06
81 -1.3373345193160198e-06
82 -1.3288967381703853e-06
83 -1.4472989230343634e-06
84 -1.367137321718492e-06
85 -1.3542124466061774e-06
86 -1.3261927345361875e-06
87 -1.4435327973350643e-06
88 -1.3961499117582505e-06
89 -1.4042066415002787e-06
90 -1.367776598090112e-06
91 -1.4439775582535743e-06
92 -1.4371854055615808e-06
93 -1.4171629295243234e-06
94 -1.420999253524188e-06
95 -1.3375298292518549e-06
96 -1.404321841251626e-06
97 -1.4014230301903873e-06
98 -1.3723664847390703e-06
99 -1.4287380948228342e-06
100 -1.4130655334437414e-06
101 -1.453821479161212e-06
102 -1.4094240205587208e-06
103 -1.4152571728400052e-06
104 -1.4358250872951462e-06
105 -1.4226341425964773e-06
106 -1.420006101407843e-06
107 -1.407206288920301e-06
108 -1.3835559312916374e-06
109 -1.3962349826342624e-06
110 -1.382903109607287e-06
111 -1.381476911241277e-06
112 -1.4461785245230255e-06
113 -1.3812486253660596e-06
114 -1.3921885389299394e-06
115 -1.4637969711353088e-06
116 -1.4294745991317048e-06
117 -1.4272673118594185e-06
118 -1.3885086183286251e-06
119 -1.4152140343310504e-06
120 -1.411179209045101e-06
121 -1.4449769552418945e-06
122 -1.4551626442112747e-06
123 -1.3863818715758744e-06
124 -1.4154378122874239e-06
125 -1.3831117002497399e-06
126 -1.3850046465943878e-06
127 -1.3868848737380866e-06
128 -1.3842142630589708e-06
129 -1.439806034997895e-06
130 -1.282848409685694e-06
131 -1.4195018565606635e-06
132 -1.4238070058900763e-06
133 -1.4414485782365826e-06
134 -1.3825479674166798e-06
135 -1.3727100424142775e-06
136 -1.4315837496195343e-06
137 -1.3780815041473996e-06
138 -1.4442158413135371e-06
139 -1.443242306155088e-06
140 -1.3666090903206404e-06
141 -1.3926843321629932e-06
142 -1.3892478827100893e-06
143 -1.4068226928132198e-06
144 -1.3958249902095016e-06
145 -1.3955101590014263e-06
146 -1.3657895608439279e-06
147 -1.4342757824880297e-06
148 -1.4125569561381743e-06
149 -1.4343629561637e-06
150 -1.473146881392202e-06
151 -1.421647434915454e-06
152 -1.4163564308400284e-06
153 -1.4106448813001114e-06
154 -1.4839680131865321e-06
155 -1.409232245342008e-06
156 -1.3864963310749994e-06
157 -1.4273210411445702e-06
158 -1.464047954814329e-06
159 -1.3905462371104133e-06
160 -1.3975482149465159e-06
161 -1.4069979117318568e-06
162 -1.4280794270384241e-06
163 -1.390306264516873e-06
164 -1.4209507346301864e-06
165 -1.3839317763283678e-06
166 -1.3950750602712013e-06
167 -1.3394798992996342e-06
168 -1.3842180065193327e-06
169 -1.3701247870369542e-06
170 -1.410878377160829e-06
171 -1.4469196382905191e-06
172 -1.416188322820918e-06
173 -1.3782115968455838e-06
174 -1.4407287085124782e-06
175 -1.345369529259978e-06
176 -1.3374798143428139e-06
177 -1.4259649956000622e-06
178 -1.4092315467151053e-06
179 -1.4168684874098935e-06
180 -1.4601096538249207e-06
181 -1.3929096477451546e-06
182 -1.4001180975094925e-06
183 -1.3949254376704512e-06
184 -1.3350695308107174e-06
185 -1.366360317979546e-06
186 -1.4166168093689038e-06
187 -1.4057355862245604e-06
188 -1.4666169512663318e-06
189 -1.354558750911978e-06
190 -1.437435443809013e-06
191 -1.4461860931763464e-06
192 -1.4151422504067602e-06
193 -1.3805496505650259e-06
194 -1.4117753627815789e-06
195 -1.3793401355031864e-06
196 -1.3816312957942064e-06
197 -1.4216446495613814e-06
198 -1.4150943923536619e-06
199 -1.40701572111222e-06
200 -1.4416970644701868e-06
201 -1.3332004986601177e-06
202 -1.361550437675769e-06
203 -1.3750616347254167e-06
204 -1.4159190288615859e-06
205 -1.444426690470439e-06
206 -1.3493840296067965e-06
207 -1.4243438566755822e-06
208 -1.448228570982511e-06
209 -1.3421031504216069e-06
210 -1.4686607437134315e-06
211 -1.4365214038447624e-06
212 -1.3560576689045577e-06
213 -1.4378531312230798e-06
214 -1.438892519477396e-06
215 -1.4313619108209605e-06
216 -1.45156223281349e-06
217 -1.4025337388420923e-06
218 -1.4411513207798561e-06
219 -1.4540643395148674e-06
220 -1.4090401040827032e-06
221 -1.4267077887425363e-06
222 -1.3887579892231008e-06
223 -1.4144192952396351e-06
224 -1.3308888562554025e-06
225 -1.4207766228389615e-06
226 -1.457701666269845e-06
227 -1.417970606714443e-06
228 -1.4166775538043977e-06
229 -1.3467168182958034e-06
230 -1.39769383639915e-06
231 -1.446821958681864e-06
232 -1.492299255253527e-06
233 -1.4047235664399648e-06
234 -1.4495573407547675e-06
235 -1.3729355659379924e-06
236 -1.387428625718545e-06
237 -1.4046270429779632e-06
238 -1.3805832931020914e-06
239 -1.3851101040049762e-06
240 -1.3834633468431863e-06
241 -1.4089113411863656e-06
242 -1.3961818989352583e-06
243 -1.3551006918983325e-06
244 -1.4022681788959003e-06
245 -1.4183088797154641e-06
246 -1.399306936951197e-06
247 -1.3987163688995193e-06
248 -1.4776202229033172e-06
249 -1.444527614328102e-06
250 -1.3473578768742978e-06
251 -1.3985164437606551e-06
252 -1.3368981369144624e-06
253 -1.408349405408429e-06
254 -1.446416049639064e-06
255 -1.4045829779493078e-06
256 -1.392275800490059e-06
257 -1.4776006088146824e-06
258 -1.405028090304346e-06
259 -1.3226844844621836e-06
260 -1.4604797836031729e-06
261 -1.3540875419334524e-06
262 -1.4474791019987626e-06
263 -1.4186507846111178e-06
264 -1.3980038547254443e-06
265 -1.3802884651111093e-06
266 -1.3899419432075229e-06
267 -1.3984500174662422e-06
268 -1.4336719646244713e-06
269 -1.4227755588524353e-06
270 -1.4056116413718213e-06
271 -1.4077343978466577e-06
272 -1.3948478820626294e-06
273 -1.4759762870827257e-06
274 -1.3958361889894927e-06
275 -1.4025589553010658e-06
276 -1.3684939533764296e-06
277 -1.3592515767100992e-06
278 -1.380137069214756e-06
279 -1.374460000877154e-06
280 -1.4110284514438612e-06
281 -1.4289859150660961e-06
282 -1.422508743269862e-06
283 -1.4777486878437225e-06
284 -1.4007330407266365e-06
285 -1.4245738790501603e-06
286 -1.4170398440820346e-06
287 -1.3706412423566252e-06
288 -1.4631877029067074e-06
289 -1.4160861547518701e-06
290 -1.3749732751311655e-06
291 -1.4263230206658086e-06
292 -1.4202695763035558e-06
293 -1.4372347900192818e-06
294 -1.4521805117800072e-06
295 -1.2947570977954486e-06
296 -1.373413987824235e-06
297 -1.425694274725706e-06
298 -1.4346189418732605e-06
299 -1.4257550510544029e-06
