0 -3.096575440804071e-07
1 -2.928312101099838e-07
2 -3.071175110836541e-07
3 -2.731702856393092e-07
4 -3.5196659953005034e-07
5 -2.6055870849043427e-07
6 -2.9181376990130423e-07
7 -3.396232192564243e-07
8 -2.6345246694751524e-07
9 -3.2767103140745197e-07
10 -3.352724238338182e-07
11 -3.219141187653381e-07
12 -3.461716460225358e-07
13 -3.3207687992111927e-07
14 -2.6705883836988667e-07
15 -3.724596253516907e-07
16 -3.6511406674605534e-07
17 -3.2860494021824285e-07
18 -2.634566816205977e-07
19 -3.5643477721175637e-07
20 -2.766273798796608e-07
21 -2.7236077703134874e-07
22 -2.8526805863218855e-07
23 -3.142685594831387e-07
24 -3.6904236465148854e-07
25 -2.9188964584775556e-07
26 -3.5550553124785007e-07
27 -2.80021561356334e-07
28 -2.908305312907232e-07
29 -3.8040138886656997e-07
30 -1.7735361776414347e-07
31 -3.095499287042949e-07
32 -3.2529279447387533e-07
33 -3.4801392958827737e-07
34 -2.364589897211858e-07
35 -3.2048718459875344e-07
36 -3.0819107328924273e-07
37 -2.753967404307452e-07
38 -3.277898524767925e-07
39 -2.8213094556491855e-07
40 -3.6043524490044607e-07
41 -2.9581219414468066e-07
42 -2.2221121952488642e-07
43 -2.74269222029215e-07
44 -2.9625692418726357e-07
45 -2.686508820082999e-07
46 -2.6816596179095377e-07
47 -2.6609589497913453e-07
48 -2.807546917836402e-07
49 -3.18883192320416e-07
50 -2.902938704208801e-07
51 -3.5279172749621847e-07
52 -3.368190042196566e-07
53 -2.486180237715956e-07
54 -3.968356127207069e-07
55 -3.3003058147658027e-07
56 -2.9488748299164353e-07
57 -2.901072346752312e-07
58 -3.4224301058006885e-07
59 -2.67306896503813e-07
60 -2.1901493127543806e-07
61 -2.6710060344935825e-07
62 -3.5026699579667226e-07
63 -3.327161161704256e-07
64 -2.8629479500705566e-07
65 -2.2261028740131816e-07
66 -3.0461124516799156e-07
67 -2.766076451657168e-07
68 -2.8180209369480134e-07
69 -3.0132920556224923e-07
70 -2.596796699209369e-07
71 -2.5976104301117286e-07
72 -3.413162641407267e-07
73 -3.45247684853534e-07
74 -3.914739876278176e-07
75 -2.955371836786533e-07
76 -2.591646756609448e-07
77 -2.5221145393497946e-07
78 -3.133269451450739e-07
79 -3.1100259929323743e-07
80 -3.514598841608541e-07
81 -3.1068601848341334e-07
82 -2.859127334192355e-07
83 -2.387636073422707e-07
84 -3.052085269504115e-07
85 -3.0729211312020613e-07
86 -3.605423458107701e-07
87 -2.293401721444e-07
88 -3.4749954678132506e-07
89 -2.421237007877993e-07
90 -3.194051541980237e-07
91 -3.8404522140385893e-07
92 -3.446229028593724e-07
93 -3.719575118893328e-07
94 -2.541675545243064e-07
95 -3.1638253436352326e-07
96 -3.31212866221793e-07
97 -2.1487428183255997e-07
98 -3.577914810547613e-07
99 -3.0771143724952375e-07
100 -2.55277787672356e-07
101 -2.8845561916743953e-07
102 -2.9889326576065574e-07
103 -3.097015631837018e-07
104 -2.8291599639180444e-07
105 -2.9121404718439636e-07
106 -3.084597241877181e-07
107 -3.667375363596068e-07
108 -2.887476316537951e-07
109 -3.326798759133333e-07
110 -3.843717773372612e-07
111 -3.9530727633402885e-07
112 -2.744823298116661e-07
113 -2.6189230336294246e-07
114 -3.182928287750281e-07
115 -2.8821436963362086e-07
116 -3.2358489891358943e-07
117 -3.035633199159084e-07
118 -3.494031676951576e-07
119 -3.1652837158055676e-07
120 -2.8296764071476924e-07
121 -2.4841035651983445e-07
122 -2.921133770174005e-07
123 -3.5350150233245316e-07
124 -3.3983868036277615e-07
125 -3.720933636135765e-07
126 -3.90411429612651e-07
127 -2.9765502992957424e-07
128 -3.632377808089328e-07
129 -2.9844901023117296e-07
130 -3.246212703242966e-07
131 -2.587924144046076e-07
132 -3.530310815716694e-07
133 -2.6818066961906287e-07
134 -2.9386153588158053e-07
135 -3.553969586221857e-07
136 -3.4449869247449167e-07
137 -3.043728603678496e-07
138 -2.677166650982189e-07
139 -3.3786697596139386e-07
140 -3.804390676038457e-07
141 -3.678224679243579e-07
142 -3.030809899223963e-07
143 -3.044070382432242e-07
144 -2.756403072120148e-07
145 -3.275657242260377e-07
146 -3.693509895496159e-07
147 -3.083779073615251e-07
148 -2.8102936212339664e-07
149 -3.4443465081059836e-07
150 -1.9428228252747382e-07
151 -2.8950851574571496e-07
152 -3.02412746152068e-07
153 -2.936610332675683e-07
154 -3.3188319716612834e-07
155 -3.04486458145565e-07
156 -2.967002365219224e-07
157 -2.9413770899339596e-07
158 -2.6311343039199e-07
159 -2.221743081816558e-07
160 -4.0317000729702513e-07
161 -2.66862473961709e-07
162 -3.304438443467334e-07
163 -2.6320960181175325e-07
164 -3.0035029230316285e-07
165 -3.021662637509838e-07
166 -3.081978951830152e-07
167 -3.7017288616989625e-07
168 -2.3291509204658505e-07
169 -3.2329580221243344e-07
170 -3.434939781601644e-07
171 -3.1726942021451236e-07
172 -3.681684378250111e-07
173 -3.46429282115151e-07
174 -3.4428880132381277e-07
175 -3.0497730644800334e-07
176 -3.402381484471277e-07
177 -2.7185870473241627e-07
178 -2.502760065304409e-07
179 -2.868330508867506e-07
180 -2.0627931016756398e-07
181 -3.782150859044209e-07
182 -3.4776773118844924e-07
183 -2.716652541579348e-07
184 -3.2501045529581655e-07
185 -3.934590382956025e-07
186 -2.899130713282652e-07
187 -3.094962396294881e-07
188 -3.747651627157239e-07
189 -3.3280082236583155e-07
190 -2.920561053197232e-07
191 -2.75408382208932e-07
192 -2.815803279107383e-07
193 -2.153124290251242e-07
194 -2.749238592422512e-07
195 -3.776298847225834e-07
196 -3.2680320093337335e-07
197 -2.6916896044037376e-07
198 -2.247097215443355e-07
199 -3.4503061728249674e-07
200 -3.205473211546439e-07
201 -4.002417993937578e-07
202 -3.3030289160071793e-07
203 -3.5032699836222353e-07
204 -2.384506664096194e-07
205 -3.390232485643067e-07
206 -2.995496164582592e-07
207 -3.8037594138187386e-07
208 -2.979195995881851e-07
209 -3.276954287296418e-07
210 -2.9385770199926646e-07
211 -2.968933315190328e-07
212 -3.312283031623204e-07
213 -2.575252438532419e-07
214 -3.638216082691936e-07
215 -3.0786541701503427e-07
216 -2.805441356652488e-07
217 -3.421661171877576e-07
218 -2.8234713253151255e-07
219 -2.8622840197349667e-07
220 -3.0071111913151053e-07
221 -3.6354834534060426e-07
222 -3.4704002987292337e-07
223 -2.946060033256656e-07
224 -3.5323215312051984e-07
225 -3.470150670891004e-07
226 -2.8854878514255396e-07
227 -4.140335954291164e-07
228 -3.443801684642008e-07
229 -2.525560113337649e-07
230 -2.201334916267363e-07
231 -2.8279086734048737e-07
232 -2.951860070731066e-07
233 -2.073867493324178e-07
234 -4.2296270619544003e-07
235 -2.3681113931873698e-07
236 -3.676642342300877e-07
237 -3.349068333380717e-07
238 -3.0249346545289377e-07
239 -2.8908117067211906e-07
240 -2.868783801046594e-07
241 -1.920390739242447e-07
242 -2.8207059741963424e-07
243 -3.0565952103455466e-07
244 -3.2320711028913596e-07
245 -3.987639696910371e-07
246 -3.4791614522137e-07
247 -4.138525874922805e-07
248 -2.944192515020433e-07
249 -2.0591557620471198e-07
250 -3.15719204476628e-07
251 -3.265321312849241e-07
252 -3.2845329031474366e-07
253 -2.0647128233160208e-07
254 -2.831423525414814e-07
255 -2.6367565559664916e-07
256 -2.7872954925017146e-07
257 -2.4464238495152607e-07
258 -3.5590045543093263e-07
259 -3.4286741320513035e-07
260 -2.1706134592016675e-07
261 -3.388134236823442e-07
262 -3.40544079878137e-07
263 -3.5265841330200605e-07
264 -2.7636217680577855e-07
265 -3.4554052585571033e-07
266 -3.287000032328689e-07
267 -2.583353285150119e-07
268 -2.8032116894367286e-07
269 -2.997719095294871e-07
270 -3.690343093434465e-07
271 -3.5593038107995323e-07
272 -2.966334372097642e-07
273 -2.0529139222347826e-07
274 -3.585776618331984e-07
275 -2.824532501944659e-07
276 -3.2432214052558407e-07
277 -3.309204885764941e-07
278 -2.500461261960969e-07
279 -2.8861733259613444e-07
280 -2.302399380489807e-07
281 -2.932195363464233e-07
282 -2.6555828892368296e-07
283 -2.6872053621373757e-07
284 -3.003388884815326e-07
285 -3.2989144608213065e-07
286 -3.480458734846022e-07
287 -4.1705220237789913e-07
288 -2.900581147288603e-07
289 -3.3482369953053967e-07
290 -3.1505321356382877e-07
291 -2.9022713450038197e-07
292 -3.763590100474235e-07
293 -2.57754467776096e-07
294 -2.8107710289373696e-07
295 -3.343568691825248e-07
296 -3.859372822758647e-07
297 -2.9608211626757256e-07
298 -2.8956564558070895e-07
299 -2.6650373001304874e-07
