0 -3.836285796769153e-08
1 -3.946767171558394e-08
2 -4.4236914393540295e-08
3 -3.973802442207128e-08
4 -3.9993074845018084e-08
5 -3.765443212889162e-08
6 -3.9791115138304806e-08
7 -3.9459108685341555e-08
8 -4.046959119776209e-08
9 -4.111928955297684e-08
10 -3.7009597230112864e-08
11 -4.0626880964817556e-08
12 -3.819973290728846e-08
13 -4.2353179858663043e-08
14 -4.0967462815364596e-08
15 -4.0662903943237874e-08
16 -4.059948591536732e-08
17 -3.915941296257312e-08
18 -3.899226347638675e-08
19 -3.773832847659022e-08
20 -3.7951157196279035e-08
21 -4.234786969291212e-08
22 -4.168830649423363e-08
23 -4.071970881546523e-08
24 -4.161215261435054e-08
25 -3.9797549347349996e-08
26 -4.193358271387739e-08
27 -3.9044788170507046e-08
28 -3.709170726228095e-08
29 -4.0202636112191045e-08
30 -4.018574505757669e-08
31 -4.058091847174325e-08
32 -3.8744184195645214e-08
33 -3.796164786572335e-08
34 -4.32266664974761e-08
35 -4.0852769440873804e-08
36 -3.8357202221682335e-08
37 -3.82553654868124e-08
38 -3.9404981681239256e-08
39 -3.961096906910492e-08
40 -4.389023938429569e-08
41 -4.053586238416106e-08
42 -3.93760388508886e-08
43 -4.2463818691489254e-08
44 -4.0137248285570213e-08
45 -4.066333711521533e-08
46 -3.8674116348498633e-08
47 -4.161877426027313e-08
48 -4.217438923904163e-08
49 -4.163717736407701e-08
50 -4.0980417557639665e-08
51 -3.9305076867739215e-08
52 -4.1954713791569454e-08
53 -4.248251387647947e-08
54 -4.054900547091398e-08
55 -3.8311551318648195e-08
56 -3.9856275297907226e-08
57 -4.043352047790998e-08
58 -3.854425110827414e-08
59 -4.2873010893624914e-08
60 -3.668057465398402e-08
61 -4.126295358066094e-08
62 -3.997745902796997e-08
63 -3.8794796342517756e-08
64 -3.760426042894492e-08
65 -4.387333836480111e-08
66 -3.8994688187711414e-08
67 -3.8681793874390436e-08
68 -3.995839834432608e-08
69 -4.344178604566202e-08
70 -3.9943891020704806e-08
71 -3.7571465643129146e-08
72 -4.029071273317894e-08
73 -4.4704805695278514e-08
74 -3.993434841383545e-08
75 -4.215610556776802e-08
76 -4.157886663482477e-08
77 -4.190199325181019e-08
78 -3.88014975740889e-08
79 -3.886136320910617e-08
80 -3.872754423695968e-08
81 -4.1724249998812146e-08
82 -4.137175608961068e-08
83 -4.006027848553874e-08
84 -3.637997486010033e-08
85 -4.235980216884027e-08
86 -3.950835943485702e-08
87 -4.0503040623398873e-08
88 -4.0750361741084594e-08
89 -4.01811625847417e-08
90 -3.9774568011187166e-08
91 -3.959157697622386e-08
92 -4.188645069746953e-08
93 -4.203556263889953e-08
94 -3.785732249796309e-08
95 -3.8026018675689245e-08
96 -3.926626292926896e-08
97 -4.3447488153076776e-08
98 -4.141740390815251e-08
99 -4.0550127200784184e-08
100 -4.1048967694219e-08
101 -3.928779202845104e-08
102 -4.085458263339044e-08
103 -3.886310197783639e-08
104 -4.067757176172568e-08
105 -4.0803636421705566e-08
106 -3.946839768427966e-08
107 -4.32433505014422e-08
108 -4.07186710500796e-08
109 -4.028908455812456e-08
110 -4.0010109106078135e-08
111 -4.223609449465485e-08
112 -3.879863329816977e-08
113 -4.332119725932834e-08
114 -4.167206941577399e-08
115 -3.852705363067075e-08
116 -3.914392164450698e-08
117 -3.725564854431236e-08
118 -3.997820075818118e-08
119 -4.179266721975497e-08
120 -3.8050551179641626e-08
121 -3.8641493483780515e-08
122 -3.7479001192833725e-08
123 -4.427396924468312e-08
124 -4.056349341801621e-08
125 -4.3000662813820634e-08
126 -4.1916356099611244e-08
127 -3.809758535055507e-08
128 -3.921817230255837e-08
129 -3.9840156525960994e-08
130 -4.45262281732501e-08
131 -3.943667092889617e-08
132 -4.051616211140546e-08
133 -3.912927089603848e-08
134 -4.1908547695367787e-08
135 -4.0485392980334884e-08
136 -3.8337336058399887e-08
137 -4.205508900053508e-08
138 -3.956320812562733e-08
139 -3.872622453840025e-08
140 -4.073596011595777e-08
141 -4.102908396020974e-08
142 -4.1225760363180845e-08
143 -3.8973235215561573e-08
144 -3.9995892432643255e-08
145 -3.686118990939365e-08
146 -4.0374998484235874e-08
147 -4.078076912644011e-08
148 -3.73731696787364e-08
149 -3.887116292754802e-08
150 -3.803862914940315e-08
151 -3.916414602775543e-08
152 -3.97493373455028e-08
153 -4.186245430850083e-08
154 -3.88630717106894e-08
155 -4.117256853800494e-08
156 -3.9199225319295126e-08
157 -4.430973991931266e-08
158 -3.827282024410169e-08
159 -4.098854962672824e-08
160 -4.0172866212100156e-08
161 -3.934585004903377e-08
162 -3.7455521137678705e-08
163 -4.3800698429593676e-08
164 -3.8722967870630076e-08
165 -4.4530272429715295e-08
166 -4.444367447621265e-08
167 -4.156260053331294e-08
168 -4.023713470707898e-08
169 -4.218082363842424e-08
170 -4.1170846604320575e-08
171 -3.5577793310803486e-08
172 -4.131860960501862e-08
173 -4.0098642777424004e-08
174 -3.9384862064386396e-08
175 -4.382596802077601e-08
176 -4.089651739606364e-08
177 -4.042164299651561e-08
178 -4.133941122023134e-08
179 -4.1351289209137875e-08
180 -4.145699293702553e-08
181 -3.9689799759346024e-08
182 -3.956524046955724e-08
183 -3.849004375409267e-08
184 -4.160958061793926e-08
185 -4.204917810769522e-08
186 -3.9550626253267756e-08
187 -4.022824850891251e-08
188 -3.904597947847675e-08
189 -4.222711426261535e-08
190 -3.9850184235409046e-08
191 -3.7918780559262086e-08
192 -4.044525691197742e-08
193 -4.009766056156297e-08
194 -3.7749057211919435e-08
195 -4.087516245343887e-08
196 -4.2206516882869475e-08
197 -4.141012010246351e-08
198 -4.2069987153634814e-08
199 -4.008897614561828e-08
200 -4.3654718625102294e-08
201 -3.8631454637760656e-08
202 -4.2065060050830704e-08
203 -3.943490307578961e-08
204 -3.7500561007889796e-08
205 -3.8114082591975166e-08
206 -4.021834520631729e-08
207 -4.238723208208647e-08
208 -4.1927159683245286e-08
209 -3.9229387481317977e-08
210 -4.049290464689055e-08
211 -3.750237531676167e-08
212 -4.007431595477511e-08
213 -3.86430725659016e-08
214 -3.790420859917696e-08
215 -3.815666874631203e-08
216 -4.1178211418032244e-08
217 -3.830243132817134e-08
218 -3.822742291619252e-08
219 -3.995777044543846e-08
220 -4.362491677176181e-08
221 -4.007109254473197e-08
222 -4.038894255711337e-08
223 -4.366850278042194e-08
224 -4.14639057946506e-08
225 -3.836394093226787e-08
226 -4.17118862958557e-08
227 -3.976078759368379e-08
228 -4.111919994069787e-08
229 -4.388894605260739e-08
230 -4.1587678863886565e-08
231 -3.959845542801628e-08
232 -3.990218982957661e-08
233 -4.217055496913637e-08
234 -4.065590124378393e-08
235 -4.1037151082555183e-08
236 -4.185408329308281e-08
237 -4.080340423339641e-08
238 -4.118180141482164e-08
239 -3.9780058207932184e-08
240 -4.324261161092597e-08
241 -3.960242784966673e-08
242 -4.413663955368618e-08
243 -4.176370865740438e-08
244 -3.925001834383022e-08
245 -3.976426187816046e-08
246 -4.084810754259147e-08
247 -4.3656201046465017e-08
248 -3.996487108526509e-08
249 -3.670697608515284e-08
250 -4.20941852095473e-08
251 -4.003976537435235e-08
252 -4.345962095545078e-08
253 -4.1498555572368624e-08
254 -3.857569316176723e-08
255 -3.9848383010829905e-08
256 -4.1923082757103284e-08
257 -3.8157829689453974e-08
258 -4.2968638625217964e-08
259 -4.1511776718186374e-08
260 -4.067524299884811e-08
261 -4.3343056640039116e-08
262 -3.9199227257022654e-08
263 -3.985935383789798e-08
264 -4.156852283815395e-08
265 -4.127813352432487e-08
266 -4.023419504116203e-08
267 -4.122814723032362e-08
268 -3.69004881101369e-08
269 -4.0790613992189285e-08
270 -4.093598557551062e-08
271 -4.049463938443536e-08
272 -4.3967271053739386e-08
273 -3.9091527336098136e-08
274 -4.034735304155153e-08
275 -4.041350551820612e-08
276 -3.955179618347771e-08
277 -4.351768702613496e-08
278 -3.9718084225445177e-08
279 -3.989038135359006e-08
280 -4.1715687487071735e-08
281 -3.769745438185472e-08
282 -3.945733516530578e-08
283 -4.063784915789447e-08
284 -4.2936664609624476e-08
285 -3.79997298600887e-08
286 -4.165659467478522e-08
287 -3.778263702520513e-08
288 -3.762332278691085e-08
289 -4.2503241547585467e-08
290 -3.777527728429961e-08
291 -4.1368221116127335e-08
292 -4.0825623708334465e-08
293 -4.036438386736811e-08
294 -3.909599338324446e-08
295 -4.334900056432523e-08
296 -4.0684058308792175e-08
297 -4.4390706915648316e-08
298 -4.2813310410826306e-08
299 -3.7464663522849516e-08
