0 -2.9401472685781294e-07
1 -2.852824312837518e-07
2 -3.2383666567343195e-07
3 -3.0730294082527593e-07
4 -3.063806634295741e-07
5 -3.2695267137392704e-07
6 -3.3696154260959574e-07
7 -3.0185217473492434e-07
8 -2.9085951052409456e-07
9 -3.126718601172508e-07
10 -3.0758199289448996e-07
11 -3.043628283567429e-07
12 -3.007031002772248e-07
13 -3.1610938318313395e-07
14 -3.4845072647189853e-07
15 -3.133880540294173e-07
16 -3.375495894380951e-07
17 -3.3646774830831367e-07
18 -3.4158873030673056e-07
19 -3.251637448540191e-07
20 -3.2007048202587784e-07
21 -3.353088891316973e-07
22 -3.282296890532442e-07
23 -3.0174394544758435e-07
24 -3.593375884305628e-07
25 -3.317559520890269e-07
26 -2.999740640709679e-07
27 -3.257297270374838e-07
28 -3.3481403311844224e-07
29 -3.113912262413533e-07
30 -3.2654944417333075e-07
31 -3.239592317278774e-07
32 -3.0622381803853357e-07
33 -3.223671888430549e-07
34 -3.2397022515053976e-07
35 -3.153354545588103e-07
36 -2.92015032504646e-07
37 -3.306824640589739e-07
38 -2.9704174360216836e-07
39 -2.9147338556125377e-07
40 -3.3913215164153763e-07
41 -3.1143263067155317e-07
42 -2.883713210199545e-07
43 -3.196516172021596e-07
44 -3.1543778776483024e-07
45 -3.3317139864670976e-07
46 -2.947563931258546e-07
47 -3.2086672634316806e-07
48 -3.206217381072097e-07
49 -3.2782703230047697e-07
50 -3.256205860363253e-07
51 -3.1817552913948186e-07
52 -3.170341698499484e-07
53 -3.185470945968825e-07
54 -3.2815227799701526e-07
55 -2.9495143022743155e-07
56 -3.1835833389744384e-07
57 -3.056528749668372e-07
58 -3.1402662211320287e-07
59 -3.1184233934880164e-07
60 -3.026624510931344e-07
61 -3.2704935696008744e-07
62 -3.158913845061415e-07
63 -2.945417270374459e-07
64 -3.2053865690807436e-07
65 -3.261293997548422e-07
66 -3.310483685132669e-07
67 -2.870733201418721e-07
68 -3.119100633843339e-07
69 -3.3227663003022517e-07
70 -3.2873225504517325e-07
71 -3.2114119645738e-07
72 -2.9089671755470684e-07
73 -3.344874879043104e-07
74 -3.068627815521358e-07
75 -3.0817885086588325e-07
76 -3.4933102251709653e-07
77 -3.3497322879703926e-07
78 -2.897732093397622e-07
79 -3.203657386790862e-07
80 -3.132376639352456e-07
81 -3.559670407991005e-07
82 -3.5478840296963455e-07
83 -3.146091713890526e-07
84 -3.2432650109959303e-07
85 -3.4817051937682167e-07
86 -3.4227013786395844e-07
87 -3.114379540458665e-07
88 -3.1820049244512493e-07
89 -3.3143820508291193e-07
90 -3.225341314226387e-07
91 -3.03966235400317e-07
92 -2.903631712276153e-07
93 -3.083285588872401e-07
94 -3.1918690317755704e-07
95 -3.4886914282726864e-07
96 -3.2905661140624356e-07
97 -3.3233559093548506e-07
98 -3.3950938437796965e-07
99 -3.236856429312649e-07
100 -3.248293794453008e-07
101 -2.912777995436503e-07
102 -3.2597236285368474e-07
103 -3.13652070990083e-07
104 -3.1321880602726377e-07
105 -3.094971452814772e-07
106 -3.066012434598089e-07
107 -3.1644284244125586e-07
108 -3.2340625226376825e-07
109 -3.0948174032255867e-07
110 -3.294942843359967e-07
111 -3.1941436888443706e-07
112 -2.97355175874628e-07
113 -3.4298056471217434e-07
114 -3.262139053684134e-07
115 -2.9526760040358775e-07
116 -2.997485033420345e-07
117 -3.084561366757885e-07
118 -3.2867286290889457e-07
119 -3.1160604325518087e-07
120 -3.214540175509244e-07
121 -3.007683297214724e-07
122 -2.9415737231612146e-07
123 -3.3892978821021495e-07
124 -3.195555333752306e-07
125 -3.334542425714353e-07
126 -3.240736225035876e-07
127 -3.2077230279614916e-07
128 -3.309068077523988e-07
129 -3.072821752681541e-07
130 -4.0890312110655093e-07
131 -3.261677938860031e-07
132 -3.132195865117129e-07
133 -3.0847352500362407e-07
134 -3.2990828939307375e-07
135 -3.3159466373096116e-07
136 -3.0663237170948884e-07
137 -3.358757827232681e-07
138 -3.0608519898558753e-07
139 -2.980678335702448e-07
140 -3.3142472623763015e-07
141 -3.1280880131333903e-07
142 -3.298230313850048e-07
143 -3.177563067864631e-07
144 -3.3281391857930076e-07
145 -3.154421171108032e-07
146 -3.316683245655509e-07
147 -3.1611061940989106e-07
148 -3.1259967373450124e-07
149 -3.026240892475181e-07
150 -3.0562304087893255e-07
151 -3.050560172437064e-07
152 -3.2283822554574155e-07
153 -3.293832989665119e-07
154 -2.81038969489866e-07
155 -3.138359115529697e-07
156 -3.330880446981938e-07
157 -3.2042725391292793e-07
158 -2.8882591119436374e-07
159 -3.301016990179041e-07
160 -3.1023274066843344e-07
161 -3.1685955872881e-07
162 -2.8877309438559747e-07
163 -3.349092027374625e-07
164 -3.1896339524861505e-07
165 -3.34838046364391e-07
166 -3.298778174133128e-07
167 -3.419847602091842e-07
168 -3.3515184610598077e-07
169 -3.36304676165573e-07
170 -3.1972002964349824e-07
171 -2.9470168613535125e-07
172 -3.155667001015567e-07
173 -3.244464639725793e-07
174 -3.1243992975967094e-07
175 -3.634370786595849e-07
176 -3.5822909776538956e-07
177 -3.2002067738851125e-07
178 -3.149281244928146e-07
179 -3.147574301461607e-07
180 -3.070928172260917e-07
181 -3.23364210119534e-07
182 -3.1675503740429606e-07
183 -3.30558031143263e-07
184 -3.5874777460318146e-07
185 -3.2278948301431753e-07
186 -3.20227563247062e-07
187 -3.250880267255374e-07
188 -2.983959345214551e-07
189 -3.4436508827394123e-07
190 -3.0463307824516124e-07
191 -3.002716626873989e-07
192 -3.170006900278007e-07
193 -3.4284021333430553e-07
194 -3.2632309584054566e-07
195 -3.308895032279489e-07
196 -3.3858748939073414e-07
197 -3.2746796826145074e-07
198 -3.217764075545539e-07
199 -3.147285911136341e-07
200 -3.043167337783316e-07
201 -3.4683088832736106e-07
202 -3.4496642232378903e-07
203 -3.308785017897741e-07
204 -3.2003177629206704e-07
205 -2.9585564672400235e-07
206 -3.4764963949888e-07
207 -3.076754073795418e-07
208 -3.014347327244841e-07
209 -3.548308092072004e-07
210 -2.8574958108351013e-07
211 -2.9881566974213574e-07
212 -3.5019713203219813e-07
213 -3.138688207717833e-07
214 -3.044022577910935e-07
215 -2.956610995144436e-07
216 -3.030390054001816e-07
217 -3.050996689506408e-07
218 -3.042425816524294e-07
219 -3.040696340401205e-07
220 -3.1998125810174745e-07
221 -3.133951172809512e-07
222 -3.1929892647283256e-07
223 -3.189876638242066e-07
224 -3.5805803787375635e-07
225 -2.9680725711347195e-07
226 -2.9849528785326974e-07
227 -2.984352755625643e-07
228 -3.204395504580749e-07
229 -3.589184211891773e-07
230 -3.44814068589517e-07
231 -3.079721668424182e-07
232 -2.9106649340515847e-07
233 -3.4344258010423487e-07
234 -2.9119612922471334e-07
235 -3.435974724561389e-07
236 -3.1878529965330614e-07
237 -3.1420493792521717e-07
238 -3.4559443351388515e-07
239 -3.417618123087326e-07
240 -3.448207997342979e-07
241 -3.387104366847875e-07
242 -3.3929987582053267e-07
243 -3.4399000426120496e-07
244 -3.1018586634915327e-07
245 -3.055353379161209e-07
246 -3.240522552070058e-07
247 -3.2265361512252335e-07
248 -2.8716193104829724e-07
249 -3.0532194345868416e-07
250 -3.4788024362178274e-07
251 -3.175915853205979e-07
252 -3.670712114978935e-07
253 -3.383159238584193e-07
254 -3.0542753108128747e-07
255 -3.2050440938929025e-07
256 -3.4299016740343083e-07
257 -2.9051242196964723e-07
258 -3.140035081175998e-07
259 -3.501672119116825e-07
260 -3.0137339509100727e-07
261 -3.4592181867390507e-07
262 -2.8940591157033416e-07
263 -3.09435474623438e-07
264 -3.341865476866448e-07
265 -3.3839804611001324e-07
266 -3.217546740296251e-07
267 -3.3743492330414956e-07
268 -2.9978959443266975e-07
269 -3.117549788019072e-07
270 -3.121858459005608e-07
271 -3.182142548735795e-07
272 -3.361401192265917e-07
273 -2.919025331220992e-07
274 -3.174441537266635e-07
275 -3.244090608899526e-07
276 -3.370985253331034e-07
277 -3.482107253195866e-07
278 -3.3823832391544335e-07
279 -3.4354933638136404e-07
280 -3.29425519474494e-07
281 -3.100692739212669e-07
282 -3.0841332866582756e-07
283 -2.8681900943292296e-07
284 -3.1985078188512695e-07
285 -3.026111488894764e-07
286 -3.126423666426461e-07
287 -3.193649684582346e-07
288 -2.8039428399503587e-07
289 -3.2018843062699965e-07
290 -3.294167124736869e-07
291 -3.1881077521577544e-07
292 -3.064677136599546e-07
293 -3.074349592860693e-07
294 -2.963703228037314e-07
295 -3.786515073661569e-07
296 -3.1955163668867906e-07
297 -3.1854186855121775e-07
298 -3.1643810467589597e-07
299 -3.205434014451016e-07
