0 -6.421150725752589e-07
1 -6.786902205274313e-07
2 -6.310775118266399e-07
3 -6.786659824889888e-07
4 -6.293695679467052e-07
5 -6.389999949753638e-07
6 -6.05345029077339e-07
7 -6.341182569866247e-07
8 -6.760160029557107e-07
9 -6.103212715501087e-07
10 -5.91982738437252e-07
11 -6.365745433663417e-07
12 -6.154151980484277e-07
13 -6.213876831972545e-07
14 -6.091916769236196e-07
15 -5.85494520150111e-07
16 -5.685262148566553e-07
17 -5.859089974427832e-07
18 -6.270194527162292e-07
19 -5.836844209182255e-07
20 -6.283545514724799e-07
21 -6.006189223814856e-07
22 -6.309842929099742e-07
23 -6.266152454702106e-07
24 -5.282066418827653e-07
25 -6.241520114613024e-07
26 -6.108757624971574e-07
27 -6.612765603614486e-07
28 -6.444755853708024e-07
29 -5.763893096491219e-07
30 -7.130105767870894e-07
31 -6.288303528406143e-07
32 -6.452666275979018e-07
33 -5.916406710150675e-07
34 -6.637468734493495e-07
35 -6.116973849962821e-07
36 -6.276198965924614e-07
37 -6.369204982224297e-07
38 -6.344057618384409e-07
39 -6.518202066722963e-07
40 -5.706600567543987e-07
41 -6.486628267659839e-07
42 -7.031087479308054e-07
43 -6.344762064870802e-07
44 -6.542877034188831e-07
45 -6.203877749752856e-07
46 -6.860374746094224e-07
47 -6.574099554554916e-07
48 -6.469176132088949e-07
49 -6.004034510772578e-07
50 -6.318326766695608e-07
51 -5.982746673334672e-07
52 -6.084599464261979e-07
53 -6.621413815513983e-07
54 -5.333681279734214e-07
55 -6.345036383429972e-07
56 -6.316598804523181e-07
57 -6.22218026593679e-07
58 -6.109000251818198e-07
59 -6.476708089083718e-07
60 -7.034829670960719e-07
61 -6.298128850438507e-07
62 -5.903135141300885e-07
63 -6.274914531847382e-07
64 -6.314101331145127e-07
65 -6.613716779945305e-07
66 -6.001287998993534e-07
67 -6.652374163682669e-07
68 -6.538097028541102e-07
69 -5.998331112423453e-07
70 -6.227807297772953e-07
71 -6.731228548088622e-07
72 -6.292553368311276e-07
73 -5.673240753170946e-07
74 -5.897849590406275e-07
75 -6.341131175398423e-07
76 -6.34714798377821e-07
77 -6.514687954484275e-07
78 -6.474815579993309e-07
79 -6.226223913760256e-07
80 -6.121805655314803e-07
81 -5.750701011816449e-07
82 -5.778061785487956e-07
83 -6.765980194026643e-07
84 -5.946682609190217e-07
85 -5.903766055264969e-07
86 -5.476273962020214e-07
87 -6.867313794433969e-07
88 -5.900028129602497e-07
89 -6.464909266233691e-07
90 -5.847550520038875e-07
91 -6.062855079464371e-07
92 -6.111070737582861e-07
93 -5.878424007957271e-07
94 -6.578514395151262e-07
95 -5.79028591796131e-07
96 -6.076909903380683e-07
97 -6.561042045266273e-07
98 -5.724812803444259e-07
99 -6.313250906455967e-07
100 -6.374823701491291e-07
101 -6.516895059015735e-07
102 -6.265279908985841e-07
103 -6.23449967106479e-07
104 -6.463390233528776e-07
105 -6.369036293439758e-07
106 -6.250156909924786e-07
107 -5.881512004832192e-07
108 -6.119326374044667e-07
109 -5.967011979596193e-07
110 -5.699209430641974e-07
111 -5.604710198028207e-07
112 -6.519012041716177e-07
113 -6.249288014347435e-07
114 -6.078669847902338e-07
115 -6.667064463337788e-07
116 -6.26858707867919e-07
117 -6.35929581301595e-07
118 -5.892042575943701e-07
119 -6.188801103506016e-07
120 -6.347727334526653e-07
121 -6.695151726408571e-07
122 -6.40531139889324e-07
123 -5.782164191016005e-07
124 -6.071955617606848e-07
125 -5.800970620824744e-07
126 -5.685720307203338e-07
127 -6.185592476211873e-07
128 -5.870814906854459e-07
129 -6.491187338183546e-07
130 -5.467038536679989e-07
131 -6.556609145228087e-07
132 -6.125164457617516e-07
133 -6.585369879658766e-07
134 -6.098823072792343e-07
135 -5.704722756947293e-07
136 -6.20344809685938e-07
137 -6.001326838084785e-07
138 -6.59297260013364e-07
139 -6.154436005334136e-07
140 -5.618823350902901e-07
141 -5.733761478150663e-07
142 -6.072612241682216e-07
143 -6.184306384636475e-07
144 -6.229204306326229e-07
145 -5.987309603337991e-07
146 -5.605146407877959e-07
147 -6.373838971361273e-07
148 -6.357162948445089e-07
149 -6.277136797751751e-07
150 -7.245786253513806e-07
151 -6.469025183132424e-07
152 -6.274367558955359e-07
153 -6.279693028745298e-07
154 -6.542482899038647e-07
155 -6.133642772779511e-07
156 -6.111783287103716e-07
157 -6.392847713227889e-07
158 -6.75294480812644e-07
159 -6.467333104879632e-07
160 -5.628575416682274e-07
161 -6.405010007599993e-07
162 -6.285819919925174e-07
163 -6.321749141864668e-07
164 -6.222598950944526e-07
165 -6.06462243549475e-07
166 -6.10427768441386e-07
167 -5.514348544152363e-07
168 -6.453192683192786e-07
169 -5.863784163360079e-07
170 -6.165143025605292e-07
171 -6.266497170458814e-07
172 -5.962619223508941e-07
173 -5.729129866308379e-07
174 -6.210527509321354e-07
175 -5.854495601740671e-07
176 -5.554082973922732e-07
177 -6.508964531291291e-07
178 -6.370476612511551e-07
179 -6.320443805853232e-07
180 -6.99673610576367e-07
181 -5.707937481363742e-07
182 -5.940398036846166e-07
183 -6.373640369035847e-07
184 -5.717266423973795e-07
185 -5.426559954843969e-07
186 -6.349809589670729e-07
187 -6.170421448834783e-07
188 -6.290402532932329e-07
189 -5.707370026030809e-07
190 -6.42775945264066e-07
191 -6.550783080023818e-07
192 -6.331744642474713e-07
193 -6.546873694211654e-07
194 -6.431468068404299e-07
195 -5.623051070612557e-07
196 -5.924073650470036e-07
197 -6.49860088182545e-07
198 -6.55604687712121e-07
199 -6.023815958838349e-07
200 -6.333552990221495e-07
201 -5.282393753563632e-07
202 -5.82855148550981e-07
203 -5.814421290366277e-07
204 -6.576209526432895e-07
205 -6.294827493023445e-07
206 -5.852061633288759e-07
207 -5.948789155545943e-07
208 -6.50156402471303e-07
209 -5.692016526806889e-07
210 -6.60519632863242e-07
211 -6.447694527098165e-07
212 -5.72772640617198e-07
213 -6.760251905940728e-07
214 -6.257621051350435e-07
215 -6.332454498724776e-07
216 -6.641159998898319e-07
217 -6.05198596249923e-07
218 -6.55809553147445e-07
219 -6.630646067661469e-07
220 -6.234050635691589e-07
221 -5.998198788614964e-07
222 -5.88189537387127e-07
223 -6.231985442846761e-07
224 -5.480103983361531e-07
225 -6.029296371182388e-07
226 -6.550137432409572e-07
227 -5.701033406853357e-07
228 -6.1183591044317e-07
229 -6.025428064795504e-07
230 -6.504217076320981e-07
231 -6.499007479040751e-07
232 -6.805392928674772e-07
233 -6.629674163846977e-07
234 -5.981880663469429e-07
235 -6.285886187776145e-07
236 -5.719172926618389e-07
237 -6.050337915911752e-07
238 -6.07520398710852e-07
239 -6.120314301308256e-07
240 -6.150775425653124e-07
241 -6.804900736127144e-07
242 -6.188745644559883e-07
243 -5.885417929189125e-07
244 -6.08508981659528e-07
245 -5.851507793288198e-07
246 -5.976832997567272e-07
247 -5.67957810825813e-07
248 -6.665561165963856e-07
249 -6.959815212081688e-07
250 -5.784222463226267e-07
251 -6.160274381706996e-07
252 -5.585535471880057e-07
253 -6.657374988831269e-07
254 -6.602944065808705e-07
255 -6.421025283177987e-07
256 -6.26147856470165e-07
257 -6.958089135817439e-07
258 -5.850573078160343e-07
259 -5.490038210191315e-07
260 -6.88506587364031e-07
261 -5.731697089507849e-07
262 -6.218861110413755e-07
263 -6.122472386861997e-07
264 -6.287297484865534e-07
265 -5.844969366092776e-07
266 -5.89068682923368e-07
267 -6.343215082310013e-07
268 -6.466538340915374e-07
269 -6.251205688933528e-07
270 -5.938171936345398e-07
271 -6.054193253337367e-07
272 -6.138445540133112e-07
273 -7.126268653299866e-07
274 -5.835173251027592e-07
275 -6.234847794607183e-07
276 -5.984971624119113e-07
277 -5.793739858881088e-07
278 -6.229510188080692e-07
279 -6.183907337437482e-07
280 -6.609247598828615e-07
281 -6.398606045184054e-07
282 -6.444703383412944e-07
283 -6.888270742010299e-07
284 -6.114133061079832e-07
285 -6.180126192947112e-07
286 -6.022928193170637e-07
287 -5.375718227124237e-07
288 -6.562607259320787e-07
289 -6.116141959661122e-07
290 -5.946737340373104e-07
291 -6.406753584622117e-07
292 -5.928590030868271e-07
293 -6.562983824691872e-07
294 -6.547427156049035e-07
295 -5.479539557507517e-07
296 -5.528485733489793e-07
297 -6.340410066747753e-07
298 -6.444049515676646e-07
299 -6.525960170372817e-07
