0 -2.020739380200825e-06
1 -2.0610702622346353e-06
2 -1.9966206403641865e-06
3 -2.0326540095633476e-06
4 -2.030305015620239e-06
5 -1.932704556145405e-06
6 -1.9354912215952445e-06
7 -2.03021160354733e-06
8 -2.0012027851696076e-06
9 -2.000025786208643e-06
10 -1.980362547045622e-06
11 -2.040245386851932e-06
12 -2.0136928229962407e-06
13 -2.0163908347664364e-06
14 -1.913446222202563e-06
15 -2.0174823947525126e-06
16 -1.9708727718785685e-06
17 -1.958178369813894e-06
18 -1.921006043645016e-06
19 -1.9763131446244656e-06
20 -1.9630082294967588e-06
21 -1.934206969855984e-06
22 -1.993908897236297e-06
23 -1.9857136579414587e-06
24 -1.9288350999052817e-06
25 -1.9585284173950236e-06
26 -2.0346602775740465e-06
27 -1.994334302511255e-06
28 -1.972889408250309e-06
29 -2.007086796599626e-06
30 -1.9646947239068166e-06
31 -1.997006029387944e-06
32 -2.030248743967657e-06
33 -1.9833539748916954e-06
34 -1.956920377478983e-06
35 -1.976043403291786e-06
36 -2.026041621783416e-06
37 -1.93953283218656e-06
38 -2.039421020810683e-06
39 -2.0006640654135246e-06
40 -1.97035924103469e-06
41 -2.0236246502743216e-06
42 -1.9851418591032903e-06
43 -1.9848604483230795e-06
44 -2.0217899330504536e-06
45 -1.93522349032595e-06
46 -2.030581711153938e-06
47 -1.9694735846884195e-06
48 -1.983966126811752e-06
49 -1.9668854853161003e-06
50 -1.968106991896876e-06
51 -1.996442668410198e-06
52 -1.990014113719695e-06
53 -1.972799673921375e-06
54 -1.9662509012670125e-06
55 -2.018607359527661e-06
56 -1.9834690776403485e-06
57 -1.9762627343866178e-06
58 -2.019076052709071e-06
59 -1.9866180045590733e-06
60 -1.985616316167938e-06
61 -1.931398212764792e-06
62 -1.992243879650161e-06
63 -2.0284397508399076e-06
64 -1.983955405724007e-06
65 -1.9269531944827387e-06
66 -1.9457680962460092e-06
67 -2.0236190537298815e-06
68 -2.0072602091307715e-06
69 -1.9709944640683523e-06
70 -1.9321722137743997e-06
71 -1.9831222378285424e-06
72 -2.05398035879662e-06
73 -1.9704716317927006e-06
74 -2.055951426069495e-06
75 -1.988980184060098e-06
76 -1.932875901933386e-06
77 -1.9564038635635333e-06
78 -2.025523661496327e-06
79 -1.9967272075234236e-06
80 -2.0207906479174784e-06
81 -1.9111055588891536e-06
82 -1.8889347241180393e-06
83 -1.9856580225123557e-06
84 -1.935204428857781e-06
85 -1.9237522179465736e-06
86 -1.920433058013617e-06
87 -1.969211602789084e-06
88 -1.9934979116702307e-06
89 -1.9438078344817595e-06
90 -1.9458849319316528e-06
91 -2.0633829311252284e-06
92 -2.0362530467766754e-06
93 -2.033308461597871e-06
94 -1.961166368869692e-06
95 -1.9078932919546395e-06
96 -1.991978768692276e-06
97 -1.92648109699792e-06
98 -1.9759871492550248e-06
99 -2.0072371597003775e-06
100 -1.9662042870836923e-06
101 -2.0200225642595074e-06
102 -1.97827261194439e-06
103 -1.989850824928782e-06
104 -1.999308421059028e-06
105 -1.9865377392311643e-06
106 -1.9944365053589265e-06
107 -2.0170862804958835e-06
108 -1.9446086025743252e-06
109 -1.983300303285701e-06
110 -1.998065777815279e-06
111 -2.003292634777442e-06
112 -2.0063345478552617e-06
113 -1.9297899854702398e-06
114 -1.9688725899586802e-06
115 -2.0260706916111635e-06
116 -2.0090387922327895e-06
117 -1.99683798998323e-06
118 -1.984849775124096e-06
119 -1.9947670350070442e-06
120 -1.970111431069076e-06
121 -1.9859868973589517e-06
122 -2.0324372547872032e-06
123 -1.9929915233857774e-06
124 -2.0099716996635006e-06
125 -1.9889118179464565e-06
126 -2.0037967753229004e-06
127 -1.9462026740097306e-06
128 -1.982402678393611e-06
129 -2.006435659488794e-06
130 -1.8605365226896963e-06
131 -1.963945961084332e-06
132 -2.0209207145659687e-06
133 -1.9949430159234497e-06
134 -1.947126243722211e-06
135 -1.9758169950471278e-06
136 -2.0243634667350995e-06
137 -1.9514646695498713e-06
138 -1.9981639248339554e-06
139 -2.0433107705803534e-06
140 -1.9775830342326643e-06
141 -2.003615529499088e-06
142 -1.962135635035694e-06
143 -1.979642419687522e-06
144 -1.9560462259280303e-06
145 -1.980852346656058e-06
146 -1.975717060669275e-06
147 -2.0101362905360666e-06
148 -1.969303791815011e-06
149 -2.022345559341051e-06
150 -1.9792972340063423e-06
151 -1.975150851667498e-06
152 -1.9888736444973483e-06
153 -1.9785908419540608e-06
154 -2.0743692723714586e-06
155 -1.986583745629433e-06
156 -1.9542153082257465e-06
157 -1.9960625698108916e-06
158 -2.0118297678228277e-06
159 -1.916701827652302e-06
160 -2.0263132842378294e-06
161 -1.954500189281338e-06
162 -2.0048933173540105e-06
163 -1.9378063215487154e-06
164 -1.998954795297744e-06
165 -1.9561895512674484e-06
166 -1.971348272075018e-06
167 -1.942200307131483e-06
168 -1.911251659379743e-06
169 -1.9536210149284896e-06
170 -1.996986109959935e-06
171 -2.0347473241866767e-06
172 -2.0257147988144468e-06
173 -1.9789779818233076e-06
174 -2.039778598886798e-06
175 -1.9174582278159837e-06
176 -1.9328054505092786e-06
177 -1.979446351226635e-06
178 -1.9570944565847937e-06
179 -1.9812961154749436e-06
180 -1.9800323399703328e-06
181 -2.0104364552680284e-06
182 -1.996437195418731e-06
183 -1.9409216076494185e-06
184 -1.9144010067440294e-06
185 -1.9926452070470395e-06
186 -1.98021484472678e-06
187 -1.9813042995624155e-06
188 -2.0793374957088585e-06
189 -1.9437186970049044e-06
190 -2.0050303896721006e-06
191 -2.004683561405346e-06
192 -1.9765853431442088e-06
193 -1.8963478931045558e-06
194 -1.9647328309485497e-06
195 -1.9971497402519664e-06
196 -1.968894807391525e-06
197 -1.9741775588967455e-06
198 -1.9479118435039756e-06
199 -2.000691703066342e-06
200 -2.025181148526854e-06
201 -1.957073964163715e-06
202 -1.9458713466994564e-06
203 -1.969814935148129e-06
204 -1.9503614509848792e-06
205 -2.0344243977176362e-06
206 -1.91734318878584e-06
207 -2.0406681119428085e-06
208 -2.0171667562711073e-06
209 -1.926697184577078e-06
210 -2.0382721351744124e-06
211 -2.0015955970484207e-06
212 -1.945723625132054e-06
213 -1.9744000227880947e-06
214 -2.0352914983580773e-06
215 -2.003499441761476e-06
216 -2.0083376326941118e-06
217 -1.9879702667524153e-06
218 -1.998014742045078e-06
219 -2.0149708122862706e-06
220 -1.9790639643308036e-06
221 -2.0378930942244796e-06
222 -1.9821704047962386e-06
223 -1.9867271072068464e-06
224 -1.9305292069410166e-06
225 -2.018353060003327e-06
226 -2.0267978977296457e-06
227 -2.053988143957213e-06
228 -2.010409348486442e-06
229 -1.8932787887820489e-06
230 -1.927937618679416e-06
231 -2.0128017886388214e-06
232 -2.0618943281391814e-06
233 -1.9275613001422797e-06
234 -2.0841928427430033e-06
235 -1.9081503679551286e-06
236 -1.9981060857399014e-06
237 -1.992347347673819e-06
238 -1.951649722207549e-06
239 -1.950962647253636e-06
240 -1.9475715738030977e-06
241 -1.91596266193578e-06
242 -1.9630638374865047e-06
243 -1.9249332846139786e-06
244 -1.9821512722756246e-06
245 -2.0416958246052524e-06
246 -1.9950402932070783e-06
247 -2.0308353551956893e-06
248 -2.048486651427444e-06
249 -1.956494969370245e-06
250 -1.92401199621865e-06
251 -1.973015863186417e-06
252 -1.9295615688837294e-06
253 -1.9295170905308367e-06
254 -2.004217198278679e-06
255 -1.949880760788493e-06
256 -1.950673511651618e-06
257 -2.015205096694752e-06
258 -2.0125174345196447e-06
259 -1.9125018558722724e-06
260 -1.9899233977161493e-06
261 -1.9430271881587317e-06
262 -2.0436994976982302e-06
263 -2.0126984236599603e-06
264 -1.9551654750843693e-06
265 -1.976658437285746e-06
266 -1.9805833707575437e-06
267 -1.9485381463074846e-06
268 -1.9916839947489026e-06
269 -1.9976788836061576e-06
270 -2.009587059735164e-06
271 -2.002730588662688e-06
272 -1.9672953345703543e-06
273 -1.9914218631966746e-06
274 -2.0009924830805e-06
275 -1.9654723322062886e-06
276 -1.9413196995849384e-06
277 -1.9453332341018908e-06
278 -1.9258614715728515e-06
279 -1.9300662977591723e-06
280 -1.9411799687181496e-06
281 -1.9942657854736714e-06
282 -1.973592864088938e-06
283 -2.025740170399813e-06
284 -1.9744860609939188e-06
285 -2.009425012441482e-06
286 -2.0168283971273276e-06
287 -2.007543540000391e-06
288 -2.0295035445216443e-06
289 -2.007854512044318e-06
290 -1.951332145013026e-06
291 -1.9912094059701143e-06
292 -2.0338795017174977e-06
293 -1.987038357596037e-06
294 -2.0146009492946994e-06
295 -1.8731776048850135e-06
296 -1.9938225715761163e-06
297 -1.9974106684143603e-06
298 -2.001483188853389e-06
299 -1.9760464867793826e-06
