0 9.302462477211273e-07
1 9.621916701255673e-07
2 9.334074522317627e-07
3 9.779860418805376e-07
4 8.983491715276508e-07
5 9.467497817982653e-07
6 9.23451110094031e-07
7 9.06309340455492e-07
8 9.631894168449671e-07
9 9.119124511529528e-07
10 8.913885878821488e-07
11 9.335707480696784e-07
12 8.928380155928961e-07
13 9.161439084705959e-07
14 9.427511362982167e-07
15 8.770069992990134e-07
16 8.735846528158442e-07
17 9.004044028019389e-07
18 9.455352582659558e-07
19 8.770481160663377e-07
20 9.453381215802252e-07
21 9.452535039012599e-07
22 9.566196611220326e-07
23 9.136211881771707e-07
24 8.559834582024979e-07
25 9.311315154515842e-07
26 8.950646875036839e-07
27 9.587377176477692e-07
28 9.415719525221906e-07
29 8.628769826850455e-07
30 1.0433868960668618e-06
31 9.332812292803321e-07
32 9.228228794821831e-07
33 8.892982035143233e-07
34 9.83091197873845e-07
35 9.072268566194109e-07
36 9.350694591923085e-07
37 9.387311000373689e-07
38 9.25010523709695e-07
39 9.477121021138176e-07
40 8.756872542287439e-07
41 9.522477011416578e-07
42 9.93432192596067e-07
43 9.598519944440344e-07
44 9.53285952087869e-07
45 9.455024514026467e-07
46 9.75192709696737e-07
47 9.575509613423498e-07
48 9.50741758401828e-07
49 9.086386080113551e-07
50 9.360537032788398e-07
51 8.86672642881324e-07
52 8.987330576390526e-07
53 9.766900517586312e-07
54 8.340218946966175e-07
55 9.097745334414775e-07
56 9.355695677835644e-07
57 9.348807191844832e-07
58 9.067653767244703e-07
59 9.640003009237977e-07
60 1.0027920520262315e-06
61 9.419810405387703e-07
62 8.874459586245188e-07
63 9.126828438823261e-07
64 9.474296315742066e-07
65 9.842848740526685e-07
66 9.145746458892357e-07
67 9.594310253988692e-07
68 9.57727981992101e-07
69 9.314677113597927e-07
70 9.509266304718316e-07
71 9.706389420943388e-07
72 9.171976349417755e-07
73 8.893123921700224e-07
74 8.724849221629537e-07
75 9.337954705016339e-07
76 9.593247188470708e-07
77 9.718386256628842e-07
78 9.286739976889308e-07
79 9.278602833350137e-07
80 8.982404457476611e-07
81 9.023849003206162e-07
82 9.142991272524915e-07
83 9.910624085428314e-07
84 9.071413025812812e-07
85 9.081090044506675e-07
86 8.507985502856408e-07
87 9.91206269909187e-07
88 8.913106818837057e-07
89 9.748551864779848e-07
90 8.968835906321197e-07
91 8.835270165594587e-07
92 9.033968189992992e-07
93 8.846247193756828e-07
94 9.647112247196173e-07
95 8.92907183187327e-07
96 9.094571148473682e-07
97 9.92785168188045e-07
98 8.814814183306617e-07
99 9.380525284013439e-07
100 9.716245543772713e-07
101 9.501182108414406e-07
102 9.33307356308462e-07
103 9.248179443673981e-07
104 9.54307711899633e-07
105 9.394058916481745e-07
106 9.245795126351456e-07
107 8.827470853538151e-07
108 9.262142952596745e-07
109 8.978095517847413e-07
110 8.611911794847837e-07
111 8.504353363790569e-07
112 9.610304168701334e-07
113 9.52417834623268e-07
114 9.099147354758004e-07
115 9.548163714306467e-07
116 9.115562819702239e-07
117 9.312336602520985e-07
118 8.888860294381617e-07
119 9.206345122686343e-07
120 9.431449724734511e-07
121 9.775715869839135e-07
122 9.549324864405986e-07
123 8.939757341131918e-07
124 9.060861536610169e-07
125 8.687773540334505e-07
126 8.589101697865801e-07
127 9.159290524378796e-07
128 8.728054005272512e-07
129 9.414264533260977e-07
130 8.850184984474549e-07
131 9.656760084688824e-07
132 8.964983426648455e-07
133 9.63799977247109e-07
134 9.240512254746076e-07
135 8.82829585684149e-07
136 9.035162892054229e-07
137 9.203228672832931e-07
138 9.661083547663712e-07
139 9.191447868016167e-07
140 8.558796360779949e-07
141 8.738461228448447e-07
142 9.241778440248727e-07
143 9.267513558229914e-07
144 9.5092761881506e-07
145 9.040209961541706e-07
146 8.681062742007774e-07
147 9.350494219135831e-07
148 9.423287937919549e-07
149 8.999704619463462e-07
150 1.0268709745519265e-06
151 9.313266105030509e-07
152 9.34737960749239e-07
153 9.395114932629713e-07
154 9.299479006456143e-07
155 9.284554516384066e-07
156 9.282341773407799e-07
157 9.45480356582382e-07
158 9.66933571923215e-07
159 9.812085451636322e-07
160 8.481668998744105e-07
161 9.505829836374646e-07
162 9.001555308150745e-07
163 9.516855405730787e-07
164 9.41590021911975e-07
165 9.2417456585415e-07
166 9.251012050121437e-07
167 8.536959727074314e-07
168 9.70418535263998e-07
169 9.035682988471719e-07
170 8.958907777616357e-07
171 9.320410227002021e-07
172 8.873437547087001e-07
173 8.898690521074456e-07
174 9.135498490221846e-07
175 9.150331334829016e-07
176 8.854973198620569e-07
177 9.578191521691088e-07
178 9.693834718890981e-07
179 9.436305701054211e-07
180 1.0172145345891959e-06
181 8.720339054272314e-07
182 8.916682738897281e-07
183 9.415169371077849e-07
184 8.929025995586339e-07
185 8.497418440916324e-07
186 9.411296709701826e-07
187 9.232752254896446e-07
188 8.980002137376692e-07
189 8.914433203133124e-07
190 9.463329248345608e-07
191 9.592790510986167e-07
192 9.454785389326047e-07
193 9.821635291364511e-07
194 9.518049847122188e-07
195 8.691352988934541e-07
196 9.081822836937976e-07
197 9.606580460725645e-07
198 9.896251628841802e-07
199 8.958550902132305e-07
200 9.256897237822323e-07
201 8.327589707666063e-07
202 8.963500856834947e-07
203 8.824540374095202e-07
204 9.76345467985351e-07
205 9.101135379108784e-07
206 9.117697237373385e-07
207 8.783581892353586e-07
208 9.422767361324224e-07
209 8.93750347104434e-07
210 9.525620757023156e-07
211 9.367554714741479e-07
212 8.963692565741996e-07
213 9.64602470859206e-07
214 8.869243678318468e-07
215 9.250620589361703e-07
216 9.554722779119459e-07
217 8.864617201321645e-07
218 9.50316193444006e-07
219 9.54772845721939e-07
220 9.280004895678718e-07
221 8.943917617710549e-07
222 8.844067714073845e-07
223 9.396489745183151e-07
224 8.722112935004505e-07
225 8.944851019853193e-07
226 9.57870429455477e-07
227 8.47385764385119e-07
228 9.030169802790427e-07
229 9.513733551658562e-07
230 9.928273190475922e-07
231 9.57948843654702e-07
232 9.612404318062087e-07
233 1.0062330687942436e-06
234 8.494068622167617e-07
235 9.668693289354392e-07
236 8.747669138819899e-07
237 9.011133623334947e-07
238 9.239041487655987e-07
239 9.344227162154485e-07
240 9.385368354334749e-07
241 1.0119416156471807e-06
242 9.506311383838695e-07
243 9.06701965012042e-07
244 9.05382282973107e-07
245 8.599054600445692e-07
246 8.944626370971434e-07
247 8.464216072416297e-07
248 9.566568983742732e-07
249 1.0046281547565609e-06
250 9.010901711809557e-07
251 9.005696386248776e-07
252 9.00018562018764e-07
253 1.005936772175599e-06
254 9.528739245249144e-07
255 9.517096802020087e-07
256 9.459994370269545e-07
257 9.883550977130596e-07
258 8.910673776579311e-07
259 8.6847000104853e-07
260 1.0088685632281085e-06
261 8.850681048703537e-07
262 9.118329696593125e-07
263 8.9221264364722e-07
264 9.471115262354554e-07
265 8.944627283651828e-07
266 9.033439765081496e-07
267 9.624044328440904e-07
268 9.480020485760075e-07
269 9.357626697448419e-07
270 8.75230251702743e-07
271 8.859049287197595e-07
272 9.352193019137022e-07
273 1.0158811228084834e-06
274 8.858588954236572e-07
275 9.42695373518708e-07
276 8.938165172433599e-07
277 8.951168060447802e-07
278 9.62096109921487e-07
279 9.263464907107423e-07
280 9.859430092514195e-07
281 9.389883183755103e-07
282 9.567297781470347e-07
283 9.685058965850498e-07
284 9.284809706073581e-07
285 9.065744728420805e-07
286 8.990756229402266e-07
287 8.311132608745599e-07
288 9.48421662239293e-07
289 9.127516462801845e-07
290 9.07647633461996e-07
291 9.43903842155615e-07
292 8.768923339845179e-07
293 9.705757360345892e-07
294 9.562660408367403e-07
295 8.681399874033295e-07
296 8.550912059314541e-07
297 9.427446554703143e-07
298 9.504231719947751e-07
299 9.605986104803916e-07
