0 -1.65200951644121e-07
1 -1.9928414929174982e-07
2 -2.959053464273437e-07
3 -2.6206873353273473e-07
4 -1.9474784297371025e-07
5 -2.025415363279339e-07
6 -1.9766312695239333e-07
7 -1.5198403276019243e-07
8 -2.3289030279169425e-07
9 -1.9418250519961286e-07
10 -1.8751751274633765e-07
11 -3.2061497501138053e-07
12 -1.387563075244796e-07
13 -2.10257905816131e-07
14 -2.3047072045854636e-07
15 -1.2616038413227944e-07
16 -2.740484834679502e-07
17 -2.8518466541792357e-07
18 -2.4173957300719934e-07
19 -2.523543896358018e-07
20 -2.0382826846076545e-07
21 -2.793950039301488e-07
22 -1.6113331999066275e-07
23 -2.7668506937372124e-07
24 -2.3062191091144078e-07
25 -2.984213304714819e-07
26 -1.8007167973880945e-07
27 -2.2468663781846413e-07
28 -2.496434731378184e-07
29 -2.0827134168549349e-07
30 -8.591584980609403e-08
31 -1.386706598011311e-07
32 -2.5808918713357897e-07
33 -2.625782722048264e-07
34 -2.71133895356837e-07
35 -1.6995140229738365e-07
36 -2.389644544232681e-07
37 -1.2284168684138923e-07
38 -2.6685817169720905e-07
39 -2.3833312004779884e-07
40 -2.712885634442611e-07
41 -2.257637539149421e-07
42 -1.8865823923709684e-07
43 -2.6046153488562954e-07
44 -1.5353593925486297e-07
45 -1.7100388715832356e-07
46 -3.8060810468726117e-07
47 -1.4040787045625626e-07
48 -2.3226489866567136e-07
49 -3.2865392654444014e-07
50 -2.3549207960211856e-07
51 -1.8297073260494623e-07
52 -2.0373967598882662e-07
53 -1.8584481889212581e-07
54 -9.220809771428394e-08
55 -3.1752151675959336e-07
56 -2.353194973469262e-07
57 -1.422162134242229e-07
58 -1.9136423200225127e-07
59 -2.086058414830554e-07
60 -1.93089777803003e-07
61 -2.1157378966683525e-07
62 -2.1353530220062798e-07
63 -3.3112753606648286e-07
64 -2.0039131293195592e-07
65 -1.6576455085083884e-07
66 -1.8377228035689963e-07
67 -2.02021195732167e-07
68 -2.2334943317662713e-07
69 -2.0639694291168228e-07
70 -1.6812832719858984e-07
71 -2.920685182124775e-07
72 -1.6481076978792968e-07
73 -2.6453957985204767e-07
74 -2.0487946884772865e-07
75 -3.2069184920097284e-07
76 -1.4982055434469122e-07
77 -2.1310968992878898e-07
78 -1.71407768959778e-07
79 -2.99356193749471e-07
80 -2.805147254737936e-07
81 -2.181032368689607e-07
82 -1.984191233554623e-07
83 -2.3709991228639155e-07
84 -1.274648678660477e-07
85 -2.5091254398970493e-07
86 -2.47365941545032e-07
87 -2.253638669638517e-07
88 -2.0268967307807667e-07
89 -2.2351178006289844e-07
90 -1.578572229584473e-07
91 -2.0046492446251406e-07
92 -2.2194881494339346e-07
93 -2.293959079794425e-07
94 -2.4721766930833537e-07
95 -3.204621087403902e-07
96 -2.452753360253829e-07
97 -2.4200836464665394e-07
98 -2.7569742907809877e-07
99 -1.165628210973247e-07
100 -2.3785438762312427e-07
101 -1.3689578706581494e-07
102 -2.5582749822641266e-07
103 -1.8252781175574972e-07
104 -2.075407714870908e-07
105 -3.189573084983288e-07
106 -1.8769690211721772e-07
107 -1.5931493825938638e-07
108 -2.00195470019057e-07
109 -1.9518746862089258e-07
110 -1.8579893972060232e-07
111 -2.9714675389364264e-07
112 -2.5779553651716856e-07
113 -2.91280036898176e-07
114 -3.2675975980306756e-07
115 -2.7792478799107666e-07
116 -2.0307062318575145e-07
117 -1.9388374603110117e-07
118 -2.746374466343486e-07
119 -2.3487461895770064e-07
120 -2.775301885878455e-07
121 -2.1581316294729069e-07
122 -1.891036955953463e-07
123 -2.735050916336925e-07
124 -1.9315219346690774e-07
125 -1.6051164130792977e-07
126 -1.4398050004706794e-07
127 -1.8762162768972888e-07
128 -2.3802257267363633e-07
129 -2.639755043430804e-07
130 -1.8901440593149546e-07
131 -2.1943123211096867e-07
132 -3.551415724702726e-07
133 -1.7287142060333474e-07
134 -1.8197857257325806e-07
135 -2.412772495889254e-07
136 -2.2440881407176147e-07
137 -2.591044851786617e-07
138 -1.6377269834705466e-07
139 -2.4870274296544666e-07
140 -2.2422386302896775e-07
141 -1.2920281796043437e-07
142 -2.2858261406766706e-07
143 -1.7395520764416483e-07
144 -2.7317663734880006e-07
145 -1.681231000875404e-07
146 -2.587571997689114e-07
147 -2.259186706603303e-07
148 -1.6403288355030674e-07
149 -2.4843661828091756e-07
150 -2.094791854754351e-07
151 -2.1976765543126024e-07
152 -1.9780755889395855e-07
153 -2.2283512533831316e-07
154 -2.29772495393479e-07
155 -2.590298077391293e-07
156 -1.8796776514736322e-07
157 -1.1121345376126658e-07
158 -1.8776541989974346e-07
159 -1.8832392827908723e-07
160 -1.2394236035267368e-07
161 -2.0384337706091157e-07
162 -1.8569918392957017e-07
163 -2.5541431298066765e-07
164 -2.2634897587376406e-07
165 -2.0014417426753336e-07
166 -1.7760342456811229e-07
167 -2.63424508025949e-07
168 -1.0459271549607762e-07
169 -2.272782211823799e-07
170 -2.4769248815699405e-07
171 -2.535673933052422e-07
172 -2.7918091275356997e-07
173 -2.108079492607151e-07
174 -2.0705769592726124e-07
175 -2.364043875809779e-07
176 -2.4302180436279077e-07
177 -2.726624056331115e-07
178 -2.6921255776279554e-07
179 -3.0086468363042407e-07
180 -1.250146580011051e-07
181 -2.292221221335831e-07
182 -2.394580208194402e-07
183 -2.492948398069375e-07
184 -2.036268023474233e-07
185 -3.1074907528891757e-07
186 -2.167423347891426e-07
187 -1.8362471643856855e-07
188 -2.0486840940180496e-07
189 -1.3599717841514584e-07
190 -2.170057018091707e-07
191 -1.9756106763383048e-07
192 -2.348097702577062e-07
193 -2.057915092097412e-07
194 -2.409708104340389e-07
195 -2.9801053357136876e-07
196 -1.4151066928512637e-07
197 -2.6523742921493694e-07
198 -1.746715174409026e-07
199 -1.1557509458739904e-07
200 -2.5340701654986686e-07
201 -2.2962155437635208e-07
202 -3.1509655107338354e-07
203 -1.3511515676083812e-07
204 -3.011338477604108e-07
205 -1.8909535912552061e-07
206 -1.935531747155107e-07
207 -1.540187315697697e-07
208 -2.3181258533791653e-07
209 -1.5904743920072496e-07
210 -2.3244263865887948e-07
211 -1.7706314422270004e-07
212 -1.6883615556788643e-07
213 -1.9253905370954341e-07
214 -1.864455230309126e-07
215 -1.9313335096432953e-07
216 -2.8096754435667376e-07
217 -3.070090427861217e-07
218 -2.2573704127255468e-07
219 -2.496178420397033e-07
220 -2.134972857860732e-07
221 -1.3900411675702494e-07
222 -2.4437239459932866e-07
223 -2.9507571194946885e-07
224 -2.7645051756763414e-07
225 -1.3632667795677927e-07
226 -2.3134988982667532e-07
227 -2.7097238556595954e-07
228 -2.0021588724441264e-07
229 -2.3679122126222536e-07
230 -2.657979907240634e-07
231 -2.7330729726582874e-07
232 -1.9587971554055097e-07
233 -2.0525410182440718e-07
234 -2.0833878961425733e-07
235 -2.4305192154183705e-07
236 -1.7826171212690668e-07
237 -2.7161394125373844e-07
238 -2.7192563730051456e-07
239 -2.0957505809283777e-07
240 -2.602125309697668e-07
241 -1.67079092476972e-07
242 -2.1491124956497194e-07
243 -1.58874447069484e-07
244 -2.6854614984230207e-07
245 -2.0002262481060265e-07
246 -2.0059624009649098e-07
247 -1.6317176336194693e-07
248 -2.7537156731835636e-07
249 -2.19154778704013e-07
250 -2.2389568382379047e-07
251 -2.0790066782574064e-07
252 -1.7228659004669678e-07
253 -3.024950208470033e-07
254 -1.8157098944335858e-07
255 -2.1289346585853663e-07
256 -2.6476834152540286e-07
257 -1.7322181418949594e-07
258 -1.8834353507189125e-07
259 -2.0316413339108145e-07
260 -2.0201729977893804e-07
261 -2.1348902771564975e-07
262 -1.7660390562960873e-07
263 -2.576272546951028e-07
264 -2.502477074005275e-07
265 -2.478013960703806e-07
266 -1.6011234816368535e-07
267 -2.3297210590990703e-07
268 -1.465945731371636e-07
269 -2.498407946091801e-07
270 -3.140233815593974e-07
271 -2.1990644046481012e-07
272 -2.335165742039711e-07
273 -1.9718127627355717e-07
274 -2.622838481220906e-07
275 -2.718712344196932e-07
276 -2.4523810592718323e-07
277 -2.390747414402679e-07
278 -2.3106312003544197e-07
279 -2.3635652044568074e-07
280 -2.0188120722859798e-07
281 -2.523963234958265e-07
282 -2.165463409582788e-07
283 -1.740977725755563e-07
284 -1.804731213420278e-07
285 -2.2468160935128755e-07
286 -1.9851007669504666e-07
287 -2.714395529092622e-07
288 -2.211907536956982e-07
289 -3.215977241761207e-07
290 -1.7453849544175669e-07
291 -1.6225675084535007e-07
292 -2.0428729861835007e-07
293 -2.849852032949156e-07
294 -2.813271319117863e-07
295 -3.2572230322701396e-07
296 -9.534392345883188e-08
297 -3.0225284454645414e-07
298 -2.862713693720449e-07
299 -3.214074411653865e-07
