0 -1.2896897386082054e-06
1 -1.2367363072183084e-06
2 -1.071979588123163e-06
3 -1.1660101711899728e-06
4 -1.3033069676670023e-06
5 -1.154663245086648e-06
6 -1.293218550589528e-06
7 -1.312165980638658e-06
8 -1.3182178373519894e-06
9 -1.3065406680664064e-06
10 -1.2412842456103313e-06
11 -1.1249005638349333e-06
12 -1.2262409030719602e-06
13 -1.2467475863645264e-06
14 -1.1890762276489698e-06
15 -1.3573695465922507e-06
16 -1.2071434658745192e-06
17 -1.1833496718080292e-06
18 -1.1413076611004695e-06
19 -1.1869982152672436e-06
20 -1.2228163074792059e-06
21 -1.223447124504335e-06
22 -1.2779694876220867e-06
23 -1.133666747897086e-06
24 -1.2207237411286656e-06
25 -1.1820812434782131e-06
26 -1.2814019799755785e-06
27 -1.169697865462791e-06
28 -1.2289753080789564e-06
29 -1.2609979908887447e-06
30 -1.4343618144018762e-06
31 -1.3482623674669178e-06
32 -1.295580021544665e-06
33 -1.131914552962007e-06
34 -1.2340597239393302e-06
35 -1.3915645674082572e-06
36 -1.1492730949650803e-06
37 -1.3998307522116383e-06
38 -1.1684403063068805e-06
39 -1.1755787139523168e-06
40 -1.0628797059865103e-06
41 -1.2336088375694167e-06
42 -1.319726793856949e-06
43 -1.290336987463085e-06
44 -1.321377542196744e-06
45 -1.4407457412165423e-06
46 -1.0103977767649096e-06
47 -1.2343999295848437e-06
48 -1.1931660170304726e-06
49 -1.2008328333092225e-06
50 -1.197151294937247e-06
51 -1.3764667010180718e-06
52 -1.2160439502171804e-06
53 -1.4186894091736687e-06
54 -1.350365174299002e-06
55 -1.1808208914182247e-06
56 -1.0258196214144823e-06
57 -1.3656494388657633e-06
58 -1.3233678988070324e-06
59 -1.2750304924808339e-06
60 -1.3066574793247373e-06
61 -1.2588465822188135e-06
62 -1.255487309048962e-06
63 -1.2208148370690507e-06
64 -1.2782288963818536e-06
65 -1.2721093019438577e-06
66 -1.2094145601725054e-06
67 -1.266958717246892e-06
68 -1.3188020620197476e-06
69 -1.2462907606818225e-06
70 -1.2854527162265053e-06
71 -1.0918609593525847e-06
72 -1.2513890721884248e-06
73 -1.2511628094434887e-06
74 -1.2833221824510974e-06
75 -1.1254991307482211e-06
76 -1.3163766812283478e-06
77 -1.2251991507486423e-06
78 -1.19618264248796e-06
79 -1.2063730161823661e-06
80 -1.1608594665666497e-06
81 -1.198151677548584e-06
82 -1.2934544533886772e-06
83 -1.1938100817113456e-06
84 -1.317609566737622e-06
85 -1.1541859638520219e-06
86 -1.2828135120644958e-06
87 -1.2592910816285377e-06
88 -1.1663782297527091e-06
89 -1.2106953050710433e-06
90 -1.2761384901824314e-06
91 -1.2767325287757967e-06
92 -1.2123343313491624e-06
93 -1.2163607593231782e-06
94 -1.2685125880955952e-06
95 -1.1123197451164101e-06
96 -1.2134245211520026e-06
97 -1.3208601831749663e-06
98 -1.0758452398021167e-06
99 -1.3733042864783184e-06
100 -1.2943649206355731e-06
101 -1.2660680412727286e-06
102 -1.1848925097725554e-06
103 -1.2581599250121067e-06
104 -1.3583785850983305e-06
105 -1.2037347445886371e-06
106 -1.1862336393734487e-06
107 -1.3952509287834488e-06
108 -1.2034121826763494e-06
109 -1.266829615445682e-06
110 -1.2657634313166769e-06
111 -1.1642337473602267e-06
112 -1.2158018489386203e-06
113 -1.190957654239937e-06
114 -1.218864410693468e-06
115 -1.259035689035335e-06
116 -1.2068193592982454e-06
117 -1.2502139442593033e-06
118 -1.1388522719695709e-06
119 -1.1527732006682431e-06
120 -1.1504652305644176e-06
121 -1.2501856551531457e-06
122 -1.3489225080407472e-06
123 -1.227654828184274e-06
124 -1.3061915230287076e-06
125 -1.2861451979280514e-06
126 -1.3342479435981736e-06
127 -1.3633799968121005e-06
128 -1.2579275291626668e-06
129 -1.155175154755332e-06
130 -1.2181146528195756e-06
131 -1.2244998682187285e-06
132 -1.1520415690486735e-06
133 -1.2690553315662112e-06
134 -1.2693810051057704e-06
135 -1.1670010716897779e-06
136 -1.2136297469156992e-06
137 -1.2085050017210537e-06
138 -1.303254106692395e-06
139 -1.2166457768826771e-06
140 -1.2264117891965969e-06
141 -1.3921851930656937e-06
142 -1.0723122748380251e-06
143 -1.210178528145986e-06
144 -1.0640023213659578e-06
145 -1.1722339628176461e-06
146 -1.1736629677571834e-06
147 -1.3053004625042383e-06
148 -1.3894029194948844e-06
149 -1.287497862607239e-06
150 -1.2067138385815214e-06
151 -1.1447335584929459e-06
152 -1.237093900338322e-06
153 -1.2482813124630741e-06
154 -1.1876917449617407e-06
155 -1.1997292816842209e-06
156 -1.3752826776644278e-06
157 -1.3624608888934843e-06
158 -1.305365041925387e-06
159 -1.2210333308190803e-06
160 -1.4310781999561922e-06
161 -1.257723726998776e-06
162 -1.294206287963177e-06
163 -1.2189282724052343e-06
164 -1.0408738229331395e-06
165 -1.2108976527790192e-06
166 -1.2886108401570162e-06
167 -1.1484344541982984e-06
168 -1.2561527063305986e-06
169 -1.176559903570139e-06
170 -1.1714175894479748e-06
171 -1.2301100029503245e-06
172 -1.1812720616335567e-06
173 -1.2909800033309273e-06
174 -1.251034354480932e-06
175 -1.2628864003241328e-06
176 -1.1809122934008433e-06
177 -1.2662654473819917e-06
178 -1.2813330716436e-06
179 -1.2974532104224053e-06
180 -1.282621511514282e-06
181 -1.1500859765447042e-06
182 -1.1631823143761783e-06
183 -1.2505555799811763e-06
184 -1.2002416933949824e-06
185 -1.1382482687961124e-06
186 -1.2713131497150739e-06
187 -1.2384516504420447e-06
188 -1.293931703999212e-06
189 -1.2853185145452358e-06
190 -1.2886636103469485e-06
191 -1.2355485437241317e-06
192 -1.172691541610837e-06
193 -1.3506103847890934e-06
194 -1.2477159965569014e-06
195 -1.0785664169538608e-06
196 -1.2691676800776049e-06
197 -1.1516857478040007e-06
198 -1.1858346847183345e-06
199 -1.2596730708136104e-06
200 -1.1783475691663199e-06
201 -1.1648472665260456e-06
202 -1.1018330071865823e-06
203 -1.3500990281216094e-06
204 -1.2904511893370588e-06
205 -1.3732925415862133e-06
206 -1.3341517484003003e-06
207 -1.3338056490258022e-06
208 -1.2016768368379118e-06
209 -1.1943067467497576e-06
210 -1.2401530669686158e-06
211 -1.2617085138421752e-06
212 -1.1922303362050037e-06
213 -1.415693158605576e-06
214 -1.299780062075409e-06
215 -1.2602662639346404e-06
216 -1.0982907374298977e-06
217 -1.27456969646738e-06
218 -1.2461015969952083e-06
219 -1.2315419263233322e-06
220 -1.2666115255450666e-06
221 -1.333671176340097e-06
222 -1.2386267881231792e-06
223 -1.195846969224034e-06
224 -1.1564874091796506e-06
225 -1.3373857735654085e-06
226 -1.20325722820822e-06
227 -1.1568011080065997e-06
228 -1.2953361219070204e-06
229 -1.167567917131251e-06
230 -1.323438168325738e-06
231 -1.27204065094758e-06
232 -1.2419267161771773e-06
233 -1.2672876872595165e-06
234 -1.1899058330950514e-06
235 -1.1949797456044468e-06
236 -1.2487359126459652e-06
237 -1.221791835173797e-06
238 -1.241420071619787e-06
239 -1.2250060111944297e-06
240 -1.1621006691644428e-06
241 -1.299878796302001e-06
242 -1.2259673777407677e-06
243 -1.2940076467175352e-06
244 -1.1204547173189298e-06
245 -1.2139310581737181e-06
246 -1.28774212547815e-06
247 -1.3567618762750062e-06
248 -1.0134326343055006e-06
249 -1.217103260047248e-06
250 -1.1885033308056858e-06
251 -1.32306355269427e-06
252 -1.3326295522053945e-06
253 -1.199011900494504e-06
254 -1.2809447013765309e-06
255 -1.1347101503143037e-06
256 -1.289582574384212e-06
257 -1.487583231341335e-06
258 -1.3064333315894223e-06
259 -1.3162663699585583e-06
260 -1.246502831191868e-06
261 -1.1187890955320753e-06
262 -1.3008307537832907e-06
263 -1.1165780340470692e-06
264 -1.2387870032785231e-06
265 -1.1934735301530563e-06
266 -1.252194907152929e-06
267 -1.2352457567548677e-06
268 -1.2876556002505918e-06
269 -1.2272251699269575e-06
270 -1.1433957921977978e-06
271 -1.3413026678806246e-06
272 -1.2091213489124291e-06
273 -1.2117780128712169e-06
274 -1.0856601710845454e-06
275 -1.2099200465473158e-06
276 -1.1957336658181274e-06
277 -1.2146042866791754e-06
278 -1.3705438284220797e-06
279 -1.266676819689911e-06
280 -1.3360069057692302e-06
281 -1.2805934944278406e-06
282 -1.2782373073922326e-06
283 -1.1457507155232317e-06
284 -1.1792906553036704e-06
285 -1.2312652407380423e-06
286 -1.2929228889947804e-06
287 -1.0265450780459203e-06
288 -1.278025760582347e-06
289 -1.1841025119738422e-06
290 -1.1723112794277482e-06
291 -1.3398090070112935e-06
292 -1.210712182507361e-06
293 -1.024121002717941e-06
294 -1.1483076171657125e-06
295 -1.2307472080285927e-06
296 -1.4285893688838407e-06
297 -1.2708034956828668e-06
298 -1.22313282512161e-06
299 -1.1087231247338138e-06
