0 -1.1054432916266371e-06
1 -1.0851122425329183e-06
2 -1.0529649260320265e-06
3 -1.0673911947534218e-06
4 -1.0746030213813303e-06
5 -1.1256500416830182e-06
6 -1.1241242391300489e-06
7 -1.106553755885706e-06
8 -1.0704404986666227e-06
9 -1.1222700250352684e-06
10 -1.1213355295451108e-06
11 -1.05544254289442e-06
12 -1.140673506245e-06
13 -1.08956387672098e-06
14 -1.1073461983244967e-06
15 -1.1434614049831714e-06
16 -1.0812092157577523e-06
17 -1.0785283571669324e-06
18 -1.097967449756395e-06
19 -1.0795063801624968e-06
20 -1.0961601140572884e-06
21 -1.0827466029658582e-06
22 -1.1343214206330234e-06
23 -1.0618704503896804e-06
24 -1.1096709062089637e-06
25 -1.0779037044103214e-06
26 -1.1197392537644665e-06
27 -1.0973367954878628e-06
28 -1.0913656282131708e-06
29 -1.1144522151523836e-06
30 -1.1487041816162854e-06
31 -1.1004732272530183e-06
32 -1.0625176956110855e-06
33 -1.087864721408452e-06
34 -1.0501714249020812e-06
35 -1.1008185854539231e-06
36 -1.0778009693021766e-06
37 -1.1106685109247117e-06
38 -1.062065042357604e-06
39 -1.0864191198609744e-06
40 -1.0876429199387024e-06
41 -1.0910153573686179e-06
42 -1.0844924622569544e-06
43 -1.0601696104411152e-06
44 -1.1297194616810132e-06
45 -1.1183091047240422e-06
46 -1.0302636355223316e-06
47 -1.1354141963593023e-06
48 -1.0663658012298523e-06
49 -1.026490114932798e-06
50 -1.099575906665159e-06
51 -1.076311278079471e-06
52 -1.1411932549458405e-06
53 -1.1126687112209183e-06
54 -1.1362969611248418e-06
55 -1.0220742308625517e-06
56 -1.1045936219372424e-06
57 -1.1393835151327951e-06
58 -1.0914089533505594e-06
59 -1.0895807936972284e-06
60 -1.1050342831472465e-06
61 -1.0805520139142676e-06
62 -1.072549740161193e-06
63 -1.0412483255194304e-06
64 -1.0945757967356512e-06
65 -1.0983585024312494e-06
66 -1.097508328119479e-06
67 -1.09640562655817e-06
68 -1.0666110167014333e-06
69 -1.1227009855777592e-06
70 -1.111224252035894e-06
71 -1.059792491055202e-06
72 -1.117641079680198e-06
73 -1.0616779118916283e-06
74 -1.0954681620539412e-06
75 -1.057375397420446e-06
76 -1.0935810558773228e-06
77 -1.10232467015821e-06
78 -1.0927488817745747e-06
79 -1.067521226235539e-06
80 -1.085033433321926e-06
81 -1.0910669304337157e-06
82 -1.1101993559632603e-06
83 -1.0887553370468034e-06
84 -1.1500874951780945e-06
85 -1.0735465505479668e-06
86 -1.0617938900452998e-06
87 -1.0749913526808388e-06
88 -1.1215491851599876e-06
89 -1.0791610749992945e-06
90 -1.120544106518993e-06
91 -1.0946911348577904e-06
92 -1.081156086356972e-06
93 -1.0751027307488517e-06
94 -1.080951124983973e-06
95 -1.0552762486535466e-06
96 -1.0900246641915697e-06
97 -1.0857646352064634e-06
98 -1.0834653187267708e-06
99 -1.1653574405594596e-06
100 -1.0891802807997386e-06
101 -1.1440270474004202e-06
102 -1.0772548566996894e-06
103 -1.1270691460912757e-06
104 -1.0926852384903996e-06
105 -1.0464866608958724e-06
106 -1.1161646916131497e-06
107 -1.1151133646489356e-06
108 -1.1198043206994716e-06
109 -1.1326390479899624e-06
110 -1.1069251406870584e-06
111 -1.0576109399318574e-06
112 -1.0648311702905325e-06
113 -1.0624294803617523e-06
114 -1.0620014353497807e-06
115 -1.0485658589415837e-06
116 -1.1155783707468883e-06
117 -1.0984552310971573e-06
118 -1.0585838746787341e-06
119 -1.08653132961312e-06
120 -1.0733381378946147e-06
121 -1.1048964269130098e-06
122 -1.1108579557955245e-06
123 -1.0822698467238912e-06
124 -1.135527363720478e-06
125 -1.1386169368079979e-06
126 -1.1152689831970567e-06
127 -1.123948436569592e-06
128 -1.084323015497725e-06
129 -1.0727620566879582e-06
130 -1.112704800254813e-06
131 -1.0991258620114093e-06
132 -1.0592571987709926e-06
133 -1.11046051248032e-06
134 -1.1341788312352632e-06
135 -1.0884945063133615e-06
136 -1.11426932998017e-06
137 -1.0549656135200013e-06
138 -1.1014760058631141e-06
139 -1.0722486969310397e-06
140 -1.1200927995030824e-06
141 -1.1419818493914914e-06
142 -1.0841080942372455e-06
143 -1.123250830552159e-06
144 -1.064980104159684e-06
145 -1.1259220326887949e-06
146 -1.0688667765264416e-06
147 -1.0806111260621917e-06
148 -1.1090710107442514e-06
149 -1.0878459198400553e-06
150 -1.1137584922547733e-06
151 -1.0804937103397404e-06
152 -1.1109689250532331e-06
153 -1.075857632210175e-06
154 -1.0881113290465008e-06
155 -1.08328121469634e-06
156 -1.105591229633446e-06
157 -1.1359064002303958e-06
158 -1.1219909018910235e-06
159 -1.084290986415306e-06
160 -1.1263993798752068e-06
161 -1.0825297362956758e-06
162 -1.1214454481640107e-06
163 -1.0764995132233253e-06
164 -1.076179003024057e-06
165 -1.1091377642786915e-06
166 -1.1173662070172151e-06
167 -1.066455494143515e-06
168 -1.141845494199627e-06
169 -1.0531604658263693e-06
170 -1.0955585932360363e-06
171 -1.0574726259778152e-06
172 -1.0639735103663603e-06
173 -1.0699915070805676e-06
174 -1.1364146297835977e-06
175 -1.0689022071726547e-06
176 -1.0928422072730392e-06
177 -1.0614451951154312e-06
178 -1.0646814859655011e-06
179 -1.0607887696395644e-06
180 -1.1151223874283225e-06
181 -1.1170881334286172e-06
182 -1.0557501028545956e-06
183 -1.0843305168352627e-06
184 -1.1194539646299667e-06
185 -1.0305417250934438e-06
186 -1.0990307907405538e-06
187 -1.1222188049264514e-06
188 -1.0971850799921274e-06
189 -1.1144413895875755e-06
190 -1.0914375321007057e-06
191 -1.0904361527063137e-06
192 -1.0902944420053487e-06
193 -1.1148697122878018e-06
194 -1.0816429573310533e-06
195 -1.063427070828979e-06
196 -1.140780961046077e-06
197 -1.0763324572530082e-06
198 -1.11527608774051e-06
199 -1.1233874699582402e-06
200 -1.1029515622985892e-06
201 -1.0909877766940371e-06
202 -1.0529527412497018e-06
203 -1.1147019507741142e-06
204 -1.0225773160120269e-06
205 -1.0999514983044167e-06
206 -1.0904506615427504e-06
207 -1.1094424536174485e-06
208 -1.1099933168479196e-06
209 -1.1234878797594337e-06
210 -1.1192535515899699e-06
211 -1.094115216234138e-06
212 -1.1449353988064193e-06
213 -1.0871338899317627e-06
214 -1.0911278112127076e-06
215 -1.0759873354371277e-06
216 -1.0760873831846314e-06
217 -1.0560643687316783e-06
218 -1.1103744558014784e-06
219 -1.1057514726192764e-06
220 -1.0855823754395618e-06
221 -1.1298333710708825e-06
222 -1.0819669945621998e-06
223 -1.0467366681167179e-06
224 -1.095458513465564e-06
225 -1.1464430943802055e-06
226 -1.0890801024508101e-06
227 -1.0760595183775027e-06
228 -1.1152924380700073e-06
229 -1.0799827606456906e-06
230 -1.0608326625488593e-06
231 -1.032376148000387e-06
232 -1.073810476093952e-06
233 -1.0938166673042555e-06
234 -1.1072782369457934e-06
235 -1.029710985529592e-06
236 -1.1402086030332887e-06
237 -1.0649269634702297e-06
238 -1.0783731636886042e-06
239 -1.0925732003236652e-06
240 -1.0609399300400184e-06
241 -1.1214141552136085e-06
242 -1.0789659667122107e-06
243 -1.1179411354366639e-06
244 -1.068891228006322e-06
245 -1.1153690684867907e-06
246 -1.1100125457801966e-06
247 -1.1131150128783035e-06
248 -1.061817249240804e-06
249 -1.118029238299771e-06
250 -1.1079489199623882e-06
251 -1.098230818606289e-06
252 -1.1105120829283561e-06
253 -1.023282706772547e-06
254 -1.0729828642991107e-06
255 -1.1183552569938429e-06
256 -1.0570348616555914e-06
257 -1.1074692735991509e-06
258 -1.1002981818377911e-06
259 -1.1033877546446373e-06
260 -1.1169454422951018e-06
261 -1.1060250067400766e-06
262 -1.1206489845825729e-06
263 -1.0929969773349385e-06
264 -1.067421179364637e-06
265 -1.1318114944849358e-06
266 -1.1191030096551931e-06
267 -1.0649104083775796e-06
268 -1.1198685478792395e-06
269 -1.0539606097086866e-06
270 -1.0354875151636711e-06
271 -1.0700695576467399e-06
272 -1.0735680843765464e-06
273 -1.1242840992786956e-06
274 -1.0615277842961957e-06
275 -1.0814476971937828e-06
276 -1.041941920746952e-06
277 -1.0826232761023453e-06
278 -1.0565632151486243e-06
279 -1.090631395353018e-06
280 -1.117239145551864e-06
281 -1.1047101287087939e-06
282 -1.1093104928485545e-06
283 -1.0891934298857215e-06
284 -1.1416757611832897e-06
285 -1.0768998217203317e-06
286 -1.0678121093875194e-06
287 -1.1012257124579105e-06
288 -1.0920000236128782e-06
289 -1.0214611325618824e-06
290 -1.1366759259843023e-06
291 -1.0939214942996547e-06
292 -1.1043601843832843e-06
293 -1.044538170224058e-06
294 -1.0521876635567466e-06
295 -1.026688000611273e-06
296 -1.1530679490275933e-06
297 -1.0275678985447467e-06
298 -1.0571245844304158e-06
299 -1.0232262862756561e-06
