0 7.763624831959744e-08
1 7.757495115839355e-08
2 8.007348962024515e-08
3 6.755737383024042e-08
4 7.037336645387135e-08
5 7.917463410561874e-08
6 8.124095547640853e-08
7 8.238091076292904e-08
8 6.992585939235893e-08
9 7.892730396912923e-08
10 8.156076828611556e-08
11 7.527382594894078e-08
12 7.880701213977342e-08
13 7.380320403525709e-08
14 7.968725436230523e-08
15 8.133451219281085e-08
16 6.74827890506829e-08
17 7.599035983623983e-08
18 7.352686690926287e-08
19 7.368792283450169e-08
20 7.592768090697936e-08
21 7.328796236850167e-08
22 7.773041070706971e-08
23 7.523843620115826e-08
24 8.453712242560031e-08
25 7.200666143428844e-08
26 8.162717737559905e-08
27 7.154921328390385e-08
28 7.427072017968009e-08
29 7.31757161235612e-08
30 8.5140547337116e-08
31 8.336596195007785e-08
32 8.08992334844346e-08
33 7.108894170637661e-08
34 8.126450955380348e-08
35 7.7986540861886e-08
36 8.382714096786775e-08
37 7.967177841268582e-08
38 7.95762103916289e-08
39 7.367658773309769e-08
40 7.05139097405194e-08
41 7.931793970505286e-08
42 7.992169662973112e-08
43 7.003057984486943e-08
44 7.606226643661725e-08
45 7.89212402805719e-08
46 7.381417903317554e-08
47 8.08979287126099e-08
48 6.727366762124886e-08
49 7.92423156572729e-08
50 6.819803492949617e-08
51 7.79560506258207e-08
52 7.560496708896111e-08
53 7.897637433799039e-08
54 8.260429378649739e-08
55 7.291284182005831e-08
56 7.260700856949348e-08
57 8.27726395482749e-08
58 8.215355453797844e-08
59 7.791595688348887e-08
60 7.535206457907681e-08
61 6.977304277447185e-08
62 7.306035100976152e-08
63 7.136972757114005e-08
64 7.518552527957091e-08
65 7.757481466425338e-08
66 6.620802720004556e-08
67 7.508686337873855e-08
68 8.257683462915481e-08
69 8.789083596870493e-08
70 7.953213777338322e-08
71 7.752621142534338e-08
72 7.36695841741259e-08
73 7.163533807778314e-08
74 8.2111702356974e-08
75 7.461940670538297e-08
76 8.04450642053345e-08
77 8.166243649276522e-08
78 7.198740930929802e-08
79 7.18258636726472e-08
80 7.103775530311106e-08
81 7.129528378025656e-08
82 7.455117652399093e-08
83 7.321183229104852e-08
84 7.204723565924053e-08
85 7.597638360960925e-08
86 7.7569802420819e-08
87 7.8390055169047e-08
88 7.354678171057859e-08
89 7.126177001464855e-08
90 7.736626572486513e-08
91 7.44145922459565e-08
92 7.874543064778649e-08
93 8.049782765368576e-08
94 7.123469260176189e-08
95 8.03248569211382e-08
96 6.775820630581829e-08
97 7.440362713834547e-08
98 7.54057303908202e-08
99 7.449128359381345e-08
100 7.73489768026481e-08
101 7.978285070161284e-08
102 7.592614906240663e-08
103 7.43238618999981e-08
104 8.011861984843696e-08
105 7.460146520541871e-08
106 7.785360367804804e-08
107 7.635989915291455e-08
108 7.834414970898008e-08
109 7.762488080200683e-08
110 7.946179673915792e-08
111 6.882025375804861e-08
112 7.867832055346609e-08
113 7.981274972147464e-08
114 7.334308345839016e-08
115 7.491536161231249e-08
116 7.771574479468314e-08
117 7.840203606427555e-08
118 6.733369043039109e-08
119 7.66733662922737e-08
120 7.374823649218234e-08
121 8.22376365373359e-08
122 7.042573330308387e-08
123 7.658854051604508e-08
124 8.445401502855112e-08
125 7.448041686268617e-08
126 8.185636829607849e-08
127 7.626722049373565e-08
128 7.16503568262421e-08
129 6.871078580866823e-08
130 7.050038921062101e-08
131 8.177966877909755e-08
132 7.117864144872865e-08
133 8.031677057082928e-08
134 7.806701697816345e-08
135 7.241738722520046e-08
136 8.079051217322e-08
137 7.940842250830656e-08
138 7.632757185693827e-08
139 8.638190435880109e-08
140 6.173258529878914e-08
141 7.118641670898553e-08
142 6.933918275275766e-08
143 7.665671505484392e-08
144 7.615995072390103e-08
145 7.017931931671421e-08
146 7.377681497421948e-08
147 7.606075701894503e-08
148 7.90204259347421e-08
149 7.978757688372826e-08
150 7.8415388542967e-08
151 8.126316874301921e-08
152 7.498168666816486e-08
153 7.653186109236967e-08
154 7.177708919431068e-08
155 7.281089814149637e-08
156 7.478854118857857e-08
157 7.584743336411514e-08
158 7.277727564112514e-08
159 6.98522968887742e-08
160 7.620621681985209e-08
161 7.323209236469528e-08
162 7.316450918935875e-08
163 7.870700970376052e-08
164 7.459552211285579e-08
165 7.988515678924972e-08
166 7.242945887211178e-08
167 8.003443640924309e-08
168 7.395885801538512e-08
169 6.939082179580743e-08
170 8.588221431065134e-08
171 7.788767722063077e-08
172 7.694272204959216e-08
173 6.78119674255153e-08
174 7.558314863911498e-08
175 6.79250187620021e-08
176 7.523549941872169e-08
177 7.36042551900595e-08
178 6.709223343920394e-08
179 7.452607098012004e-08
180 8.414587344224118e-08
181 7.437422137270562e-08
182 7.60425211482455e-08
183 7.80530870341283e-08
184 7.10150997786707e-08
185 7.548785452630709e-08
186 6.627292134504666e-08
187 7.765043128752315e-08
188 8.158504423547673e-08
189 6.800259554041151e-08
190 7.795016822697855e-08
191 6.90167049389263e-08
192 7.011852832512721e-08
193 6.826491993326442e-08
194 6.877748038467567e-08
195 7.332388562673266e-08
196 7.672997130226097e-08
197 6.992946112447724e-08
198 8.38214988395375e-08
199 7.339928450429317e-08
200 7.416922511254105e-08
201 7.188715072929661e-08
202 7.302590458431425e-08
203 8.006185718752743e-08
204 6.986417609800016e-08
205 8.104384845623978e-08
206 7.51870535388487e-08
207 7.598613681552015e-08
208 7.272711679260164e-08
209 7.059027678006388e-08
210 7.007533828242788e-08
211 7.646925975471159e-08
212 7.301644691050839e-08
213 8.20671344474205e-08
214 7.83849781745809e-08
215 8.195300315018064e-08
216 7.38689145913005e-08
217 7.533221291368825e-08
218 6.970773151908026e-08
219 7.397032392893697e-08
220 8.448721014557529e-08
221 8.171285834171705e-08
222 7.410019343072841e-08
223 7.898646131294283e-08
224 7.053142319045142e-08
225 7.588274138671454e-08
226 7.483369172214483e-08
227 6.800698507381733e-08
228 7.270702037043576e-08
229 7.450419345134168e-08
230 8.00049662982657e-08
231 6.96016911420504e-08
232 7.249127733867367e-08
233 7.380116849697398e-08
234 7.465384335128717e-08
235 7.676336420271807e-08
236 7.915883839340717e-08
237 8.064110850755181e-08
238 7.426872813933762e-08
239 7.834222242487371e-08
240 7.480876440178107e-08
241 7.28473338665642e-08
242 6.818194447788514e-08
243 7.60112343218494e-08
244 7.15793043104048e-08
245 7.445574003206976e-08
246 6.957160569652712e-08
247 7.852818143395387e-08
248 6.9374383280687e-08
249 7.675610571828631e-08
250 6.554412883820045e-08
251 7.981787536052966e-08
252 7.049737224872907e-08
253 7.08929737758133e-08
254 7.121284641359323e-08
255 6.919110077429068e-08
256 7.204858079519023e-08
257 8.027545100213352e-08
258 6.703341438818854e-08
259 7.954386560676735e-08
260 7.573178580064923e-08
261 7.643175944042453e-08
262 8.572564891690895e-08
263 6.893654144282704e-08
264 8.144833875346242e-08
265 7.354648502860733e-08
266 6.888959214570448e-08
267 7.949148748948992e-08
268 8.26593717897269e-08
269 6.729974764991335e-08
270 6.9744430706262e-08
271 7.378383077343923e-08
272 7.354107755150629e-08
273 7.666443551801265e-08
274 6.875052667278362e-08
275 7.23065374133716e-08
276 7.060049542256134e-08
277 6.929119416389878e-08
278 7.697629531410036e-08
279 7.955694026145367e-08
280 7.844538678217824e-08
281 7.593451916199628e-08
282 7.483401887641825e-08
283 7.228770882106095e-08
284 8.39328171014763e-08
285 7.554767230134572e-08
286 7.68417842126912e-08
287 7.036441713814309e-08
288 7.787836322221946e-08
289 7.040622484080986e-08
290 7.440637571123156e-08
291 7.235657858365231e-08
292 6.751652762480709e-08
293 6.681347698987057e-08
294 7.89706454893571e-08
295 7.494889522716297e-08
296 8.359007305555634e-08
297 7.061950281441107e-08
298 6.930966236599792e-08
299 7.42779763783216e-08
