0 7.858274114866673e-06
1 7.807399414790313e-06
2 7.84337136652721e-06
3 7.970287289119723e-06
4 7.857077306000424e-06
5 7.819036632548082e-06
6 7.797882522187243e-06
7 7.815759126305518e-06
8 7.855821092828056e-06
9 7.837230714506817e-06
10 7.953497650526282e-06
11 7.935384373191619e-06
12 7.880700033383377e-06
13 7.80553402323227e-06
14 7.946939334259752e-06
15 7.812454122121249e-06
16 7.88410992794326e-06
17 7.821908568255996e-06
18 7.945195939058374e-06
19 7.88148776227803e-06
20 7.841576048172304e-06
21 7.774746099645882e-06
22 7.931527340962534e-06
23 7.919271110018607e-06
24 7.842786001753506e-06
25 7.893138367230893e-06
26 7.799520189851729e-06
27 7.918300888698593e-06
28 7.858481535619178e-06
29 7.875471131383643e-06
30 7.826101817541846e-06
31 7.798620302293443e-06
32 7.813612249793054e-06
33 7.86287246963262e-06
34 7.875669096999745e-06
35 7.861868697105159e-06
36 7.956778243675676e-06
37 7.882185512596343e-06
38 7.87144280050645e-06
39 7.858717848747064e-06
40 7.92217845657651e-06
41 7.840832959690366e-06
42 7.94569218725522e-06
43 7.809193780002836e-06
44 7.824183432215316e-06
45 7.77591281092073e-06
46 7.970768670234651e-06
47 7.910748054185767e-06
48 7.808374714039105e-06
49 7.818848223328534e-06
50 7.9255252673584e-06
51 7.792856493276378e-06
52 7.876330034955704e-06
53 7.823456370249897e-06
54 7.788902846572224e-06
55 7.844750683650786e-06
56 7.978376393530935e-06
57 7.805870346287718e-06
58 7.820693618549817e-06
59 7.853916835642243e-06
60 7.838403722687356e-06
61 7.930574994457757e-06
62 7.878962769739286e-06
63 7.853520336844252e-06
64 7.854210637341099e-06
65 7.80433193130055e-06
66 7.919416992568566e-06
67 7.900450035463613e-06
68 7.811083853146583e-06
69 7.795486561784668e-06
70 7.861982234244604e-06
71 8.026497080953426e-06
72 7.922527559138983e-06
73 7.790812658259559e-06
74 7.852278835631603e-06
75 7.91806037710904e-06
76 7.869720583572724e-06
77 7.846599586779067e-06
78 7.900797919394395e-06
79 7.877508443575992e-06
80 7.865588280545762e-06
81 7.905335218143333e-06
82 7.881325582004456e-06
83 7.836425609803586e-06
84 7.90146704838363e-06
85 7.914340493589615e-06
86 7.858540590498538e-06
87 7.808940688626951e-06
88 7.965109489746861e-06
89 7.901859386723643e-06
90 7.859902385733032e-06
91 7.871756732991107e-06
92 7.856079458996529e-06
93 7.818985586947278e-06
94 7.928119235505247e-06
95 7.909754666958553e-06
96 7.9948179650271e-06
97 7.824496224453306e-06
98 7.955200481548318e-06
99 7.831488030676188e-06
100 7.830822044135336e-06
101 7.875022471906816e-06
102 7.922844848000493e-06
103 7.913163621723257e-06
104 7.878413839883586e-06
105 7.776026895227546e-06
106 7.870278832810864e-06
107 7.813863675174547e-06
108 7.808852362555544e-06
109 7.919307402531303e-06
110 7.90024340158556e-06
111 7.81850657021556e-06
112 7.826263690141007e-06
113 7.839291518908785e-06
114 7.706901152784886e-06
115 7.839096200852659e-06
116 7.854429663563947e-06
117 7.824571464654193e-06
118 7.890177372642845e-06
119 7.913505505241597e-06
120 7.891025267176285e-06
121 7.876423837784671e-06
122 7.861069039422435e-06
123 7.903735815695267e-06
124 7.851123477283834e-06
125 7.951311015002098e-06
126 7.878901101383814e-06
127 7.83526395459161e-06
128 7.887543114171493e-06
129 7.942912084438723e-06
130 7.903869339979863e-06
131 7.878027208568306e-06
132 7.848157142241992e-06
133 7.964225771012022e-06
134 7.919219581476504e-06
135 7.936842949085675e-06
136 7.884877502277302e-06
137 7.917868129488724e-06
138 7.92877169672751e-06
139 7.83010601249249e-06
140 7.853090002806344e-06
141 7.842421672590305e-06
142 7.90899503754906e-06
143 7.83509056515742e-06
144 7.968088654023374e-06
145 7.984963512306332e-06
146 7.944985224180088e-06
147 7.833178105041235e-06
148 7.866047998653216e-06
149 7.968963559963624e-06
150 7.923760544998917e-06
151 7.942751709440684e-06
152 7.965990097567654e-06
153 8.01997519484267e-06
154 7.873050851124378e-06
155 7.939153539987647e-06
156 7.807523693417041e-06
157 7.841519537521699e-06
158 7.89690663421196e-06
159 7.864764152139766e-06
160 7.809135371274067e-06
161 7.93157730875086e-06
162 7.86521498818033e-06
163 7.83680607112727e-06
164 7.944254665904596e-06
165 7.855015182708274e-06
166 7.883348662040542e-06
167 7.962556936901874e-06
168 7.940461060152092e-06
169 7.942044612214035e-06
170 7.884191470921472e-06
171 7.830294146463391e-06
172 7.90759038768792e-06
173 7.87419635258444e-06
174 7.843057805485253e-06
175 7.840221673279702e-06
176 7.989021193421176e-06
177 7.896843571388346e-06
178 7.91332587197431e-06
179 7.793249286847565e-06
180 7.902420059816659e-06
181 7.952326018507539e-06
182 7.860475170477385e-06
183 7.923844645354185e-06
184 7.936816199833023e-06
185 7.876913407472993e-06
186 7.907901424637324e-06
187 7.884048064796043e-06
188 7.812389220359524e-06
189 7.948343472921252e-06
190 7.855043707513112e-06
191 7.80350681854436e-06
192 7.927488604431353e-06
193 7.850922599269594e-06
194 7.86445706059437e-06
195 7.954781716162876e-06
196 7.891705251307458e-06
197 7.88340898137186e-06
198 7.933499799069605e-06
199 7.894893219173846e-06
200 7.851755555748813e-06
201 7.87066257100803e-06
202 7.84450368644558e-06
203 7.84444586952813e-06
204 7.863239195740188e-06
205 7.800988632372763e-06
206 7.797009179395374e-06
207 7.815240944864992e-06
208 7.8460030444375e-06
209 7.939749523082415e-06
210 7.860513724759416e-06
211 7.819628389249712e-06
212 7.89524344784695e-06
213 7.818178304523426e-06
214 7.808687186057273e-06
215 7.987429359013409e-06
216 7.975728426943034e-06
217 7.890316862514187e-06
218 7.950302090099335e-06
219 7.888955074172936e-06
220 7.861507875397028e-06
221 7.78848273883857e-06
222 7.76415906685396e-06
223 7.879949065992785e-06
224 7.883629251479316e-06
225 7.793732279473231e-06
226 7.879831502080557e-06
227 7.863791391588872e-06
228 7.856751785230147e-06
229 7.847930234903631e-06
230 7.828564964093212e-06
231 7.749043143749344e-06
232 7.90208781886492e-06
233 7.819146698830603e-06
234 7.935897719914384e-06
235 7.837263856792457e-06
236 7.885479278495782e-06
237 7.858229358512546e-06
238 7.925031722444627e-06
239 7.818437923425745e-06
240 7.965012540794672e-06
241 7.937857629015852e-06
242 7.836690325651007e-06
243 7.901285571868118e-06
244 7.905551040561105e-06
245 7.89703499039727e-06
246 7.902704737106967e-06
247 7.79619484286724e-06
248 7.98699772990246e-06
249 7.976658724841161e-06
250 7.920536566663141e-06
251 7.886118466453543e-06
252 7.84381985476033e-06
253 7.799400502177476e-06
254 7.781834095343608e-06
255 7.902482648331913e-06
256 7.834031301896645e-06
257 7.79629660194231e-06
258 7.820847474429567e-06
259 7.781160526489756e-06
260 7.823117635452065e-06
261 8.010643142985721e-06
262 7.853198965439001e-06
263 7.907720727167831e-06
264 7.896590634692561e-06
265 7.920276221503778e-06
266 7.900340429005268e-06
267 7.867042423204887e-06
268 7.899762209641887e-06
269 7.93109409638489e-06
270 7.941840792992835e-06
271 7.791682217515433e-06
272 7.847171582821393e-06
273 7.980888745499164e-06
274 8.022649058785388e-06
275 7.940912930754368e-06
276 7.898471272710028e-06
277 7.851154942647166e-06
278 7.660010318440427e-06
279 7.849598456687773e-06
280 7.8846392125888e-06
281 7.7847033954233e-06
282 7.853804245244446e-06
283 7.911843015996992e-06
284 7.944654468858055e-06
285 7.826011362858741e-06
286 7.879049111591464e-06
287 8.039705468961933e-06
288 7.83054991614598e-06
289 7.840091922119894e-06
290 7.992695708822607e-06
291 7.841566813917859e-06
292 7.905276079558318e-06
293 8.050781412173988e-06
294 7.972122534133337e-06
295 7.761487908682292e-06
296 7.884638303101695e-06
297 7.904980861036587e-06
298 7.888254306177463e-06
299 7.953972713274223e-06
