0 -3.679084172977524e-06
1 -3.6046964622998324e-06
2 -3.427532113906598e-06
3 -3.5745010919372497e-06
4 -3.6835612323957793e-06
5 -3.514549820745755e-06
6 -3.64527127857323e-06
7 -3.6859956608772736e-06
8 -3.6900324829468e-06
9 -3.67756204112054e-06
10 -3.6559053590851582e-06
11 -3.5066986393076733e-06
12 -3.6309039568551024e-06
13 -3.6051010382608986e-06
14 -3.5887593649846926e-06
15 -3.7282210995933755e-06
16 -3.5766773025727497e-06
17 -3.529806419391177e-06
18 -3.548665926696399e-06
19 -3.5620206092324725e-06
20 -3.5953349933513885e-06
21 -3.5490000263580384e-06
22 -3.6920163320367027e-06
23 -3.5199344088806486e-06
24 -3.578724160189901e-06
25 -3.543971222536774e-06
26 -3.633110858321863e-06
27 -3.567907232763124e-06
28 -3.598295357792967e-06
29 -3.6452210457106046e-06
30 -3.822806172467757e-06
31 -3.7184456802710823e-06
32 -3.642601730261508e-06
33 -3.503765006951587e-06
34 -3.6077612284040563e-06
35 -3.772189402746724e-06
36 -3.5574281359928697e-06
37 -3.8109259691620906e-06
38 -3.5387514595010154e-06
39 -3.5492541011859727e-06
40 -3.45818255068357e-06
41 -3.605474024661921e-06
42 -3.7365475551070454e-06
43 -3.635318748238061e-06
44 -3.699145091890294e-06
45 -3.7861681170257656e-06
46 -3.384995280878619e-06
47 -3.6470001219419945e-06
48 -3.54680090785107e-06
49 -3.53643795517919e-06
50 -3.593118604954844e-06
51 -3.740032829441124e-06
52 -3.5940702423378246e-06
53 -3.7773559631630416e-06
54 -3.729426091030142e-06
55 -3.5310492791563927e-06
56 -3.449880217035493e-06
57 -3.734670383071946e-06
58 -3.6856850201504805e-06
59 -3.652011517214346e-06
60 -3.6778072120360485e-06
61 -3.6659324898460355e-06
62 -3.6521535439555553e-06
63 -3.5665770031326263e-06
64 -3.6539011146681204e-06
65 -3.646243499063023e-06
66 -3.623274539553619e-06
67 -3.6662327212738925e-06
68 -3.6703293451423027e-06
69 -3.5920210858438005e-06
70 -3.6763360360685416e-06
71 -3.512894812479125e-06
72 -3.668538067687465e-06
73 -3.5952699128787165e-06
74 -3.6569484143539274e-06
75 -3.500448896916763e-06
76 -3.7140497975231136e-06
77 -3.5941253008337298e-06
78 -3.6086913376373263e-06
79 -3.5623769316227965e-06
80 -3.5226281545537946e-06
81 -3.5967488070631657e-06
82 -3.679371546717093e-06
83 -3.561364243605373e-06
84 -3.7329718086913287e-06
85 -3.5441081422934124e-06
86 -3.647880166689549e-06
87 -3.6205552896503125e-06
88 -3.5842380396049373e-06
89 -3.6068312610907974e-06
90 -3.6671246514389924e-06
91 -3.6600791190485097e-06
92 -3.5847679528932832e-06
93 -3.578698015660259e-06
94 -3.6650867205231525e-06
95 -3.4799794855044e-06
96 -3.635079886393961e-06
97 -3.6728809751511464e-06
98 -3.485258175917344e-06
99 -3.760227782012691e-06
100 -3.6525222284494293e-06
101 -3.661528851195215e-06
102 -3.5775056492304846e-06
103 -3.664538872327081e-06
104 -3.7432103661658598e-06
105 -3.5180019483132047e-06
106 -3.568085038782393e-06
107 -3.7674424509123004e-06
108 -3.5614815577979127e-06
109 -3.6580657843036284e-06
110 -3.667094770397264e-06
111 -3.5081631446800513e-06
112 -3.571229062089649e-06
113 -3.541658110001988e-06
114 -3.5008092603252866e-06
115 -3.614704914100934e-06
116 -3.579911605135475e-06
117 -3.6170575470686278e-06
118 -3.5189683293044443e-06
119 -3.5469540391696284e-06
120 -3.5228435402851773e-06
121 -3.632560690870346e-06
122 -3.73197160435849e-06
123 -3.6023611374490003e-06
124 -3.6673431352806215e-06
125 -3.700672652142394e-06
126 -3.7336771685547034e-06
127 -3.7311288613569364e-06
128 -3.632780481185166e-06
129 -3.5521316124433647e-06
130 -3.6189384843563366e-06
131 -3.60188371130574e-06
132 -3.4891659364958413e-06
133 -3.7014989102299077e-06
134 -3.6765352742396825e-06
135 -3.5641941987646383e-06
136 -3.591971726971195e-06
137 -3.6013995076398724e-06
138 -3.722018971346126e-06
139 -3.579832040509462e-06
140 -3.593184438191506e-06
141 -3.7771326685396804e-06
142 -3.474432260611143e-06
143 -3.5918454757701435e-06
144 -3.4788566128890983e-06
145 -3.607514995968741e-06
146 -3.5777504457735215e-06
147 -3.66850576491212e-06
148 -3.778036047113583e-06
149 -3.691613341011148e-06
150 -3.611293433411315e-06
151 -3.559939288285926e-06
152 -3.6553113378384647e-06
153 -3.690326011560138e-06
154 -3.5744373645215902e-06
155 -3.5955891840241198e-06
156 -3.7282084490378626e-06
157 -3.7579257529757496e-06
158 -3.701794600609134e-06
159 -3.6196467567386778e-06
160 -3.8003321721937237e-06
161 -3.6724186761376714e-06
162 -3.6731007861801005e-06
163 -3.5745807347521884e-06
164 -3.4574348019558e-06
165 -3.5915616724625295e-06
166 -3.679003315567206e-06
167 -3.5557436239298906e-06
168 -3.6923874957468426e-06
169 -3.6011626329404318e-06
170 -3.544183020518062e-06
171 -3.586855727172319e-06
172 -3.5662517166391967e-06
173 -3.6757219667902674e-06
174 -3.612931419862942e-06
175 -3.6339546091912895e-06
176 -3.601855250242433e-06
177 -3.642312576984166e-06
178 -3.6751504526867885e-06
179 -3.620684223561594e-06
180 -3.697184080998914e-06
181 -3.553097654656027e-06
182 -3.540504871627973e-06
183 -3.640759235314074e-06
184 -3.599809372413827e-06
185 -3.5049642719168835e-06
186 -3.6666424434565458e-06
187 -3.6295108157885827e-06
188 -3.653000624522233e-06
189 -3.7250047043922313e-06
190 -3.6639851895651323e-06
191 -3.598371839528241e-06
192 -3.571105536379559e-06
193 -3.7152469447308358e-06
194 -3.621161267101723e-06
195 -3.4746013241019123e-06
196 -3.6696903297540653e-06
197 -3.521520065860607e-06
198 -3.595559299845035e-06
199 -3.6823656804972224e-06
200 -3.53844394060811e-06
201 -3.5440121269729436e-06
202 -3.4481560163314563e-06
203 -3.734609010044169e-06
204 -3.657720547186725e-06
205 -3.733617611376665e-06
206 -3.6938155037142577e-06
207 -3.7106010425422064e-06
208 -3.5660484889390567e-06
209 -3.620818139846443e-06
210 -3.605073607400906e-06
211 -3.6337677121249344e-06
212 -3.587662757511275e-06
213 -3.7745369028224e-06
214 -3.6664074338645326e-06
215 -3.702215304452944e-06
216 -3.5011225184875183e-06
217 -3.63810237753339e-06
218 -3.6532367850728185e-06
219 -3.6067483523184223e-06
220 -3.6430217305879615e-06
221 -3.6985301689820098e-06
222 -3.568625016871861e-06
223 -3.5639432004524167e-06
224 -3.521495084487383e-06
225 -3.7028238721892692e-06
226 -3.5853741945085812e-06
227 -3.5207738472820018e-06
228 -3.6681390074355035e-06
229 -3.537585409185003e-06
230 -3.6695887628992022e-06
231 -3.602608605758827e-06
232 -3.6447295767376972e-06
233 -3.6296700046038525e-06
234 -3.597708002790395e-06
235 -3.5676287916426493e-06
236 -3.6394558201955438e-06
237 -3.579100174364323e-06
238 -3.6248534070252084e-06
239 -3.5889389583629343e-06
240 -3.569599522192601e-06
241 -3.711964166444583e-06
242 -3.5993850465799876e-06
243 -3.701738477973453e-06
244 -3.5081461635455152e-06
245 -3.6079933217281004e-06
246 -3.6781596273058305e-06
247 -3.7222422888897037e-06
248 -3.4332879890733024e-06
249 -3.6317215616134696e-06
250 -3.5897836211428687e-06
251 -3.714548391474713e-06
252 -3.713726362733972e-06
253 -3.5402617598683397e-06
254 -3.640663534584315e-06
255 -3.5363965092349437e-06
256 -3.6517199667480922e-06
257 -3.845514833984253e-06
258 -3.6725553723430404e-06
259 -3.66064269119885e-06
260 -3.611171167448589e-06
261 -3.555809412586181e-06
262 -3.6797187379301555e-06
263 -3.5012058565187074e-06
264 -3.612572127554371e-06
265 -3.571573819274371e-06
266 -3.6594233285067044e-06
267 -3.615681411028899e-06
268 -3.6915348160434086e-06
269 -3.6346369982145374e-06
270 -3.525993359037507e-06
271 -3.6921030907509605e-06
272 -3.5794481537999346e-06
273 -3.6393185320837706e-06
274 -3.5178926427075127e-06
275 -3.6026266054414446e-06
276 -3.5890053760326284e-06
277 -3.584732951689601e-06
278 -3.6721968349359573e-06
279 -3.6326435239000866e-06
280 -3.7202653813340587e-06
281 -3.6024229944744674e-06
282 -3.650478919303196e-06
283 -3.5633584841382754e-06
284 -3.5897920890251606e-06
285 -3.5960416808624074e-06
286 -3.6887604574712203e-06
287 -3.4506697758351415e-06
288 -3.641780267134443e-06
289 -3.529231900832337e-06
290 -3.602693027975286e-06
291 -3.7300901831960917e-06
292 -3.60790147345859e-06
293 -3.467950443741257e-06
294 -3.552244640125742e-06
295 -3.5480801051236695e-06
296 -3.838293934805315e-06
297 -3.651839280822862e-06
298 -3.5988355601552743e-06
299 -3.502482380974505e-06
