0 -4.599759279722965e-06
1 -4.526636169286899e-06
2 -4.380432852152453e-06
3 -4.533508262778027e-06
4 -4.5879384406630585e-06
5 -4.445401157995794e-06
6 -4.527934673409132e-06
7 -4.591215560828189e-06
8 -4.577481107454961e-06
9 -4.5719004028403725e-06
10 -4.6053261123777424e-06
11 -4.4551478387252525e-06
12 -4.583459846635379e-06
13 -4.509857736354708e-06
14 -4.533813810918846e-06
15 -4.611107244405391e-06
16 -4.487795124184084e-06
17 -4.436106826690361e-06
18 -4.519339756862858e-06
19 -4.490555914928189e-06
20 -4.517779139815579e-06
21 -4.422916565953618e-06
22 -4.630758031498357e-06
23 -4.4744244539679956e-06
24 -4.4832804933644785e-06
25 -4.4529111621236725e-06
26 -4.518657188398672e-06
27 -4.524032404790029e-06
28 -4.51091978474057e-06
29 -4.561735520549542e-06
30 -4.703436279883387e-06
31 -4.612304017117179e-06
32 -4.519393002061413e-06
33 -4.449207194613968e-06
34 -4.528329891256733e-06
35 -4.648170291879304e-06
36 -4.532142589782008e-06
37 -4.721488540709293e-06
38 -4.4748986989835936e-06
39 -4.484047011898013e-06
40 -4.443422819324933e-06
41 -4.527351926252729e-06
42 -4.668134710669972e-06
43 -4.507701855311044e-06
44 -4.599079644018332e-06
45 -4.617117500259631e-06
46 -4.353867594719242e-06
47 -4.603209984347828e-06
48 -4.4597301566117e-06
49 -4.428847987429446e-06
50 -4.533741343474555e-06
51 -4.615763971810607e-06
52 -4.5148812986715805e-06
53 -4.622780981882016e-06
54 -4.6325507789402255e-06
55 -4.442292301459821e-06
56 -4.473492957096938e-06
57 -4.616037700131281e-06
58 -4.572197164776594e-06
59 -4.562899979557641e-06
60 -4.5718777057254025e-06
61 -4.60268450925509e-06
62 -4.590582721588143e-06
63 -4.454176125238064e-06
64 -4.559559621809041e-06
65 -4.564871035727225e-06
66 -4.585165522677326e-06
67 -4.597892869952661e-06
68 -4.546375190027391e-06
69 -4.484508675473469e-06
70 -4.599238421314313e-06
71 -4.504703779374825e-06
72 -4.622161059552223e-06
73 -4.482866877308654e-06
74 -4.5632028006481816e-06
75 -4.443187965484469e-06
76 -4.63752005312863e-06
77 -4.5124632604252585e-06
78 -4.580793819831756e-06
79 -4.461816509141986e-06
80 -4.4428038400598425e-06
81 -4.546364232098026e-06
82 -4.588301881433232e-06
83 -4.487785352748586e-06
84 -4.6643804725268436e-06
85 -4.49772186380599e-06
86 -4.541187301019585e-06
87 -4.527900800549215e-06
88 -4.5551445615477355e-06
89 -4.551877327016634e-06
90 -4.5926521160158205e-06
91 -4.5735714748270855e-06
92 -4.511212442547767e-06
93 -4.4998102123223925e-06
94 -4.58499954051339e-06
95 -4.421415352739189e-06
96 -4.588948236456619e-06
97 -4.542479986369383e-06
98 -4.481049006227235e-06
99 -4.650351624727294e-06
100 -4.538424160142475e-06
101 -4.593045581857966e-06
102 -4.524355016428977e-06
103 -4.602536395846464e-06
104 -4.633878831269999e-06
105 -4.3850676783943e-06
106 -4.508169810769391e-06
107 -4.640862990665302e-06
108 -4.4776924361052265e-06
109 -4.571694691026605e-06
110 -4.603358364322557e-06
111 -4.417014348121856e-06
112 -4.4810274435996245e-06
113 -4.450402321644646e-06
114 -4.333229305363229e-06
115 -4.508083074000527e-06
116 -4.5056561180647e-06
117 -4.530322175130648e-06
118 -4.468293949947826e-06
119 -4.507565197252389e-06
120 -4.45660552929537e-06
121 -4.555865344617113e-06
122 -4.619654381255758e-06
123 -4.515064870611503e-06
124 -4.547308109469196e-06
125 -4.632206860314733e-06
126 -4.650944186462398e-06
127 -4.601124767882153e-06
128 -4.536029974551678e-06
129 -4.505248592069538e-06
130 -4.563552724466063e-06
131 -4.525978942088751e-06
132 -4.385723054732347e-06
133 -4.664583903897617e-06
134 -4.6107372520481655e-06
135 -4.515817437781257e-06
136 -4.517081338103297e-06
137 -4.545123916690466e-06
138 -4.663358874135802e-06
139 -4.501402664331428e-06
140 -4.495776083780867e-06
141 -4.656689905971892e-06
142 -4.467967746406978e-06
143 -4.531835168392399e-06
144 -4.4854929204486245e-06
145 -4.593406520409853e-06
146 -4.538617126220655e-06
147 -4.55647704081702e-06
148 -4.6642838464845575e-06
149 -4.609022400781507e-06
150 -4.564028733109806e-06
151 -4.546625596307309e-06
152 -4.606030918091515e-06
153 -4.661316542761686e-06
154 -4.5201151967687576e-06
155 -4.535318063059614e-06
156 -4.581405828653984e-06
157 -4.6646880029705345e-06
158 -4.614393016685989e-06
159 -4.572405676386513e-06
160 -4.657736463969157e-06
161 -4.622896448291211e-06
162 -4.573857197440464e-06
163 -4.479562764132795e-06
164 -4.476230364789255e-06
165 -4.526301541611848e-06
166 -4.5913672408988565e-06
167 -4.528039298673294e-06
168 -4.665489117412656e-06
169 -4.588709926722666e-06
170 -4.478872978847034e-06
171 -4.493139627939536e-06
172 -4.508489112535737e-06
173 -4.585691810548679e-06
174 -4.50757856758072e-06
175 -4.540877339905849e-06
176 -4.5708512833167295e-06
177 -4.5463124661498165e-06
178 -4.591768848059352e-06
179 -4.464917593305809e-06
180 -4.647498463550538e-06
181 -4.512882753313567e-06
182 -4.488023871605336e-06
183 -4.560920243947967e-06
184 -4.540023425463588e-06
185 -4.445161678330207e-06
186 -4.587162520731538e-06
187 -4.562018564881927e-06
188 -4.5451961494260944e-06
189 -4.690554019075873e-06
190 -4.568954662182934e-06
191 -4.511725173449008e-06
192 -4.5239055352819504e-06
193 -4.578003471865332e-06
194 -4.530886159885924e-06
195 -4.4507540389075595e-06
196 -4.599678620984578e-06
197 -4.45401549425787e-06
198 -4.562966173858963e-06
199 -4.647045177785791e-06
200 -4.455618474004216e-06
201 -4.4869015096329086e-06
202 -4.375832621411753e-06
203 -4.632610615326865e-06
204 -4.550782235034093e-06
205 -4.603193024703202e-06
206 -4.574819041975702e-06
207 -4.609592240092919e-06
208 -4.480453830405877e-06
209 -4.599225889892053e-06
210 -4.50414893489028e-06
211 -4.551455788029617e-06
212 -4.5334882251741905e-06
213 -4.625568684781892e-06
214 -4.5671825733788205e-06
215 -4.6790487214351e-06
216 -4.473871304546159e-06
217 -4.523476055168033e-06
218 -4.588355105604178e-06
219 -4.517985716015928e-06
220 -4.557509086677979e-06
221 -4.588840628854696e-06
222 -4.447824502965938e-06
223 -4.486676574520624e-06
224 -4.443318415166027e-06
225 -4.5860540668079865e-06
226 -4.5190819638616565e-06
227 -4.447271047316699e-06
228 -4.5606911546557815e-06
229 -4.4752118231314715e-06
230 -4.5316821037969065e-06
231 -4.478504773911024e-06
232 -4.590585957144093e-06
233 -4.5293256774549785e-06
234 -4.556481621263135e-06
235 -4.507950394196339e-06
236 -4.5668349109600465e-06
237 -4.4826222837283455e-06
238 -4.537875712438355e-06
239 -4.506153228097665e-06
240 -4.533877624311184e-06
241 -4.6382055969554755e-06
242 -4.521986496707473e-06
243 -4.634678196534265e-06
244 -4.4707737108481825e-06
245 -4.547894699002963e-06
246 -4.5855116279424685e-06
247 -4.602824439975778e-06
248 -4.4542060468826775e-06
249 -4.581400811244408e-06
250 -4.540014092889941e-06
251 -4.622892900671388e-06
252 -4.610799592683291e-06
253 -4.4440567445281955e-06
254 -4.5426126436977e-06
255 -4.509753970041277e-06
256 -4.542804710924623e-06
257 -4.675024035648359e-06
258 -4.561911387839504e-06
259 -4.530154146243824e-06
260 -4.517926910307988e-06
261 -4.560633927309741e-06
262 -4.587564964915422e-06
263 -4.456105800409615e-06
264 -4.524141348970984e-06
265 -4.488798396947747e-06
266 -4.602605669177685e-06
267 -4.54488376023244e-06
268 -4.6220668495280595e-06
269 -4.584365338042681e-06
270 -4.466469537848195e-06
271 -4.560490644414088e-06
272 -4.503794365347221e-06
273 -4.606924911007714e-06
274 -4.522928499704691e-06
275 -4.532011979668077e-06
276 -4.538976073213792e-06
277 -4.503275265095632e-06
278 -4.497609369177311e-06
279 -4.5328020434443695e-06
280 -4.611586899818422e-06
281 -4.4492573595840994e-06
282 -4.550882698204765e-06
283 -4.5563719408170086e-06
284 -4.554942820550742e-06
285 -4.510717898879857e-06
286 -4.6172408218339965e-06
287 -4.458727423276829e-06
288 -4.5388629465272195e-06
289 -4.431750563368599e-06
290 -4.5818404824660325e-06
291 -4.640166623710044e-06
292 -4.5511136452023365e-06
293 -4.504371502283265e-06
294 -4.51640922423628e-06
295 -4.417764887981355e-06
296 -4.735967752058974e-06
297 -4.561297221895927e-06
298 -4.515013267916887e-06
299 -4.470983218766249e-06
