0 1.8501588877726488e-06
1 1.8692265141800806e-06
2 1.9963016765100527e-06
3 1.978170213841284e-06
4 1.8357875596277155e-06
5 1.9313137728975454e-06
6 1.8176407798003104e-06
7 1.8159220090088915e-06
8 1.8209889066914184e-06
9 1.824960577552485e-06
10 1.9188335071664922e-06
11 1.988961088971552e-06
12 1.9105823109285793e-06
13 1.8574786239472268e-06
14 1.9512827476106786e-06
15 1.780619182872727e-06
16 1.9111083486743746e-06
17 1.9039593168583153e-06
18 1.9906587410517177e-06
19 1.9272528787780846e-06
20 1.8900727512757112e-06
21 1.8545117994031073e-06
22 1.8865768714101392e-06
23 1.9807145172766e-06
24 1.8852072400395492e-06
25 1.9284929095593673e-06
26 1.8269064625050995e-06
27 1.958848528905395e-06
28 1.8879026683773662e-06
29 1.8742700332922374e-06
30 1.732364616988371e-06
31 1.7827789026106447e-06
32 1.816378603223685e-06
33 1.9636491737189096e-06
34 1.8879951947935556e-06
35 1.769904148224719e-06
36 1.9854722056025764e-06
37 1.7810044758782692e-06
38 1.9356888100043552e-06
39 1.930373487390892e-06
40 2.039650351430656e-06
41 1.8805393627272651e-06
42 1.8582064633343416e-06
43 1.8196198569624877e-06
44 1.8141027549870657e-06
45 1.6984309118483799e-06
46 2.0803663471564733e-06
47 1.9139881733669177e-06
48 1.8972724921644186e-06
49 1.8843036722105898e-06
50 1.939340255574178e-06
51 1.7579278484965736e-06
52 1.9059980469245182e-06
53 1.7315652013735368e-06
54 1.7836301122879807e-06
55 1.9120426789348077e-06
56 2.0925129203563787e-06
57 1.7716535354329514e-06
58 1.8034286066585744e-06
59 1.8546539601018037e-06
60 1.8252414113113501e-06
61 1.8979824275906579e-06
62 1.883677585621974e-06
63 1.8823871986350413e-06
64 1.8523597249743533e-06
65 1.844473839544495e-06
66 1.9363730227228007e-06
67 1.8812303780786559e-06
68 1.800116602521852e-06
69 1.8492303197127882e-06
70 1.8548531994043968e-06
71 2.0511390557284446e-06
72 1.906139467259256e-06
73 1.8448744954278309e-06
74 1.8459061227564298e-06
75 1.9816109698421503e-06
76 1.8352650246859008e-06
77 1.8870309329588151e-06
78 1.940538585574434e-06
79 1.9032291164577339e-06
80 1.9386361791192593e-06
81 1.9348484487612044e-06
82 1.8512885609029716e-06
83 1.908801175227292e-06
84 1.8510614796577445e-06
85 1.965535669677168e-06
86 1.8444273763127255e-06
87 1.8490916429789344e-06
88 1.9807987677113836e-06
89 1.922950795848144e-06
90 1.8616385818320315e-06
91 1.8604730854173966e-06
92 1.9002254346640615e-06
93 1.8842285812116497e-06
94 1.8856858026241237e-06
95 1.986026544561949e-06
96 1.953884065711266e-06
97 1.8027043106774102e-06
98 2.04252588754263e-06
99 1.7810765283207885e-06
100 1.826590845865788e-06
101 1.8744602110875008e-06
102 1.9449913237318407e-06
103 1.8945699157983066e-06
104 1.8000832778967577e-06
105 1.8645745919937799e-06
106 1.92804986566706e-06
107 1.7527763405048472e-06
108 1.891074385818428e-06
109 1.8827218754993628e-06
110 1.88252374676136e-06
111 1.91705910777554e-06
112 1.8835699646403494e-06
113 1.903335907232924e-06
114 1.8239336752844175e-06
115 1.853975366836246e-06
116 1.9051416584531371e-06
117 1.862006855725869e-06
118 1.9680385120112947e-06
119 1.9680211870986924e-06
120 1.956257049944261e-06
121 1.8802363067574598e-06
122 1.8045384241065537e-06
123 1.9008046077480033e-06
124 1.8233884009208288e-06
125 1.8853667911476236e-06
126 1.8246192954775579e-06
127 1.7806430038377535e-06
128 1.8752277170957252e-06
129 1.975138122993474e-06
130 1.9207470555433185e-06
131 1.8981441544171825e-06
132 1.9303041253650805e-06
133 1.9076462409665753e-06
134 1.8876313485349906e-06
135 1.964669425678082e-06
136 1.908763518271308e-06
137 1.9254578108160486e-06
138 1.8681305012516645e-06
139 1.8863685015763886e-06
140 1.889629170311237e-06
141 1.7684043602410368e-06
142 2.032462138491503e-06
143 1.9019557325384795e-06
144 2.056205054753354e-06
145 1.9888178911159013e-06
146 1.9635697914069827e-06
147 1.8210905381878395e-06
148 1.7758539558660191e-06
149 1.8830689053557737e-06
150 1.9343935919019387e-06
151 1.9893339231801305e-06
152 1.9270852514982567e-06
153 1.9402032536658593e-06
154 1.9300484076139114e-06
155 1.9396293258354684e-06
156 1.758807832969917e-06
157 1.7942338266164149e-06
158 1.850899228244027e-06
159 1.9079786734252946e-06
160 1.7235767522754192e-06
161 1.9014106719033439e-06
162 1.8444479000584834e-06
163 1.8841315025205968e-06
164 2.0694728135380025e-06
165 1.9053207010445925e-06
166 1.8581880072081317e-06
167 1.987203762458227e-06
168 1.9146980029476048e-06
169 1.9697259650991664e-06
170 1.937404138469466e-06
171 1.874116831668329e-06
172 1.940870931692915e-06
173 1.8511099388061418e-06
174 1.8653169180676895e-06
175 1.859265426275982e-06
176 1.9757299581019337e-06
177 1.8706556825112177e-06
178 1.8712773167478493e-06
179 1.8014712792920376e-06
180 1.875161000851099e-06
181 1.983678188146176e-06
182 1.9407307939748817e-06
183 1.8951393788023644e-06
184 1.9413197386970524e-06
185 1.9584901375562504e-06
186 1.8787911562540315e-06
187 1.8956219519615776e-06
188 1.8227045778348271e-06
189 1.896466469878585e-06
190 1.8437758795025441e-06
191 1.8677734160226419e-06
192 1.9589247215030133e-06
193 1.7935693853142002e-06
194 1.8771321878844713e-06
195 2.0350250682487476e-06
196 1.8789711788911246e-06
197 1.9522993202795683e-06
198 1.953597647924787e-06
199 1.8959150218942625e-06
200 1.9208948181536964e-06
201 1.9435228866640305e-06
202 1.970885936505395e-06
203 1.7989299562498316e-06
204 1.8409825953171542e-06
205 1.760948578288964e-06
206 1.7897862943066317e-06
207 1.8016111538450195e-06
208 1.9043687103678911e-06
209 1.9576802256642907e-06
210 1.8788534183262071e-06
211 1.8544255210446845e-06
212 1.936208279352327e-06
213 1.7317856511166058e-06
214 1.8208812318575338e-06
215 1.9229354733191528e-06
216 2.0280543511149117e-06
217 1.8577558498605445e-06
218 1.9125169538250388e-06
219 1.8956771461636186e-06
220 1.8616410692782574e-06
221 1.7899506025745515e-06
222 1.8420511702879785e-06
223 1.9159576349690885e-06
224 1.9474519060506863e-06
225 1.7900652596095794e-06
226 1.9176215228436897e-06
227 1.941780436970182e-06
228 1.8394025464166903e-06
229 1.931835018093111e-06
230 1.798716397354293e-06
231 1.8130276894627458e-06
232 1.9017127930493239e-06
233 1.8468774941609538e-06
234 1.9514576085409807e-06
235 1.9085442545185623e-06
236 1.8882554386447434e-06
237 1.8870164288613565e-06
238 1.8995455796614076e-06
239 1.8790183782093631e-06
240 1.978421786536374e-06
241 1.8710016408622389e-06
242 1.8874484325049463e-06
243 1.864742233396873e-06
244 1.9884710279554084e-06
245 1.918916609033099e-06
246 1.8636027778146037e-06
247 1.7750634176459028e-06
248 2.1019425423858825e-06
249 1.9432029005266506e-06
250 1.947391148060008e-06
251 1.8315938855953203e-06
252 1.8112560414578573e-06
253 1.8839373785804936e-06
254 1.8265899096443292e-06
255 1.983845421058598e-06
256 1.8330601781290815e-06
257 1.6726065656612148e-06
258 1.8199198471900207e-06
259 1.7930173624000402e-06
260 1.8648958058337382e-06
261 2.0346376711286016e-06
262 1.8348799547938974e-06
263 1.9916572770368445e-06
264 1.8897928001467294e-06
265 1.933506823115538e-06
266 1.8966876049488782e-06
267 1.8885225162525509e-06
268 1.8673029406235778e-06
269 1.9218609867222005e-06
270 1.9772673177800352e-06
271 1.7794579948928764e-06
272 1.9003155152189755e-06
273 1.9536646085446286e-06
274 2.0610061279138017e-06
275 1.9316239803930644e-06
276 1.9316463751685448e-06
277 1.8979000759446662e-06
278 1.7057125045881605e-06
279 1.8553318657779647e-06
280 1.8192577861967125e-06
281 1.812091017436324e-06
282 1.8510329310003338e-06
283 1.983342369828264e-06
284 1.9621023556038002e-06
285 1.8763657921382266e-06
286 1.8541369516772203e-06
287 2.1062995435924777e-06
288 1.8415574120945775e-06
289 1.9067852407379e-06
290 1.98785016681467e-06
291 1.8088411618863902e-06
292 1.9248324297967717e-06
293 2.118462594209179e-06
294 1.9885332891419187e-06
295 1.8412278693513533e-06
296 1.7592207771646303e-06
297 1.8708674239240001e-06
298 1.9020824580192605e-06
299 2.009889975370228e-06
