0 -6.875402180895897e-06
1 -6.756528192669006e-06
2 -7.333890269547746e-06
3 -7.435161476860218e-06
4 -7.525907186923287e-06
5 -6.968586640722706e-06
6 -7.225420724876733e-06
7 -6.97719898290303e-06
8 -7.153668452990172e-06
9 -6.756614104219611e-06
10 -6.772618840579552e-06
11 -7.2053949194151744e-06
12 -6.698837678708083e-06
13 -7.166645351470548e-06
14 -6.961801822505432e-06
15 -6.977845242224472e-06
16 -6.953867891924396e-06
17 -6.7521755867672565e-06
18 -6.827862248087759e-06
19 -6.759904012335892e-06
20 -7.4287347983205435e-06
21 -7.784329008445398e-06
22 -7.301831204831128e-06
23 -7.020605497438933e-06
24 -6.995504280427527e-06
25 -7.395268685760098e-06
26 -7.664268031808884e-06
27 -6.9705735647620205e-06
28 -7.373912955614208e-06
29 -7.184724962640211e-06
30 -6.746587598340012e-06
31 -6.319553834607615e-06
32 -7.17332563625813e-06
33 -7.3600842611445915e-06
34 -7.479808750242435e-06
35 -6.700851557975099e-06
36 -6.952513037722077e-06
37 -6.8290789601407696e-06
38 -7.002639329413366e-06
39 -7.113024259204038e-06
40 -7.324330644266315e-06
41 -6.932426875127082e-06
42 -7.071184597327371e-06
43 -6.891983988141895e-06
44 -7.654427111421678e-06
45 -6.464467061512837e-06
46 -6.975311083096769e-06
47 -7.245529500871738e-06
48 -7.095592155994811e-06
49 -6.6909945637368465e-06
50 -7.050370674237237e-06
51 -7.129226878933853e-06
52 -6.996151951118675e-06
53 -7.234956766264599e-06
54 -7.066624539061578e-06
55 -7.701572836810924e-06
56 -6.977177649871579e-06
57 -7.0321632695016636e-06
58 -7.191820605319106e-06
59 -7.295442907568844e-06
60 -7.102781953780281e-06
61 -7.407327835598884e-06
62 -6.80641533763051e-06
63 -6.980610014961038e-06
64 -7.069938082530051e-06
65 -6.99549560386034e-06
66 -7.4323989370712304e-06
67 -6.49671740124457e-06
68 -7.014214698242902e-06
69 -7.691140822357396e-06
70 -7.566534376868322e-06
71 -7.570151930360036e-06
72 -7.06812509503877e-06
73 -7.113862289854017e-06
74 -7.27195808491093e-06
75 -7.127430563676107e-06
76 -7.028958902287448e-06
77 -6.775876644083132e-06
78 -7.730204429291392e-06
79 -6.766391098121655e-06
80 -7.184713010756849e-06
81 -6.771845681861435e-06
82 -7.5458487449253535e-06
83 -6.94355670586497e-06
84 -7.353070426737916e-06
85 -7.080973165690454e-06
86 -7.47052473642446e-06
87 -7.398891572756898e-06
88 -6.873749579652813e-06
89 -6.889029560258204e-06
90 -7.134239240453085e-06
91 -6.856491672249661e-06
92 -6.856834295047466e-06
93 -7.101721790259151e-06
94 -7.01800511455922e-06
95 -7.144201571563892e-06
96 -6.836585171672297e-06
97 -6.9682849412242555e-06
98 -7.092034679015744e-06
99 -6.911739067152586e-06
100 -6.893761335583391e-06
101 -6.924335504035497e-06
102 -7.411776165605863e-06
103 -7.631592167674664e-06
104 -6.856576624162169e-06
105 -7.185081935983817e-06
106 -6.778041301507279e-06
107 -7.065022506510641e-06
108 -7.70206024525636e-06
109 -7.072774636041826e-06
110 -6.5925374381367065e-06
111 -6.927820832771723e-06
112 -6.676678427834193e-06
113 -7.312832264357065e-06
114 -7.315919922665259e-06
115 -7.3330242057721565e-06
116 -7.255052937017505e-06
117 -7.5088212524012975e-06
118 -7.356719169338537e-06
119 -7.081232929879226e-06
120 -7.150186947273595e-06
121 -7.19485183669216e-06
122 -6.698754454737174e-06
123 -6.953960148354971e-06
124 -6.755380866336182e-06
125 -7.018698377456755e-06
126 -7.39791328582105e-06
127 -6.777136710596776e-06
128 -7.669580178184087e-06
129 -7.198539240823863e-06
130 -7.087121839114428e-06
131 -6.965536723146612e-06
132 -7.815471975027627e-06
133 -6.549683699632842e-06
134 -7.274935028693006e-06
135 -7.215023453587989e-06
136 -7.717329892805723e-06
137 -6.910275598528309e-06
138 -6.653024288206417e-06
139 -6.842853532241476e-06
140 -7.137141583430361e-06
141 -7.034603564919165e-06
142 -7.299885366385079e-06
143 -7.206257480859465e-06
144 -7.290998574156581e-06
145 -7.613215393079921e-06
146 -7.149492776738829e-06
147 -6.994689598504817e-06
148 -6.9896726153129495e-06
149 -6.924733451774013e-06
150 -7.038574658027777e-06
151 -7.272441622243943e-06
152 -7.206715396422216e-06
153 -7.304626120148035e-06
154 -6.996903608989288e-06
155 -6.955580925924722e-06
156 -6.9763433911222395e-06
157 -7.455764656770988e-06
158 -7.089405729570969e-06
159 -6.345719327747245e-06
160 -6.732899258534889e-06
161 -7.088345313233353e-06
162 -6.917773554065936e-06
163 -7.1203469641755805e-06
164 -6.699273770014139e-06
165 -6.876212409902372e-06
166 -7.223511375955465e-06
167 -7.59314409888873e-06
168 -7.1381640334527094e-06
169 -7.070591633620292e-06
170 -7.53824906028765e-06
171 -7.337783763778574e-06
172 -7.560800560927097e-06
173 -6.791111066386937e-06
174 -7.217751980776563e-06
175 -7.238575632266452e-06
176 -7.168772777271825e-06
177 -7.008888232307905e-06
178 -7.330578972746535e-06
179 -6.816476433650988e-06
180 -6.890461344274539e-06
181 -6.728555574858474e-06
182 -6.985253387206928e-06
183 -7.251682227185433e-06
184 -7.295221638562695e-06
185 -7.102210607189898e-06
186 -6.706604091073903e-06
187 -7.072190692198881e-06
188 -7.225386541126975e-06
189 -7.446411946836485e-06
190 -7.635995891915282e-06
191 -6.999911574267114e-06
192 -6.963251604346729e-06
193 -7.204789724745358e-06
194 -7.726433432215051e-06
195 -7.162858394803349e-06
196 -7.1690291333417295e-06
197 -7.021611761979511e-06
198 -7.392847849648133e-06
199 -6.688960284812908e-06
200 -7.19445723526832e-06
201 -7.199889235783024e-06
202 -6.744103453984826e-06
203 -7.5007511454598715e-06
204 -7.0343526303126545e-06
205 -6.845272978898227e-06
206 -7.166570792673079e-06
207 -7.640375544901608e-06
208 -7.543041562177174e-06
209 -7.0316739255284996e-06
210 -7.330500679575628e-06
211 -6.935114604705949e-06
212 -7.664670071164013e-06
213 -7.290087832614061e-06
214 -6.77879541783942e-06
215 -6.820689469967456e-06
216 -6.8278885523173615e-06
217 -6.92195988984351e-06
218 -7.325740485606289e-06
219 -6.970989440287173e-06
220 -6.886632620579874e-06
221 -7.009091823265219e-06
222 -7.304551274566511e-06
223 -7.259821566635298e-06
224 -7.037139160738396e-06
225 -6.8775835322082464e-06
226 -7.45982818089737e-06
227 -6.7426112629555565e-06
228 -6.784465833304965e-06
229 -7.118456623848901e-06
230 -7.533557289527913e-06
231 -7.187052809892005e-06
232 -6.86998140779666e-06
233 -6.859562643238021e-06
234 -7.610250056204223e-06
235 -7.072218670490492e-06
236 -7.6250395956058534e-06
237 -6.9178053056088246e-06
238 -7.205766164665306e-06
239 -7.720311354364665e-06
240 -7.049530885327321e-06
241 -7.634376616179224e-06
242 -6.614262914899213e-06
243 -7.456962157559689e-06
244 -7.211591484924445e-06
245 -7.132225355622721e-06
246 -7.3048316333858004e-06
247 -6.428033071808816e-06
248 -7.2862800379896245e-06
249 -7.249737192372112e-06
250 -6.763182604493876e-06
251 -7.302040758328439e-06
252 -7.386392995169988e-06
253 -7.422260726216694e-06
254 -7.789515939808002e-06
255 -7.1529331536364055e-06
256 -7.15519922740111e-06
257 -6.392125633793575e-06
258 -7.112655933030319e-06
259 -7.2894066615203505e-06
260 -7.84315176904907e-06
261 -7.344278273997216e-06
262 -6.938159166938155e-06
263 -7.401708523765606e-06
264 -6.625770833236503e-06
265 -6.9218399288538875e-06
266 -6.821797367081501e-06
267 -6.960676785698243e-06
268 -7.2806697713957916e-06
269 -7.539348892316894e-06
270 -7.096451296875587e-06
271 -6.3991199713548915e-06
272 -7.03011606544341e-06
273 -7.318198241729192e-06
274 -7.46717151528499e-06
275 -7.493026956296218e-06
276 -7.268067383517288e-06
277 -7.003850818282766e-06
278 -7.247331259005724e-06
279 -7.353766900764418e-06
280 -7.087572694805014e-06
281 -7.382500660096056e-06
282 -7.383722180969875e-06
283 -7.523418645932935e-06
284 -7.296432776686975e-06
285 -6.677995888494071e-06
286 -7.902783505636426e-06
287 -6.816396187798228e-06
288 -6.8813527826990604e-06
289 -7.149364336167961e-06
290 -6.3858031815469685e-06
291 -7.041792899545976e-06
292 -8.031558071850249e-06
293 -6.9281715317912924e-06
294 -6.6212947708823465e-06
295 -6.784467480243446e-06
296 -7.295410350670504e-06
297 -6.968370208845479e-06
298 -7.377074824384365e-06
299 -7.016914468786152e-06
