0 -1.828928023684905e-05
1 -1.757251466196167e-05
2 -1.7858303073685852e-05
3 -1.803675983054683e-05
4 -1.8304842699652758e-05
5 -1.7454714546014327e-05
6 -1.7211349410543473e-05
7 -1.7960558325047918e-05
8 -1.7500506608834065e-05
9 -1.7848491948649412e-05
10 -1.753556770004627e-05
11 -1.7149673041653295e-05
12 -1.6597514502230967e-05
13 -1.761948717493052e-05
14 -1.7370079174880297e-05
15 -1.7864918776198138e-05
16 -1.7222793231332956e-05
17 -1.789655123465619e-05
18 -1.7555562467637635e-05
19 -1.7493596228750565e-05
20 -1.8243352786723003e-05
21 -1.7988492157547048e-05
22 -1.7543229371602056e-05
23 -1.7958481535984664e-05
24 -1.797902676882739e-05
25 -1.780129918547204e-05
26 -1.770439460950747e-05
27 -1.7698793409202947e-05
28 -1.7888468059549895e-05
29 -1.76514462414238e-05
30 -1.687193700900035e-05
31 -1.740605801431897e-05
32 -1.7111412707653736e-05
33 -1.8042066002689494e-05
34 -1.8806235773199605e-05
35 -1.6975829239896807e-05
36 -1.8034046291090776e-05
37 -1.7609779284001736e-05
38 -1.786620496681456e-05
39 -1.797403827464208e-05
40 -1.7625040866737242e-05
41 -1.7098370242456544e-05
42 -1.7178691129139115e-05
43 -1.81853542628677e-05
44 -1.7856168525053795e-05
45 -1.7088466977235055e-05
46 -1.7906726758859156e-05
47 -1.7549189344657562e-05
48 -1.753757049593206e-05
49 -1.7756536642307263e-05
50 -1.806759187115721e-05
51 -1.7841716295472383e-05
52 -1.759994668397295e-05
53 -1.7802058640518355e-05
54 -1.7218541095995027e-05
55 -1.850658591484845e-05
56 -1.7400385314764497e-05
57 -1.746254103480834e-05
58 -1.8412332669355654e-05
59 -1.7699553987491932e-05
60 -1.780600351353704e-05
61 -1.7705244025101013e-05
62 -1.7055515904809397e-05
63 -1.7936761596864464e-05
64 -1.7323104753169534e-05
65 -1.7726299236516685e-05
66 -1.78276396012309e-05
67 -1.6925837756010296e-05
68 -1.7242427678145135e-05
69 -1.7826270369614397e-05
70 -1.768471680368189e-05
71 -1.7829053633182705e-05
72 -1.8360109178941733e-05
73 -1.7716193407106168e-05
74 -1.8140995277535256e-05
75 -1.8000559845046207e-05
76 -1.706847658640505e-05
77 -1.7658824350047638e-05
78 -1.891157867185653e-05
79 -1.7287303104529254e-05
80 -1.736147506341262e-05
81 -1.7966439167487604e-05
82 -1.7877065447345756e-05
83 -1.7080648684739248e-05
84 -1.751826329851566e-05
85 -1.6968978812157348e-05
86 -1.8009396399849915e-05
87 -1.770629940079645e-05
88 -1.7687720921611266e-05
89 -1.7642674530598072e-05
90 -1.802898809334615e-05
91 -1.7813243628858434e-05
92 -1.653163944259712e-05
93 -1.734081194570089e-05
94 -1.7749889495046347e-05
95 -1.8341161249987612e-05
96 -1.7354479411115878e-05
97 -1.7852561550655586e-05
98 -1.746183925659484e-05
99 -1.7826396388841278e-05
100 -1.7694600466191327e-05
101 -1.7860405925592657e-05
102 -1.7518679287392344e-05
103 -1.840725345063772e-05
104 -1.7581921305252384e-05
105 -1.735914018805068e-05
106 -1.73943700786622e-05
107 -1.790102343557207e-05
108 -1.833412020245864e-05
109 -1.7897076736353333e-05
110 -1.753182177801125e-05
111 -1.754533501124537e-05
112 -1.7177579984784888e-05
113 -1.7689163287155034e-05
114 -1.8169685616141692e-05
115 -1.731547725569784e-05
116 -1.828114217255446e-05
117 -1.9185959245443423e-05
118 -1.716738995562781e-05
119 -1.816677758226915e-05
120 -1.7706254787454494e-05
121 -1.7190769743788315e-05
122 -1.775531292430207e-05
123 -1.7504036482440526e-05
124 -1.6991071034806872e-05
125 -1.8217846866000257e-05
126 -1.811762290683334e-05
127 -1.6716891159726376e-05
128 -1.8042382285152628e-05
129 -1.7610436859742966e-05
130 -1.7124277957771255e-05
131 -1.714831635327198e-05
132 -1.843721689292454e-05
133 -1.7674991050112653e-05
134 -1.7786282435488753e-05
135 -1.8113252617253817e-05
136 -1.735687585305332e-05
137 -1.766174518109699e-05
138 -1.7358794050036683e-05
139 -1.747951279941643e-05
140 -1.741388250483516e-05
141 -1.7658512256910897e-05
142 -1.8021682872624812e-05
143 -1.7647211253487125e-05
144 -1.861734937394275e-05
145 -1.7427072886106877e-05
146 -1.7323187342021033e-05
147 -1.7724971498104146e-05
148 -1.7179289160058368e-05
149 -1.802282371776419e-05
150 -1.7818928712358703e-05
151 -1.822313645899217e-05
152 -1.8172365909846407e-05
153 -1.811219700457948e-05
154 -1.765832572134179e-05
155 -1.731272978198542e-05
156 -1.7466300513387438e-05
157 -1.76685665612858e-05
158 -1.747758834199075e-05
159 -1.7286047829865113e-05
160 -1.7313748320571604e-05
161 -1.7571389326372212e-05
162 -1.7227874810821757e-05
163 -1.7317313954945768e-05
164 -1.7081551069955077e-05
165 -1.7501953686214114e-05
166 -1.7592296801784444e-05
167 -1.807701016203766e-05
168 -1.8166107933251545e-05
169 -1.723912562334495e-05
170 -1.8841413478671713e-05
171 -1.785003335899826e-05
172 -1.819366912415289e-05
173 -1.6500797226332883e-05
174 -1.7811932961412928e-05
175 -1.7595648292295e-05
176 -1.774363796299539e-05
177 -1.7457892437742977e-05
178 -1.782133472797793e-05
179 -1.7286271125945476e-05
180 -1.792035233265148e-05
181 -1.7349815719598628e-05
182 -1.7605683020904004e-05
183 -1.7945685581878505e-05
184 -1.79141918854903e-05
185 -1.733878746160642e-05
186 -1.7520591309218012e-05
187 -1.7121691636664584e-05
188 -1.8324486770168203e-05
189 -1.7922906402854928e-05
190 -1.8449065519620968e-05
191 -1.877723340852495e-05
192 -1.7380525260040117e-05
193 -1.7893010334022544e-05
194 -1.845193367416304e-05
195 -1.7988528601555646e-05
196 -1.7596490940147356e-05
197 -1.710840891084469e-05
198 -1.7487297822272656e-05
199 -1.7376397813729862e-05
200 -1.804552425617539e-05
201 -1.7498475088791357e-05
202 -1.7796090304277796e-05
203 -1.7989042541104913e-05
204 -1.716192757173251e-05
205 -1.7585686085838524e-05
206 -1.7821319484506075e-05
207 -1.7938217142182717e-05
208 -1.7932341393391476e-05
209 -1.736738140135958e-05
210 -1.7817259583612075e-05
211 -1.805717292237724e-05
212 -1.8130394815278677e-05
213 -1.771402311689873e-05
214 -1.7030378026879237e-05
215 -1.7094918520063068e-05
216 -1.73038509876512e-05
217 -1.801044320215382e-05
218 -1.7742178416273804e-05
219 -1.7823486418743285e-05
220 -1.7387807138853778e-05
221 -1.7195432292878557e-05
222 -1.7893810441782528e-05
223 -1.7556853247168943e-05
224 -1.7724170145531238e-05
225 -1.745469465971216e-05
226 -1.7653576511858155e-05
227 -1.7746816726491568e-05
228 -1.772532962580215e-05
229 -1.804211766535968e-05
230 -1.795251039266709e-05
231 -1.8078315683119265e-05
232 -1.7741438338659646e-05
233 -1.7633279511178063e-05
234 -1.8150305116716378e-05
235 -1.740038767385859e-05
236 -1.8262807755165387e-05
237 -1.7911175243078283e-05
238 -1.810081649594348e-05
239 -1.8825064287363678e-05
240 -1.7299911073878634e-05
241 -1.7993751750986245e-05
242 -1.7327471305074888e-05
243 -1.75395596042263e-05
244 -1.775572562480198e-05
245 -1.7141082894972544e-05
246 -1.744681693327354e-05
247 -1.8020087857556933e-05
248 -1.7638258733700866e-05
249 -1.770118260652343e-05
250 -1.7181189258056493e-05
251 -1.8008921784408617e-05
252 -1.8105146970305294e-05
253 -1.7556748108055355e-05
254 -1.8591357247970585e-05
255 -1.7351216267594243e-05
256 -1.806098336245862e-05
257 -1.7769003496200242e-05
258 -1.7087004420345313e-05
259 -1.766431451098834e-05
260 -1.759829254538813e-05
261 -1.786217746158142e-05
262 -1.76616631800584e-05
263 -1.8498657222921188e-05
264 -1.7492862431795854e-05
265 -1.6552841153384264e-05
266 -1.77706914895876e-05
267 -1.7221094419822e-05
268 -1.762352898840388e-05
269 -1.798438090837488e-05
270 -1.8320194751848123e-05
271 -1.7001896677608146e-05
272 -1.747723702429057e-05
273 -1.8083748853622124e-05
274 -1.8258539160484224e-05
275 -1.8405852741103757e-05
276 -1.7955933563540583e-05
277 -1.791402725101663e-05
278 -1.7837423734861488e-05
279 -1.7393315686072587e-05
280 -1.7101679824717917e-05
281 -1.8139827829401336e-05
282 -1.8099924847610734e-05
283 -1.7793068423257373e-05
284 -1.825457274711885e-05
285 -1.7607874912608032e-05
286 -1.7521246453721086e-05
287 -1.7732127423371593e-05
288 -1.733475015820775e-05
289 -1.8003639094211746e-05
290 -1.7041461381754337e-05
291 -1.8119180594512073e-05
292 -1.8616768370746772e-05
293 -1.7229072920746397e-05
294 -1.7626061957284155e-05
295 -1.7369210792073415e-05
296 -1.7522992445339217e-05
297 -1.7759644995283932e-05
298 -1.816066931034815e-05
299 -1.7361155970023286e-05
