0 -3.9311881659355475e-07
1 -3.276825136012503e-07
2 2.881441842094482e-09
3 -3.060859118342921e-08
4 -6.726107642285619e-08
5 -2.723864776389542e-07
6 -6.625186050734118e-08
7 -3.2295617495899045e-07
8 -2.0591049120343654e-07
9 -4.188995731537199e-07
10 -3.078900850015146e-07
11 -9.67522635932888e-08
12 -3.088127025516524e-07
13 -1.9249402312537907e-07
14 -2.322593783297803e-07
15 -2.753591595422445e-07
16 -2.093384794238753e-07
17 -4.2583983155268294e-07
18 -4.2562733733652186e-07
19 -3.6773272353082846e-07
20 -4.497695186487002e-08
21 2.203163728900762e-07
22 -5.945107003780442e-08
23 -2.0316449461994587e-07
24 -3.3385300064989574e-07
25 -4.12393401732865e-08
26 2.9430318590265415e-07
27 -2.6185625964686675e-07
28 -4.6888347164716016e-08
29 -8.136157791573252e-08
30 -3.742268707923e-07
31 -8.139280495256007e-07
32 -8.71639626336024e-09
33 -1.1600869697664711e-08
34 -7.255177348870275e-08
35 -3.9247325119280376e-07
36 -2.5217808883235347e-07
37 -2.996190388703662e-07
38 -2.2919680627465938e-07
39 -1.4168605006376433e-07
40 -3.72320224277452e-08
41 -3.049051471133965e-07
42 -2.258388551749782e-07
43 -3.694673470495304e-07
44 1.7093544700471172e-07
45 -5.170275351183592e-07
46 -2.980373543267608e-07
47 -4.208433975990152e-08
48 -1.5950349989863034e-07
49 -5.296656558218931e-07
50 -2.2004268265713686e-07
51 -1.2828144758182544e-07
52 -2.1560602268386008e-07
53 -3.571261983159355e-08
54 -1.7802485676707276e-07
55 1.5694024312102736e-07
56 -2.3210430842640722e-07
57 -2.1702395517039314e-07
58 -1.7386876075140823e-07
59 -1.5579080436444852e-07
60 -1.4484905556640274e-07
61 -2.6503486214980223e-08
62 -3.0093694787762305e-07
63 -2.0978851493949293e-07
64 -2.1190412314239038e-07
65 -3.4209270556984743e-07
66 4.259334088343182e-09
67 -5.816567407666945e-07
68 -1.5029402601851778e-07
69 2.572300581836032e-07
70 8.141602407534418e-08
71 1.597060151273551e-07
72 -2.6635016628406925e-07
73 -2.1614047850355573e-07
74 -1.3078370095097483e-07
75 -1.1919012797691967e-07
76 -1.7068058552084953e-07
77 -3.1658205787589193e-07
78 2.4342736554780746e-08
79 -3.833216381865613e-07
80 -3.8157441047448305e-08
81 -4.987761301834742e-07
82 4.860317899870749e-09
83 -2.0327766083831056e-07
84 -2.975441750767006e-09
85 -2.3167394703957413e-07
86 -1.5358402277887634e-08
87 2.725489863681307e-08
88 -2.746991049838403e-07
89 -2.019071390034066e-07
90 -1.7754855803460062e-07
91 -3.4950822652517894e-07
92 -2.1241070083541081e-07
93 -1.9172412803472165e-07
94 -1.2190324956695389e-07
95 -2.495716882324543e-07
96 -2.691606990848566e-07
97 -2.6123316355212085e-07
98 -3.0403084022282454e-07
99 -3.0393814183660093e-07
100 -3.3330963549611515e-07
101 -3.0658639186905176e-07
102 5.563636918853165e-08
103 1.32001615863758e-07
104 -3.4969792480870444e-07
105 -1.7235828679581122e-07
106 -4.031688652219325e-07
107 -3.003244370256416e-07
108 2.2549350430166948e-07
109 -2.406371505560703e-07
110 -4.896571654418829e-07
111 -2.381365788423674e-07
112 -4.812277493622869e-07
113 -8.47487765795311e-11
114 -6.053536650581358e-08
115 -4.2919650216235406e-08
116 -8.333069334342067e-08
117 -2.989602745324228e-08
118 1.4746523431807088e-09
119 -2.111234510277548e-07
120 -1.6894012015033298e-07
121 -6.093403125767898e-08
122 -4.057141411008348e-07
123 -2.627781394066244e-07
124 -4.345819020283634e-07
125 -2.018186727576151e-07
126 -3.822429531966356e-08
127 -2.58702117484283e-07
128 1.9356567292797473e-07
129 -3.3660618049049637e-08
130 -1.4122140677840396e-07
131 -1.2988933935767575e-07
132 3.052072415067995e-07
133 -5.840317830857543e-07
134 6.5270410427857254e-09
135 -8.015419787580898e-08
136 2.8472087593320137e-07
137 -2.278490676869031e-07
138 -4.771083078399025e-07
139 -2.514127578210086e-07
140 -7.11942817842492e-08
141 -1.5836549895861012e-07
142 -9.419029097631457e-08
143 -9.486565940435179e-08
144 -6.974554142839869e-08
145 1.378697995964109e-07
146 -4.400703001410473e-08
147 -2.3448196808032018e-07
148 -2.578067967172607e-07
149 -4.061002861653578e-07
150 -1.5717316079016434e-07
151 -1.0606572579860389e-07
152 -1.6829759992910752e-07
153 -2.8962473748364826e-08
154 -2.2790758631722878e-07
155 -2.538548008301962e-07
156 -2.0601079598211006e-07
157 -6.63107976184542e-08
158 -1.3322485694018125e-07
159 -6.21383560208701e-07
160 -3.7094937568155773e-07
161 -2.264886903085163e-07
162 -3.2020602857660346e-07
163 -1.4211618998461047e-07
164 -3.679837326407538e-07
165 -3.2217404282819433e-07
166 -1.2484620646944682e-07
167 1.3807350192991047e-07
168 -1.880027461351406e-07
169 -1.9968703465463958e-07
170 1.2671358542808104e-08
171 -1.3239962178889202e-07
172 -1.8090747376670664e-09
173 -2.8335682864965685e-07
174 -1.0219717805724915e-07
175 -1.3169400024105784e-07
176 -2.0789666474636573e-07
177 -1.6160781166151847e-07
178 -2.958117711709496e-08
179 -3.054677771701078e-07
180 -2.477178576058446e-07
181 -3.620551814141176e-07
182 -2.6613336001815803e-07
183 -2.0962933300107845e-08
184 -1.0173359751751284e-07
185 -1.0541566732641675e-07
186 -3.989409316722955e-07
187 -1.6542389839733793e-07
188 -2.3969998751965356e-07
189 4.894086803214218e-08
190 1.2975044859874945e-07
191 -2.5166099231178104e-07
192 -1.7916811586517544e-07
193 -1.021220673390315e-07
194 2.2156445963702329e-07
195 -1.0786723567408511e-07
196 -1.1096520062219484e-07
197 -2.1198957371160307e-07
198 3.0320360089870123e-09
199 -4.799409325298395e-07
200 -1.244245149938934e-07
201 -9.014833497913021e-08
202 -5.676945593063438e-07
203 2.0668587789027263e-08
204 -1.85601682141922e-07
205 -2.874258341999966e-07
206 -1.9796770204943323e-07
207 1.6214020094128556e-07
208 1.2951748906221136e-08
209 -1.1541552756608621e-07
210 -1.3989495357814498e-08
211 -3.3957402451917953e-07
212 1.6597708122292312e-07
213 -4.437545954043768e-08
214 -3.4741675067735926e-07
215 -2.8064226960871803e-07
216 -2.990552760157947e-07
217 -3.1591992240956533e-07
218 -3.765328845619204e-08
219 -3.125195308101727e-07
220 -2.770830602884288e-07
221 -1.543751481921247e-07
222 -1.4404692364623148e-07
223 -1.6337556055748937e-08
224 -2.1678323413268942e-07
225 -2.6012158686234816e-07
226 3.683923763825723e-08
227 -4.424152825316643e-07
228 -4.6131919442027757e-07
229 -2.1276889149613284e-07
230 -2.8224463437257027e-09
231 -1.4866130836185564e-07
232 -3.3477890816997976e-07
233 -3.8685868119274197e-07
234 1.331124696591397e-07
235 -2.2561615862108102e-07
236 2.2164063436404758e-07
237 -2.945257620096583e-07
238 -1.463917509472124e-07
239 1.1332234597618667e-07
240 -2.1085965730221698e-07
241 1.014855181857445e-07
242 -3.8837347282164146e-07
243 1.4102424521586912e-07
244 -2.4147467313998026e-08
245 -7.473117500246747e-08
246 -3.80719166557535e-09
247 -6.441245652075003e-07
248 -8.945045456425072e-08
249 1.2934962821843141e-08
250 -4.608819380254973e-07
251 -1.210781191668883e-07
252 2.450491897808412e-08
253 9.194068934709639e-08
254 2.93136455138343e-07
255 -1.2303049456544937e-07
256 -1.487766659797301e-07
257 -6.806884008049993e-07
258 -2.0949225201258243e-07
259 -7.997273716079897e-08
260 2.557233690156646e-07
261 -9.104617394712817e-08
262 -2.786663404051568e-07
263 -1.4021602233016875e-07
264 -4.724394404574185e-07
265 -2.3155162003589229e-07
266 -3.5883868393263043e-07
267 -1.8910798613278814e-07
268 -7.355891513274596e-08
269 6.688881624497562e-08
270 -2.1537521423272356e-07
271 -5.811866657891694e-07
272 -1.760755586379806e-07
273 -6.129612625723312e-08
274 3.1424407744056285e-08
275 1.0984558967001413e-07
276 -3.047423414999291e-08
277 -3.1393006071819803e-07
278 -1.0063454859581617e-07
279 4.813672825320327e-08
280 -8.87204635717074e-08
281 -5.980331871436301e-08
282 -2.930321243334756e-08
283 1.9670916882655756e-08
284 -2.39667992944334e-08
285 -4.515601466999012e-07
286 2.3713827320039918e-07
287 -3.6008025313781776e-07
288 -2.6393590151498155e-07
289 -1.851259776235563e-07
290 -5.566544020743806e-07
291 -1.8232965344650056e-07
292 3.5972178367993315e-07
293 -2.560884803833445e-07
294 -4.520753022446618e-07
295 -2.8205064326582744e-07
296 -1.7349811119830994e-08
297 -2.7831067978537237e-07
298 6.51073676944547e-08
299 -2.0278502029276737e-07
