0 -3.4208870060260534e-05
1 -3.395452494101821e-05
2 -3.4318827651693415e-05
3 -3.4359436143866215e-05
4 -3.489020666763238e-05
5 -3.352778709785985e-05
6 -3.3878876877267917e-05
7 -3.397721051260162e-05
8 -3.4098261295977576e-05
9 -3.408146645332603e-05
10 -3.437670254527958e-05
11 -3.367213103815659e-05
12 -3.3052255652371304e-05
13 -3.394242657653892e-05
14 -3.381212919143994e-05
15 -3.398757369263272e-05
16 -3.378595175264567e-05
17 -3.3779229390925366e-05
18 -3.403800298701631e-05
19 -3.366939255960082e-05
20 -3.477737649576602e-05
21 -3.419328924390074e-05
22 -3.385138242414476e-05
23 -3.414049249837502e-05
24 -3.411500510350785e-05
25 -3.4495931293234235e-05
26 -3.410871638337519e-05
27 -3.4013004784086905e-05
28 -3.411585675437585e-05
29 -3.391133102675612e-05
30 -3.3800044813677476e-05
31 -3.3901633328546175e-05
32 -3.400616622030761e-05
33 -3.406973169970271e-05
34 -3.515701234688171e-05
35 -3.3832723452258804e-05
36 -3.4244498436954064e-05
37 -3.413914741995976e-05
38 -3.407626561774193e-05
39 -3.423434046530546e-05
40 -3.401947140079986e-05
41 -3.3483761269192843e-05
42 -3.3449275132595076e-05
43 -3.420969002139482e-05
44 -3.4383657122669646e-05
45 -3.390244297412123e-05
46 -3.4372029991835156e-05
47 -3.434948591791406e-05
48 -3.401488082735571e-05
49 -3.396536998485385e-05
50 -3.473937670624841e-05
51 -3.410140428870042e-05
52 -3.421847763693786e-05
53 -3.398611169403068e-05
54 -3.3845547084475634e-05
55 -3.492584562096e-05
56 -3.365536132417847e-05
57 -3.374592487335973e-05
58 -3.457608349006292e-05
59 -3.408120113688526e-05
60 -3.4147295717176885e-05
61 -3.422786037887871e-05
62 -3.3500203426411446e-05
63 -3.411941636512675e-05
64 -3.365615222838961e-05
65 -3.377079053540753e-05
66 -3.423466717444841e-05
67 -3.3030911700690685e-05
68 -3.403547594677087e-05
69 -3.404927096043799e-05
70 -3.4302021939286824e-05
71 -3.4524717931536286e-05
72 -3.456477347871344e-05
73 -3.392615589481065e-05
74 -3.4556988662250916e-05
75 -3.466478333087939e-05
76 -3.341133364805943e-05
77 -3.368328394784602e-05
78 -3.503808604030111e-05
79 -3.356292737955266e-05
80 -3.426931926365399e-05
81 -3.411624353400785e-05
82 -3.438069607378257e-05
83 -3.34701911053702e-05
84 -3.400196897033946e-05
85 -3.3658357631678315e-05
86 -3.4402639112102325e-05
87 -3.419540684540628e-05
88 -3.423036656999132e-05
89 -3.4203190909636025e-05
90 -3.409206269326363e-05
91 -3.419826699852637e-05
92 -3.287643984465026e-05
93 -3.360982546137104e-05
94 -3.4036191345982845e-05
95 -3.400032977555955e-05
96 -3.388993334876478e-05
97 -3.394395600907993e-05
98 -3.37526475234915e-05
99 -3.398251894287692e-05
100 -3.382046288367591e-05
101 -3.378527004409068e-05
102 -3.4297401900582374e-05
103 -3.481089420895676e-05
104 -3.4214038166416074e-05
105 -3.378192521953562e-05
106 -3.391641582715309e-05
107 -3.385323423210931e-05
108 -3.5011585523734154e-05
109 -3.3987009103644655e-05
110 -3.3690441101441984e-05
111 -3.379654411447257e-05
112 -3.335060298549497e-05
113 -3.422747315735008e-05
114 -3.465821209035644e-05
115 -3.4161684426822875e-05
116 -3.489400651385922e-05
117 -3.516938204407467e-05
118 -3.448213396084925e-05
119 -3.425487825538115e-05
120 -3.406622610322887e-05
121 -3.39369776871294e-05
122 -3.363198419426439e-05
123 -3.3925717158125926e-05
124 -3.321129320965211e-05
125 -3.431861090451666e-05
126 -3.4528914072001764e-05
127 -3.3579850376410644e-05
128 -3.521252189832122e-05
129 -3.45229071199394e-05
130 -3.384899351795109e-05
131 -3.354055193825329e-05
132 -3.499675177323239e-05
133 -3.38607279136363e-05
134 -3.466741982470697e-05
135 -3.428818973920916e-05
136 -3.452913583888781e-05
137 -3.365960373844601e-05
138 -3.3462517995750154e-05
139 -3.408553558354516e-05
140 -3.429154349810693e-05
141 -3.388983983844018e-05
142 -3.448822000645843e-05
143 -3.4407938271083554e-05
144 -3.474356415095487e-05
145 -3.4184167575963844e-05
146 -3.418709599361577e-05
147 -3.4028070982106484e-05
148 -3.3716592135249606e-05
149 -3.4310787521643426e-05
150 -3.387702916822719e-05
151 -3.4616421087870155e-05
152 -3.4357730443007014e-05
153 -3.455838415628542e-05
154 -3.354561514704999e-05
155 -3.3722805069497334e-05
156 -3.394789339511412e-05
157 -3.397330460404439e-05
158 -3.409288675140789e-05
159 -3.36176542391488e-05
160 -3.3573313718491064e-05
161 -3.407920435905419e-05
162 -3.3571115652467754e-05
163 -3.3934192109661496e-05
164 -3.330814654948068e-05
165 -3.359912173323837e-05
166 -3.467670786872418e-05
167 -3.453346732644955e-05
168 -3.415806354227764e-05
169 -3.369370388086807e-05
170 -3.4931935122402033e-05
171 -3.4075908889973315e-05
172 -3.456738594240689e-05
173 -3.332694630788005e-05
174 -3.42804006749566e-05
175 -3.4046771383823407e-05
176 -3.462960113740615e-05
177 -3.395608394053584e-05
178 -3.439812824329007e-05
179 -3.360993817400889e-05
180 -3.401116974816809e-05
181 -3.3889584335849334e-05
182 -3.400264989417716e-05
183 -3.471246448626194e-05
184 -3.39214231116793e-05
185 -3.353965805399814e-05
186 -3.382526295024459e-05
187 -3.365780571627949e-05
188 -3.472289496028614e-05
189 -3.437002332498223e-05
190 -3.486006134809303e-05
191 -3.468541292106595e-05
192 -3.362060548879681e-05
193 -3.401263174285853e-05
194 -3.5027105496577195e-05
195 -3.438932758496573e-05
196 -3.425049888949582e-05
197 -3.351772857804519e-05
198 -3.394243696779754e-05
199 -3.388336312269435e-05
200 -3.421624105857306e-05
201 -3.423850723156073e-05
202 -3.38659365998602e-05
203 -3.4227969597997245e-05
204 -3.363783924602801e-05
205 -3.3963587075605286e-05
206 -3.436955800499891e-05
207 -3.4419531521171535e-05
208 -3.4499645897213646e-05
209 -3.422435519274968e-05
210 -3.421842332752544e-05
211 -3.4654178001529366e-05
212 -3.441654181050406e-05
213 -3.423745500245033e-05
214 -3.3108546149799175e-05
215 -3.351113132565842e-05
216 -3.3619921050849736e-05
217 -3.379206900022228e-05
218 -3.4095982901459636e-05
219 -3.436264157315173e-05
220 -3.34709502003864e-05
221 -3.379138244408653e-05
222 -3.3977354741161044e-05
223 -3.38925596462479e-05
224 -3.3987642229440105e-05
225 -3.420467432077373e-05
226 -3.403869038183366e-05
227 -3.384543387969789e-05
228 -3.4047244057597246e-05
229 -3.432681433929037e-05
230 -3.423328425861906e-05
231 -3.445413231091028e-05
232 -3.38899521243904e-05
233 -3.3967373836741675e-05
234 -3.456771174807771e-05
235 -3.388325522872654e-05
236 -3.448005065612882e-05
237 -3.404295095173376e-05
238 -3.422637042971304e-05
239 -3.480160954288951e-05
240 -3.4246455095586335e-05
241 -3.452803147638037e-05
242 -3.405094479487176e-05
243 -3.4014454954331576e-05
244 -3.4254439386844625e-05
245 -3.394349496374971e-05
246 -3.376582419273783e-05
247 -3.442344520496847e-05
248 -3.4167379591633374e-05
249 -3.4306870215169916e-05
250 -3.335513276478648e-05
251 -3.424169350698456e-05
252 -3.4620642600871756e-05
253 -3.40668321721419e-05
254 -3.4898783287512024e-05
255 -3.386856660694346e-05
256 -3.431671294398962e-05
257 -3.391837735712262e-05
258 -3.345419154034742e-05
259 -3.4011164042711954e-05
260 -3.466717876457742e-05
261 -3.427149474811526e-05
262 -3.391423970862903e-05
263 -3.488095794833517e-05
264 -3.394724400258727e-05
265 -3.323925177556911e-05
266 -3.3687781676158674e-05
267 -3.346823117066264e-05
268 -3.4120477639913534e-05
269 -3.429758570037156e-05
270 -3.4633335118593444e-05
271 -3.353666654194496e-05
272 -3.426426948384134e-05
273 -3.4424781732327364e-05
274 -3.4695314009938256e-05
275 -3.462592480230923e-05
276 -3.444154468216296e-05
277 -3.401919989036721e-05
278 -3.419304787406944e-05
279 -3.3890206674651794e-05
280 -3.363860750280903e-05
281 -3.4787801752193476e-05
282 -3.442733765534289e-05
283 -3.4048417502511475e-05
284 -3.458995029251839e-05
285 -3.431884257135559e-05
286 -3.48734238691286e-05
287 -3.403739208898667e-05
288 -3.3457705719807864e-05
289 -3.4151143929126286e-05
290 -3.368130950952224e-05
291 -3.463674905156057e-05
292 -3.500201369914747e-05
293 -3.3819192397704345e-05
294 -3.38663789158885e-05
295 -3.4270192117639806e-05
296 -3.4049596854018044e-05
297 -3.392250888429641e-05
298 -3.459661806979419e-05
299 -3.3620573138243266e-05
