0 3.520313159730769e-05
1 3.573323634029766e-05
2 3.545240046484962e-05
3 3.54685320508664e-05
4 3.580387939881325e-05
5 3.533523130944972e-05
6 3.586402720416962e-05
7 3.5300490220293325e-05
8 3.593361967131056e-05
9 3.550575192404001e-05
10 3.620647925985432e-05
11 3.580965896828178e-05
12 3.581079184870968e-05
13 3.57771476604776e-05
14 3.570701364032855e-05
15 3.533473379034764e-05
16 3.587719192995672e-05
17 3.4955908650139716e-05
18 3.597457590603385e-05
19 3.5323450230498825e-05
20 3.573841770571505e-05
21 3.5243352076176306e-05
22 3.5443554557682205e-05
23 3.549803232964182e-05
24 3.5478228277442334e-05
25 3.5915646681900525e-05
26 3.5378581230252444e-05
27 3.5577790778060473e-05
28 3.55572985901959e-05
29 3.547348421329026e-05
30 3.627452203068756e-05
31 3.5943110258674e-05
32 3.606859247237555e-05
33 3.49633400341017e-05
34 3.564709067946649e-05
35 3.637908735809456e-05
36 3.536089147075001e-05
37 3.5901254240106074e-05
38 3.5563882610689875e-05
39 3.5545705372138783e-05
40 3.5671322640043186e-05
41 3.561940037488751e-05
42 3.546561366251176e-05
43 3.5391857494474604e-05
44 3.5586991455810674e-05
45 3.6239924318435596e-05
46 3.5811774685109423e-05
47 3.594199455926731e-05
48 3.56018522750273e-05
49 3.557977346931735e-05
50 3.584374421051746e-05
51 3.5365611071969126e-05
52 3.5878362036575304e-05
53 3.526356475531758e-05
54 3.589369888700428e-05
55 3.575224183136056e-05
56 3.5318829434554374e-05
57 3.569296400420684e-05
58 3.538676979611996e-05
59 3.581029484567432e-05
60 3.560595625696654e-05
61 3.598513703045417e-05
62 3.580197750911894e-05
63 3.542253329802017e-05
64 3.5644035851679386e-05
65 3.5291587184034886e-05
66 3.5496860612378196e-05
67 3.562695598799528e-05
68 3.6129697390899606e-05
69 3.524283193932816e-05
70 3.573972794013822e-05
71 3.567096728115639e-05
72 3.527024850253281e-05
73 3.541812898783625e-05
74 3.578626757305005e-05
75 3.591729532143305e-05
76 3.567418841538676e-05
77 3.518361274891918e-05
78 3.522723146868457e-05
79 3.562944900835428e-05
80 3.632935180013208e-05
81 3.570126250914261e-05
82 3.5860375379172054e-05
83 3.561865945838922e-05
84 3.578044633446942e-05
85 3.6012811802787516e-05
86 3.557245552650646e-05
87 3.565692818328522e-05
88 3.568434865028151e-05
89 3.569606287739412e-05
90 3.513469981112304e-05
91 3.575473592204884e-05
92 3.559052965178922e-05
93 3.559210284229112e-05
94 3.5265655866940526e-05
95 3.468679874197711e-05
96 3.563335205041077e-05
97 3.5165191357766085e-05
98 3.5706463950561095e-05
99 3.534363000571039e-05
100 3.5445920239113146e-05
101 3.508944728512527e-05
102 3.611660348301408e-05
103 3.549826156823199e-05
104 3.611359833435238e-05
105 3.561472787065054e-05
106 3.607761518372932e-05
107 3.528839987213955e-05
108 3.5699732805185285e-05
109 3.532784085561692e-05
110 3.5413306656594406e-05
111 3.5343376189659864e-05
112 3.5653604166613676e-05
113 3.58323128107441e-05
114 3.5691878287770936e-05
115 3.612925691996572e-05
116 3.584248029407921e-05
117 3.5190952296592135e-05
118 3.651464111088097e-05
119 3.516615940325913e-05
120 3.564369386491934e-05
121 3.587607526088215e-05
122 3.5013395107655935e-05
123 3.568951934282925e-05
124 3.562052892939016e-05
125 3.5177466054123325e-05
126 3.5441253321903786e-05
127 3.616410630802721e-05
128 3.644933059716807e-05
129 3.5919918665993455e-05
130 3.6062949774053047e-05
131 3.54906455047036e-05
132 3.553582515954989e-05
133 3.5557639681413395e-05
134 3.597633588216268e-05
135 3.528451037349519e-05
136 3.650335111678166e-05
137 3.5007770222610435e-05
138 3.542519484403454e-05
139 3.60289160534331e-05
140 3.599760850825103e-05
141 3.5486218345172236e-05
142 3.5561268330227545e-05
143 3.590956075274066e-05
144 3.5364178222598885e-05
145 3.6010696595739644e-05
146 3.6214797168678144e-05
147 3.5595178798342337e-05
148 3.593691407955346e-05
149 3.579553212731465e-05
150 3.529169096822817e-05
151 3.562918748485777e-05
152 3.547669129016816e-05
153 3.578314270522073e-05
154 3.498612561567113e-05
155 3.56498918077724e-05
156 3.551490046738928e-05
157 3.585331616768127e-05
158 3.586332343950768e-05
159 3.574511654108706e-05
160 3.5656382012828386e-05
161 3.601336063210908e-05
162 3.579111280803582e-05
163 3.5804225909366014e-05
164 3.564505863808915e-05
165 3.53092637067864e-05
166 3.6452932245967904e-05
167 3.557895446085069e-05
168 3.524102974824136e-05
169 3.580811441390894e-05
170 3.526382264342441e-05
171 3.5501643105565394e-05
172 3.5427776309172664e-05
173 3.640168488744344e-05
174 3.573142972088344e-05
175 3.5702808601993995e-05
176 3.619329638283788e-05
177 3.574689940614197e-05
178 3.5829935265067756e-05
179 3.5597306981465616e-05
180 3.509035173360208e-05
181 3.583090723063052e-05
182 3.567912318028749e-05
183 3.600089042329652e-05
184 3.5159984825194634e-05
185 3.538996832661371e-05
186 3.552487525472144e-05
187 3.594490723955923e-05
188 3.5722852317582425e-05
189 3.5706946051752474e-05
190 3.551263114634493e-05
191 3.50287627494158e-05
192 3.533639746091406e-05
193 3.53260844263588e-05
194 3.5520202909295816e-05
195 3.555684401806761e-05
196 3.6071515324462004e-05
197 3.574535615617934e-05
198 3.575700552075848e-05
199 3.6023147404503483e-05
200 3.5226563962774136e-05
201 3.591773523461752e-05
202 3.5632729460134475e-05
203 3.547636684548742e-05
204 3.578521197070748e-05
205 3.566491002503605e-05
206 3.6037747536594814e-05
207 3.5618188333196494e-05
208 3.580959889081369e-05
209 3.620068992029379e-05
210 3.578419860858642e-05
211 3.5943496771625515e-05
212 3.5370958746303283e-05
213 3.5766448242349796e-05
214 3.548764007793016e-05
215 3.567439962870787e-05
216 3.5593065749484466e-05
217 3.495685209515675e-05
218 3.54569783685156e-05
219 3.604382912753005e-05
220 3.541654318855055e-05
221 3.5814357471933185e-05
222 3.52750103416193e-05
223 3.5483671487854516e-05
224 3.546293904409661e-05
225 3.608244842619364e-05
226 3.574713800022273e-05
227 3.537363564117868e-05
228 3.5647219530872104e-05
229 3.54526898079041e-05
230 3.534728799719014e-05
231 3.551314932628434e-05
232 3.545923394512748e-05
233 3.57024799609484e-05
234 3.565394162067466e-05
235 3.5834829292110944e-05
236 3.503857357136775e-05
237 3.5511820309354595e-05
238 3.54123686521316e-05
239 3.499886762611044e-05
240 3.6305879329195835e-05
241 3.5859867362336566e-05
242 3.587925232167414e-05
243 3.5455099326870546e-05
244 3.561629679935233e-05
245 3.607138710540104e-05
246 3.545338113251859e-05
247 3.5893425363315944e-05
248 3.581341405145955e-05
249 3.5737405724877814e-05
250 3.5549689226389375e-05
251 3.543282054821032e-05
252 3.5751936455750744e-05
253 3.578342982286108e-05
254 3.5196786266017294e-05
255 3.582698724496781e-05
256 3.525676062458532e-05
257 3.5478095006835666e-05
258 3.5836232106727834e-05
259 3.571376452439856e-05
260 3.630395150415285e-05
261 3.563281633774518e-05
262 3.5347885368853846e-05
263 3.5582338256349145e-05
264 3.569373371666213e-05
265 3.6058254820370065e-05
266 3.493213876674507e-05
267 3.5381280200203994e-05
268 3.572511756987954e-05
269 3.542697743062013e-05
270 3.5594087160807094e-05
271 3.594963710750558e-05
272 3.592807789377197e-05
273 3.537157197720211e-05
274 3.534985002072378e-05
275 3.535944975467909e-05
276 3.574100662999826e-05
277 3.532196060793871e-05
278 3.544260121105856e-05
279 3.580974820442753e-05
280 3.551572490076998e-05
281 3.58345295326265e-05
282 3.556752880302785e-05
283 3.54532350447585e-05
284 3.546139360887339e-05
285 3.6055218248418496e-05
286 3.673234901249968e-05
287 3.561507334611545e-05
288 3.533710678664155e-05
289 3.549540985058532e-05
290 3.62025081662551e-05
291 3.567452669748603e-05
292 3.556976932362869e-05
293 3.569208938291426e-05
294 3.536748109601045e-05
295 3.6274316673002e-05
296 3.580704879416791e-05
297 3.54468864818284e-05
298 3.538223647871328e-05
299 3.554195735816251e-05
