0 -4.72810330492793e-06
1 -4.487510487033464e-06
2 -3.915083303364716e-06
3 -4.032816337544413e-06
4 -3.9587788760868735e-06
5 -4.741976767764936e-06
6 -4.170021781612702e-06
7 -4.640058451244987e-06
8 -4.318639124452265e-06
9 -4.617886651259108e-06
10 -4.260885559371537e-06
11 -4.149490770367602e-06
12 -4.626572075489369e-06
13 -4.608721941940156e-06
14 -4.33909492691462e-06
15 -4.550878417907702e-06
16 -4.394086692675936e-06
17 -4.567785402395221e-06
18 -4.559617442041241e-06
19 -4.42755974516414e-06
20 -3.95178120660672e-06
21 -3.961000084232858e-06
22 -4.284051387381228e-06
23 -4.543152879803778e-06
24 -4.761290664608771e-06
25 -3.820793480513363e-06
26 -3.925078443369242e-06
27 -4.465228700460518e-06
28 -4.460898316427935e-06
29 -4.420800801758745e-06
30 -4.379294577481403e-06
31 -4.654159090695555e-06
32 -3.720210753713117e-06
33 -4.084295898116525e-06
34 -4.256206998097493e-06
35 -4.361493981036977e-06
36 -4.470629937384248e-06
37 -4.3474973217223135e-06
38 -4.555317107737347e-06
39 -4.393558685898657e-06
40 -4.320578150678811e-06
41 -4.474646803963277e-06
42 -4.417088937131699e-06
43 -4.546959110089551e-06
44 -3.7262350330244144e-06
45 -4.540179871569396e-06
46 -4.364368573746486e-06
47 -3.898890035713687e-06
48 -4.334720435367389e-06
49 -4.761777980241805e-06
50 -3.913864821315146e-06
51 -4.401606073910415e-06
52 -4.1669684361980595e-06
53 -4.253398129535347e-06
54 -4.320865474989524e-06
55 -4.107440388321094e-06
56 -4.370157634964478e-06
57 -4.581502407918912e-06
58 -4.418574781288521e-06
59 -4.496081203983033e-06
60 -4.395518391328052e-06
61 -4.433510942413704e-06
62 -4.517234893912485e-06
63 -4.544351536105036e-06
64 -4.370172417888103e-06
65 -4.556309035659911e-06
66 -4.046442529452818e-06
67 -5.143614299458756e-06
68 -4.174730486034296e-06
69 -3.9977669947947435e-06
70 -3.898916494853381e-06
71 -3.6478487078352967e-06
72 -4.187470527278397e-06
73 -4.485687183303343e-06
74 -4.495312192129188e-06
75 -4.000846448936565e-06
76 -4.722966962982247e-06
77 -4.618963199605711e-06
78 -4.0682012435075555e-06
79 -4.782848891961674e-06
80 -4.085150933192306e-06
81 -4.896700601636402e-06
82 -4.208986046764515e-06
83 -4.413916769402706e-06
84 -4.295060972512669e-06
85 -4.242891357254174e-06
86 -4.1152348929684474e-06
87 -4.108109453973444e-06
88 -4.148491259971235e-06
89 -4.112750798194124e-06
90 -4.391463852841848e-06
91 -4.6533089147416035e-06
92 -4.646673392729207e-06
93 -4.434823074299634e-06
94 -4.087509177967639e-06
95 -4.683620958414311e-06
96 -4.106255610082283e-06
97 -4.394663478134375e-06
98 -4.73013929914619e-06
99 -4.471952360100062e-06
100 -4.627640814879533e-06
101 -4.693544778510106e-06
102 -3.917697889374098e-06
103 -3.932411055306495e-06
104 -4.563381823359772e-06
105 -4.413982946845492e-06
106 -4.644816266535001e-06
107 -4.7884599317658664e-06
108 -3.542241711332929e-06
109 -4.4501790036090365e-06
110 -4.644556048842477e-06
111 -4.245900067444979e-06
112 -5.0331956639280326e-06
113 -4.219782260381047e-06
114 -4.1646652904536355e-06
115 -4.065148293802998e-06
116 -3.866550786082211e-06
117 -4.25021117062316e-06
118 -3.5449099671802825e-06
119 -4.284584385411791e-06
120 -4.348369088517025e-06
121 -3.955131669254537e-06
122 -4.648409968004586e-06
123 -4.4720441774049124e-06
124 -4.806626943028326e-06
125 -4.169705313311695e-06
126 -3.9706576347944485e-06
127 -4.289094902271962e-06
128 -3.5254123413470242e-06
129 -3.5891161717448668e-06
130 -4.314451993869846e-06
131 -4.288555363513262e-06
132 -3.569538124116677e-06
133 -4.7586611225185935e-06
134 -3.6761205207265516e-06
135 -4.225416587642184e-06
136 -3.7294156970028984e-06
137 -4.51954350315595e-06
138 -4.961265543433044e-06
139 -4.568915351146547e-06
140 -3.7642517891102583e-06
141 -4.449572453663482e-06
142 -3.963278307367992e-06
143 -3.8916209493195845e-06
144 -4.415387303109083e-06
145 -3.945576494996522e-06
146 -4.001942912217135e-06
147 -4.502639022149948e-06
148 -4.4399338008786004e-06
149 -4.6851983344202915e-06
150 -4.660249357614653e-06
151 -4.2845128764102044e-06
152 -4.537530019217209e-06
153 -4.276624487973614e-06
154 -4.487844161106741e-06
155 -4.549000697230083e-06
156 -4.003382468310313e-06
157 -4.70888891754964e-06
158 -4.289004159220778e-06
159 -4.91301197041226e-06
160 -4.7384885472796705e-06
161 -4.5704815095956084e-06
162 -4.924111641442103e-06
163 -4.2118273215617476e-06
164 -4.936847481599127e-06
165 -4.448290888915752e-06
166 -3.916892183654863e-06
167 -4.058212512002709e-06
168 -4.615963098713644e-06
169 -4.415599630201264e-06
170 -4.197542363520475e-06
171 -4.413524867537731e-06
172 -3.940361710779018e-06
173 -4.719464346319957e-06
174 -4.247803879081317e-06
175 -4.315177223670558e-06
176 -4.077654848909046e-06
177 -4.3838556881044526e-06
178 -3.9928359192651125e-06
179 -4.50501986871562e-06
180 -4.165408326824991e-06
181 -4.449433546531917e-06
182 -4.466508381715383e-06
183 -3.957319704378392e-06
184 -4.481296220223684e-06
185 -4.577559547002282e-06
186 -4.460645706478839e-06
187 -4.479440617490229e-06
188 -4.266758462539526e-06
189 -4.083141163651788e-06
190 -3.894817344626883e-06
191 -4.560347975819462e-06
192 -4.281945488683104e-06
193 -4.494238878862298e-06
194 -3.663146154296043e-06
195 -4.156973334627515e-06
196 -4.456577454324869e-06
197 -4.5624224839798435e-06
198 -4.319172635012587e-06
199 -4.619635506966601e-06
200 -4.132501965704384e-06
201 -3.918463290309083e-06
202 -5.154669234167024e-06
203 -4.4565803267486965e-06
204 -4.3324274984802954e-06
205 -4.456567702156371e-06
206 -4.512264642623875e-06
207 -3.7611573446330177e-06
208 -3.92298325591848e-06
209 -4.019945988115509e-06
210 -4.382226979500002e-06
211 -4.19133277825705e-06
212 -4.184866782990112e-06
213 -4.056008805189556e-06
214 -4.909595302962553e-06
215 -4.589760468448167e-06
216 -4.586164008386236e-06
217 -4.771135283488424e-06
218 -4.124612006515948e-06
219 -4.586230743255098e-06
220 -4.7656882791018035e-06
221 -4.229869182367047e-06
222 -4.449120256379019e-06
223 -4.271240517685615e-06
224 -4.369908443894887e-06
225 -4.266803161036119e-06
226 -4.404951192552024e-06
227 -4.826809125608045e-06
228 -4.363300434624394e-06
229 -4.22816460793605e-06
230 -4.034873651425378e-06
231 -4.070115493735374e-06
232 -4.813612290547495e-06
233 -4.503635692327727e-06
234 -4.001631274924029e-06
235 -4.414452782131576e-06
236 -3.6831079248857634e-06
237 -4.864473225951843e-06
238 -4.580493139062158e-06
239 -4.004401255561439e-06
240 -4.105416613465553e-06
241 -4.311335618501352e-06
242 -4.12764767677834e-06
243 -3.911598508925415e-06
244 -4.130476502843095e-06
245 -4.170288957984448e-06
246 -4.174417736408666e-06
247 -4.904386300185088e-06
248 -4.2712612810941965e-06
249 -4.002039120658157e-06
250 -4.797398486968603e-06
251 -4.30952244920878e-06
252 -3.999102279216703e-06
253 -4.183579672167908e-06
254 -3.6874093557381128e-06
255 -4.410642076537141e-06
256 -4.07257827610793e-06
257 -4.783775587412626e-06
258 -4.572161084392761e-06
259 -4.537750177241207e-06
260 -3.6850506137209373e-06
261 -4.335303130603434e-06
262 -4.247515060896457e-06
263 -4.139517097103128e-06
264 -4.4119280478467245e-06
265 -4.337828954711749e-06
266 -4.410403451786522e-06
267 -4.3651178353205015e-06
268 -4.1341567502816225e-06
269 -4.068381454254009e-06
270 -4.467015759297003e-06
271 -4.765044898274463e-06
272 -3.906658526249886e-06
273 -3.939399450959539e-06
274 -3.6301211103945343e-06
275 -4.059165341015965e-06
276 -4.133769519183699e-06
277 -4.5645564405615725e-06
278 -4.103739075433074e-06
279 -4.255543925184095e-06
280 -3.900162518507584e-06
281 -3.9655886658991285e-06
282 -4.340545897008727e-06
283 -4.302677740357312e-06
284 -4.095998911768302e-06
285 -4.468314478503725e-06
286 -3.4892909606079533e-06
287 -4.4435124146202935e-06
288 -4.651547744774216e-06
289 -4.762749986863772e-06
290 -4.961090675526877e-06
291 -4.123663725625308e-06
292 -3.8932762973190396e-06
293 -3.962391985238849e-06
294 -4.485880990144535e-06
295 -4.222864384430426e-06
296 -4.307914601605586e-06
297 -4.580138786513254e-06
298 -3.7617405557863754e-06
299 -4.602340970327488e-06
