0 9.639728172214553e-06
1 1.0369358020336325e-05
2 1.0127942885887575e-05
3 9.996937231477056e-06
4 1.0084661185420698e-05
5 1.019911725793341e-05
6 1.0719651378193317e-05
7 9.888981010243618e-06
8 1.0567210968328326e-05
9 1.0089529297876844e-05
10 1.0713908564724312e-05
11 1.066757602829299e-05
12 1.0948979311891682e-05
13 1.0362727708459543e-05
14 1.047724175872151e-05
15 9.974479631898022e-06
16 1.0672292144261118e-05
17 9.729957595048552e-06
18 1.0522481412264311e-05
19 1.0181236125910633e-05
20 1.0062670793700033e-05
21 9.911496523207422e-06
22 1.0263078151210192e-05
23 1.0013331109632167e-05
24 9.99793232919247e-06
25 1.042613434086714e-05
26 1.0172923706211987e-05
27 1.0225309988057262e-05
28 1.0098797164717633e-05
29 1.0184686806799735e-05
30 1.1137066779779735e-05
31 1.0593591259433605e-05
32 1.0893163263698253e-05
33 9.705961423014923e-06
34 9.688009572198612e-06
35 1.1099311301497341e-05
36 9.914894703805518e-06
37 1.0458568207352132e-05
38 1.0095503444159273e-05
39 1.0046342086021345e-05
40 1.033038345530361e-05
41 1.0590444606265583e-05
42 1.0453699868140251e-05
43 9.789345240050702e-06
44 1.0213359341647238e-05
45 1.0959082115165768e-05
46 1.0257662675102182e-05
47 1.059291823948979e-05
48 1.0377356518065122e-05
49 1.0168009520778275e-05
50 1.0234710459389711e-05
51 1.0043496331921023e-05
52 1.0482215547399739e-05
53 9.996433811750256e-06
54 1.0699062112077804e-05
55 9.899447423962888e-06
56 1.0268441574021462e-05
57 1.0391508562503781e-05
58 9.72235234155814e-06
59 1.0355325654886522e-05
60 1.0184763152308931e-05
61 1.0456082866467121e-05
62 1.0694713515498622e-05
63 9.989540804819779e-06
64 1.0458745520424348e-05
65 1.001965589782963e-05
66 1.0153318492728228e-05
67 1.0600244517141942e-05
68 1.0832317883165273e-05
69 9.995167256926011e-06
70 1.0391683913850238e-05
71 1.0305794829426128e-05
72 9.705407326072561e-06
73 1.0116072239820396e-05
74 1.0117123339908297e-05
75 1.0291516513193914e-05
76 1.0625231469621364e-05
77 9.989106635566292e-06
78 9.390475271027103e-06
79 1.0461403580661474e-05
80 1.0871281827828471e-05
81 1.009268905134427e-05
82 1.0323075331981151e-05
83 1.0595553471516391e-05
84 1.0459241576208455e-05
85 1.0914774898427657e-05
86 1.008270718916114e-05
87 1.0300674642976766e-05
88 1.0328490816750598e-05
89 1.0356021122653704e-05
90 9.796248254644512e-06
91 1.0255700148944734e-05
92 1.0860277178356216e-05
93 1.041123836659781e-05
94 1.0040264741219507e-05
95 9.328969232597617e-06
96 1.0496157046514059e-05
97 9.899723599548454e-06
98 1.041898958574893e-05
99 1.0006748979002847e-05
100 1.0117628889270671e-05
101 9.823062671392809e-06
102 1.068128023587509e-05
103 9.83454680935854e-06
104 1.0610789625730716e-05
105 1.0463764843465317e-05
106 1.0660203230505378e-05
107 9.89695629006374e-06
108 1.0039713042813782e-05
109 9.95303213873955e-06
110 1.020004774161836e-05
111 1.0177745694504549e-05
112 1.0498229970380672e-05
113 1.0404441291222823e-05
114 1.0068649303886659e-05
115 1.0815070321186444e-05
116 1.0092729134544142e-05
117 9.185506362331327e-06
118 1.117923229666549e-05
119 9.735809024270144e-06
120 1.0266319613799829e-05
121 1.0744924957019484e-05
122 9.826030130963558e-06
123 1.0401922072001703e-05
124 1.0595510423816912e-05
125 9.711307474793848e-06
126 9.970357536075847e-06
127 1.1143293072472764e-05
128 1.0653525890510038e-05
129 1.0579768973914211e-05
130 1.0856866242047996e-05
131 1.0498641085061393e-05
132 9.874033965901276e-06
133 1.0194250110679896e-05
134 1.0495971822043646e-05
135 9.836656419876285e-06
136 1.1048661924459546e-05
137 9.915940654569601e-06
138 1.028472957941683e-05
139 1.0607773194846622e-05
140 1.0701991183773851e-05
141 1.018272321836964e-05
142 1.0082511011829771e-05
143 1.0512457320647961e-05
144 9.586429164832884e-06
145 1.068244988165413e-05
146 1.0842580557137876e-05
147 1.0218639470766844e-05
148 1.0723053235495416e-05
149 1.0136189849141806e-05
150 9.957477217601868e-06
151 1.0001125720985495e-05
152 9.89952117992421e-06
153 1.012119654123148e-05
154 9.887298237181923e-06
155 1.0499766920809836e-05
156 1.0362382464460469e-05
157 1.037070469386313e-05
158 1.0550958071743365e-05
159 1.0511054538302568e-05
160 1.0444236026529352e-05
161 1.0525663024388884e-05
162 1.0594644121201022e-05
163 1.0617058755617301e-05
164 1.0556178502701864e-05
165 1.0145057204850466e-05
166 1.0867383977194858e-05
167 1.0071626008235521e-05
168 9.736173052929011e-06
169 1.0612212362089162e-05
170 9.418934777569505e-06
171 1.0104130706322583e-05
172 9.920898875260344e-06
173 1.1364318903903662e-05
174 1.0280314716013793e-05
175 1.0380277960310485e-05
176 1.0627924322423458e-05
177 1.0476340351366518e-05
178 1.0340365693555317e-05
179 1.045107840532533e-05
180 9.824070413037827e-06
181 1.0573243240977494e-05
182 1.0336650740824137e-05
183 1.0391971732712904e-05
184 9.86309925292722e-06
185 1.0312515476181146e-05
186 1.0292171703322735e-05
187 1.0758191745221407e-05
188 9.984765851088835e-06
189 1.0189671514657402e-05
190 9.823632089773976e-06
191 9.295677089583743e-06
192 1.0268464827978719e-05
193 9.95661544075251e-06
194 9.873550217833474e-06
195 1.0084517465707325e-05
196 1.0590044449489132e-05
197 1.064184042981485e-05
198 1.046831592983376e-05
199 1.0638926566877146e-05
200 9.847106326296233e-06
201 1.0582603569305329e-05
202 1.0139976082832777e-05
203 1.0017104616591058e-05
204 1.0644339005002674e-05
205 1.0339741573172238e-05
206 1.0433176230531314e-05
207 1.016722659182581e-05
208 1.0271699425116792e-05
209 1.0807657569874718e-05
210 1.0283058388959745e-05
211 1.0264449465524751e-05
212 9.92365630263465e-06
213 1.0347741936485083e-05
214 1.0474021064093505e-05
215 1.0626949800494452e-05
216 1.0444280108304244e-05
217 9.636066131271334e-06
218 1.0171635723189727e-05
219 1.04180835502416e-05
220 1.025947701053118e-05
221 1.0666417131497554e-05
222 9.926135730578572e-06
223 1.027074901277949e-05
224 1.01496590581638e-05
225 1.0682594068126011e-05
226 1.033875469369871e-05
227 1.0052329340692235e-05
228 1.0229440463982299e-05
229 9.985862870828683e-06
230 9.996851474789235e-06
231 1.001261573940079e-05
232 1.0115403038201907e-05
233 1.0318102020136947e-05
234 1.0041843747861566e-05
235 1.0549063515133015e-05
236 9.660558215483571e-06
237 1.0028821443687124e-05
238 9.894081072374393e-06
239 9.286703062225248e-06
240 1.0920282097072722e-05
241 1.0262093328683607e-05
242 1.0648747365052976e-05
243 1.0310200796216378e-05
244 1.0256338375644056e-05
245 1.0877368106710282e-05
246 1.0311795827561643e-05
247 1.0216177294906782e-05
248 1.0429175505398029e-05
249 1.0367934762419132e-05
250 1.0465625075826564e-05
251 9.978712428771413e-06
252 1.0134756283974073e-05
253 1.044808616080473e-05
254 9.589681542855734e-06
255 1.0579038687637729e-05
256 9.875606201463819e-06
257 1.0085399669730788e-05
258 1.0686200370714796e-05
259 1.0315218780723142e-05
260 1.0815639584725787e-05
261 1.0202803614285429e-05
262 1.0120415856867288e-05
263 9.828365069739406e-06
264 1.0421410142561944e-05
265 1.1146904125647167e-05
266 9.793857209669134e-06
267 1.0378139113595785e-05
268 1.0380031958142418e-05
269 1.0018955941173062e-05
270 9.89874881356411e-06
271 1.0814254388261902e-05
272 1.062217803893914e-05
273 9.933594359323e-06
274 9.855450038015763e-06
275 9.719222659568791e-06
276 1.0199327839730349e-05
277 9.952158063149626e-06
278 1.0107607138082634e-05
279 1.0538369623085497e-05
280 1.057054223292234e-05
281 1.0196617670894577e-05
282 1.0011816393213895e-05
283 1.0127402551428033e-05
284 9.878798897909431e-06
285 1.058553019141523e-05
286 1.1106545161283377e-05
287 1.0225058963248876e-05
288 1.0265598648312131e-05
289 9.986135689690224e-06
290 1.0936447710508639e-05
291 1.0087544822191648e-05
292 9.764171730576906e-06
293 1.0595608298167633e-05
294 1.0144454146789492e-05
295 1.0851346054018255e-05
296 1.0481685642825115e-05
297 1.009922235691394e-05
298 9.93183676937204e-06
299 1.0375162348018006e-05
