0.3646 0.0018 0.3643 0.0018 0.3643 0.0018 0.3643 0.0018
0.3996 0.0031 0.3994 0.0032 0.4006 0.0031 0.3995 0.0024
0.4003 0.0029 0.4003 0.0029 0.4018 0.0030 0.4021 0.0031
0.5345 0.0045 0.5345 0.0045 0.5342 0.0080 0.5348 0.0038
0.5317 0.0031 0.5360 0.0050 0.5346 0.0041 0.5354 0.0045
0.5167 0.0046 0.5198 0.0033 0.5165 0.0051 0.5156 0.0047
0.5984 0.0054 0.6046 0.0023 0.6038 0.0031 0.6003 0.0080
0.6401 0.0012 0.6474 0.0052 0.6456 0.0052 0.6457 0.0012
0.6540 0.0056 0.6452 0.0078 0.6455 0.0013 0.6459 0.0013
0.8285 0.0075 0.8202 0.0037 0.8201 0.0038 0.8272 0.0049
0.8477 0.0042 0.8387 0.0063 0.8389 0.0062 0.8407 0.0048
0.7946 0.0067 0.7855 0.0042 0.7867 0.0042 0.7923 0.0029
