0.0 0.0 0.0 0.0 0.0 0.0 0.0 0.0
0.960 0.022 0.975 0.021 0.978 0.029 0.969 0.018
0.979 0.035 0.970 0.040 0.960 0.030 0.973 0.026
1.171 0.023 1.172 0.022 1.172 0.019 1.180 0.021
1.0589 0.022 1.0563 0.098 1.057 0.015 1.054 0.015
0.0 0.0 0.0 0.0 0.0 0.0 0.0 0.0
1.256 0.011 1.253 0.020 1.248 0.036 1.258 0.056 1.240 0.034
0.0 0.0 0.0 0.0 0.0 0.0 0.0 0.0
0.0 0.0 0.0 0.0 0.0 0.0 0.0 0.0
1.424 0.050 1.424 0.040 1.435 0.047 1.429 0.051
1.387 0.010 1.3856 0.088 1.385 0.024 1.382 0.028
1.355 0.065 1.360 0.069 1.362 0.043 1.360 0.049
