0.3639 0.0031 0.3625 0.0027 0.3629 0.0012 0.3628 0.0011
0.4010 0.0050 0.4000 0.0020 0.4017 0.0024 0.4017 0.0023
0.3996 0.0013 0.3999 0.0018 0.4013 0.0027 0.4010 0.0025
0.5391 0.0051 0.5387 0.0051 0.5444 0.0022 0.5426 0.0039
0.5422 0.0023 0.5421 0.0024 0.5381 0.0026 0.5377 0.0021
0.5137 0.0036 0.5142 0.0031 0.5191 0.0031 0.5196 0.0020
0.6002 0.0044 0.6004 0.0050 0.6001 0.0020 0.6002 0.0044
0.6454 0.0015 0.6454 0.0012 0.6425 0.0025 0.6399 0.0039
0.6461 0.0012 0.6462 0.0080 0.6469 0.0011 0.6466 0.0090
0.8371 0.0076 0.8364 0.0078 0.8335 0.0032 0.8337 0.0010
0.8337 0.0037 0.8322 0.0050 0.8387 0.0010 0.8388 0.0011
0.8026 0.0042 0.8036 0.0039 0.8016 0.0046 0.8026 0.0014
