0.4065 0.0035 0.4068 0.0030 0.4063 0.0029 0.4060 0.0024
0.4469 0.0015 0.4469 0.0015 0.4480 0.0037 0.4483 0.0036
0.4407 0.0011 0.4437 0.0060 0.4420 0.0080 0.4419 0.0045
0.5876 0.0040 0.5889 0.0080 0.5902 0.0057 0.5865 0.0034
0.5879 0.0023 0.5900 0.0027 0.5861 0.0080 0.5896 0.0044
0.5660 0.0041 0.5660 0.0036 0.5664 0.0056 0.5695 0.0030
0.6244 0.0012 0.6246 0.0010 0.6241 0.0072 0.6244 0.0075
0.6745 0.0046 0.6744 0.0046 0.6730 0.0010 0.6730 0.0010
0.6732 0.0011 0.6733 0.0040 0.6736 0.0057 0.6712 0.0050
0.8602 0.0042 0.8651 0.0022 0.8642 0.0022 0.8645 0.0032
0.8768 0.0061 0.8736 0.0079 0.8727 0.0020 0.8718 0.0032
0.8332 0.0032 0.8323 0.0023 0.8312 0.0031 0.8323 0.0063
