0.0 0.0 0.0 0.0 0.0 0.0 0.0 0.0
0.986 0.044 0.986 0.044 0.996 0.040 1.010 0.032
1.000 0.033 0.997 0.033 1.002 0.038 1.003 0.032 1.003 0.051
0.0 0.0 0.0 0.0 0.0 0.0 0.0 0.0
0.0 0.0 0.0 0.0 0.0 0.0 0.0 0.0
0.0 0.0 0.0 0.0 0.0 0.0 0.0 0.0
1.198 0.039 1.192 0.045 1.161 0.038 1.174 0.040 1.181 0.049
1.192 0.039 1.195 0.039 1.205 0.013 1.2067 0.0097 1.209 0.056
1.208 0.018 1.206 0.021 1.192 0.040 1.190 0.020 1.193 0.075
0.0 0.0 0.0 0.0 0.0 0.0 0.0 0.0
0.0 0.0 0.0 0.0 0.0 0.0 0.0 0.0
0.0 0.0 0.0 0.0 0.0 0.0 0.0 0.0
