0 -3.7728837809264376e-07
1 -4.0215440685023646e-07
2 -3.46178900187768e-07
3 -3.564054896044137e-07
4 -3.5884282477009253e-07
5 -4.379599496819709e-07
6 -3.8001825461582964e-07
7 -4.3839976300875556e-07
8 -3.8327100286140397e-07
9 -3.9597114974372717e-07
10 -3.5525758576236406e-07
11 -3.7626702746644694e-07
12 -4.1361825274594505e-07
13 -3.729438998409458e-07
14 -4.231245364648587e-07
15 -3.815747900177308e-07
16 -3.8640205589311314e-07
17 -3.5518876382931376e-07
18 -3.978546532076174e-07
19 -4.048674254066593e-07
20 -3.8792323829068756e-07
21 -3.5629826006356307e-07
22 -4.0382224734144245e-07
23 -3.6884118765820006e-07
24 -3.8231563025539624e-07
25 -4.143007110566821e-07
26 -3.801128833735553e-07
27 -3.4117538288667644e-07
28 -3.568145562543939e-07
29 -3.8441729836424115e-07
30 -3.546398069398859e-07
31 -4.01039270667579e-07
32 -4.3096529856523937e-07
33 -3.469643843286345e-07
34 -3.817749110514626e-07
35 -3.795290028277357e-07
36 -3.670090748883021e-07
37 -3.801524570233868e-07
38 -3.992411790706469e-07
39 -3.916863600294845e-07
40 -4.224981691391263e-07
41 -4.333269333033719e-07
42 -3.2435960913971225e-07
43 -4.5851889404428083e-07
44 -3.6828077204421433e-07
45 -3.8814152368370165e-07
46 -4.124930481852874e-07
47 -3.932374063909798e-07
48 -3.373318036215624e-07
49 -3.6287005980122966e-07
50 -4.2095365985628234e-07
51 -3.6176469312577995e-07
52 -3.954384268003685e-07
53 -3.5493999517618657e-07
54 -3.03507894533137e-07
55 -3.582544193517661e-07
56 -3.7552230443945595e-07
57 -4.229303023070763e-07
58 -4.2871048654001923e-07
59 -3.8643376506876404e-07
60 -3.519475847608026e-07
61 -3.9738686640693416e-07
62 -3.628895501358405e-07
63 -3.746380225480964e-07
64 -4.0355258182882796e-07
65 -3.2012378407849004e-07
66 -4.223419108866285e-07
67 -4.123982377740418e-07
68 -4.1867909186195605e-07
69 -3.558345714322705e-07
70 -3.9035167734185656e-07
71 -3.379486852694836e-07
72 -3.4566893278511287e-07
73 -3.557693842444256e-07
74 -4.482901163449482e-07
75 -4.0920906165214123e-07
76 -3.899164528204597e-07
77 -4.298661119083782e-07
78 -3.8679856141123827e-07
79 -4.36283169181121e-07
80 -4.1548017942106005e-07
81 -4.12039416011273e-07
82 -3.7799327487052687e-07
83 -3.656345155717494e-07
84 -4.205728474867596e-07
85 -3.6984213090255895e-07
86 -4.0140351761101747e-07
87 -3.923804445507407e-07
88 -4.1622844161255075e-07
89 -4.131693383673807e-07
90 -3.600760953828165e-07
91 -3.974992428656976e-07
92 -4.099091380082574e-07
93 -3.3894798387842705e-07
94 -4.264515857948409e-07
95 -3.885693709862134e-07
96 -4.223073014982498e-07
97 -3.539647015637484e-07
98 -3.730095940929215e-07
99 -3.5308379998252995e-07
100 -3.746103664922661e-07
101 -3.4646316781519525e-07
102 -3.789557019826457e-07
103 -3.52022126612603e-07
104 -2.9916420000628067e-07
105 -3.796753624912554e-07
106 -3.6151061853928664e-07
107 -3.525926624415914e-07
108 -4.440100232957304e-07
109 -3.964888377805904e-07
110 -3.131101113314049e-07
111 -3.884867507240027e-07
112 -3.534939235824238e-07
113 -3.7985091659070314e-07
114 -4.04613526280615e-07
115 -4.129578625049477e-07
116 -4.0638170821120424e-07
117 -3.5878810675379755e-07
118 -3.548560519886095e-07
119 -3.296791716016013e-07
120 -3.7040554340935734e-07
121 -3.315150743296225e-07
122 -3.802750509959815e-07
123 -3.632400786466384e-07
124 -3.8669974429292285e-07
125 -4.349537098258605e-07
126 -3.960388136102037e-07
127 -4.361131709810003e-07
128 -3.7533306073054775e-07
129 -3.351217282860195e-07
130 -3.4602137566908433e-07
131 -3.698638545293188e-07
132 -3.6710109186843327e-07
133 -4.0932590691829526e-07
134 -3.890763865691807e-07
135 -4.331102561401652e-07
136 -3.371949244581152e-07
137 -3.5546647852431263e-07
138 -4.2128047025256017e-07
139 -3.23496691029487e-07
140 -3.7696077328077486e-07
141 -4.4102081659538974e-07
142 -4.119198446490996e-07
143 -3.446636245896395e-07
144 -3.8824602339827984e-07
145 -4.05943053208136e-07
146 -4.1014931786554746e-07
147 -3.66759738092396e-07
148 -3.707478161049325e-07
149 -4.1419775802172455e-07
150 -3.8353240274535217e-07
151 -3.837267397498029e-07
152 -3.944054704200433e-07
153 -3.3083222787006725e-07
154 -3.8433210091893085e-07
155 -3.7329799868541793e-07
156 -3.4307892621760826e-07
157 -3.876319709951515e-07
158 -4.069641055987278e-07
159 -3.821878870203487e-07
160 -4.3662204705223643e-07
161 -3.589753851220322e-07
162 -3.316399246833465e-07
163 -3.9274338173694846e-07
164 -4.0501781834442703e-07
165 -4.162633569432764e-07
166 -3.9439843252713715e-07
167 -3.956978584785768e-07
168 -4.029667332378659e-07
169 -3.6234823086551954e-07
170 -4.0185870746099005e-07
171 -3.595592733818508e-07
172 -3.777601849361974e-07
173 -3.943194966581634e-07
174 -4.2409613162359427e-07
175 -3.5572357029186033e-07
176 -4.330110002273163e-07
177 -3.9261094094789444e-07
178 -4.4715344671294566e-07
179 -4.1983996216258935e-07
180 -3.9673720946479406e-07
181 -4.0197565207492727e-07
182 -3.581195958996653e-07
183 -4.0947209953744057e-07
184 -3.800279075188187e-07
185 -3.882700841018687e-07
186 -3.78905360657585e-07
187 -4.17723530806608e-07
188 -3.850293995218244e-07
189 -3.9070283660558995e-07
190 -4.206194385608108e-07
191 -4.1080007252688985e-07
192 -3.747535176850269e-07
193 -3.5211640170165835e-07
194 -3.1896740169380664e-07
195 -3.4207785228508555e-07
196 -4.5774187588428344e-07
197 -3.9587653300393594e-07
198 -3.252690307531971e-07
199 -3.8422463143638947e-07
200 -3.3566601563019176e-07
201 -3.528466273110746e-07
202 -4.259515326838362e-07
203 -3.885780658826797e-07
204 -3.555423234831635e-07
205 -3.6490194603803915e-07
206 -3.821583324308528e-07
207 -4.307566557301169e-07
208 -4.0723015811675165e-07
209 -3.8573808189585856e-07
210 -3.1713235582283915e-07
211 -3.963258855192503e-07
212 -3.885791442748639e-07
213 -4.3174718020051586e-07
214 -3.7569947355792663e-07
215 -3.499652218522152e-07
216 -4.773764093261097e-07
217 -4.1167292438025225e-07
218 -3.8014016216307223e-07
219 -4.0900750521227946e-07
220 -4.2620883872532884e-07
221 -3.8271725329414174e-07
222 -3.797516991873585e-07
223 -4.0665908500434923e-07
224 -3.7125721103671517e-07
225 -3.3828451456497934e-07
226 -4.041683605149602e-07
227 -3.5520107735036866e-07
228 -3.69856137698536e-07
229 -4.2530523282050557e-07
230 -3.8031359676015327e-07
231 -4.388463993890864e-07
232 -3.711846224436903e-07
233 -3.9060747631003257e-07
234 -3.084672366154196e-07
235 -3.783077664074745e-07
236 -4.152977603927072e-07
237 -3.463673367865689e-07
238 -4.0013126980515847e-07
239 -4.031955405321975e-07
240 -3.681538433313826e-07
241 -3.841689016486042e-07
242 -3.7069076986528527e-07
243 -3.9792479662872914e-07
244 -3.3749512885274815e-07
245 -3.54466253843481e-07
246 -4.56222534779222e-07
247 -4.463878681682592e-07
248 -3.9013691498782983e-07
249 -3.846153156836915e-07
250 -3.317323596100148e-07
251 -3.1830214622976186e-07
252 -4.2904914464622786e-07
253 -4.3422441578465443e-07
254 -4.2564675678481397e-07
255 -4.3756647250479424e-07
256 -3.899591830223892e-07
257 -3.610840556449624e-07
258 -3.605589050648588e-07
259 -4.125915469390407e-07
260 -3.8418566091441943e-07
261 -3.493495603004701e-07
262 -3.766362672538477e-07
263 -3.727980201120282e-07
264 -3.5067196072086947e-07
265 -3.9055768830446165e-07
266 -3.863881836029675e-07
267 -3.853191885689081e-07
268 -3.382746426650639e-07
269 -4.417399209167093e-07
270 -3.804994234179932e-07
271 -3.6692631864504275e-07
272 -3.193821902920381e-07
273 -4.169298552445541e-07
274 -3.8658005255161553e-07
275 -3.7440409021286036e-07
276 -4.423079733098806e-07
277 -3.539287839082339e-07
278 -3.407507784599927e-07
279 -4.3252460904512436e-07
280 -3.1332770422697497e-07
281 -3.494699200965589e-07
282 -3.673065757453036e-07
283 -4.385947764276996e-07
284 -3.6743887766136975e-07
285 -3.395682892681066e-07
286 -4.068981457997605e-07
287 -3.922374771227013e-07
288 -4.272233828188649e-07
289 -3.9612874865008804e-07
290 -3.8271783992315773e-07
291 -3.7291666050906626e-07
292 -2.771726932689344e-07
293 -3.6211472514227e-07
294 -3.7014480496603823e-07
295 -4.395496149513201e-07
296 -4.4048575993099786e-07
297 -4.1827953262461534e-07
298 -3.9349134212798944e-07
299 -4.5010901833963224e-07
