0 -1.6401688860949384e-06
1 -1.5749661999578037e-06
2 -1.671576430376213e-06
3 -1.6560471221757216e-06
4 -1.6341707204811122e-06
5 -1.593732780454877e-06
6 -1.600057609073206e-06
7 -1.5320312589595996e-06
8 -1.6609387141953445e-06
9 -1.6303006451395078e-06
10 -1.707826357684289e-06
11 -1.5735749158956764e-06
12 -1.5620647146896423e-06
13 -1.6606555839274705e-06
14 -1.5603621293401376e-06
15 -1.614980682190895e-06
16 -1.605732374878202e-06
17 -1.6548277422132465e-06
18 -1.5773280427420582e-06
19 -1.625095619526294e-06
20 -1.6794010458033617e-06
21 -1.6695973580111027e-06
22 -1.6181627937827453e-06
23 -1.6247808891644234e-06
24 -1.6422204123785376e-06
25 -1.6083254541267838e-06
26 -1.6089788422882556e-06
27 -1.7176161403069257e-06
28 -1.6467122840917959e-06
29 -1.6588016661916192e-06
30 -1.6624090216814289e-06
31 -1.5344011298695056e-06
32 -1.5765512010822382e-06
33 -1.698711031045474e-06
34 -1.654411954794518e-06
35 -1.5853231515535137e-06
36 -1.6302300987617242e-06
37 -1.5849867572881348e-06
38 -1.607966661200091e-06
39 -1.618258692823656e-06
40 -1.6119419598614673e-06
41 -1.5110049560374456e-06
42 -1.7191649790490361e-06
43 -1.5335623824528826e-06
44 -1.5910171750228157e-06
45 -1.6705242589505006e-06
46 -1.6088601499279923e-06
47 -1.5994227952795383e-06
48 -1.6627876176239982e-06
49 -1.654860246999779e-06
50 -1.6274429890967609e-06
51 -1.6590373651684389e-06
52 -1.6450385657165922e-06
53 -1.6857631495039544e-06
54 -1.7578068497638491e-06
55 -1.6805369043199932e-06
56 -1.6376562062848703e-06
57 -1.5582081144852361e-06
58 -1.6021907649832973e-06
59 -1.5604897488930071e-06
60 -1.6733073641835393e-06
61 -1.5842320173994078e-06
62 -1.6565205728071204e-06
63 -1.687676316050186e-06
64 -1.597473823094045e-06
65 -1.6977097220000669e-06
66 -1.588231789604138e-06
67 -1.573467766876384e-06
68 -1.5858679789758034e-06
69 -1.6296544444687363e-06
70 -1.6005460197947436e-06
71 -1.671244097766396e-06
72 -1.7010958429588492e-06
73 -1.7242306068710345e-06
74 -1.5193530382513015e-06
75 -1.5710306388317938e-06
76 -1.6585251369503775e-06
77 -1.548037171439417e-06
78 -1.67696789844472e-06
79 -1.5204216608926828e-06
80 -1.5754557529230484e-06
81 -1.610783198245399e-06
82 -1.659991328786793e-06
83 -1.6423799109455737e-06
84 -1.602222792014114e-06
85 -1.6848844505335955e-06
86 -1.6498140176147075e-06
87 -1.5912000847361836e-06
88 -1.539340574068285e-06
89 -1.5640925023607906e-06
90 -1.7149085811109247e-06
91 -1.646952570586363e-06
92 -1.5401091132115035e-06
93 -1.6508836575866578e-06
94 -1.4863502781488975e-06
95 -1.6623698062087652e-06
96 -1.5898372173205543e-06
97 -1.6770621353017663e-06
98 -1.59095011804614e-06
99 -1.6607715291388306e-06
100 -1.6659448763508948e-06
101 -1.6926715026360344e-06
102 -1.66403216254635e-06
103 -1.6651208452435153e-06
104 -1.7566050061367278e-06
105 -1.6915273194807595e-06
106 -1.5904384599802404e-06
107 -1.6599329076146522e-06
108 -1.559679190853942e-06
109 -1.6124509957726501e-06
110 -1.718182711997983e-06
111 -1.6207577506389215e-06
112 -1.6918361537847845e-06
113 -1.6336060300281774e-06
114 -1.5733996926665783e-06
115 -1.6151142178277882e-06
116 -1.6128053540800632e-06
117 -1.6771250261928712e-06
118 -1.6279049630774957e-06
119 -1.655828129627828e-06
120 -1.6543681043253681e-06
121 -1.7083428821567512e-06
122 -1.6413184295674734e-06
123 -1.685903688110126e-06
124 -1.6425341151814456e-06
125 -1.562321309980655e-06
126 -1.6271031204410157e-06
127 -1.5572825704437425e-06
128 -1.6728408344738016e-06
129 -1.6362934510748584e-06
130 -1.6804524957082123e-06
131 -1.7070105301977799e-06
132 -1.6345122857619866e-06
133 -1.646536675928199e-06
134 -1.5620471125910253e-06
135 -1.590074493176754e-06
136 -1.64010740039489e-06
137 -1.6458580912155556e-06
138 -1.6210394228072163e-06
139 -1.7148574701035758e-06
140 -1.6001924301548529e-06
141 -1.5269240289809383e-06
142 -1.5722366218304052e-06
143 -1.6505665552265458e-06
144 -1.617449652801334e-06
145 -1.6090169297195095e-06
146 -1.5921287150736737e-06
147 -1.642348522134642e-06
148 -1.6504460287990735e-06
149 -1.6073635903537776e-06
150 -1.6331012732485435e-06
151 -1.6320816508386157e-06
152 -1.613661013474433e-06
153 -1.6892815866391511e-06
154 -1.6544003715285943e-06
155 -1.6276805435050488e-06
156 -1.7018708264875672e-06
157 -1.5956384520601188e-06
158 -1.642469660001885e-06
159 -1.6862154477822915e-06
160 -1.591500558187244e-06
161 -1.6302021395240787e-06
162 -1.645127727619987e-06
163 -1.6294400257003637e-06
164 -1.5439604921682877e-06
165 -1.6069365235435957e-06
166 -1.5970451623455463e-06
167 -1.6039631418545775e-06
168 -1.6361116381106123e-06
169 -1.6685543583422657e-06
170 -1.684568843759085e-06
171 -1.6247182368147817e-06
172 -1.634209596026011e-06
173 -1.6442576087698325e-06
174 -1.5478074483666386e-06
175 -1.6679899225890034e-06
176 -1.5845070058955308e-06
177 -1.6274045791958752e-06
178 -1.5689627355416964e-06
179 -1.6210418938180776e-06
180 -1.6344809925334159e-06
181 -1.6081009403559026e-06
182 -1.7064813053276596e-06
183 -1.6158860270121688e-06
184 -1.6673172706427683e-06
185 -1.663114965859407e-06
186 -1.6374148470370917e-06
187 -1.613415111082266e-06
188 -1.6622391403533134e-06
189 -1.6420334907405478e-06
190 -1.5820096870412585e-06
191 -1.6268134646365927e-06
192 -1.704297089850975e-06
193 -1.6377679435115646e-06
194 -1.7281883245872812e-06
195 -1.7568551664657083e-06
196 -1.5091733975413373e-06
197 -1.6241401440348175e-06
198 -1.6882357073063797e-06
199 -1.6584988569540252e-06
200 -1.7175460255268003e-06
201 -1.6308894507995089e-06
202 -1.5406506480909295e-06
203 -1.6745448805185781e-06
204 -1.64470041445827e-06
205 -1.641695274010542e-06
206 -1.6065443702446168e-06
207 -1.5717541428541483e-06
208 -1.5661465798020926e-06
209 -1.6015615285159208e-06
210 -1.6924295682058375e-06
211 -1.6623970012848457e-06
212 -1.6047621947481759e-06
213 -1.5544859547733722e-06
214 -1.661921012643008e-06
215 -1.6420622422921492e-06
216 -1.5515791762152147e-06
217 -1.584214782944064e-06
218 -1.581996176606264e-06
219 -1.5632361095180766e-06
220 -1.6047610786277447e-06
221 -1.6486491323659452e-06
222 -1.6677711328125554e-06
223 -1.6144007180455304e-06
224 -1.6696105586319917e-06
225 -1.6914386027982983e-06
226 -1.5702382369760973e-06
227 -1.689675151040343e-06
228 -1.642128533277035e-06
229 -1.6079847693137988e-06
230 -1.6319042949568185e-06
231 -1.5815353158166125e-06
232 -1.6666549374759105e-06
233 -1.57948063273373e-06
234 -1.7179510383646716e-06
235 -1.7128807846898996e-06
236 -1.5794632317168054e-06
237 -1.6698477314573073e-06
238 -1.6127345892157192e-06
239 -1.5849780152627012e-06
240 -1.6824304265672923e-06
241 -1.6279492852405104e-06
242 -1.6902817816238891e-06
243 -1.636678791537624e-06
244 -1.6655467597356378e-06
245 -1.6314826423141163e-06
246 -1.5265227589543413e-06
247 -1.591732085748862e-06
248 -1.5761883668661274e-06
249 -1.599136739313064e-06
250 -1.6781889463979005e-06
251 -1.7126091345298325e-06
252 -1.5951155948824718e-06
253 -1.6235609577850896e-06
254 -1.6004110564390801e-06
255 -1.5671380549051851e-06
256 -1.6547410654480017e-06
257 -1.7353572612320676e-06
258 -1.6450495831218456e-06
259 -1.5920461059172863e-06
260 -1.6213341668677993e-06
261 -1.6666640798943665e-06
262 -1.6216942829712195e-06
263 -1.6107239459244446e-06
264 -1.6948866273143927e-06
265 -1.6110915594227653e-06
266 -1.6136555583751537e-06
267 -1.6327530045566157e-06
268 -1.6606717832836437e-06
269 -1.5687656647759363e-06
270 -1.6383004046758127e-06
271 -1.6391647579617778e-06
272 -1.6926079677586282e-06
273 -1.5636111258738875e-06
274 -1.6249522439583282e-06
275 -1.6797354021046235e-06
276 -1.5803015169505026e-06
277 -1.6548695509041699e-06
278 -1.6818318854135548e-06
279 -1.5616683078087243e-06
280 -1.7406344348140491e-06
281 -1.622642471966037e-06
282 -1.6743248266744344e-06
283 -1.538340011924587e-06
284 -1.6465923089724335e-06
285 -1.669805116484326e-06
286 -1.586147444066549e-06
287 -1.6184093247032785e-06
288 -1.553961622623849e-06
289 -1.6518562169945276e-06
290 -1.597807249123688e-06
291 -1.6654216629168835e-06
292 -1.7925362866448855e-06
293 -1.6765000252458544e-06
294 -1.6335241110473142e-06
295 -1.588209980340002e-06
296 -1.540612868397463e-06
297 -1.5790478286491043e-06
298 -1.597088970265163e-06
299 -1.5277351352239785e-06
