0 -1.669516637276767e-08
1 2.9914661779074304e-08
2 -6.850469039647466e-08
3 -6.445017909043687e-08
4 -1.7655763756303423e-08
5 1.378684898267613e-08
6 1.6428426382892757e-08
7 8.776575809078908e-08
8 -3.622866979846193e-08
9 -1.7976633909398033e-08
10 -6.264263389898804e-08
11 4.3069099269123664e-08
12 3.2368206985824836e-08
13 -4.52514674974742e-08
14 5.446612256680328e-08
15 3.0565893924612483e-09
16 2.445530915068338e-08
17 -3.9547357387634154e-08
18 5.806859544764056e-08
19 -2.1712813036423135e-08
20 -5.7063201206867304e-08
21 -3.4081247750610755e-08
22 -1.1738835082847206e-08
23 -1.058504699210593e-08
24 -4.1428001597451515e-08
25 -3.5222630238354256e-08
26 -7.119290364337776e-09
27 -7.465277548837738e-08
28 1.209918881114936e-08
29 -5.573996331614905e-08
30 -1.3176580682475e-08
31 6.98478865476708e-08
32 4.2398011871491375e-08
33 -8.73390129386406e-08
34 -1.570009913703655e-08
35 5.428442514632597e-08
36 -4.304994312869525e-09
37 3.326028087371915e-08
38 5.905126448306444e-09
39 -1.8045435714089374e-09
40 -1.3688942529986324e-08
41 1.0684990716528457e-07
42 -8.325782876373036e-08
43 7.548435057406752e-08
44 2.5159435979114818e-08
45 -4.203683100250391e-08
46 9.090163937980628e-09
47 3.320998501291546e-08
48 -2.6610770928455527e-08
49 -7.748884591224209e-08
50 -9.809715685345624e-09
51 -2.8562877177656167e-08
52 -5.269482114256405e-08
53 -5.248138786483244e-08
54 -1.5678318646758698e-07
55 -5.2888005515585536e-08
56 -3.132623488130443e-08
57 3.052159378382061e-08
58 1.599361847786298e-08
59 9.973748747873779e-08
60 -5.58555029829573e-08
61 4.1270746239076444e-08
62 1.920790932046511e-09
63 -7.192462478034897e-08
64 -3.5016602372986493e-09
65 -8.07714715414744e-08
66 7.648794873128431e-09
67 2.4906885532641147e-08
68 4.61543926627498e-08
69 1.2858920329477409e-08
70 8.590138722809364e-09
71 -5.644196039365409e-08
72 -8.086098069323395e-08
73 -1.1922293407775467e-07
74 9.46963474917053e-08
75 5.470566372534149e-08
76 -5.045948861615843e-08
77 4.347890906216977e-08
78 -7.432521359628584e-08
79 6.90060462256763e-08
80 2.688769400432539e-08
81 -1.7941558498791978e-08
82 -6.285769223186782e-08
83 -1.4415877234411045e-08
84 1.223408818369788e-08
85 -8.009113773726242e-08
86 -4.039226615196917e-08
87 3.4588707507021795e-08
88 6.507609568976592e-08
89 4.392532791504469e-08
90 -1.2008684348021704e-07
91 -3.175876856625654e-08
92 6.043647467851681e-08
93 -2.4429833677352145e-08
94 1.7426376345752502e-07
95 -7.149254512193276e-08
96 1.727001581199965e-08
97 -6.241518547621157e-08
98 2.967821400552906e-08
99 -5.312287495201318e-08
100 -5.763680311959352e-08
101 -7.643759063615137e-08
102 -2.7549069469920703e-08
103 -9.437729938578477e-08
104 -1.1766660423637039e-07
105 -8.037561282618338e-08
106 2.735111676066699e-08
107 -3.26843462838025e-08
108 5.6410540434691035e-08
109 -1.623454565911795e-08
110 -6.704922959397332e-08
111 1.1148454397430542e-10
112 -1.1043225077837162e-07
113 4.871405157750584e-09
114 4.5628448131819007e-08
115 2.5027417595964133e-08
116 2.664357342058371e-08
117 -3.952034421133124e-08
118 -1.897899459021086e-08
119 -4.116793001791819e-08
120 -4.438380565467618e-08
121 -7.075723437702692e-08
122 -3.130914435967205e-08
123 -6.06625883846008e-08
124 -3.15747653868736e-09
125 5.719689032863735e-08
126 -2.547364484527439e-09
127 8.525348135576548e-08
128 -3.155008437163003e-08
129 -5.874157885368248e-09
130 -5.834911843074851e-08
131 -6.749471386996541e-08
132 -1.5376395827859114e-08
133 -3.5300818609762946e-08
134 8.262637841092469e-08
135 4.878583619238902e-08
136 -2.1638717757283667e-08
137 -3.963527306195293e-08
138 1.904076401772399e-08
139 -8.220555405546766e-08
140 2.3306958275329798e-08
141 9.137238036805086e-08
142 4.53897236876053e-08
143 -2.8819402919809195e-08
144 -9.151048581217239e-12
145 -5.4162988480226765e-09
146 1.8691727715007982e-08
147 -4.0018123734753526e-08
148 -2.799855988363798e-08
149 1.7457620299593477e-08
150 -1.1923204027571884e-08
151 9.65985530263323e-09
152 1.3330990166364153e-09
153 -7.48396962334419e-08
154 -5.323870320923173e-08
155 6.7430590266184895e-09
156 -9.018495211692315e-08
157 2.7588835221189317e-08
158 -3.132318877945455e-08
159 -7.5753262891153e-08
160 1.7904094013790622e-08
161 -1.1361930695042138e-08
162 -1.9205467311931558e-08
163 -2.1452053724846892e-08
164 8.684246744133562e-08
165 1.5732511805309675e-08
166 9.102554966910086e-09
167 1.3922895741260965e-08
168 -8.926899279911838e-09
169 -3.5224964061408374e-08
170 -7.019030716563513e-08
171 7.1677916859498326e-09
172 1.2488379400240578e-08
173 -3.2357879664314026e-08
174 6.021958329828264e-08
175 -6.348407775866785e-08
176 5.7774891909110074e-08
177 2.3343314293650286e-09
178 5.6120497421092985e-08
179 -1.9660927732406516e-08
180 1.8794964693367296e-08
181 9.046846831196467e-09
182 -7.110128953906401e-08
183 1.6176323456990983e-08
184 -5.1362390478422e-08
185 -6.735304001555702e-08
186 -2.565518052304283e-08
187 -2.5773177205658847e-09
188 -6.332845642944893e-08
189 -1.2355031844643967e-08
190 2.712728484184255e-08
191 7.109500723590762e-10
192 -9.856822804033417e-08
193 1.9628510423762936e-08
194 -1.2277140901336526e-07
195 -1.1129562600588362e-07
196 1.1501744882099719e-07
197 -2.043011277887647e-09
198 -4.438586971694947e-08
199 -4.746965381896061e-08
200 -6.891635503213489e-08
201 -1.7060545510531735e-08
202 7.918233785623622e-08
203 -2.7080805855928292e-08
204 -1.0610528951272122e-08
205 -2.4392254962986592e-08
206 4.2840748745735356e-08
207 5.757218745687002e-08
208 4.5561769616300984e-08
209 1.2153864292215295e-08
210 -9.722387786362767e-08
211 -5.8578052805798166e-08
212 1.752667678637085e-08
213 5.524438956316107e-08
214 -4.862445357103144e-08
215 -1.3993229366175364e-08
216 6.999378463321949e-08
217 2.2709127899570178e-08
218 3.122063008964139e-08
219 6.237069034664159e-08
220 -1.7131195417456415e-08
221 -4.640221943992058e-08
222 -7.168064568949108e-08
223 -1.664036924949486e-08
224 -3.8133906590448747e-08
225 -7.575319162313623e-08
226 3.5915574463246255e-08
227 -5.893006126174978e-08
228 -2.147769269967272e-08
229 3.672173558565156e-08
230 -1.6463255660996206e-09
231 1.8151433969055406e-08
232 -2.244641664123769e-08
233 1.958467398969046e-08
234 -8.400093697838906e-08
235 -1.0692511789451088e-07
236 4.220644739966755e-08
237 -2.6865411068501746e-08
238 1.9904258151067076e-08
239 5.54257595464905e-08
240 -6.403252940526483e-08
241 -8.379015711911808e-09
242 -4.5924635683057654e-08
243 -2.6928684316722597e-08
244 -3.0803661401047525e-08
245 2.151769398235545e-08
246 8.489307865924099e-08
247 -1.735615268163896e-09
248 5.5178839535504015e-08
249 4.442344727207106e-09
250 -4.372297103232113e-08
251 -1.1203366243061396e-07
252 5.3061091767979124e-08
253 -4.29009788419231e-08
254 1.932864622533693e-08
255 5.1942206076171247e-08
256 -2.4445784948824794e-08
257 -9.271191220489462e-08
258 -6.576890531708922e-08
259 8.970087581035943e-09
260 3.261919001745506e-08
261 -3.271611779126096e-08
262 1.8993519060190052e-08
263 -4.74206794189301e-09
264 -6.471432312789659e-08
265 -9.667920729438808e-09
266 -9.805920104585778e-10
267 -1.9002998877291546e-08
268 -1.8375694796066264e-08
269 5.141644229987026e-08
270 -1.0529799446304343e-08
271 -1.8862692066064162e-08
272 -7.6968391318699e-08
273 4.892405672899963e-08
274 2.6035956279102873e-08
275 -2.9102991236384105e-08
276 1.784837814058779e-09
277 -3.1185341675876325e-08
278 -7.964224300193466e-08
279 5.386089314994001e-08
280 -1.1176198193666696e-07
281 1.1039099618666595e-08
282 -3.6104862473401004e-08
283 7.040509593322297e-08
284 -3.309585484074189e-08
285 -5.1667707259042705e-08
286 3.3571632557904795e-08
287 5.076301705198017e-09
288 4.359845447771682e-08
289 -2.5966867114791573e-08
290 1.0738955422706505e-08
291 -4.411004902677637e-08
292 -1.6422075788313467e-07
293 -4.975101954145197e-08
294 -4.195615780570664e-08
295 -6.61697883306795e-10
296 6.773576181511819e-08
297 1.2129179159085403e-08
298 7.400299197573227e-09
299 1.0284126541748381e-07
