0 -1.430272878904374e-06
1 -1.414491022548586e-06
2 -1.3411359972401112e-06
3 -1.3220281747794596e-06
4 -1.3807672640968388e-06
5 -1.3502373503378261e-06
6 -1.425926780713093e-06
7 -1.4313933145308873e-06
8 -1.3964575516878108e-06
9 -1.3666801993732087e-06
10 -1.408659716130866e-06
11 -1.3906027433097133e-06
12 -1.3733383126641783e-06
13 -1.3794535198022068e-06
14 -1.388634504732094e-06
15 -1.41086405726038e-06
16 -1.4317714968545895e-06
17 -1.34113682788157e-06
18 -1.4534852565750767e-06
19 -1.3700325843625064e-06
20 -1.3884578379125664e-06
21 -1.4112693170818184e-06
22 -1.3580383606401453e-06
23 -1.399692694343803e-06
24 -1.349733266828353e-06
25 -1.2786704419864128e-06
26 -1.3322713607074153e-06
27 -1.3931776676196354e-06
28 -1.4622504003095878e-06
29 -1.3556678500904297e-06
30 -1.439309783383937e-06
31 -1.3713765679915399e-06
32 -1.410126292357015e-06
33 -1.3272103664993802e-06
34 -1.420538293675284e-06
35 -1.4696924251899408e-06
36 -1.400594901403373e-06
37 -1.4019995062353479e-06
38 -1.3911593918779148e-06
39 -1.380564585816987e-06
40 -1.3617734504881657e-06
41 -1.4413260784776633e-06
42 -1.3947208590667847e-06
43 -1.4074443214424496e-06
44 -1.3748755235160826e-06
45 -1.399961934884897e-06
46 -1.3867900889214834e-06
47 -1.4068795292816444e-06
48 -1.401025134547785e-06
49 -1.2738810708256868e-06
50 -1.429852442174857e-06
51 -1.412946632695174e-06
52 -1.3080133356488702e-06
53 -1.3925651396094797e-06
54 -1.2745275247311636e-06
55 -1.4063916018562183e-06
56 -1.3637446291889662e-06
57 -1.3800767382150052e-06
58 -1.41200436573459e-06
59 -1.4878387049178824e-06
60 -1.3932238272712238e-06
61 -1.4191812441617096e-06
62 -1.4737191097536138e-06
63 -1.3594660426640079e-06
64 -1.3217177029270998e-06
65 -1.3726967535872286e-06
66 -1.3741759672002245e-06
67 -1.3661299325446236e-06
68 -1.4399951127806974e-06
69 -1.4480803308911455e-06
70 -1.4140895686060896e-06
71 -1.3541419523560217e-06
72 -1.3772532593682017e-06
73 -1.3282423000807468e-06
74 -1.4397871425749028e-06
75 -1.4302392520739229e-06
76 -1.3350149818569582e-06
77 -1.3591470279903578e-06
78 -1.340858319187291e-06
79 -1.3510244491046193e-06
80 -1.3934863130152609e-06
81 -1.3301454811843393e-06
82 -1.3421977560490607e-06
83 -1.381980112475149e-06
84 -1.4025673870958463e-06
85 -1.3455888344660517e-06
86 -1.3768849160568726e-06
87 -1.4310957012509688e-06
88 -1.3767961384027039e-06
89 -1.3716969881286832e-06
90 -1.2972264818921036e-06
91 -1.3921955619062148e-06
92 -1.374845948535944e-06
93 -1.3963137079731385e-06
94 -1.568698078222143e-06
95 -1.3183750644825686e-06
96 -1.3997845845118469e-06
97 -1.3715683032237844e-06
98 -1.4105050554456752e-06
99 -1.340166749126502e-06
100 -1.3464006000327973e-06
101 -1.3512358707172008e-06
102 -1.422398586609346e-06
103 -1.2540509221519343e-06
104 -1.3756361335245297e-06
105 -1.3534755510996326e-06
106 -1.4389637789537771e-06
107 -1.4091663677287345e-06
108 -1.4140578782934269e-06
109 -1.344457915788723e-06
110 -1.4469288079063412e-06
111 -1.4181287873031785e-06
112 -1.2453300737668072e-06
113 -1.4165824777094712e-06
114 -1.4435725174927199e-06
115 -1.4562987754059802e-06
116 -1.4574247919273167e-06
117 -1.3779733317084951e-06
118 -1.3532820416363703e-06
119 -1.395426355247565e-06
120 -1.340517541853544e-06
121 -1.395285693129723e-06
122 -1.3737632659864318e-06
123 -1.3625155151821696e-06
124 -1.4442668738147916e-06
125 -1.4358659573550349e-06
126 -1.4194284769484504e-06
127 -1.4433116388059795e-06
128 -1.4209058796118643e-06
129 -1.399087655916978e-06
130 -1.3660435816272888e-06
131 -1.3723372334168489e-06
132 -1.3956304614363936e-06
133 -1.369804329916962e-06
134 -1.4477658618451513e-06
135 -1.43573669637737e-06
136 -1.3644969205745573e-06
137 -1.3586236817517903e-06
138 -1.4525083470822422e-06
139 -1.3840895410670203e-06
140 -1.4443084370345946e-06
141 -1.4341446188151727e-06
142 -1.4321367912530436e-06
143 -1.3765122863937445e-06
144 -1.3958435051380194e-06
145 -1.3571686897763878e-06
146 -1.401065351196199e-06
147 -1.3631850494067169e-06
148 -1.3833216508819321e-06
149 -1.386238775884891e-06
150 -1.4171116294404185e-06
151 -1.4311470627063228e-06
152 -1.388162114781083e-06
153 -1.3409614560417514e-06
154 -1.3663307071006227e-06
155 -1.4380047138929217e-06
156 -1.3506350424937119e-06
157 -1.4086550027418268e-06
158 -1.3760235929649726e-06
159 -1.3890961175225602e-06
160 -1.374344611272209e-06
161 -1.3577486889420943e-06
162 -1.4139607811199389e-06
163 -1.359774020527566e-06
164 -1.4547051954721977e-06
165 -1.4062622920592012e-06
166 -1.3810225743312857e-06
167 -1.4410419942424968e-06
168 -1.397362647901874e-06
169 -1.4226288219510382e-06
170 -1.3784823579677649e-06
171 -1.386089641667251e-06
172 -1.4768159171417925e-06
173 -1.3922252809652245e-06
174 -1.3976569335948237e-06
175 -1.3173127060946108e-06
176 -1.4944714258933293e-06
177 -1.429580490632677e-06
178 -1.4604723027838254e-06
179 -1.3556741526797796e-06
180 -1.4615164025673394e-06
181 -1.4162232534312273e-06
182 -1.4106704116876654e-06
183 -1.440720431857072e-06
184 -1.3912096756580236e-06
185 -1.3235774453861294e-06
186 -1.3354935791927085e-06
187 -1.3582951173061998e-06
188 -1.3359023345393508e-06
189 -1.4114269678503311e-06
190 -1.4068351532040142e-06
191 -1.3835954331197648e-06
192 -1.3026362723062205e-06
193 -1.482576661079901e-06
194 -1.3139935748488607e-06
195 -1.3943940956333547e-06
196 -1.4853272520546412e-06
197 -1.3901654893858592e-06
198 -1.42804394451654e-06
199 -1.3242542783717667e-06
200 -1.4121196803122513e-06
201 -1.3912622310022671e-06
202 -1.3961498061460949e-06
203 -1.4477928160481044e-06
204 -1.3902752867240776e-06
205 -1.3696931446578228e-06
206 -1.4664895670521192e-06
207 -1.4365034956943603e-06
208 -1.3819497790271945e-06
209 -1.3669739637542577e-06
210 -1.319763919442314e-06
211 -1.3715984293703192e-06
212 -1.4205109796288069e-06
213 -1.4238486998382032e-06
214 -1.369508211597215e-06
215 -1.3787506715280437e-06
216 -1.4752986664916619e-06
217 -1.4062656749603551e-06
218 -1.3654270659549775e-06
219 -1.4268262840093401e-06
220 -1.3467916198626649e-06
221 -1.3641236413269453e-06
222 -1.3110780429193454e-06
223 -1.3490122828635257e-06
224 -1.409128353558743e-06
225 -1.339645593915567e-06
226 -1.3942452808119085e-06
227 -1.4329811521112219e-06
228 -1.390812673338326e-06
229 -1.460352199659275e-06
230 -1.4490908594204515e-06
231 -1.3751805435541804e-06
232 -1.454487229003951e-06
233 -1.3388733432696885e-06
234 -1.3399852279866049e-06
235 -1.325655848319355e-06
236 -1.434530248318988e-06
237 -1.4487433445440112e-06
238 -1.4438168084126408e-06
239 -1.4471629232628783e-06
240 -1.3892673309143272e-06
241 -1.412641345993081e-06
242 -1.4197061218962579e-06
243 -1.3911538434780278e-06
244 -1.4026179325640887e-06
245 -1.470304245812416e-06
246 -1.4066298366457085e-06
247 -1.3441031693796748e-06
248 -1.428652707545646e-06
249 -1.3354001795655017e-06
250 -1.425216387146633e-06
251 -1.277709697070796e-06
252 -1.449479271230605e-06
253 -1.3258018229532449e-06
254 -1.3867433270166566e-06
255 -1.4072893772929802e-06
256 -1.40717252661988e-06
257 -1.3850775404637185e-06
258 -1.3021691476618751e-06
259 -1.3640164801932491e-06
260 -1.4497725704402935e-06
261 -1.391670696683517e-06
262 -1.4404820794479071e-06
263 -1.3601441677339834e-06
264 -1.3911031117850395e-06
265 -1.3280841879382734e-06
266 -1.3423918256213964e-06
267 -1.3827481699840344e-06
268 -1.406131132047377e-06
269 -1.4319667214714815e-06
270 -1.4376913235425106e-06
271 -1.3980777883257455e-06
272 -1.3374534408025408e-06
273 -1.4038707555373392e-06
274 -1.4651216962815286e-06
275 -1.4449335330665157e-06
276 -1.3437684031505264e-06
277 -1.39324605744808e-06
278 -1.3321818074940738e-06
279 -1.4082354167783247e-06
280 -1.351807383258417e-06
281 -1.4215404397987139e-06
282 -1.449517980976846e-06
283 -1.410118424558616e-06
284 -1.3655157716286734e-06
285 -1.3627773347814707e-06
286 -1.4229468162690653e-06
287 -1.4291999952204504e-06
288 -1.3533388156473512e-06
289 -1.3890947142471744e-06
290 -1.382157848366963e-06
291 -1.39123887361268e-06
292 -1.3332051389647851e-06
293 -1.4054561856850588e-06
294 -1.3127264826737964e-06
295 -1.3099631974672396e-06
296 -1.4026503431923924e-06
297 -1.3609177614439843e-06
298 -1.36668253866888e-06
299 -1.437821198201834e-06
