0 -6.133255110502823e-08
1 -6.235345110634157e-08
2 -5.4135122535593644e-08
3 -5.666997974494018e-08
4 -5.8222179411386165e-08
5 -6.722766089960433e-08
6 -6.183304545127865e-08
7 -6.350850658057883e-08
8 -5.832241450259047e-08
9 -5.920509858928799e-08
10 -5.9000518160309256e-08
11 -5.80116751552705e-08
12 -5.7370620685251265e-08
13 -5.535430502929795e-08
14 -5.817405673857656e-08
15 -5.647127324767938e-08
16 -6.08411558589642e-08
17 -5.7739588369557405e-08
18 -5.5781634508877554e-08
19 -6.194827143091075e-08
20 -6.383311343688108e-08
21 -5.4473515986886454e-08
22 -6.213534243339747e-08
23 -5.5255187379456266e-08
24 -5.857390779951603e-08
25 -6.263292442795946e-08
26 -6.204700770018173e-08
27 -6.063563157503242e-08
28 -5.3861058568148104e-08
29 -6.209935014626818e-08
30 -5.621946526796112e-08
31 -5.7725619889471546e-08
32 -6.890190361657652e-08
33 -6.155162455280586e-08
34 -6.252064704770632e-08
35 -5.619701809301018e-08
36 -5.737518359171673e-08
37 -5.6912388687204366e-08
38 -5.915311991201424e-08
39 -6.593341510745467e-08
40 -6.676574434599484e-08
41 -6.2202526802623e-08
42 -5.277014492232914e-08
43 -6.392134719186652e-08
44 -5.780818424250608e-08
45 -5.7955591955435084e-08
46 -5.955499061431287e-08
47 -6.32129362214919e-08
48 -5.614026819371503e-08
49 -5.712444071277194e-08
50 -6.571091256396283e-08
51 -5.392180607826875e-08
52 -6.25638240603082e-08
53 -5.5610853652298706e-08
54 -5.270859700558339e-08
55 -5.619863626087111e-08
56 -5.9596038519025386e-08
57 -6.334663571262598e-08
58 -5.918633828167857e-08
59 -5.378580431574655e-08
60 -5.7282607510555536e-08
61 -5.600221227761408e-08
62 -5.905161586609273e-08
63 -5.4696329097756335e-08
64 -6.430686384132078e-08
65 -5.3855774892605375e-08
66 -6.248617176819356e-08
67 -6.601949497465406e-08
68 -6.474880536483109e-08
69 -5.815138374553924e-08
70 -5.6095022390108734e-08
71 -5.7269675743200216e-08
72 -5.725271318770286e-08
73 -5.335218055424478e-08
74 -6.380712836765513e-08
75 -5.942491096525833e-08
76 -5.880905055495658e-08
77 -6.951661426488109e-08
78 -6.449926861594811e-08
79 -6.089961884483729e-08
80 -6.484805985325359e-08
81 -6.373800906859653e-08
82 -6.325556035388631e-08
83 -6.135113670208956e-08
84 -5.99679759371723e-08
85 -5.913811304712435e-08
86 -6.087786210227577e-08
87 -6.102215595776109e-08
88 -6.178772092827532e-08
89 -6.588971022936498e-08
90 -5.922223407668389e-08
91 -6.556380539602782e-08
92 -5.7509522753305426e-08
93 -4.848591154602334e-08
94 -6.199136255196568e-08
95 -6.80328964139314e-08
96 -5.96179748671905e-08
97 -5.8350498253148525e-08
98 -6.136558097496148e-08
99 -5.775033195854449e-08
100 -6.24409783500789e-08
101 -5.968269667383316e-08
102 -5.960722554845645e-08
103 -5.581117090012847e-08
104 -5.5792334787760045e-08
105 -6.15794936855525e-08
106 -5.306518229581672e-08
107 -5.1865717222649143e-08
108 -6.905924143701966e-08
109 -6.292846609346994e-08
110 -5.082360090349165e-08
111 -5.78604845114935e-08
112 -5.8133671480403267e-08
113 -5.793608668435688e-08
114 -6.201492058275903e-08
115 -6.255051270027381e-08
116 -6.474114169846819e-08
117 -5.8575945352365336e-08
118 -5.7690153824819186e-08
119 -5.6681080389024785e-08
120 -6.073695626793239e-08
121 -5.235192374252629e-08
122 -6.567319742797357e-08
123 -6.10160895285159e-08
124 -5.8820231285009736e-08
125 -6.20780930562977e-08
126 -6.023921349596239e-08
127 -6.144000844522226e-08
128 -5.60264033958216e-08
129 -6.04282353758865e-08
130 -6.02224419808792e-08
131 -6.419977413303352e-08
132 -5.7463264526245895e-08
133 -5.6957181992539734e-08
134 -5.991105375257111e-08
135 -6.184206353886788e-08
136 -5.3276365223207416e-08
137 -5.6225729342353856e-08
138 -6.724812080254717e-08
139 -5.781074827184811e-08
140 -5.458282143091469e-08
141 -6.328526414308315e-08
142 -5.815549670095153e-08
143 -5.8035637685603e-08
144 -5.831264091384001e-08
145 -6.592728921262271e-08
146 -6.019620285044101e-08
147 -5.9414087055309905e-08
148 -6.323203293403385e-08
149 -6.36976939623526e-08
150 -5.650262319304774e-08
151 -6.189099608112892e-08
152 -5.964745967127875e-08
153 -5.382844797969838e-08
154 -6.186228476680843e-08
155 -5.624994403809147e-08
156 -5.4150238672355e-08
157 -5.848781733485267e-08
158 -6.516677765381347e-08
159 -6.113589390737231e-08
160 -7.191861280746845e-08
161 -6.364539170337607e-08
162 -5.200114412599685e-08
163 -6.218335340981788e-08
164 -5.498790676366949e-08
165 -6.440890111611021e-08
166 -6.31425504550057e-08
167 -5.721042371920426e-08
168 -6.362101195104199e-08
169 -5.832227750687826e-08
170 -5.9442377688672106e-08
171 -6.028060515657164e-08
172 -5.7332970812365925e-08
173 -5.851998458720494e-08
174 -6.345651832533651e-08
175 -5.548696089584882e-08
176 -6.421670586727725e-08
177 -6.361208392984632e-08
178 -6.616993998202317e-08
179 -6.70591202849522e-08
180 -6.307087352365329e-08
181 -6.32359077362314e-08
182 -5.8039128284489676e-08
183 -6.579518987668017e-08
184 -6.307288891768916e-08
185 -5.837842176852173e-08
186 -5.9108464272118e-08
187 -6.461592192790604e-08
188 -6.122917899107226e-08
189 -5.71154917965306e-08
190 -5.939525165642506e-08
191 -6.620575824812987e-08
192 -6.172432266865033e-08
193 -5.340531697774581e-08
194 -5.0486782543029994e-08
195 -6.046119648072369e-08
196 -6.349062941970668e-08
197 -5.860895078821039e-08
198 -5.1010345996406465e-08
199 -6.602882062714524e-08
200 -5.992350915282681e-08
201 -5.754846140526681e-08
202 -6.49697052168772e-08
203 -5.849284572379966e-08
204 -6.081565212133199e-08
205 -5.9279971687295185e-08
206 -5.878342466982461e-08
207 -6.511914091996437e-08
208 -6.233039683340847e-08
209 -5.7178543571913544e-08
210 -5.66689717601562e-08
211 -6.191246572754571e-08
212 -5.465883400497957e-08
213 -6.470945903970116e-08
214 -6.35930807466703e-08
215 -6.12366529912714e-08
216 -6.99585672967457e-08
217 -6.48330705758663e-08
218 -6.363766235202154e-08
219 -6.021057271337097e-08
220 -6.606565294085036e-08
221 -5.9545418756716765e-08
222 -6.641422016066572e-08
223 -6.160053710490108e-08
224 -6.076784204929289e-08
225 -5.5131462896083203e-08
226 -5.8699619522369074e-08
227 -5.8783350284763335e-08
228 -5.565739486081436e-08
229 -6.811506233300835e-08
230 -6.780666229825646e-08
231 -6.951248532983265e-08
232 -5.604284018839189e-08
233 -5.922873165451405e-08
234 -5.135808649331587e-08
235 -6.453342218169135e-08
236 -6.324670676425587e-08
237 -5.775678831239621e-08
238 -5.797728660887841e-08
239 -5.970696344869369e-08
240 -6.294743832454195e-08
241 -5.7331957026495227e-08
242 -5.943258732460153e-08
243 -5.648678600426688e-08
244 -5.4396242820447174e-08
245 -5.517605210722679e-08
246 -6.581408277125341e-08
247 -6.982983168586721e-08
248 -5.8577369133058365e-08
249 -6.002592051911158e-08
250 -5.2628806814084397e-08
251 -5.5179154516151375e-08
252 -6.548097366501132e-08
253 -6.628293326118276e-08
254 -5.673866039145816e-08
255 -6.359074130570691e-08
256 -6.263802003115001e-08
257 -5.9591749863642785e-08
258 -5.6707286043992845e-08
259 -6.3118908449745e-08
260 -5.856933730939233e-08
261 -5.357483470481973e-08
262 -5.897720687709125e-08
263 -5.428827645689413e-08
264 -5.6461295594409986e-08
265 -5.952432651814905e-08
266 -5.7047303406776524e-08
267 -5.853163402416866e-08
268 -5.804628309232159e-08
269 -6.896874341202166e-08
270 -6.137234295095694e-08
271 -5.851187488776543e-08
272 -5.374062154761701e-08
273 -6.383095899880312e-08
274 -6.576518264152585e-08
275 -5.708647219863046e-08
276 -6.403226618756106e-08
277 -6.039601574315585e-08
278 -5.698128393442647e-08
279 -6.283420875664634e-08
280 -5.056487077934684e-08
281 -5.4756142104833115e-08
282 -5.756221936421335e-08
283 -6.243980235844115e-08
284 -5.730464555353277e-08
285 -5.63745165669942e-08
286 -6.300564192869465e-08
287 -6.142670822660238e-08
288 -6.559379778895026e-08
289 -6.023583207170026e-08
290 -6.466680815539623e-08
291 -6.069782854277092e-08
292 -4.360463929918352e-08
293 -5.591090815899757e-08
294 -5.390612120187016e-08
295 -6.552315410017643e-08
296 -6.260364868509571e-08
297 -6.354637947609206e-08
298 -6.043568467025122e-08
299 -6.766488511182081e-08
