0 7.795763649830729e-07
1 7.802087429896868e-07
2 7.744494231489937e-07
3 8.000006758833901e-07
4 7.843731783252889e-07
5 7.882075457253991e-07
6 7.868524870891994e-07
7 7.71863016398169e-07
8 7.722770383166454e-07
9 7.901209827196417e-07
10 7.743214937940497e-07
11 7.865625553374904e-07
12 7.726063763148386e-07
13 7.818638682550713e-07
14 7.893347773466683e-07
15 7.830626800747754e-07
16 8.026545922450576e-07
17 7.930534677147775e-07
18 7.690606571713737e-07
19 7.810191136762416e-07
20 7.80387403738502e-07
21 7.596276163079449e-07
22 7.68756410605965e-07
23 7.722524418508713e-07
24 7.580588800173691e-07
25 7.713975390742689e-07
26 7.803174357639212e-07
27 7.657835427356651e-07
28 7.782623633641278e-07
29 7.931921817159153e-07
30 7.787216640523366e-07
31 7.796959819404704e-07
32 7.737323975949704e-07
33 7.819035210477968e-07
34 7.923153533717533e-07
35 7.783552289236483e-07
36 7.884647950556545e-07
37 7.876689945248242e-07
38 7.86353413780242e-07
39 7.857133730920368e-07
40 7.755171022887046e-07
41 7.70886520029507e-07
42 7.739469154901231e-07
43 7.790385528837682e-07
44 8.088467757225474e-07
45 7.863110093192502e-07
46 7.71090717438018e-07
47 7.739062395464221e-07
48 7.842687449643736e-07
49 7.599961786566467e-07
50 7.826182204567176e-07
51 7.684408053499867e-07
52 7.820747808181171e-07
53 7.792691942921136e-07
54 7.785071987770622e-07
55 7.757740574158769e-07
56 7.732194586542078e-07
57 7.876940266762862e-07
58 7.763970427993688e-07
59 7.913159854666157e-07
60 7.700297346067866e-07
61 7.764352149120172e-07
62 7.64836705470859e-07
63 7.773075150800724e-07
64 7.74721830656604e-07
65 7.638590011108356e-07
66 8.003039589965775e-07
67 7.878701342455782e-07
68 7.780186685671343e-07
69 7.720603955056664e-07
70 8.008380777267665e-07
71 7.851719800416465e-07
72 7.78149117073785e-07
73 7.796083515124852e-07
74 7.936635297467592e-07
75 7.788574952201047e-07
76 7.593461692595174e-07
77 7.751836586902292e-07
78 7.765475235597881e-07
79 7.719762614547262e-07
80 7.625592251719639e-07
81 7.862853881608345e-07
82 7.824847717696575e-07
83 7.68679327498184e-07
84 7.836185151047376e-07
85 7.722183226536821e-07
86 7.764020275788687e-07
87 7.737382337476528e-07
88 7.849607093932269e-07
89 7.865237628505215e-07
90 7.852758795564325e-07
91 7.720191358516503e-07
92 7.768375231582785e-07
93 7.7737379962254e-07
94 7.871727051380461e-07
95 7.84821603778362e-07
96 7.722454384092234e-07
97 7.746996360710092e-07
98 7.598597066005601e-07
99 7.878746219147618e-07
100 7.912722052047761e-07
101 7.97899108909993e-07
102 7.865126731072388e-07
103 7.958925644471168e-07
104 7.773936758341388e-07
105 7.887369739786959e-07
106 7.676789127814901e-07
107 7.65237722575983e-07
108 7.788957004092078e-07
109 7.750086727126397e-07
110 7.629042942876834e-07
111 7.908776446643148e-07
112 7.678291542038909e-07
113 7.844674522635358e-07
114 7.77849630866805e-07
115 7.704487159856103e-07
116 7.605563177926071e-07
117 7.730737088480871e-07
118 8.009860305499221e-07
119 7.692709290916945e-07
120 8.104890869151828e-07
121 7.848761290856522e-07
122 7.772616381980323e-07
123 7.779307662088718e-07
124 7.951354733563027e-07
125 7.86133661208047e-07
126 7.92147738015436e-07
127 7.817568110422843e-07
128 7.675002211603347e-07
129 7.628515848104506e-07
130 7.70864150258241e-07
131 7.748171004312561e-07
132 7.655274787363341e-07
133 7.859114391474165e-07
134 7.641242723467159e-07
135 7.795457157299398e-07
136 7.772711911645516e-07
137 7.848385378197295e-07
138 7.704143802620834e-07
139 7.761313237849618e-07
140 7.922390637096162e-07
141 7.752789886380785e-07
142 7.782347496393325e-07
143 7.825636054634699e-07
144 7.857454609955407e-07
145 7.808202872916141e-07
146 7.570159456826042e-07
147 7.870045040362421e-07
148 7.870248921938151e-07
149 7.722886293321079e-07
150 7.606469624658843e-07
151 7.888481962718322e-07
152 7.76988366145419e-07
153 7.889299793182104e-07
154 7.841262495240096e-07
155 7.755111285884023e-07
156 7.68004349786574e-07
157 7.838608443897937e-07
158 7.74713710693795e-07
159 7.656410966219114e-07
160 7.764201832637546e-07
161 7.683927897927904e-07
162 7.604043267132276e-07
163 7.783755742271658e-07
164 7.809386273173618e-07
165 7.972589375344661e-07
166 7.719028956349791e-07
167 7.9789690052436e-07
168 7.855924317086937e-07
169 7.520950957782264e-07
170 7.824660380411623e-07
171 7.760215192227067e-07
172 7.900618642484116e-07
173 7.761401003679019e-07
174 7.890657332348588e-07
175 7.513825260920356e-07
176 7.746211693452465e-07
177 7.811812759813648e-07
178 7.906619474840548e-07
179 7.723644279838421e-07
180 7.791374683499794e-07
181 7.926860843388727e-07
182 7.882953451735904e-07
183 7.810554248877902e-07
184 7.859877750979962e-07
185 7.708434956837004e-07
186 7.906984329289579e-07
187 7.941128112837701e-07
188 7.714523288755734e-07
189 7.967136831901955e-07
190 7.788123955686942e-07
191 7.850400560981232e-07
192 7.8427644105046e-07
193 7.766824789071728e-07
194 7.508029172018345e-07
195 7.798905983993964e-07
196 7.741774826890061e-07
197 7.792638918914174e-07
198 7.769967494634535e-07
199 7.651109282419482e-07
200 7.691070214426682e-07
201 7.785330907649913e-07
202 7.740303312506147e-07
203 7.623790581337346e-07
204 7.927877741491054e-07
205 7.698962526010098e-07
206 7.855966228074884e-07
207 7.730296395477116e-07
208 7.97433079354916e-07
209 7.748257254720706e-07
210 8.017600417833243e-07
211 7.831176035943683e-07
212 7.831893832910505e-07
213 7.633886129945329e-07
214 7.829519799761493e-07
215 7.811901980538363e-07
216 7.894104608038831e-07
217 7.981856369765949e-07
218 7.864733085856803e-07
219 7.894129074637999e-07
220 7.802836942377276e-07
221 7.729910903501183e-07
222 7.770996727885711e-07
223 7.786932152528193e-07
224 7.69585688803751e-07
225 7.774500053347819e-07
226 7.578412871525942e-07
227 7.663949412688512e-07
228 7.741689559418003e-07
229 7.794118206113216e-07
230 8.056458300705893e-07
231 7.782642065284698e-07
232 7.634861882726384e-07
233 7.840711965543661e-07
234 7.758716971624744e-07
235 7.665379083582165e-07
236 7.927397996387685e-07
237 7.856653765628948e-07
238 7.938541535658803e-07
239 7.784564724190202e-07
240 7.609862860028433e-07
241 7.643715915749955e-07
242 7.827071229949585e-07
243 7.831164671406133e-07
244 7.801652450236226e-07
245 7.562961234653314e-07
246 7.667739516585654e-07
247 7.703200703623512e-07
248 7.622343685974081e-07
249 7.829760399452754e-07
250 7.901869054633486e-07
251 7.781502464758213e-07
252 7.961410372537877e-07
253 7.788496762946087e-07
254 7.657989015550229e-07
255 7.635243135231886e-07
256 7.909914957506162e-07
257 7.760439268713311e-07
258 7.631996977533411e-07
259 7.806500088365307e-07
260 7.716445804735095e-07
261 7.82622202716601e-07
262 7.86518602982553e-07
263 7.72555857079819e-07
264 7.838034821964085e-07
265 7.825270727987207e-07
266 7.805462809464073e-07
267 7.901664416933439e-07
268 7.554853047187921e-07
269 7.62026086500027e-07
270 7.952158387571595e-07
271 7.768766605868632e-07
272 7.890647404538652e-07
273 7.91106931499884e-07
274 7.880727513260493e-07
275 7.555138812527534e-07
276 7.953814372727424e-07
277 7.709613238482e-07
278 7.796309415621451e-07
279 7.716196001071849e-07
280 7.713821585155669e-07
281 7.613971066407342e-07
282 7.960948797089e-07
283 7.814916511742771e-07
284 7.803635199106288e-07
285 7.788720447548483e-07
286 7.765160417814827e-07
287 7.992546481728148e-07
288 7.739687923640058e-07
289 8.015465309242176e-07
290 7.742535274021514e-07
291 7.934286310368048e-07
292 7.813267678616623e-07
293 7.839927337758387e-07
294 8.08321080708039e-07
295 7.885679219990588e-07
296 7.915500352543943e-07
297 7.908841987829451e-07
298 7.571496114721994e-07
299 7.714827437819016e-07
