0 3.33036855088536e-06
1 3.3612255787476564e-06
2 3.381048731361689e-06
3 3.4351066802935495e-06
4 3.4840596768556334e-06
5 3.346558351642287e-06
6 3.3505490291511046e-06
7 3.432438196327105e-06
8 3.335899445330741e-06
9 3.401069997026295e-06
10 3.3475172073725462e-06
11 3.4172753537239838e-06
12 3.4296644297659024e-06
13 3.418398350433683e-06
14 3.480596070410105e-06
15 3.3270518961363557e-06
16 3.3211854962417915e-06
17 3.3902989314987923e-06
18 3.4711182871990985e-06
19 3.3840750249109725e-06
20 3.4227232528504553e-06
21 3.451532970803271e-06
22 3.4124051912283864e-06
23 3.3910558108253536e-06
24 3.45133845439855e-06
25 3.3710091753670197e-06
26 3.3499441021623415e-06
27 3.3624522689859824e-06
28 3.487563194976271e-06
29 3.362038257429157e-06
30 3.369633427444865e-06
31 3.3349583140384744e-06
32 3.392686628154031e-06
33 3.4046448275376085e-06
34 3.4267976669629076e-06
35 3.2861811252591917e-06
36 3.390775826735385e-06
37 3.414486740141302e-06
38 3.472197973995671e-06
39 3.299102022634701e-06
40 3.424396179350475e-06
41 3.5108197625829245e-06
42 3.4538354880383133e-06
43 3.46129788864984e-06
44 3.4373733745810096e-06
45 3.524924399742689e-06
46 3.441680437078354e-06
47 3.390356699238894e-06
48 3.364442000713434e-06
49 3.4755651366222117e-06
50 3.4906573206726095e-06
51 3.452079154062833e-06
52 3.441088026616184e-06
53 3.251233250969379e-06
54 3.4845494827253765e-06
55 3.473445681642717e-06
56 3.3339307766719176e-06
57 3.4412176111001106e-06
58 3.3823302982258815e-06
59 3.276441293202018e-06
60 3.3908640705766002e-06
61 3.364754829529778e-06
62 3.364164036252319e-06
63 3.4603616679957473e-06
64 3.30828946110135e-06
65 3.407799200228481e-06
66 3.386538813860889e-06
67 3.339997512569281e-06
68 3.4593799208022976e-06
69 3.3756431590803067e-06
70 3.3992027707103626e-06
71 3.3618994776398056e-06
72 3.351824820572844e-06
73 3.4589718841662937e-06
74 3.361932645337154e-06
75 3.5067031277458695e-06
76 3.424590883307655e-06
77 3.3886165182823614e-06
78 3.3978613707421465e-06
79 3.3955824161964984e-06
80 3.4610624691309406e-06
81 3.446094389748601e-06
82 3.490912857636408e-06
83 3.354000150329772e-06
84 3.3391969049878665e-06
85 3.4475592661119795e-06
86 3.5128220058162214e-06
87 3.5166830945173974e-06
88 3.438278977509088e-06
89 3.339500511018068e-06
90 3.3888013100279796e-06
91 3.4062311982181114e-06
92 3.4632413406577463e-06
93 3.3813160603279114e-06
94 3.367052813017584e-06
95 3.452403462507263e-06
96 3.494161146052325e-06
97 3.3256757299420545e-06
98 3.4159246046546807e-06
99 3.4009870867101313e-06
100 3.32619056798649e-06
101 3.479682696977746e-06
102 3.4520993760445165e-06
103 3.310786747616523e-06
104 3.490254879957339e-06
105 3.4397328311209174e-06
106 3.3885554589595e-06
107 3.3588790941342263e-06
108 3.341660696721866e-06
109 3.41597106104689e-06
110 3.4374285156566522e-06
111 3.403418049277916e-06
112 3.4199507578395294e-06
113 3.4206993412765437e-06
114 3.4770289045030407e-06
115 3.4624312756038326e-06
116 3.3684888802498022e-06
117 3.5622983204937753e-06
118 3.2824950591609925e-06
119 3.3753536410104822e-06
120 3.416821805380682e-06
121 3.376531682040424e-06
122 3.4074622173121376e-06
123 3.4220953963331373e-06
124 3.448592706511864e-06
125 3.389786375991337e-06
126 3.3625072430448852e-06
127 3.4198702363971866e-06
128 3.320547824925469e-06
129 3.46215842804487e-06
130 3.3381999390952103e-06
131 3.4333009586088648e-06
132 3.5446509276160336e-06
133 3.3704271466527274e-06
134 3.399792087764448e-06
135 3.4681200489382056e-06
136 3.3965746685852924e-06
137 3.37965547133593e-06
138 3.2577356097175877e-06
139 3.3685795634672974e-06
140 3.3789868344011125e-06
141 3.3467698208187074e-06
142 3.2765140444255235e-06
143 3.4702424817677275e-06
144 3.350251660002234e-06
145 3.3935074505212475e-06
146 3.4454065057270756e-06
147 3.437334281285945e-06
148 3.4534075892216746e-06
149 3.4774311454655083e-06
150 3.4726689706866347e-06
151 3.338663876664339e-06
152 3.3863563642759765e-06
153 3.3894434675506556e-06
154 3.346532945573533e-06
155 3.506808029516608e-06
156 3.4456373618587576e-06
157 3.4262405838006717e-06
158 3.3981558953402495e-06
159 3.352624361579137e-06
160 3.314436274440201e-06
161 3.4562033402217446e-06
162 3.5115192654460595e-06
163 3.330983502626901e-06
164 3.432104400000384e-06
165 3.372334856303115e-06
166 3.4202361677216974e-06
167 3.4315544215253214e-06
168 3.3499858498544766e-06
169 3.39517123077464e-06
170 3.3779358317630902e-06
171 3.4003915493607766e-06
172 3.3335031979988987e-06
173 3.310084726173211e-06
174 3.402553347502725e-06
175 3.393529938092758e-06
176 3.31900521449282e-06
177 3.346428788312642e-06
178 3.358485550783812e-06
179 3.4651712267894134e-06
180 3.4488110765838847e-06
181 3.352941324562025e-06
182 3.4404492222816234e-06
183 3.3568015159633266e-06
184 3.345481471061111e-06
185 3.4240847918785586e-06
186 3.4239641763975285e-06
187 3.4703822391709244e-06
188 3.4485955524507285e-06
189 3.387671540986421e-06
190 3.441108140327005e-06
191 3.4618945323553853e-06
192 3.4282902909950943e-06
193 3.3616996750243913e-06
194 3.4592692008089543e-06
195 3.4072088227095517e-06
196 3.4204057177039032e-06
197 3.453512845049904e-06
198 3.351362034694305e-06
199 3.27712724692646e-06
200 3.3285958717149303e-06
201 3.4332855324979794e-06
202 3.3953336041329882e-06
203 3.4001737203887848e-06
204 3.351534025924514e-06
205 3.4340477333876433e-06
206 3.355195845141819e-06
207 3.4327000113836084e-06
208 3.3383546822492642e-06
209 3.352401583634995e-06
210 3.4756762674486217e-06
211 3.488850034518762e-06
212 3.3775237429046716e-06
213 3.4154981760853135e-06
214 3.5440109267562e-06
215 3.527377992874118e-06
216 3.4789274299441132e-06
217 3.4210011692681374e-06
218 3.501637461361409e-06
219 3.45230395227992e-06
220 3.380621697182946e-06
221 3.4326292202792685e-06
222 3.5054561567143426e-06
223 3.5189912458191092e-06
224 3.455891383766815e-06
225 3.3911544309234056e-06
226 3.3543928703546825e-06
227 3.328568500031409e-06
228 3.429180988551011e-06
229 3.3965965087431874e-06
230 3.388089804493589e-06
231 3.396914610110264e-06
232 3.3564715657772667e-06
233 3.429463050023574e-06
234 3.2851179836695086e-06
235 3.352032761806313e-06
236 3.3815902197196283e-06
237 3.428012951943905e-06
238 3.377565446205402e-06
239 3.413846114916906e-06
240 3.3850434889241023e-06
241 3.4715156952278883e-06
242 3.4213486039452324e-06
243 3.3816442973673214e-06
244 3.3110273245611375e-06
245 3.331448947423633e-06
246 3.4330739350770205e-06
247 3.3949539894639627e-06
248 3.3771107992185325e-06
249 3.321373395726395e-06
250 3.3741971785302663e-06
251 3.5123394601700565e-06
252 3.448063278484272e-06
253 3.3821586031983326e-06
254 3.483362496360089e-06
255 3.4763654367875397e-06
256 3.431546508784202e-06
257 3.4115352184907e-06
258 3.389363581436367e-06
259 3.309360017800067e-06
260 3.3340264263416106e-06
261 3.396957542398104e-06
262 3.4288590447502497e-06
263 3.361634438317215e-06
264 3.3986772199800466e-06
265 3.3386877294945908e-06
266 3.4004940322188067e-06
267 3.3890289508431504e-06
268 3.3970058261172145e-06
269 3.519286738793961e-06
270 3.423526417318641e-06
271 3.24074244944707e-06
272 3.3152289891582216e-06
273 3.4237038749179726e-06
274 3.3639654126577107e-06
275 3.330765438445666e-06
276 3.320542442046191e-06
277 3.445668381807507e-06
278 3.472199990307934e-06
279 3.338506799390347e-06
280 3.487128277459952e-06
281 3.3782570114692087e-06
282 3.3485493471216345e-06
283 3.4393927886862315e-06
284 3.4049844034916784e-06
285 3.361537657315864e-06
286 3.4180237044770034e-06
287 3.3768804824606626e-06
288 3.4687297725007277e-06
289 3.4797646247897817e-06
290 3.52257700006167e-06
291 3.3633845413374554e-06
292 3.3399121621706355e-06
293 3.3894480342713903e-06
294 3.309471940590095e-06
295 3.423366810618946e-06
296 3.3063741355867233e-06
297 3.4295167653147325e-06
298 3.4301727560396933e-06
299 3.4625848344531973e-06
