0 2.4354097326015265e-06
1 2.5238637715804523e-06
2 2.5121593130096815e-06
3 2.54174577010358e-06
4 2.5741981439616102e-06
5 2.507217911706059e-06
6 2.487231850991516e-06
7 2.4992866875875643e-06
8 2.4402980534315275e-06
9 2.522610361787167e-06
10 2.5118163414774946e-06
11 2.5053457612073014e-06
12 2.4847569898033037e-06
13 2.5031935825945682e-06
14 2.605838963622362e-06
15 2.461872482109603e-06
16 2.500308585725892e-06
17 2.547877389652397e-06
18 2.4937301192492513e-06
19 2.4881987894980303e-06
20 2.4932297079362395e-06
21 2.4740494194410142e-06
22 2.5088607475507805e-06
23 2.4752251599920957e-06
24 2.4602756368810876e-06
25 2.4302737900444e-06
26 2.4776900463898415e-06
27 2.4278318939278524e-06
28 2.5582869966451473e-06
29 2.5169462937697388e-06
30 2.507461516944988e-06
31 2.4476762955620084e-06
32 2.4719651800535995e-06
33 2.5000921352085827e-06
34 2.491078955843859e-06
35 2.408191013339991e-06
36 2.523827169699669e-06
37 2.4956276042847835e-06
38 2.5642949071905185e-06
39 2.4348071956580797e-06
40 2.4842401485802936e-06
41 2.5571100475748725e-06
42 2.50280550646581e-06
43 2.5622651147789136e-06
44 2.6056507464546574e-06
45 2.6225337785397317e-06
46 2.4879308566605075e-06
47 2.4616963446113053e-06
48 2.520315276647298e-06
49 2.4730864977504074e-06
50 2.5322621473882777e-06
51 2.5090826675411966e-06
52 2.5230255009815896e-06
53 2.403711499322074e-06
54 2.5289182707072577e-06
55 2.5655589104381632e-06
56 2.4615100349408726e-06
57 2.534490251829519e-06
58 2.459831109892185e-06
59 2.4073559532605315e-06
60 2.442083760262353e-06
61 2.501575962724594e-06
62 2.428235623248608e-06
63 2.5677835764940645e-06
64 2.4060641864084673e-06
65 2.4869544779126344e-06
66 2.539390300529373e-06
67 2.523343443834273e-06
68 2.5855579820075933e-06
69 2.522881324796613e-06
70 2.5199397315184456e-06
71 2.479106036289683e-06
72 2.4803674780005412e-06
73 2.550839630703081e-06
74 2.512254445317e-06
75 2.567674210119939e-06
76 2.5103976005513853e-06
77 2.5032935964302473e-06
78 2.543345072913798e-06
79 2.4900090125967368e-06
80 2.5040480195004117e-06
81 2.5545882200118654e-06
82 2.5533606814930778e-06
83 2.4694714216228363e-06
84 2.487812802741287e-06
85 2.4874549424167022e-06
86 2.5512601529415723e-06
87 2.595404873482661e-06
88 2.5394414950860535e-06
89 2.473283595102406e-06
90 2.486626493716718e-06
91 2.490659639838638e-06
92 2.5319399751215286e-06
93 2.4754367090300507e-06
94 2.4669722609511723e-06
95 2.5052263118213933e-06
96 2.5015660655748037e-06
97 2.412749974995966e-06
98 2.464127279532489e-06
99 2.4523193243466707e-06
100 2.4095746104440356e-06
101 2.544615916848275e-06
102 2.5211718772421676e-06
103 2.5228918427841787e-06
104 2.5836281433095523e-06
105 2.53013131581218e-06
106 2.4697781388378716e-06
107 2.4141241071732383e-06
108 2.4138379986204708e-06
109 2.4856382301161608e-06
110 2.4488928051532533e-06
111 2.505159224322084e-06
112 2.515163025137681e-06
113 2.5662310443162275e-06
114 2.5114620268671675e-06
115 2.483554511604265e-06
116 2.487718982269044e-06
117 2.5758200770474583e-06
118 2.501573109347945e-06
119 2.430685108331687e-06
120 2.5394244142159854e-06
121 2.5278127229651898e-06
122 2.478117081178173e-06
123 2.506500882481688e-06
124 2.549311725141925e-06
125 2.540326193336217e-06
126 2.5257753702979843e-06
127 2.5326584678082915e-06
128 2.4325747588247017e-06
129 2.5328859245973388e-06
130 2.476239237513125e-06
131 2.440688207065013e-06
132 2.534879669575368e-06
133 2.51723795756254e-06
134 2.4809764539919447e-06
135 2.513597997613535e-06
136 2.4420216350120832e-06
137 2.4825396401163897e-06
138 2.402054459182306e-06
139 2.4672599406574767e-06
140 2.527259891357761e-06
141 2.4337153735968832e-06
142 2.401824113121279e-06
143 2.5236982366883075e-06
144 2.4610914457082032e-06
145 2.4726770638793917e-06
146 2.5101937281013685e-06
147 2.5424244509529514e-06
148 2.5215631387225446e-06
149 2.514055616572648e-06
150 2.4921172888268345e-06
151 2.457714544306913e-06
152 2.5135892643522217e-06
153 2.518389934979756e-06
154 2.468724672024479e-06
155 2.5403247942607777e-06
156 2.5286627637755643e-06
157 2.5273739891725204e-06
158 2.47749151691118e-06
159 2.4344280289508707e-06
160 2.437527744705497e-06
161 2.439760916810223e-06
162 2.483823956648916e-06
163 2.4549038973966605e-06
164 2.524073818495538e-06
165 2.528328801510068e-06
166 2.454964346453665e-06
167 2.531904350961189e-06
168 2.4984084707030925e-06
169 2.409665682857548e-06
170 2.495184678737779e-06
171 2.4733493821097677e-06
172 2.5399911983577396e-06
173 2.4781912998685325e-06
174 2.548720124033215e-06
175 2.4380945651063197e-06
176 2.4157727408829446e-06
177 2.526545294163625e-06
178 2.553279973993836e-06
179 2.539166986897147e-06
180 2.5526877077692513e-06
181 2.4878632269750054e-06
182 2.5659525120462355e-06
183 2.4415373891988777e-06
184 2.5142190270601996e-06
185 2.4987716715427643e-06
186 2.4879600541261426e-06
187 2.531486169020652e-06
188 2.5107675976069277e-06
189 2.5796917088769104e-06
190 2.5196667428123326e-06
191 2.5297552363713936e-06
192 2.5378718439847617e-06
193 2.4567652354316896e-06
194 2.417012529885326e-06
195 2.4654527494050227e-06
196 2.5342737884957263e-06
197 2.497467503720452e-06
198 2.4524576766636927e-06
199 2.420012389903482e-06
200 2.4552730456148684e-06
201 2.5794211153698517e-06
202 2.5239636001178494e-06
203 2.467127554228625e-06
204 2.501073427308946e-06
205 2.550687592106504e-06
206 2.496693778062219e-06
207 2.4723155534836177e-06
208 2.4992319378830033e-06
209 2.4376835753536572e-06
210 2.5780188796631494e-06
211 2.5405646916340196e-06
212 2.470065396371314e-06
213 2.4906532167964933e-06
214 2.5897812317686303e-06
215 2.574529135613013e-06
216 2.5650579545368837e-06
217 2.5783387494541395e-06
218 2.576194215073873e-06
219 2.5016305902008837e-06
220 2.4887229245585472e-06
221 2.518349402983647e-06
222 2.524992838734842e-06
223 2.5629852323232685e-06
224 2.5323488627699562e-06
225 2.4913780021430952e-06
226 2.4449135599369466e-06
227 2.4458175843599477e-06
228 2.4543326389173426e-06
229 2.5034723527449383e-06
230 2.5443928743504513e-06
231 2.484331154820215e-06
232 2.439243165347081e-06
233 2.5243502835547033e-06
234 2.4505530455439244e-06
235 2.428728844832124e-06
236 2.5432574712811297e-06
237 2.5180432733236738e-06
238 2.5577555833932827e-06
239 2.519463204952621e-06
240 2.474915503807324e-06
241 2.4929587223264724e-06
242 2.5328356417808705e-06
243 2.4935133583410166e-06
244 2.4391321796128165e-06
245 2.3913832347751563e-06
246 2.511206596942146e-06
247 2.414392705220457e-06
248 2.502787894479861e-06
249 2.491196215671311e-06
250 2.568054490727396e-06
251 2.552106432640027e-06
252 2.5543849150974605e-06
253 2.4771530118363863e-06
254 2.520252028773502e-06
255 2.5061300254531105e-06
256 2.573619265342112e-06
257 2.524591157308751e-06
258 2.427674633163165e-06
259 2.4080106385925393e-06
260 2.4122510452755258e-06
261 2.5050996238609886e-06
262 2.5453929097564117e-06
263 2.4872856773756196e-06
264 2.478048490119659e-06
265 2.4582300010272075e-06
266 2.5084796973023918e-06
267 2.5292582889035664e-06
268 2.4571825041897866e-06
269 2.5188622205790346e-06
270 2.570101514372849e-06
271 2.397975805891071e-06
272 2.5139058128170028e-06
273 2.503737221518934e-06
274 2.432698873154078e-06
275 2.398206527537867e-06
276 2.5054204236337736e-06
277 2.502943942354878e-06
278 2.5463178437550974e-06
279 2.391330302161138e-06
280 2.5019921597316425e-06
281 2.4473226149160957e-06
282 2.518726536865514e-06
283 2.5178321975127565e-06
284 2.4602405858745707e-06
285 2.4815175611669895e-06
286 2.481238931734114e-06
287 2.4958532696496115e-06
288 2.5359346570271796e-06
289 2.5648305677078036e-06
290 2.557198730653679e-06
291 2.4868184187332203e-06
292 2.508831814028278e-06
293 2.4694601379684826e-06
294 2.4892263365764763e-06
295 2.5253808197217152e-06
296 2.5024170479665667e-06
297 2.537868579009244e-06
298 2.4950651358092403e-06
299 2.4796935605202007e-06
