0 -1.2394901725983474e-05
1 -1.2058876540289886e-05
2 -1.2369870174247794e-05
3 -1.242118167982208e-05
4 -1.1760514646840537e-05
5 -1.2189811702053223e-05
6 -1.2429860172920956e-05
7 -1.2335320888223731e-05
8 -1.2199833795936362e-05
9 -1.2118290870523034e-05
10 -1.2367146360176844e-05
11 -1.2421634736142246e-05
12 -1.2098809968389826e-05
13 -1.221669761274937e-05
14 -1.1793445766940704e-05
15 -1.2436682403540931e-05
16 -1.2469587815978554e-05
17 -1.2368685241354801e-05
18 -1.1836701254055756e-05
19 -1.2322808018029938e-05
20 -1.2087938984972922e-05
21 -1.1896591279588001e-05
22 -1.2177186723043393e-05
23 -1.2243430323099218e-05
24 -1.1876580438009737e-05
25 -1.246892901751454e-05
26 -1.2519945335679547e-05
27 -1.2137886922944258e-05
28 -1.2377295634806456e-05
29 -1.231754570531626e-05
30 -1.1893708793489814e-05
31 -1.2393463905270448e-05
32 -1.2623008315289388e-05
33 -1.2272961042921325e-05
34 -1.2228700723656703e-05
35 -1.2434370245780966e-05
36 -1.2311297866812766e-05
37 -1.2154376189061599e-05
38 -1.2306084799230951e-05
39 -1.2234671997468969e-05
40 -1.233272248918189e-05
41 -1.1908488188037726e-05
42 -1.2006713312504903e-05
43 -1.2061079816861117e-05
44 -1.2102442964955124e-05
45 -1.2004899445064424e-05
46 -1.2362207231201123e-05
47 -1.2254117048564634e-05
48 -1.2348606110058096e-05
49 -1.2277612414945598e-05
50 -1.2038688768000756e-05
51 -1.190867385701863e-05
52 -1.212652824459201e-05
53 -1.2797140089073967e-05
54 -1.2184514754995374e-05
55 -1.2184205272946111e-05
56 -1.2125897815530915e-05
57 -1.2355742315286716e-05
58 -1.2057236488360902e-05
59 -1.2560904234635803e-05
60 -1.2278104940089604e-05
61 -1.2285340140680612e-05
62 -1.2280079502525902e-05
63 -1.2032011151302869e-05
64 -1.2659274204468674e-05
65 -1.2185621568557532e-05
66 -1.2190181266349936e-05
67 -1.19576874985144e-05
68 -1.2046074163549027e-05
69 -1.2067994299026885e-05
70 -1.2241491212484835e-05
71 -1.2249400648958307e-05
72 -1.2167198120589611e-05
73 -1.2084817989254997e-05
74 -1.2074508713468609e-05
75 -1.2232516578442805e-05
76 -1.1874083208177858e-05
77 -1.2346867135269358e-05
78 -1.2143222828007425e-05
79 -1.2424926948769532e-05
80 -1.1973714425492544e-05
81 -1.2101402088591096e-05
82 -1.188848447481787e-05
83 -1.2068579752589757e-05
84 -1.23537963567294e-05
85 -1.2178913397874301e-05
86 -1.1866494667936727e-05
87 -1.1847644207801331e-05
88 -1.2193152009958005e-05
89 -1.2435233906198777e-05
90 -1.2038060420904788e-05
91 -1.211098613362744e-05
92 -1.2067439655405635e-05
93 -1.2356899521768901e-05
94 -1.2301434478402672e-05
95 -1.2263349301227006e-05
96 -1.1826009194770067e-05
97 -1.2367803175006933e-05
98 -1.2152732807121345e-05
99 -1.2325671092103683e-05
100 -1.2725711531765749e-05
101 -1.2035209038392327e-05
102 -1.2055198611153356e-05
103 -1.2581027343013188e-05
104 -1.2075488298140644e-05
105 -1.2057167547264472e-05
106 -1.2209895052023257e-05
107 -1.2109846128928834e-05
108 -1.2550965257172786e-05
109 -1.2353969609771313e-05
110 -1.2497880774493569e-05
111 -1.2483071290315167e-05
112 -1.1769589685264565e-05
113 -1.2039217827847668e-05
114 -1.2034500915868499e-05
115 -1.2392563965671913e-05
116 -1.2138546291672609e-05
117 -1.1975873761622584e-05
118 -1.2692189055214298e-05
119 -1.2303471735067591e-05
120 -1.2198606640932821e-05
121 -1.2139258934986271e-05
122 -1.2411012194549089e-05
123 -1.226537728888816e-05
124 -1.2108996814731005e-05
125 -1.1994832099831095e-05
126 -1.2305000222472809e-05
127 -1.203440139354085e-05
128 -1.2280654664909869e-05
129 -1.2004493986886389e-05
130 -1.2290699127503285e-05
131 -1.2510649444498793e-05
132 -1.2079679955902378e-05
133 -1.2419715129693582e-05
134 -1.221714973474223e-05
135 -1.224389612338204e-05
136 -1.2110500073629027e-05
137 -1.2350069742174277e-05
138 -1.2437362870596154e-05
139 -1.2166568221014685e-05
140 -1.2235964519741093e-05
141 -1.2308365867805668e-05
142 -1.2612750050356479e-05
143 -1.2085255973122756e-05
144 -1.2327447886748547e-05
145 -1.2525029255115892e-05
146 -1.2053176612984474e-05
147 -1.2028150608317307e-05
148 -1.215680296932094e-05
149 -1.203010004787917e-05
150 -1.183490900253917e-05
151 -1.2302976446000997e-05
152 -1.216531039515185e-05
153 -1.1979909551630112e-05
154 -1.2527642140303091e-05
155 -1.2032355034105208e-05
156 -1.2212432141337016e-05
157 -1.2247189819848668e-05
158 -1.2714239883784051e-05
159 -1.2252338744122739e-05
160 -1.270070771288357e-05
161 -1.231151186845998e-05
162 -1.225851511035579e-05
163 -1.241085431063813e-05
164 -1.2138076525411904e-05
165 -1.211876938538008e-05
166 -1.2137679985426545e-05
167 -1.195224772492184e-05
168 -1.2352036351568633e-05
169 -1.243501701029955e-05
170 -1.2225055048651443e-05
171 -1.2866825684163367e-05
172 -1.2446930769808665e-05
173 -1.225886292206828e-05
174 -1.2303049716208574e-05
175 -1.2516676935366972e-05
176 -1.2008561182174704e-05
177 -1.2110079049679862e-05
178 -1.2306811992490989e-05
179 -1.22057679717175e-05
180 -1.1846969337206451e-05
181 -1.22075532840863e-05
182 -1.1829681517493157e-05
183 -1.2529997211412478e-05
184 -1.2347730191819118e-05
185 -1.227814318476314e-05
186 -1.2246331288708949e-05
187 -1.2123483313563625e-05
188 -1.1728419132265382e-05
189 -1.2063931700569663e-05
190 -1.2021968998225423e-05
191 -1.2112144026211064e-05
192 -1.2052569415680791e-05
193 -1.2336814415260667e-05
194 -1.2144681614130942e-05
195 -1.2304035902492555e-05
196 -1.2136269241161001e-05
197 -1.2205370468532058e-05
198 -1.2463736757774564e-05
199 -1.2269129789183692e-05
200 -1.2670092941868852e-05
201 -1.198909801188799e-05
202 -1.2322752045868347e-05
203 -1.225690961622407e-05
204 -1.2364702556735003e-05
205 -1.1931232667278598e-05
206 -1.1994952133676525e-05
207 -1.2099506819332588e-05
208 -1.2573620158465432e-05
209 -1.1991445509777994e-05
210 -1.204883382276956e-05
211 -1.2129899637325985e-05
212 -1.2454773566518108e-05
213 -1.208843425121938e-05
214 -1.2234932290752617e-05
215 -1.173292246325806e-05
216 -1.2098783564999497e-05
217 -1.225394699886145e-05
218 -1.1868424769645243e-05
219 -1.1990502838181025e-05
220 -1.211194373761217e-05
221 -1.1876915433725574e-05
222 -1.20833838388598e-05
223 -1.1874486218066455e-05
224 -1.204575460059862e-05
225 -1.2263948569944314e-05
226 -1.2432398657906839e-05
227 -1.2260413560056312e-05
228 -1.1848333980954541e-05
229 -1.2235383809116347e-05
230 -1.2157608153244803e-05
231 -1.2059696337786837e-05
232 -1.1944139106724445e-05
233 -1.186775325678319e-05
234 -1.243735992960758e-05
235 -1.2457049572487348e-05
236 -1.1834062337348481e-05
237 -1.2177752574386109e-05
238 -1.2279429940776022e-05
239 -1.2223533047502424e-05
240 -1.213257122853123e-05
241 -1.2011629262441485e-05
242 -1.2116778116691332e-05
243 -1.2081406661489596e-05
244 -1.2697928019860518e-05
245 -1.229514558957549e-05
246 -1.1512729145389716e-05
247 -1.2323074497927562e-05
248 -1.2025379258341027e-05
249 -1.2281777255086656e-05
250 -1.2232288564991791e-05
251 -1.2117834969368082e-05
252 -1.2069300842171161e-05
253 -1.2346786231483466e-05
254 -1.1988443645795517e-05
255 -1.2021808210696802e-05
256 -1.2336462865663597e-05
257 -1.2087742703368746e-05
258 -1.2195577580303534e-05
259 -1.2511063532882623e-05
260 -1.2310611715169439e-05
261 -1.2215774872389458e-05
262 -1.212893783211478e-05
263 -1.2154058977205363e-05
264 -1.2110631895829308e-05
265 -1.2335151355085862e-05
266 -1.242616574067711e-05
267 -1.2533169781968539e-05
268 -1.2069500765567807e-05
269 -1.190991363092749e-05
270 -1.2195535300770525e-05
271 -1.2386283642115486e-05
272 -1.2260089169216493e-05
273 -1.2453510532859407e-05
274 -1.2696424227912742e-05
275 -1.218029321306955e-05
276 -1.2713262931807593e-05
277 -1.205287523237938e-05
278 -1.213383638638719e-05
279 -1.224766197819144e-05
280 -1.2037344780273045e-05
281 -1.2370917121350994e-05
282 -1.2207018837735581e-05
283 -1.2410064777509011e-05
284 -1.2351359079956793e-05
285 -1.24538420176505e-05
286 -1.2063746729908598e-05
287 -1.2471206188261783e-05
288 -1.1934572262121912e-05
289 -1.2113803083279889e-05
290 -1.218188766327638e-05
291 -1.2486166746600906e-05
292 -1.22227694720915e-05
293 -1.2203112908895797e-05
294 -1.2492572916791306e-05
295 -1.1974995970033743e-05
296 -1.234133769964343e-05
297 -1.2269072153333981e-05
298 -1.2299710735396116e-05
299 -1.2045041405639192e-05
