0 2.503644830247359e-06
1 2.9506460028109434e-06
2 2.9117936133916064e-06
3 2.6719990983044634e-06
4 2.3685236937646845e-06
5 2.899376142473774e-06
6 2.863305576679734e-06
7 2.4581286742365474e-06
8 2.523575882111813e-06
9 2.5800782564324027e-06
10 3.228339768482889e-06
11 2.461303467235064e-06
12 2.0234047373682515e-06
13 2.386092185452605e-06
14 2.6679652123256957e-06
15 2.801304708391749e-06
16 3.016457881359072e-06
17 3.0465330031918406e-06
18 1.9073249173743462e-06
19 2.5033732723271657e-06
20 2.239828772551267e-06
21 1.9217626882655615e-06
22 2.6254331076417797e-06
23 2.4754697514512766e-06
24 1.706168117379459e-06
25 2.3458444422769486e-06
26 2.7796606700086686e-06
27 2.2147682471416625e-06
28 2.5296483945576063e-06
29 2.908925368999741e-06
30 2.690407759273302e-06
31 2.6221437645044206e-06
32 2.6162528815330636e-06
33 2.402606240250366e-06
34 2.0290247594974782e-06
35 2.6251677568191543e-06
36 2.7865417963930626e-06
37 2.2610420454440994e-06
38 2.5820818684004167e-06
39 2.5893771934920405e-06
40 2.2684382222025964e-06
41 2.06805063042472e-06
42 2.0032078262790533e-06
43 2.6790921986121776e-06
44 3.0598584224619644e-06
45 2.572824418275215e-06
46 2.103662080847449e-06
47 2.233860881183392e-06
48 2.9779053699571906e-06
49 1.8717385412970677e-06
50 2.0036816010112173e-06
51 2.2306940569401813e-06
52 2.331400172982227e-06
53 3.0443654197546873e-06
54 2.0826882863060724e-06
55 2.6279576987010665e-06
56 2.691179222156418e-06
57 2.614744613575596e-06
58 2.2134229782948704e-06
59 2.625693258510591e-06
60 2.216465901250661e-06
61 2.8933480376369925e-06
62 2.2490779123978185e-06
63 2.5800548185503646e-06
64 2.6536309489915227e-06
65 2.497644756959838e-06
66 2.8792411435523055e-06
67 2.9417977899440655e-06
68 2.991008802182035e-06
69 2.924619714406133e-06
70 2.5454512900997853e-06
71 2.6153464533257236e-06
72 2.781573138592697e-06
73 2.4588756532621338e-06
74 2.8263057513202544e-06
75 2.381060567768669e-06
76 2.455913927319661e-06
77 2.79054245338646e-06
78 3.0365097918371096e-06
79 2.668335756048942e-06
80 2.091692234501883e-06
81 2.563518155374716e-06
82 2.143849460731649e-06
83 2.6469302692999323e-06
84 2.862968669743714e-06
85 2.077134975145003e-06
86 1.911632622716126e-06
87 2.446170395926363e-06
88 2.5393131840550156e-06
89 2.7924346649703145e-06
90 2.3889568888331855e-06
91 2.3768992227184555e-06
92 2.255447138895392e-06
93 2.5094709564395804e-06
94 2.379345957893951e-06
95 2.1077612403399096e-06
96 1.669233723102387e-06
97 2.2578380173302225e-06
98 2.163899860449247e-06
99 2.074306706438075e-06
100 2.3960241754390385e-06
101 2.1087028177786306e-06
102 2.1806988142788694e-06
103 3.566489145477437e-06
104 2.686206293926175e-06
105 2.4081970090057972e-06
106 2.395867426382477e-06
107 2.1167248560894547e-06
108 2.3188418540260697e-06
109 2.3778906884736763e-06
110 1.9888479543987763e-06
111 2.6037503387841107e-06
112 2.494043764765159e-06
113 2.9687270427702804e-06
114 2.012247457633406e-06
115 2.0714244107548436e-06
116 2.8825099534217516e-06
117 1.9264596226055777e-06
118 3.4606740378638126e-06
119 2.1613940574374943e-06
120 2.4835093822873843e-06
121 2.9396377975250202e-06
122 2.3754391081353988e-06
123 2.4919527125633604e-06
124 2.4300798076289787e-06
125 2.875235249299248e-06
126 3.040750139078801e-06
127 2.5532346940083884e-06
128 2.6472292485896942e-06
129 2.430299779589251e-06
130 2.8894000525089215e-06
131 1.8417653645782838e-06
132 1.8644351186063435e-06
133 2.919097445492603e-06
134 2.5157543687162983e-06
135 2.1721633750508084e-06
136 1.8920226949805073e-06
137 2.4826504221041964e-06
138 2.7712058080545355e-06
139 2.4578836986404253e-06
140 2.8638369039485237e-06
141 2.3959672167420886e-06
142 2.726687950093786e-06
143 2.076633755881975e-06
144 2.5756473777889135e-06
145 2.4753939179999e-06
146 2.3598280285750895e-06
147 2.509137688233988e-06
148 2.1786046483037872e-06
149 2.2034817595136244e-06
150 1.8099888927276853e-06
151 2.5411279114558687e-06
152 2.7465070433385215e-06
153 2.5651130692513694e-06
154 2.793121511511556e-06
155 2.0536069193279313e-06
156 2.6750307167404023e-06
157 2.491209703084272e-06
158 2.5517253196700095e-06
159 2.4637319339598526e-06
160 2.9542477251122507e-06
161 1.6185832994372133e-06
162 1.798522615560219e-06
163 2.76376045609871e-06
164 2.4953731909911707e-06
165 2.818122743883809e-06
166 1.9818165748480515e-06
167 2.3114594707124046e-06
168 2.9132335362263717e-06
169 2.106902404925717e-06
170 2.691074769620532e-06
171 2.5930369579681884e-06
172 3.5062636545779914e-06
173 3.0884283281431234e-06
174 2.8874976876651653e-06
175 2.355134254874477e-06
176 2.2220777053663525e-06
177 3.133252490467065e-06
178 3.3944460936732505e-06
179 2.4465902514386342e-06
180 2.6052145270669558e-06
181 2.7090105225433573e-06
182 2.5801106802576758e-06
183 2.466272462742759e-06
184 3.1075254677501257e-06
185 2.4640420386498346e-06
186 1.9934861978193696e-06
187 2.1409265710229936e-06
188 2.1040461439952356e-06
189 3.184183054077885e-06
190 2.3053652035278477e-06
191 2.2677912745246353e-06
192 2.5723965240349306e-06
193 2.484407668041142e-06
194 1.4847786917950976e-06
195 2.1809589266417425e-06
196 2.704032267882712e-06
197 1.9916226881786484e-06
198 2.563243375636631e-06
199 2.9511982419156817e-06
200 3.0134963060252805e-06
201 2.887309096073684e-06
202 2.9381759734144812e-06
203 2.417732576172743e-06
204 2.925335965562728e-06
205 2.7416039387816956e-06
206 2.723848091585988e-06
207 2.0741666710569074e-06
208 3.0320577889695736e-06
209 2.147558931278986e-06
210 2.508445408820785e-06
211 2.196630913185703e-06
212 2.5385210253810995e-06
213 2.423255919478665e-06
214 2.232215332597702e-06
215 1.922990283158576e-06
216 2.3395332654225433e-06
217 3.015530702828412e-06
218 2.227893152524696e-06
219 1.9134133222179124e-06
220 2.5670688949828305e-06
221 2.338021033040351e-06
222 1.9189943867593e-06
223 2.0344828888997382e-06
224 2.4567139113736265e-06
225 2.617420051477517e-06
226 2.6688112454794408e-06
227 2.6999007755769676e-06
228 1.6334725284803568e-06
229 2.5677436738760827e-06
230 2.843285759481102e-06
231 2.2778794954187478e-06
232 2.26470036111502e-06
233 2.3790953649340825e-06
234 3.0422574152283197e-06
235 2.4051537860426703e-06
236 2.801898736675903e-06
237 2.3480206529428258e-06
238 3.182543853313336e-06
239 2.580417289801685e-06
240 2.387184234201578e-06
241 1.8956864556011168e-06
242 2.6672097009861815e-06
243 2.5356859037822844e-06
244 2.879276289085775e-06
245 2.158945121249043e-06
246 2.215299970288309e-06
247 1.8738591513529003e-06
248 2.7903756390955905e-06
249 3.089166335678248e-06
250 3.394013215976806e-06
251 2.120899175428667e-06
252 2.610507481686929e-06
253 2.4733509420505052e-06
254 2.052985398979934e-06
255 2.0057719345110005e-06
256 2.923792304352228e-06
257 2.6966148247677076e-06
258 1.955133343460695e-06
259 2.5040189357212963e-06
260 2.32347714084712e-06
261 2.545816514023127e-06
262 2.6905836944827987e-06
263 2.7925884132007497e-06
264 2.2594927615378706e-06
265 2.6006341736627295e-06
266 2.7957048475976174e-06
267 3.0329367727061855e-06
268 2.3123537496759597e-06
269 1.7436617785016262e-06
270 2.7777007471622207e-06
271 2.818370694863911e-06
272 3.1455288001866544e-06
273 2.461329797421775e-06
274 2.349871687445514e-06
275 2.3046453516427267e-06
276 3.23179608029034e-06
277 2.1714574792725933e-06
278 2.347679863134143e-06
279 1.953958782138311e-06
280 1.8668021697661584e-06
281 2.364411139032003e-06
282 2.9386115922518045e-06
283 2.503247644134511e-06
284 2.06769937893419e-06
285 2.777079599548001e-06
286 2.2242553482295636e-06
287 2.559630747811177e-06
288 2.2218038103768366e-06
289 2.352729861291108e-06
290 2.207947966868536e-06
291 2.6472508141573894e-06
292 3.139327730106789e-06
293 2.2390526098543668e-06
294 2.9542795736419143e-06
295 2.4270741266638006e-06
296 3.2524873205740727e-06
297 2.547833927196478e-06
298 2.5745972504971366e-06
299 1.8047916094322045e-06
