0 1.4941084475607808e-06
1 1.528948703225273e-06
2 1.5170550427535282e-06
3 1.555129880738755e-06
4 1.538711664052911e-06
5 1.525840491580167e-06
6 1.5153732614604243e-06
7 1.513043179036595e-06
8 1.4936578985910674e-06
9 1.5244763408142938e-06
10 1.527109657233806e-06
11 1.5243857982481441e-06
12 1.4905780973953897e-06
13 1.5228098054696702e-06
14 1.5606208857434688e-06
15 1.5126931161635722e-06
16 1.5475721396782346e-06
17 1.5525620040513624e-06
18 1.4947365761609403e-06
19 1.5112502615255462e-06
20 1.5085496665155786e-06
21 1.486197555066749e-06
22 1.5160656998970678e-06
23 1.4988640135028919e-06
24 1.4745756855691217e-06
25 1.4815962385897793e-06
26 1.5122606718342655e-06
27 1.4765316245896058e-06
28 1.538445734284676e-06
29 1.5454906403277458e-06
30 1.519982996418742e-06
31 1.501320245402606e-06
32 1.508981660465153e-06
33 1.5201350310640886e-06
34 1.5056679277518591e-06
35 1.4866332291485156e-06
36 1.5323256922060297e-06
37 1.5177740021540315e-06
38 1.5388309138949377e-06
39 1.498740388018149e-06
40 1.5040166857267951e-06
41 1.5156215431562406e-06
42 1.5071595526588285e-06
43 1.5404170294495906e-06
44 1.592645813072416e-06
45 1.5542942082253553e-06
46 1.4939092725888393e-06
47 1.4944092394495723e-06
48 1.5269968043139142e-06
49 1.4809103047324846e-06
50 1.5147545764700242e-06
51 1.5088679363941458e-06
52 1.5276326218523e-06
53 1.4869355955251176e-06
54 1.5090904013917202e-06
55 1.5323442148344427e-06
56 1.499364166072092e-06
57 1.5406985548330194e-06
58 1.4972697103379743e-06
59 1.50161030582342e-06
60 1.4868172256624717e-06
61 1.5185000629422737e-06
62 1.475493109340378e-06
63 1.5315384450271994e-06
64 1.4864697580516907e-06
65 1.4958562062507276e-06
66 1.5569993621230854e-06
67 1.5306108655767322e-06
68 1.5474943752800344e-06
69 1.5151973358795657e-06
70 1.541500330249697e-06
71 1.5138503000025794e-06
72 1.5175665866583178e-06
73 1.516383087947467e-06
74 1.5423191308262457e-06
75 1.5287320571296848e-06
76 1.5033022123292907e-06
77 1.515243560692037e-06
78 1.5416675620317924e-06
79 1.5111450832749357e-06
80 1.4946033169616774e-06
81 1.5310744410118307e-06
82 1.5306386444864229e-06
83 1.5000111542283057e-06
84 1.5228012906450747e-06
85 1.5034470683068209e-06
86 1.5205662687261367e-06
87 1.540402038383762e-06
88 1.5246485285457324e-06
89 1.5159983908212106e-06
90 1.5221392065044938e-06
91 1.4977824956849824e-06
92 1.5244085134993797e-06
93 1.5057358043874916e-06
94 1.5135179476482373e-06
95 1.5110105049442745e-06
96 1.4997587228599555e-06
97 1.4728577558224435e-06
98 1.478769308615583e-06
99 1.5067840635839117e-06
100 1.4972829368016733e-06
101 1.5446344141493271e-06
102 1.5197179547543948e-06
103 1.5587598962613084e-06
104 1.5471688474990934e-06
105 1.5355518831852444e-06
106 1.4883853488393398e-06
107 1.4678166226603694e-06
108 1.4895878120360672e-06
109 1.4968806904488405e-06
110 1.4744428382032735e-06
111 1.5358166971274379e-06
112 1.514447774447768e-06
113 1.549484378352534e-06
114 1.5145834330435678e-06
115 1.4931951147216992e-06
116 1.5080680638537727e-06
117 1.526140813775178e-06
118 1.545009183244304e-06
119 1.4730206342602486e-06
120 1.5485520252946656e-06
121 1.534708995647465e-06
122 1.5064717707245498e-06
123 1.5208566885655935e-06
124 1.5431327419760888e-06
125 1.5494953266649913e-06
126 1.5472164819840754e-06
127 1.5302342108968967e-06
128 1.4892400266818852e-06
129 1.5023124626251396e-06
130 1.50658005199252e-06
131 1.4799464480143665e-06
132 1.4991130059663585e-06
133 1.5340040135713005e-06
134 1.4958587869588916e-06
135 1.5127351324833855e-06
136 1.4802681797040446e-06
137 1.5051506588622102e-06
138 1.4735400842999825e-06
139 1.5048377985155035e-06
140 1.5336718162878297e-06
141 1.4892691248697602e-06
142 1.479713565323316e-06
143 1.521737676740913e-06
144 1.5166343349552501e-06
145 1.5051861550699415e-06
146 1.5040388156807536e-06
147 1.5340297469061787e-06
148 1.5304395793553236e-06
149 1.514539419066368e-06
150 1.4835642183892865e-06
151 1.518777691937843e-06
152 1.5214391969605415e-06
153 1.5306142941581408e-06
154 1.5164473022515303e-06
155 1.5180867388050486e-06
156 1.5207709963843693e-06
157 1.519662057343107e-06
158 1.4916868118450976e-06
159 1.484272140953401e-06
160 1.4988012933991027e-06
161 1.4654406631088867e-06
162 1.483201133766696e-06
163 1.5057714202427992e-06
164 1.5229174162314455e-06
165 1.541466245936223e-06
166 1.492662545960719e-06
167 1.5440417895832853e-06
168 1.5258987110660761e-06
169 1.4573430371855772e-06
170 1.512873562820685e-06
171 1.4999406542985701e-06
172 1.5496883551458283e-06
173 1.5106220815947539e-06
174 1.5390796309269154e-06
175 1.466589971564076e-06
176 1.48118565836092e-06
177 1.532901080929181e-06
178 1.5515593099053395e-06
179 1.511266171951192e-06
180 1.5412418276673018e-06
181 1.5298931066812946e-06
182 1.5447113051068704e-06
183 1.4993863935388638e-06
184 1.537052787529312e-06
185 1.5038251096356635e-06
186 1.5157394870847348e-06
187 1.5329066203184855e-06
188 1.5061655868918801e-06
189 1.5655615430737739e-06
190 1.5246814215344647e-06
191 1.5273427174661932e-06
192 1.528415990932131e-06
193 1.4979680082795523e-06
194 1.4514374197914584e-06
195 1.4928791673731488e-06
196 1.524430916204584e-06
197 1.4974516778089506e-06
198 1.4969626461417565e-06
199 1.4824035270126053e-06
200 1.489425433931205e-06
201 1.5396763947694697e-06
202 1.5221413634434476e-06
203 1.4933464562850494e-06
204 1.5436523435124462e-06
205 1.5276618054182247e-06
206 1.528223228085269e-06
207 1.498306823623977e-06
208 1.5374566647165048e-06
209 1.4846609051846834e-06
210 1.5635651548387862e-06
211 1.5249164062099348e-06
212 1.509377430472696e-06
213 1.4972403823073402e-06
214 1.536942507003214e-06
215 1.5302062393102138e-06
216 1.5350945026739815e-06
217 1.5672775003216063e-06
218 1.5344446756958238e-06
219 1.5166020708503964e-06
220 1.5166223128121065e-06
221 1.519679718049387e-06
222 1.5073940237061438e-06
223 1.5185455745207064e-06
224 1.5142885252816088e-06
225 1.5143192212055459e-06
226 1.481703986368593e-06
227 1.4860604132296776e-06
228 1.4732964828446177e-06
229 1.5185752535190803e-06
230 1.559671866179288e-06
231 1.5089595237227225e-06
232 1.4794767380574454e-06
233 1.529670961441013e-06
234 1.5018233951133174e-06
235 1.4770985271517947e-06
236 1.5465010420191555e-06
237 1.521795899475525e-06
238 1.5591228281620938e-06
239 1.5160685470982147e-06
240 1.482118929818757e-06
241 1.484096938027931e-06
242 1.5391653003556227e-06
243 1.5198453128346928e-06
244 1.4980575202324766e-06
245 1.44663642348263e-06
246 1.5041816046278993e-06
247 1.4670477378495426e-06
248 1.505394536967079e-06
249 1.5262668709863324e-06
250 1.5727646346386277e-06
251 1.5258248557790064e-06
252 1.548555051846877e-06
253 1.504265477309842e-06
254 1.5045645142253942e-06
255 1.5002526837570844e-06
256 1.5495994166090154e-06
257 1.5238625567103483e-06
258 1.46716610527061e-06
259 1.4917346823394002e-06
260 1.4789443068273684e-06
261 1.5216139762971608e-06
262 1.5412118293783908e-06
263 1.502925391018069e-06
264 1.5141234940926774e-06
265 1.5096968894933655e-06
266 1.5225424804002495e-06
267 1.5481729199075094e-06
268 1.4708304440286183e-06
269 1.4919483521317872e-06
270 1.5540948778032397e-06
271 1.4865043201514523e-06
272 1.531997245794205e-06
273 1.5299045652356718e-06
274 1.4987640852634846e-06
275 1.4587504579447031e-06
276 1.5466161659164696e-06
277 1.4937919499122663e-06
278 1.5243490211296939e-06
279 1.4581947585081536e-06
280 1.4986676358990143e-06
281 1.4667440895683462e-06
282 1.5459223865779003e-06
283 1.5126395140437364e-06
284 1.4968790520312318e-06
285 1.513035916581836e-06
286 1.5069828947074234e-06
287 1.5317138068755144e-06
288 1.510384510444243e-06
289 1.5592876656874393e-06
290 1.5212528052858975e-06
291 1.5218097776004176e-06
292 1.5285077552442918e-06
293 1.503892185189999e-06
294 1.5477732857178333e-06
295 1.525807024150006e-06
296 1.5441129994675863e-06
297 1.537503106719593e-06
298 1.4957586620714094e-06
299 1.4794980797665643e-06
