0 6.354758874146663e-06
1 5.837588548913849e-06
2 6.071491266304146e-06
3 6.190291300071568e-06
4 5.763904372869924e-06
5 6.000724902895167e-06
6 6.228143271134616e-06
7 6.19577740180364e-06
8 6.225299852982898e-06
9 6.030398750972003e-06
10 5.9431808177400945e-06
11 6.194932780111185e-06
12 6.149762455708628e-06
13 6.1035424102711306e-06
14 5.6266094853242044e-06
15 6.239557506870209e-06
16 6.111662678707074e-06
17 5.964028034928176e-06
18 6.122913961704309e-06
19 6.179987869416646e-06
20 6.137429100046087e-06
21 6.1410364975357465e-06
22 6.030642047770327e-06
23 6.225547649995059e-06
24 6.15449530335569e-06
25 6.506179048650714e-06
26 6.2451817854044695e-06
27 6.276205511826096e-06
28 6.06221722962912e-06
29 6.030551511428166e-06
30 5.835082402354481e-06
31 6.313941551403745e-06
32 6.390228351276133e-06
33 6.116742007772947e-06
34 6.295624764310017e-06
35 6.394790101982714e-06
36 6.042720493918904e-06
37 6.178903465306016e-06
38 6.014183655741155e-06
39 6.250050116850226e-06
40 6.286727356733268e-06
41 5.908463614148819e-06
42 6.070065681884124e-06
43 5.861050353414226e-06
44 5.725506019323664e-06
45 5.74586404537063e-06
46 6.282725772697707e-06
47 6.2592121496844535e-06
48 6.01653512550396e-06
49 6.346688543355811e-06
50 6.129753828350376e-06
51 6.005668571337856e-06
52 6.027292403273858e-06
53 6.561117904034016e-06
54 6.139353517829132e-06
55 5.913217484405708e-06
56 6.110136879240488e-06
57 6.129940468988198e-06
58 6.182510509089193e-06
59 6.498460022611639e-06
60 6.389956533730358e-06
61 6.024574291713895e-06
62 6.3608055489524525e-06
63 5.791543555030425e-06
64 6.547947035733229e-06
65 6.1138046532292584e-06
66 5.945604929826901e-06
67 5.7594368467420046e-06
68 5.778738764675211e-06
69 5.869578710450778e-06
70 6.087604465513592e-06
71 6.147283485026287e-06
72 6.072010650322523e-06
73 5.971094153981469e-06
74 5.981929153097397e-06
75 6.032944610698519e-06
76 5.859053144344074e-06
77 6.1051265158595774e-06
78 5.799097870415136e-06
79 6.199867101991062e-06
80 6.031712565128377e-06
81 5.951033740189233e-06
82 5.898121032920022e-06
83 6.0846644301281115e-06
84 6.090105713503854e-06
85 6.2153091768582085e-06
86 5.928028806443226e-06
87 5.698753200334374e-06
88 6.02462639358632e-06
89 6.258581671313096e-06
90 6.084368477641035e-06
91 6.115308271796784e-06
92 5.956359570030977e-06
93 6.2504536279109485e-06
94 6.271726012733971e-06
95 6.26994854761459e-06
96 6.1045148031015256e-06
97 6.4418348854429365e-06
98 6.241537466822822e-06
99 6.43340203237159e-06
100 6.6814687961032e-06
101 6.052543806108304e-06
102 6.067374265941712e-06
103 6.022025643927953e-06
104 5.824858289138761e-06
105 6.021949966562878e-06
106 6.19688473533426e-06
107 6.3462130814160675e-06
108 6.54278598912721e-06
109 6.2963387054198584e-06
110 6.495600557586532e-06
111 6.221177953131975e-06
112 5.849306664965661e-06
113 5.773878826703292e-06
114 6.135489162352317e-06
115 6.4079507318588935e-06
116 5.993911087179042e-06
117 5.936264822923348e-06
118 6.13367245353896e-06
119 6.426071525960328e-06
120 6.054795946198713e-06
121 5.921794265068069e-06
122 6.2922860146985745e-06
123 6.142560294889284e-06
124 5.980332313346659e-06
125 5.790460166186673e-06
126 5.982166035541267e-06
127 5.912217821075144e-06
128 6.25133786755811e-06
129 5.9543156441964594e-06
130 6.099169172371863e-06
131 6.6019482249899484e-06
132 6.206969698874381e-06
133 6.047269229289601e-06
134 6.123264432233323e-06
135 6.215867489330703e-06
136 6.375291551947835e-06
137 6.257587618294444e-06
138 6.3679898459374835e-06
139 6.166333429771615e-06
140 6.012246825609028e-06
141 6.34494764866055e-06
142 6.522836073004722e-06
143 6.098212415542739e-06
144 6.255292097897148e-06
145 6.363512479009062e-06
146 5.936516383423965e-06
147 5.955725567407998e-06
148 6.079272487240866e-06
149 6.130802355489527e-06
150 6.055109186913121e-06
151 6.248108524431463e-06
152 5.963904092819254e-06
153 5.926794428198178e-06
154 6.326383944338437e-06
155 6.030451962279046e-06
156 6.026570079321935e-06
157 6.080876844333654e-06
158 6.4565454335049975e-06
159 6.332944296589372e-06
160 6.462064061020725e-06
161 6.5409984215717445e-06
162 6.428730397902117e-06
163 6.274096370797858e-06
164 6.036544059859379e-06
165 5.95178149668768e-06
166 6.3090509572800775e-06
167 5.993148855350199e-06
168 6.101125766588048e-06
169 6.563522121086472e-06
170 6.152801023569727e-06
171 6.531004486955967e-06
172 5.905741408177466e-06
173 6.035276545200568e-06
174 5.955306734839132e-06
175 6.414896398831238e-06
176 6.234981225217694e-06
177 5.801308603917583e-06
178 5.872570132691213e-06
179 6.0548712139747426e-06
180 5.806551689571988e-06
181 6.11075159546744e-06
182 5.72752841207777e-06
183 6.465578908989944e-06
184 5.99206226448017e-06
185 6.175457932327654e-06
186 6.249048314949842e-06
187 6.133326772133916e-06
188 5.934419743405776e-06
189 5.6904400197642806e-06
190 5.986082047492924e-06
191 6.08996296481585e-06
192 5.940528340156164e-06
193 6.26342779610443e-06
194 6.485397354842519e-06
195 6.37012289971199e-06
196 5.938156840477279e-06
197 6.2532529283127816e-06
198 6.376372722888382e-06
199 6.246061805126936e-06
200 6.392641010559996e-06
201 5.680542335648303e-06
202 6.015365558662458e-06
203 6.205489669262476e-06
204 6.088970686316236e-06
205 5.778341593885999e-06
206 5.960483967254075e-06
207 6.247871724918814e-06
208 6.19426285251934e-06
209 6.214535284699942e-06
210 5.912564680720515e-06
211 6.097452980497881e-06
212 6.32736360706052e-06
213 6.065513036800739e-06
214 5.9882754705962655e-06
215 5.815222232270754e-06
216 5.928720779006148e-06
217 5.851742838465882e-06
218 5.847061109113005e-06
219 6.166915227071119e-06
220 6.096918768644835e-06
221 5.900753364366233e-06
222 6.148600817580908e-06
223 5.978532613080268e-06
224 5.9823936250009e-06
225 6.162996940339232e-06
226 6.269063904569155e-06
227 6.200966743364472e-06
228 6.239947429010598e-06
229 6.075977623685297e-06
230 5.950029288336726e-06
231 6.087141602336501e-06
232 6.114704452329846e-06
233 5.927274016587364e-06
234 6.1985984936516264e-06
235 6.415131540565044e-06
236 5.740097272957462e-06
237 6.062455754290492e-06
238 5.813045253633218e-06
239 6.038563722235455e-06
240 6.075565805125461e-06
241 6.1807150639309875e-06
242 5.928343144008283e-06
243 6.037104803611447e-06
244 6.468861642144842e-06
245 6.46672214183662e-06
246 5.777191262048263e-06
247 6.559114256172509e-06
248 5.8614144758975995e-06
249 6.020234879586511e-06
250 5.756484500593488e-06
251 5.998727959228913e-06
252 6.0064159473295925e-06
253 6.247422250267414e-06
254 6.014409074106879e-06
255 6.085694432929718e-06
256 5.918804268983005e-06
257 5.990750832431226e-06
258 6.359916881352322e-06
259 6.480310841673333e-06
260 6.4060306024656225e-06
261 6.091734378558709e-06
262 5.937797239099257e-06
263 6.069827635656154e-06
264 6.1811242772183175e-06
265 6.2440181482632435e-06
266 6.1879217170036045e-06
267 6.118086937431683e-06
268 6.182774820239555e-06
269 6.066234591805783e-06
270 5.809051941650804e-06
271 6.334908009237995e-06
272 5.8603103503255996e-06
273 6.314478615190103e-06
274 6.610960359414952e-06
275 6.361577460631826e-06
276 6.132243559225963e-06
277 6.11616211618895e-06
278 6.009618013654026e-06
279 6.4727813872484005e-06
280 6.1974896860688625e-06
281 6.341200043646578e-06
282 5.941341552818374e-06
283 6.247706262773457e-06
284 6.3639247451757064e-06
285 6.219648943559542e-06
286 6.170593557056631e-06
287 6.288369675554797e-06
288 5.970760706103247e-06
289 5.992140829866245e-06
290 6.092849049235913e-06
291 6.279511661429412e-06
292 5.92984892630704e-06
293 6.2308742283002995e-06
294 6.1906783927618395e-06
295 5.993593871222008e-06
296 5.965616278291538e-06
297 6.043468877639379e-06
298 6.171981431521095e-06
299 6.269137105691014e-06
