0 -1.8587482591515835e-06
1 -1.2035959798514163e-06
2 -1.3607861085036862e-06
3 -1.6692742757767157e-06
4 -1.6062190185791227e-06
5 -1.3213407418712746e-06
6 -1.4578766107551586e-06
7 -1.8316564804847473e-06
8 -1.7556875993211254e-06
9 -1.5771438054926738e-06
10 -1.0675157942361e-06
11 -1.8467576549624348e-06
12 -2.1053199899176933e-06
13 -1.8560794950097893e-06
14 -1.3279523799050962e-06
15 -1.569024461323505e-06
16 -1.3620779447475408e-06
17 -1.2353851041054793e-06
18 -2.158733337257393e-06
19 -1.773424426228608e-06
20 -1.93633411339006e-06
21 -2.1813881957067076e-06
22 -1.598558978000203e-06
23 -1.7729619423863915e-06
24 -2.3719441598830915e-06
25 -2.047155433713923e-06
26 -1.587728408061418e-06
27 -2.029055092073402e-06
28 -1.7294721288392979e-06
29 -1.3879271407674903e-06
30 -1.409579562305982e-06
31 -1.7280698165278925e-06
32 -1.822551707008749e-06
33 -1.8428079955492507e-06
34 -2.177193529881103e-06
35 -1.7708462269696473e-06
36 -1.4644954314957861e-06
37 -1.949066491947637e-06
38 -1.622348210795299e-06
39 -1.7021705270441797e-06
40 -2.009131337952318e-06
41 -1.934994038245671e-06
42 -2.1206501947972285e-06
43 -1.457767578207198e-06
44 -1.1165310735016023e-06
45 -1.444520654229914e-06
46 -2.136382085395102e-06
47 -2.0180276909426594e-06
48 -1.277505766380267e-06
49 -2.362570789032765e-06
50 -2.0969831290921806e-06
51 -1.8666094999289138e-06
52 -1.8530866661215156e-06
53 -1.5119340428874863e-06
54 -2.0495855061583045e-06
55 -1.5140743302751657e-06
56 -1.5340841470747952e-06
57 -1.6767674651279558e-06
58 -1.979750720530054e-06
59 -1.854216459732809e-06
60 -2.0812864049032638e-06
61 -1.3634761789635183e-06
62 -2.0471164711638462e-06
63 -1.4831364884819014e-06
64 -1.8485971724889365e-06
65 -1.7140011539508191e-06
66 -1.3592360406530138e-06
67 -1.1566343588335852e-06
68 -1.1264807963391013e-06
69 -1.2090331483422182e-06
70 -1.697871253804625e-06
71 -1.6387701257031246e-06
72 -1.4876884686978036e-06
73 -1.6198050611551398e-06
74 -1.3892191677568912e-06
75 -1.7653902014993386e-06
76 -1.6127144052484154e-06
77 -1.4892243437244692e-06
78 -1.1661100266121686e-06
79 -1.6628933666364689e-06
80 -2.0003221414550306e-06
81 -1.5435622033834592e-06
82 -1.8980457977078958e-06
83 -1.5608653303731565e-06
84 -1.4547521610911956e-06
85 -2.1381148668047785e-06
86 -2.100459129279615e-06
87 -1.544983411072197e-06
88 -1.6205609291077208e-06
89 -1.5739968669878428e-06
90 -1.8135385567706414e-06
91 -1.7773426106213862e-06
92 -1.8793540439558201e-06
93 -1.7986211202381446e-06
94 -1.917978053133845e-06
95 -2.099077121891147e-06
96 -2.3731443299992752e-06
97 -2.057180055609399e-06
98 -2.034188313761907e-06
99 -2.2679139659757985e-06
100 -2.135997151258127e-06
101 -2.032028071700063e-06
102 -1.9506834068676484e-06
103 -8.699186901126255e-07
104 -1.4359905784573612e-06
105 -1.7535772711313052e-06
106 -1.8218613716147973e-06
107 -2.1212789591455524e-06
108 -2.1328117185832873e-06
109 -1.8793462957377135e-06
110 -2.346123899515173e-06
111 -1.7741445520320428e-06
112 -1.5598262472137779e-06
113 -1.1551050722117129e-06
114 -2.140696864285211e-06
115 -2.2142054118160664e-06
116 -1.3470799294378755e-06
117 -2.10328512928093e-06
118 -9.989184779110268e-07
119 -2.135640188872087e-06
120 -1.6984490602607366e-06
121 -1.2578193231811068e-06
122 -1.9487679930702454e-06
123 -1.7584524182667948e-06
124 -1.7172724116052083e-06
125 -1.2857313134848402e-06
126 -1.2435391229754566e-06
127 -1.5752862166548161e-06
128 -1.6684718434048583e-06
129 -1.6431368105030987e-06
130 -1.397983299924357e-06
131 -2.513704481221885e-06
132 -2.2393030202528057e-06
133 -1.3919086183680459e-06
134 -1.7096157923358835e-06
135 -2.0335230383192273e-06
136 -2.308559772795931e-06
137 -1.783220292101781e-06
138 -1.604004109331335e-06
139 -1.7855251516064402e-06
140 -1.3531225600019474e-06
141 -1.931558250471385e-06
142 -1.7412744352168689e-06
143 -2.0790976640686937e-06
144 -1.761103070134856e-06
145 -1.8903725795342056e-06
146 -1.7732698183256205e-06
147 -1.61945616208449e-06
148 -2.0073489882979867e-06
149 -1.9544138476786142e-06
150 -2.209093492501694e-06
151 -1.8011800620551945e-06
152 -1.44690824750491e-06
153 -1.5578977696649918e-06
154 -1.6265120758208368e-06
155 -2.04347089289944e-06
156 -1.5385780289321027e-06
157 -1.7005534341267182e-06
158 -1.8466429409333748e-06
159 -1.8467392421640824e-06
160 -1.546704562782181e-06
161 -2.6356721883419234e-06
162 -2.439396936418601e-06
163 -1.6120272593236721e-06
164 -1.6773084165686016e-06
165 -1.3687976612014494e-06
166 -2.2591470562679234e-06
167 -1.8205333988001772e-06
168 -1.3951042150535326e-06
169 -2.2633587298263987e-06
170 -1.5545881419397938e-06
171 -1.9010112380620276e-06
172 -8.140894896245292e-07
173 -1.1839850504503896e-06
174 -1.3248795720818204e-06
175 -1.996432610549486e-06
176 -1.9924259243196336e-06
177 -1.0423266313362974e-06
178 -8.582393263153758e-07
179 -1.6969406366672665e-06
180 -1.4740439826751806e-06
181 -1.5616221433033769e-06
182 -1.4375738210348529e-06
183 -1.955926203154293e-06
184 -1.2000162800067707e-06
185 -1.7734548185652904e-06
186 -2.2408785906057807e-06
187 -2.0279921064279544e-06
188 -1.8950494578038936e-06
189 -9.597076351376716e-07
190 -1.841894855890591e-06
191 -1.8978877491217985e-06
192 -1.5478139777219999e-06
193 -1.8163317281484938e-06
194 -2.735187705081848e-06
195 -2.0938399747603397e-06
196 -1.4587859899140483e-06
197 -2.1740733265364633e-06
198 -1.8078982562210679e-06
199 -1.376552057783297e-06
200 -1.4261838443589605e-06
201 -1.1646060142748906e-06
202 -1.3202178058408883e-06
203 -1.8547976915340375e-06
204 -1.423678266286365e-06
205 -1.3282752985807497e-06
206 -1.4671070539119171e-06
207 -2.135780048952536e-06
208 -1.3752561666247268e-06
209 -2.0253094032699026e-06
210 -1.6280306945559084e-06
211 -1.9589662736383513e-06
212 -1.8284335069658962e-06
213 -1.742604844304382e-06
214 -1.881964069602612e-06
215 -2.013952748036422e-06
216 -1.7605355060177972e-06
217 -1.207840195543271e-06
218 -1.7701664972762966e-06
219 -2.2156742264929665e-06
220 -1.6469183716930043e-06
221 -1.752758967505662e-06
222 -2.188096950867382e-06
223 -1.971310644713331e-06
224 -1.6613533164054708e-06
225 -1.6421376577399072e-06
226 -1.6786970760443425e-06
227 -1.583825637710125e-06
228 -2.419636174398228e-06
229 -1.6712096313482666e-06
230 -1.3780508605829652e-06
231 -1.8972879544151899e-06
232 -1.8872498149617028e-06
233 -1.72163578718187e-06
234 -1.3330935307218987e-06
235 -1.960980820518836e-06
236 -1.2643030078527148e-06
237 -1.8333140267405147e-06
238 -1.0655391541957992e-06
239 -1.6157198479747426e-06
240 -1.7666163718809786e-06
241 -2.2022376505272647e-06
242 -1.523642822879664e-06
243 -1.6607764053295902e-06
244 -1.6162633664705562e-06
245 -2.126288126420106e-06
246 -1.7091697647071544e-06
247 -2.433738488000813e-06
248 -1.3491826257803671e-06
249 -1.200283250647708e-06
250 -8.692920266059944e-07
251 -2.003265684686294e-06
252 -1.5494388246267937e-06
253 -1.8153331240000598e-06
254 -2.0276408091849996e-06
255 -2.1217920960619883e-06
256 -1.2843060912835086e-06
257 -1.4805862801033914e-06
258 -2.282511509061451e-06
259 -1.9426809148106335e-06
260 -2.012243716855864e-06
261 -1.6833315277110917e-06
262 -1.4999796548673966e-06
263 -1.422757090792315e-06
264 -1.966735921835473e-06
265 -1.7316824279752307e-06
266 -1.5366458215867854e-06
267 -1.3545345903706112e-06
268 -1.8546579296280065e-06
269 -2.288404898482832e-06
270 -1.3703499759472862e-06
271 -1.5821111190478513e-06
272 -1.079010771559867e-06
273 -1.8854539697199913e-06
274 -2.1310934218499217e-06
275 -1.966132445641484e-06
276 -1.2307373743031884e-06
277 -1.9337295094082076e-06
278 -1.7893238157763329e-06
279 -2.318047344465507e-06
280 -2.2574961940316523e-06
281 -1.894128434182282e-06
282 -1.307295075100493e-06
283 -1.754054412005947e-06
284 -2.2257373711219912e-06
285 -1.567409049161754e-06
286 -1.9682115257826075e-06
287 -1.7877643629433317e-06
288 -1.8245099963569184e-06
289 -1.8201212039233965e-06
290 -1.9259269418038612e-06
291 -1.7066883596257902e-06
292 -1.1040869832958488e-06
293 -1.9906909154028027e-06
294 -1.442627691371207e-06
295 -1.6875265776813418e-06
296 -1.0793201535159288e-06
297 -1.662614728782402e-06
298 -1.6876073514167695e-06
299 -2.2989053409071774e-06
