0 6.838010413828363e-06
1 6.503666718572301e-06
2 6.704245084327209e-06
3 6.753633430036634e-06
4 6.1241089897282135e-06
5 6.636914685153129e-06
6 6.8322901647358e-06
7 6.650284368620286e-06
8 6.7170934813813546e-06
9 6.4951119148970855e-06
10 6.755008250121931e-06
11 6.657915222718404e-06
12 6.35936857276008e-06
13 6.542633213670172e-06
14 6.146934834052564e-06
15 6.867049596596858e-06
16 6.864586346692515e-06
17 6.690359913264141e-06
18 6.277435951452396e-06
19 6.649086248944168e-06
20 6.470339074676835e-06
21 6.327069901068581e-06
22 6.560213600932597e-06
23 6.656140579836334e-06
24 6.2414486744022875e-06
25 6.896368402529238e-06
26 6.846076757545576e-06
27 6.6137377337932695e-06
28 6.545951434290197e-06
29 6.717157946182315e-06
30 6.388431677890384e-06
31 6.8455750819027405e-06
32 6.934142682630508e-06
33 6.5550802955545714e-06
34 6.507566422999487e-06
35 6.940840510123748e-06
36 6.631848645065675e-06
37 6.530996451347344e-06
38 6.4878490572594e-06
39 6.765507234397785e-06
40 6.639423832387061e-06
41 6.119640339550406e-06
42 6.306768664629533e-06
43 6.398469457120581e-06
44 6.4787803958167615e-06
45 6.1756377415453175e-06
46 6.537924049751642e-06
47 6.601353019388531e-06
48 6.681769357456558e-06
49 6.501907958882849e-06
50 6.3143561400985165e-06
51 6.330553817513695e-06
52 6.430178782483526e-06
53 7.286117245515592e-06
54 6.355190673188657e-06
55 6.4010340881810814e-06
56 6.6558657616367865e-06
57 6.6585091769188115e-06
58 6.520294103206414e-06
59 7.0710221831882135e-06
60 6.720500403620333e-06
61 6.668126256447775e-06
62 6.711148106023817e-06
63 6.256126615919611e-06
64 7.115313015075046e-06
65 6.558334841609921e-06
66 6.611461664563284e-06
67 6.4151090340759155e-06
68 6.4296376330263654e-06
69 6.489331624353359e-06
70 6.584481552018392e-06
71 6.663587731725993e-06
72 6.692523965612893e-06
73 6.336034547721354e-06
74 6.6185617741560075e-06
75 6.38792503632846e-06
76 6.292301181904097e-06
77 6.697151230660003e-06
78 6.5341564000039144e-06
79 6.750767105353206e-06
80 6.2822161808589765e-06
81 6.388766663650343e-06
82 6.180457844635757e-06
83 6.6144579436667085e-06
84 6.7513642327920115e-06
85 6.489612604112091e-06
86 6.093784542589557e-06
87 6.101852597039369e-06
88 6.461139698787794e-06
89 6.867678944885417e-06
90 6.52733551784812e-06
91 6.481715981640165e-06
92 6.316284950873853e-06
93 6.723041212308419e-06
94 6.7014443874110965e-06
95 6.517978959328039e-06
96 6.167421183227959e-06
97 6.779370194414792e-06
98 6.522444847896889e-06
99 6.73197474282324e-06
100 7.1334099733819905e-06
101 6.342249361497351e-06
102 6.365132978152115e-06
103 7.024416638397128e-06
104 6.357355397189769e-06
105 6.44529225596485e-06
106 6.587304755885842e-06
107 6.625811008329162e-06
108 6.963527116836994e-06
109 6.658831958864226e-06
110 6.705749894739543e-06
111 6.7797204927830225e-06
112 6.300752770093089e-06
113 6.438877989505412e-06
114 6.372973808096375e-06
115 6.643795067618922e-06
116 6.644315686438633e-06
117 6.097782991197378e-06
118 7.066696207789766e-06
119 6.7148582894663785e-06
120 6.492433639658838e-06
121 6.581364481403446e-06
122 6.710664724471006e-06
123 6.6057003697689535e-06
124 6.4012613059467784e-06
125 6.463173751254319e-06
126 6.717609440404915e-06
127 6.3952387007759825e-06
128 6.8010194913203625e-06
129 6.321000480842775e-06
130 6.747620413605643e-06
131 6.748369375385294e-06
132 6.305822257682792e-06
133 6.722668498785912e-06
134 6.58250001652332e-06
135 6.50088932205143e-06
136 6.533556384876222e-06
137 6.682007443687334e-06
138 6.9547304160313105e-06
139 6.624953188032292e-06
140 6.6184468830064425e-06
141 6.7746456216807685e-06
142 7.095800117552394e-06
143 6.36325094607084e-06
144 6.790811122095699e-06
145 6.813534307242842e-06
146 6.3434747940722385e-06
147 6.403776573187087e-06
148 6.415653639064751e-06
149 6.441381403476308e-06
150 6.160572172288301e-06
151 6.783235028657288e-06
152 6.5390932605717755e-06
153 6.4172649484069645e-06
154 6.949303608477869e-06
155 6.26231378545112e-06
156 6.557150881856316e-06
157 6.506206573275071e-06
158 6.897810904770548e-06
159 6.783237645349055e-06
160 7.147303023153171e-06
161 6.55998914989449e-06
162 6.532391363156429e-06
163 6.8836882581357195e-06
164 6.481418574553666e-06
165 6.556791430731826e-06
166 6.552249641559162e-06
167 6.3834375807879855e-06
168 6.7640729413176324e-06
169 6.8366227881315815e-06
170 6.677094585337869e-06
171 7.025615481928817e-06
172 6.834621979358726e-06
173 6.765777722878778e-06
174 6.573071670593322e-06
175 6.7930208334110275e-06
176 6.591812678693596e-06
177 6.552844796597926e-06
178 6.7295380995437426e-06
179 6.43128550895646e-06
180 6.319243794177022e-06
181 6.6942073954147396e-06
182 6.2077863802891375e-06
183 6.934807239333242e-06
184 6.758881443354485e-06
185 6.598822332943631e-06
186 6.497058200556542e-06
187 6.41871071466496e-06
188 6.183206435129686e-06
189 6.472390544946765e-06
190 6.374231417112058e-06
191 6.433933228982999e-06
192 6.405809931871841e-06
193 6.724467714156911e-06
194 6.473958407069712e-06
195 6.662478963917242e-06
196 6.476058097192825e-06
197 6.4343253615273665e-06
198 6.871043015083706e-06
199 6.9130661709738395e-06
200 7.061089468109792e-06
201 6.2832407491636025e-06
202 6.664670452147767e-06
203 6.641760700988561e-06
204 6.802249543064205e-06
205 6.327957303791095e-06
206 6.552637741864886e-06
207 6.515861050285913e-06
208 6.9254775206802325e-06
209 6.511027062914419e-06
210 6.379419477893702e-06
211 6.393453424524117e-06
212 6.8209887654874406e-06
213 6.477165491520172e-06
214 6.274645306776853e-06
215 5.972041422578696e-06
216 6.281634015352455e-06
217 6.565605665236043e-06
218 6.131147146402119e-06
219 6.351231678594452e-06
220 6.595517169041196e-06
221 6.298968386850189e-06
222 6.297860014909384e-06
223 6.154816221290127e-06
224 6.388293994331877e-06
225 6.674501893926338e-06
226 6.814424464524323e-06
227 6.74833168788585e-06
228 6.2548008554863715e-06
229 6.579879964597284e-06
230 6.588334224695204e-06
231 6.459570426432712e-06
232 6.473895588351582e-06
233 6.33984168187599e-06
234 6.927379409096798e-06
235 6.83656783715571e-06
236 6.342828365172217e-06
237 6.448128129670113e-06
238 6.616059263472634e-06
239 6.514281048014062e-06
240 6.4532820621611404e-06
241 6.31363767792286e-06
242 6.490199611195335e-06
243 6.530853644982622e-06
244 7.116288808865685e-06
245 6.740351803399167e-06
246 6.0769946374585645e-06
247 6.717838890331146e-06
248 6.450435424395955e-06
249 6.770953531041372e-06
250 6.677150370674151e-06
251 6.2709225003390786e-06
252 6.496227346724549e-06
253 6.6932331931472755e-06
254 6.248405217926794e-06
255 6.316252816218676e-06
256 6.5500517562827185e-06
257 6.529567020110074e-06
258 6.56450563153784e-06
259 6.991280467254713e-06
260 6.8030374031360735e-06
261 6.578783787708115e-06
262 6.49298181141348e-06
263 6.639489914439572e-06
264 6.5568777919340015e-06
265 6.78456461867393e-06
266 6.784224066544281e-06
267 6.859281935141183e-06
268 6.514887669400398e-06
269 6.135518551029733e-06
270 6.398416940209217e-06
271 6.981578724882204e-06
272 6.624101605977426e-06
273 6.7711862755491644e-06
274 7.02314893964626e-06
275 6.727534828764175e-06
276 6.988740702191897e-06
277 6.366865911906213e-06
278 6.371651118943958e-06
279 6.672646503016288e-06
280 6.338638061115012e-06
281 6.684296408897079e-06
282 6.6378156016252445e-06
283 6.656368794496102e-06
284 6.636497395149167e-06
285 6.8174997932515315e-06
286 6.508886151233036e-06
287 6.790222789821252e-06
288 6.250095003394968e-06
289 6.403421588719776e-06
290 6.366066794941521e-06
291 6.813489208149057e-06
292 6.688594240599621e-06
293 6.57175443566884e-06
294 6.911185775671827e-06
295 6.396876830698081e-06
296 6.823108444101889e-06
297 6.521434431184385e-06
298 6.648253985480858e-06
299 6.344049314685562e-06
