0 8.505408394751403e-08
1 7.379283895839278e-08
2 7.482378813312206e-08
3 8.464043774591503e-08
4 8.492415111670765e-08
5 8.702327063634025e-08
6 7.071078824152609e-08
7 8.298938736212847e-08
8 7.078060199983736e-08
9 8.121658160908288e-08
10 8.997357186029754e-08
11 8.16459795453983e-08
12 8.304961779805719e-08
13 7.556863015831631e-08
14 7.912129300686605e-08
15 8.226834253120491e-08
16 8.689274455493936e-08
17 8.876799485469072e-08
18 8.979513953296924e-08
19 7.496381624012238e-08
20 8.04121092295091e-08
21 8.6355368295117e-08
22 9.47980815558063e-08
23 8.265133183049804e-08
24 9.406867250524455e-08
25 7.593472035043341e-08
26 8.442316470773563e-08
27 7.664839288819192e-08
28 8.727061787715581e-08
29 8.724864849029824e-08
30 8.790150764116232e-08
31 8.944631636143331e-08
32 8.282812398387377e-08
33 7.907400456648284e-08
34 8.251831466957522e-08
35 6.948137678257334e-08
36 7.706684968821454e-08
37 7.818471805055088e-08
38 9.118180040309588e-08
39 7.539520215522842e-08
40 7.003036007297468e-08
41 7.620194777021173e-08
42 8.590439456186457e-08
43 9.171808540733964e-08
44 8.147031173770253e-08
45 7.793555700418781e-08
46 8.937254515257849e-08
47 7.942110185625423e-08
48 7.73563219662409e-08
49 7.681880341955004e-08
50 8.068645826125828e-08
51 7.463627003240548e-08
52 7.720737046788824e-08
53 7.835694138550227e-08
54 8.329047832240493e-08
55 8.084391957898944e-08
56 6.53328955254347e-08
57 7.359677992580759e-08
58 8.31964461489872e-08
59 7.769964401836678e-08
60 7.304248043339355e-08
61 7.811487899676104e-08
62 8.533464687192144e-08
63 7.741084568619773e-08
64 7.966582899568562e-08
65 8.459274314625158e-08
66 7.743810626639975e-08
67 8.701928557919797e-08
68 8.198040262989191e-08
69 7.457381422195832e-08
70 7.681415999192681e-08
71 7.461617117161021e-08
72 8.036727960910453e-08
73 8.367784466052075e-08
74 7.972590773132618e-08
75 7.768636529817082e-08
76 7.833914915810787e-08
77 6.340122789978972e-08
78 8.70462018193127e-08
79 7.900674093399162e-08
80 8.059191856712937e-08
81 7.285882267153933e-08
82 8.28032165962526e-08
83 8.168235854984183e-08
84 9.941155459192472e-08
85 8.423806154270735e-08
86 7.737478289435256e-08
87 8.753076954931929e-08
88 8.880930675845359e-08
89 9.23109012688463e-08
90 8.052327329891283e-08
91 8.253189897852845e-08
92 6.191740763919837e-08
93 7.584580299010905e-08
94 7.194601348675799e-08
95 8.573780190863898e-08
96 7.479338924471125e-08
97 9.072211736175791e-08
98 8.500457826061866e-08
99 7.950325943776874e-08
100 7.915753073935079e-08
101 7.106065962446642e-08
102 7.928635558671969e-08
103 6.882903819129905e-08
104 8.474059755334194e-08
105 7.795611589140876e-08
106 7.420759508993524e-08
107 8.007477607713601e-08
108 6.799261108615196e-08
109 8.421695243363826e-08
110 7.68181376298195e-08
111 8.246950205059541e-08
112 7.422377276956732e-08
113 9.393914883664896e-08
114 7.021038541307479e-08
115 8.965837923269553e-08
116 8.030248214000843e-08
117 9.152295069298172e-08
118 7.438986092823106e-08
119 7.865397606221207e-08
120 8.301145548013307e-08
121 8.293756934397419e-08
122 8.391957113874454e-08
123 6.988050013558662e-08
124 8.880130859517013e-08
125 7.837197138386944e-08
126 8.456208623422558e-08
127 7.524462661649725e-08
128 7.137691304704677e-08
129 8.865238229695711e-08
130 7.47554482292976e-08
131 7.533943635076046e-08
132 7.760602337081736e-08
133 8.010596075924256e-08
134 7.84974162019451e-08
135 7.757685134318192e-08
136 7.528654694363367e-08
137 7.304537860450896e-08
138 8.560065364368257e-08
139 7.823244190999561e-08
140 8.631438308765086e-08
141 7.411702335922198e-08
142 6.729873138896733e-08
143 8.272288028131257e-08
144 8.039396739092054e-08
145 8.055669090084938e-08
146 7.444525028343137e-08
147 8.180179425391501e-08
148 8.449622638080754e-08
149 6.440375225162671e-08
150 7.476890617869467e-08
151 7.912970801805073e-08
152 7.36597738091599e-08
153 8.074818793916892e-08
154 8.056237921733584e-08
155 9.580418126488749e-08
156 7.980576220675955e-08
157 8.944460979156641e-08
158 6.6235093354399e-08
159 8.858760764734381e-08
160 7.517616717140545e-08
161 8.583920981500585e-08
162 7.918442681969116e-08
163 8.423935683562491e-08
164 7.109097653341285e-08
165 7.047454097556476e-08
166 7.57105109344809e-08
167 8.917402643507103e-08
168 7.908844211933057e-08
169 7.798318670047922e-08
170 8.074876614973584e-08
171 8.02108882148811e-08
172 9.279234883502512e-08
173 8.142154161545217e-08
174 7.686246490349825e-08
175 7.191797197902533e-08
176 8.786706742513421e-08
177 8.093677580085705e-08
178 8.14300782128734e-08
179 7.615813608996088e-08
180 8.226712418231814e-08
181 7.932851180932199e-08
182 7.145266877959258e-08
183 8.277341102990731e-08
184 7.967167483060953e-08
185 7.773309150442625e-08
186 7.38477669526284e-08
187 7.161674019696746e-08
188 7.594676518537697e-08
189 7.96944406466073e-08
190 6.608823308445795e-08
191 8.974827633608687e-08
192 8.259895577664724e-08
193 7.51412680776107e-08
194 7.602477595178804e-08
195 7.297034026108991e-08
196 6.51763260542969e-08
197 8.04875648118201e-08
198 8.596968692645745e-08
199 6.863471697460486e-08
200 6.914879558927126e-08
201 8.230366265676487e-08
202 8.369297768922061e-08
203 8.369191843677574e-08
204 8.86056668229754e-08
205 8.370395305513929e-08
206 7.762975620596166e-08
207 8.603164050832142e-08
208 8.186694646861668e-08
209 8.178631121884633e-08
210 8.481538582618994e-08
211 7.656094427913714e-08
212 7.645662778490556e-08
213 8.277207962293782e-08
214 8.221993198720975e-08
215 9.185840729984947e-08
216 9.217666999640427e-08
217 7.316774969623391e-08
218 7.714533483744814e-08
219 8.928421594719444e-08
220 7.528353244724332e-08
221 7.777942381298622e-08
222 8.058449077532484e-08
223 8.055085812826889e-08
224 8.030338554768395e-08
225 8.957500216798864e-08
226 8.644789328204386e-08
227 6.284220675434664e-08
228 7.81440580348295e-08
229 8.032500969540135e-08
230 7.199178241720852e-08
231 7.777158009088964e-08
232 7.926889528489737e-08
233 8.541819107100482e-08
234 7.428668493901915e-08
235 7.188308696365867e-08
236 8.713601520914535e-08
237 8.30514961833647e-08
238 8.503632214491407e-08
239 7.526421918529411e-08
240 7.910351084984553e-08
241 7.891956883039049e-08
242 8.397833013272266e-08
243 7.231788620097013e-08
244 8.327583374890164e-08
245 7.339508953330989e-08
246 7.746491537253266e-08
247 7.962783131673676e-08
248 7.859472160611028e-08
249 8.630004665611885e-08
250 7.489522070614262e-08
251 8.801963574603579e-08
252 7.957332920236345e-08
253 8.899045414203398e-08
254 8.422396559304695e-08
255 7.72133470491723e-08
256 8.37031328824832e-08
257 8.417939569314002e-08
258 8.22358470213489e-08
259 7.967675936050677e-08
260 7.442335019681551e-08
261 7.471451751328798e-08
262 8.122308303409567e-08
263 7.968369030564779e-08
264 9.543264891019726e-08
265 8.90399416457198e-08
266 7.487973294243023e-08
267 7.554273296789483e-08
268 8.9915767535718e-08
269 8.313932042664448e-08
270 8.283983959150082e-08
271 8.23715253135106e-08
272 8.81619388899023e-08
273 7.940610446684358e-08
274 7.464127571839541e-08
275 8.360181818120052e-08
276 8.121589015574531e-08
277 6.491230918753144e-08
278 6.34466006249152e-08
279 7.101526817995052e-08
280 7.85154582854394e-08
281 7.781261704316542e-08
282 8.551576392132094e-08
283 8.304477724868787e-08
284 7.933652013876541e-08
285 8.730205130401987e-08
286 7.439584444593657e-08
287 8.133581872614625e-08
288 8.459763430225863e-08
289 7.709964844404898e-08
290 8.010826817276576e-08
291 8.57454246234125e-08
292 7.662130265113234e-08
293 7.322768162064528e-08
294 8.139902433951047e-08
295 7.40612763747629e-08
296 8.021040500608362e-08
297 8.067939309479266e-08
298 8.864303722709742e-08
299 8.823246357848335e-08
