0 1.1610092414801429e-06
1 1.1788014109238521e-06
2 1.3216051391681499e-06
3 9.517608689359934e-07
4 1.5585714300447965e-06
5 1.4562521381404793e-06
6 1.3089398798323151e-06
7 1.2669010129534817e-06
8 1.2972251797084048e-06
9 1.1571609846980939e-06
10 1.2284140956449844e-06
11 1.2452712801541271e-06
12 1.4010957932297377e-06
13 1.142850659632081e-06
14 1.1914059594277993e-06
15 1.3862723107958102e-06
16 1.256828085780539e-06
17 1.3931361399473775e-06
18 1.3736643358601753e-06
19 1.3326746206400613e-06
20 1.1722704979459855e-06
21 1.2596871015062575e-06
22 1.3085371226775743e-06
23 1.7357757002256984e-06
24 1.3840556596240733e-06
25 1.43765928127838e-06
26 1.2740799274471238e-06
27 1.4295763409458433e-06
28 1.160343079242088e-06
29 1.18725411263466e-06
30 1.2153751218317587e-06
31 1.3950449238862402e-06
32 1.0937636074141301e-06
33 1.395241281465578e-06
34 1.363739964101769e-06
35 9.988891742271336e-07
36 1.1157094118860472e-06
37 1.3977396304236666e-06
38 1.0894688335512611e-06
39 1.3923237950750202e-06
40 1.3808828137281445e-06
41 1.2730984191492754e-06
42 1.1267207140618443e-06
43 1.1363374131144432e-06
44 1.2116263407879486e-06
45 1.2790380001648038e-06
46 1.3566682823399948e-06
47 1.2785957330016212e-06
48 1.3521757315728614e-06
49 1.2155403217043088e-06
50 1.1433862656202951e-06
51 1.4939139564018706e-06
52 1.1685080305108024e-06
53 1.1838166847691554e-06
54 1.2202561952338914e-06
55 1.4138860758004111e-06
56 1.1481285121055462e-06
57 1.335866637827513e-06
58 1.1550712731251928e-06
59 1.162989249681184e-06
60 1.212783427653117e-06
61 1.4101926824425518e-06
62 1.3345345619576648e-06
63 1.292297022912873e-06
64 1.4307285294584e-06
65 1.402448165470085e-06
66 1.259632378750049e-06
67 1.3726299997785729e-06
68 1.3259369602630356e-06
69 1.339795975597664e-06
70 1.2012938107283798e-06
71 1.5681886050717635e-06
72 1.3179246618810901e-06
73 1.0275614711211812e-06
74 1.2626867214579035e-06
75 1.3596552334550884e-06
76 1.1359870302132318e-06
77 1.1737581280249585e-06
78 1.0981689574439243e-06
79 1.1357621230577148e-06
80 1.166081074504174e-06
81 1.2284445910906709e-06
82 1.4599816773261932e-06
83 1.438259874589515e-06
84 1.3752155148032178e-06
85 1.1520434554159585e-06
86 1.197232332438175e-06
87 1.3821697179612573e-06
88 1.3522872793376693e-06
89 1.2302827532112353e-06
90 1.1506556378344348e-06
91 1.3248065912280235e-06
92 1.2478482236386462e-06
93 1.3528333744047002e-06
94 1.1934068282870197e-06
95 1.0040966462978017e-06
96 1.1835066188904e-06
97 1.5481386462271186e-06
98 1.1372958828063766e-06
99 1.3805512610318909e-06
100 1.329841382528449e-06
101 1.3404592983034414e-06
102 1.5304904168926806e-06
103 1.2930363206588334e-06
104 1.2481755373067638e-06
105 1.138579138025161e-06
106 1.3804026036403552e-06
107 1.2370036003959478e-06
108 1.2405734659444415e-06
109 1.3576973326497382e-06
110 1.2767833109262172e-06
111 1.170614387294015e-06
112 1.3530183969152202e-06
113 1.2221001364810615e-06
114 1.324307820646633e-06
115 1.3577492338644443e-06
116 1.4708682968400677e-06
117 1.4323246379993942e-06
118 1.0642850199556608e-06
119 1.4842742475512073e-06
120 1.447727482724581e-06
121 1.2998010466907403e-06
122 1.2130080380394332e-06
123 1.2325431332537562e-06
124 1.401410412617666e-06
125 1.2759642943831357e-06
126 1.307590131667008e-06
127 1.3456114868935973e-06
128 1.3248414354191147e-06
129 1.3079623709445092e-06
130 1.248688857835427e-06
131 1.3937855580265147e-06
132 1.3592971559955149e-06
133 1.423823364725238e-06
134 1.1543285135213777e-06
135 1.2952849354586643e-06
136 1.3686683923592496e-06
137 1.2230337902345053e-06
138 1.5209323781829645e-06
139 1.4352882030021645e-06
140 1.4557751670809705e-06
141 1.533622312044085e-06
142 1.3591417655027287e-06
143 1.1685051100316102e-06
144 1.290531159309694e-06
145 1.2640376960979194e-06
146 1.3052747628418768e-06
147 1.4077733929248403e-06
148 1.1077235255934346e-06
149 1.195113873768717e-06
150 1.3976790256572792e-06
151 1.2355404196394729e-06
152 1.3844107612303938e-06
153 1.0960509020481913e-06
154 1.3009904734060949e-06
155 1.2473186179115298e-06
156 1.300658540014552e-06
157 1.2992739093203626e-06
158 1.2042758139388995e-06
159 1.158051338527727e-06
160 1.4164561790489628e-06
161 1.3210897531672966e-06
162 1.3176376538465487e-06
163 1.2381538137015844e-06
164 1.120839902030181e-06
165 1.387808641368713e-06
166 1.43731755323957e-06
167 1.5076950240307678e-06
168 1.3558324074094461e-06
169 1.2675130738458692e-06
170 1.1877309536535414e-06
171 1.3196516687461643e-06
172 1.2697500760026794e-06
173 1.4540110842302106e-06
174 1.1221517982695753e-06
175 1.0435434419579095e-06
176 1.056561724404199e-06
177 1.47855465876226e-06
178 1.2095282231684603e-06
179 1.3817658768799005e-06
180 1.4315352771461574e-06
181 1.3425535791072665e-06
182 9.92655089520507e-07
183 1.4909799910510582e-06
184 1.3254225872989098e-06
185 1.2516718533262255e-06
186 1.1826103701680916e-06
187 1.2708665624410827e-06
188 1.1734167995670482e-06
189 1.3817904191658276e-06
190 1.3888178676255314e-06
191 1.3245203785587641e-06
192 1.4113224314459613e-06
193 1.500137959790713e-06
194 1.3282681563153565e-06
195 1.1931045906442086e-06
196 1.2266789415259554e-06
197 1.317566372145175e-06
198 1.280227005946795e-06
199 1.1720482375984766e-06
200 1.2720895974108441e-06
201 1.327543960938013e-06
202 1.4023911486070524e-06
203 1.2599013306146115e-06
204 1.2146483166410992e-06
205 1.4177612816289243e-06
206 1.235108213119886e-06
207 1.4785826076469797e-06
208 1.1568435867463398e-06
209 1.368614383463699e-06
210 1.5193348837803113e-06
211 1.146165279870774e-06
212 1.695051101768467e-06
213 1.251819854855422e-06
214 1.3030677014387873e-06
215 1.4269970063989572e-06
216 1.2002902398226704e-06
217 1.4138339872661304e-06
218 1.4123486675351786e-06
219 1.3899201370934226e-06
220 1.0896246730022478e-06
221 1.5436697342972565e-06
222 1.3098520957354443e-06
223 1.4677653552302188e-06
224 1.4576798854555634e-06
225 1.3034749719925657e-06
226 1.4185686473083242e-06
227 1.385358311443438e-06
228 1.218942960597976e-06
229 1.1743731750783566e-06
230 1.1903813089799032e-06
231 1.1007705408277445e-06
232 1.3737348172782362e-06
233 1.3969499131662641e-06
234 1.1395177125789372e-06
235 1.345364061158793e-06
236 1.1840877290538756e-06
237 1.2852521181999273e-06
238 1.364691255033306e-06
239 1.265203116959993e-06
240 1.486242462852749e-06
241 1.1779648709435882e-06
242 1.145828047458142e-06
243 1.3715015110405771e-06
244 1.199038351123099e-06
245 1.0448944352529041e-06
246 1.1564468659726216e-06
247 1.1549841530400235e-06
248 1.3980603916176846e-06
249 1.3786280480309691e-06
250 9.983509602379074e-07
251 1.546093336007928e-06
252 9.451133532004795e-07
253 1.3010539699594346e-06
254 1.3748528301515771e-06
255 1.2869499700931907e-06
256 1.201824823425253e-06
257 1.4065769499963023e-06
258 1.166327210996303e-06
259 1.2494025145785176e-06
260 1.3349452141761837e-06
261 1.3462843604154522e-06
262 1.34703477648148e-06
263 1.3054270926993655e-06
264 1.0950101307691298e-06
265 9.895498630473321e-07
266 1.2172395034180375e-06
267 1.2771700683787447e-06
268 1.2659109770262906e-06
269 1.2757162291766574e-06
270 1.2596132689822825e-06
271 1.3462919764555305e-06
272 1.1777806915049628e-06
273 1.1946787589379782e-06
274 1.1726737613513887e-06
275 1.1783401026229601e-06
276 1.1947572832495142e-06
277 1.3616932204324309e-06
278 1.368855542389699e-06
279 1.2345697882661436e-06
280 1.0028721197499945e-06
281 1.2760859785742383e-06
282 1.3400587842173883e-06
283 1.4007764688069058e-06
284 1.6041004898519269e-06
285 1.2206255858060232e-06
286 1.3321378594310012e-06
287 1.6597844138602484e-06
288 1.6228324759250795e-06
289 1.1871826363507053e-06
290 1.4824859160250797e-06
291 1.2108225788488256e-06
292 1.1739393933615748e-06
293 1.396611927728211e-06
294 1.2896193403812114e-06
295 1.4708971203840592e-06
296 1.1955714371682248e-06
297 1.24138286283369e-06
298 1.0004981749456108e-06
299 1.3098056714712545e-06
