0 2.2761352993002418e-06
1 2.2603477985698166e-06
2 2.2704085820139294e-06
3 2.159161735167975e-06
4 2.300771852262343e-06
5 2.162915565588013e-06
6 2.283960526870918e-06
7 2.3543982027545457e-06
8 2.3684592146558503e-06
9 2.221380623803511e-06
10 2.1643913037248873e-06
11 2.315901359883353e-06
12 2.186947458806424e-06
13 2.265468211984718e-06
14 2.1607234332292835e-06
15 2.2808309533278807e-06
16 2.27914136719744e-06
17 2.2177506978658696e-06
18 2.249911696341982e-06
19 2.38063625823798e-06
20 2.298327283664896e-06
21 2.378944508494366e-06
22 2.3524118694542806e-06
23 2.098399090409995e-06
24 2.2223639394877045e-06
25 2.2129562839945083e-06
26 2.1964402275975485e-06
27 2.1019200911098334e-06
28 2.237488708498943e-06
29 2.2466770150881636e-06
30 2.3736761872742917e-06
31 2.447128867097431e-06
32 2.3171506294445678e-06
33 2.1695772110287394e-06
34 2.324697243895831e-06
35 2.2244238330138293e-06
36 2.080774669035158e-06
37 2.0537553450154285e-06
38 2.204239578641306e-06
39 2.0858948862931963e-06
40 2.2468681194166124e-06
41 2.1519803186018147e-06
42 2.30742592253648e-06
43 2.4097201147915352e-06
44 2.212766440143148e-06
45 2.305713628008006e-06
46 2.2541871366927233e-06
47 2.24079703267067e-06
48 2.1854234532325822e-06
49 2.1803662444062034e-06
50 2.3124731807061155e-06
51 2.279543255166367e-06
52 2.3996690775877943e-06
53 2.338062972802924e-06
54 2.3167522650061655e-06
55 2.3598214862117558e-06
56 2.154652199716704e-06
57 2.2786948775490186e-06
58 2.2607662464162504e-06
59 2.2745758315850235e-06
60 2.1384980897648497e-06
61 2.3799001730376175e-06
62 2.3556676696508445e-06
63 2.3613185955345802e-06
64 2.23577522125201e-06
65 2.406429012387483e-06
66 2.3399669395337363e-06
67 2.302500012125377e-06
68 2.2298792882575292e-06
69 2.3258132806025396e-06
70 2.2998315113260434e-06
71 2.3535530286412345e-06
72 2.2165891235376543e-06
73 2.398813127481804e-06
74 2.3067303348545754e-06
75 2.1877128576834914e-06
76 2.1960782365754944e-06
77 2.1498229157620903e-06
78 2.2163676790968792e-06
79 2.2641037475554645e-06
80 2.431111762839443e-06
81 2.308718301708712e-06
82 2.0921332139728334e-06
83 2.2125663749423182e-06
84 2.2012603415043196e-06
85 2.2875825615175465e-06
86 2.2723613977791412e-06
87 2.2573911316606077e-06
88 2.309876873466224e-06
89 2.37458132750487e-06
90 2.2337034612849716e-06
91 2.2342384891488964e-06
92 2.224992520280864e-06
93 2.110939589837882e-06
94 2.2493016630143276e-06
95 2.393160946813162e-06
96 2.267387954369071e-06
97 2.2221899744718574e-06
98 2.3282140180430825e-06
99 2.2088322737317416e-06
100 2.1873052057500595e-06
101 2.0898491779975074e-06
102 2.1967090556844674e-06
103 2.4421336531910715e-06
104 2.4134979018477065e-06
105 2.218531322076134e-06
106 2.0978025453106284e-06
107 2.1760166760354995e-06
108 2.2450674673208664e-06
109 2.2917125150317745e-06
110 2.1534197737516613e-06
111 2.4965019424842456e-06
112 2.1730623346912957e-06
113 2.3019326043712508e-06
114 2.1013587603207034e-06
115 2.268747982642653e-06
116 2.3320266541842985e-06
117 2.233640202978067e-06
118 2.3730195048460453e-06
119 2.1317681539185586e-06
120 2.2858346326719924e-06
121 2.21547872092995e-06
122 2.1683449168864237e-06
123 2.1853279905052714e-06
124 2.0908261954960435e-06
125 2.143621886428445e-06
126 2.3483143960922374e-06
127 2.232408403745375e-06
128 2.1647503543182135e-06
129 2.2538720156764523e-06
130 2.439817426800944e-06
131 2.2675639275563577e-06
132 2.316720130904005e-06
133 2.1988254335881584e-06
134 2.1630855548018014e-06
135 2.2354560516906143e-06
136 2.162344861629348e-06
137 2.3157945159163897e-06
138 2.183805729736342e-06
139 2.242193323237436e-06
140 2.3686602727991575e-06
141 2.245686374971718e-06
142 2.204273075936172e-06
143 2.3145988793013206e-06
144 2.3288927435847224e-06
145 2.3334734956206654e-06
146 2.3144551679151904e-06
147 2.3179461696291036e-06
148 2.3741125672097866e-06
149 2.3064708776561735e-06
150 2.3015373080304895e-06
151 2.081443942516529e-06
152 2.250070947842637e-06
153 2.342590519546195e-06
154 2.169661205505215e-06
155 2.212257339931367e-06
156 2.275907277582513e-06
157 2.3271778860511942e-06
158 2.237039086542646e-06
159 2.283692346395199e-06
160 2.1399277634662235e-06
161 2.1889720987072826e-06
162 2.1738189809413828e-06
163 2.610466584097998e-06
164 2.2941998340335302e-06
165 2.034578494133744e-06
166 2.1918324929856813e-06
167 2.300786435764526e-06
168 2.1376986524134703e-06
169 2.1159566366308265e-06
170 2.2059341822025396e-06
171 2.3051409997347083e-06
172 2.305815181663099e-06
173 2.006977114335765e-06
174 2.1275614933248894e-06
175 2.3385093520530287e-06
176 2.290265711527328e-06
177 2.4014101440442087e-06
178 2.1148381328441517e-06
179 2.2178450231560765e-06
180 2.2484867149782947e-06
181 2.2286421204688747e-06
182 2.10114999991744e-06
183 2.2709252140733195e-06
184 2.210825554919338e-06
185 2.284845793094321e-06
186 2.2795395627238524e-06
187 2.0889859044556173e-06
188 2.175631358662093e-06
189 2.2257362412296245e-06
190 2.2226482506356762e-06
191 2.41108511502767e-06
192 2.228453676278394e-06
193 2.0773588688552272e-06
194 2.2195314919026323e-06
195 2.103816632651799e-06
196 2.108677192008279e-06
197 2.2359419025216777e-06
198 2.3313620558043437e-06
199 2.3208353350751774e-06
200 2.1643284412022265e-06
201 2.320003656741503e-06
202 2.1880978609490934e-06
203 2.279046890417576e-06
204 2.178167019256346e-06
205 2.1687749623174107e-06
206 2.1785963770781672e-06
207 2.28863819195613e-06
208 2.412593229919751e-06
209 2.3286956483708045e-06
210 2.4350180553471293e-06
211 2.1509717147706292e-06
212 2.208810966972938e-06
213 2.278392816966449e-06
214 2.2766166722056273e-06
215 2.1590324479762314e-06
216 2.2088334370102237e-06
217 2.152266790793776e-06
218 2.0900264100082376e-06
219 2.2149926860834572e-06
220 2.3138485167121527e-06
221 2.1304572047733004e-06
222 2.1103431649283767e-06
223 2.0997347532799954e-06
224 2.115715034066399e-06
225 2.197842160623527e-06
226 2.3846252561914033e-06
227 2.227974773158774e-06
228 2.2273342551535757e-06
229 2.3479801339741404e-06
230 2.292167865073682e-06
231 2.2976328397708233e-06
232 2.233380225050393e-06
233 2.253639882532688e-06
234 2.1940730624973915e-06
235 2.23003447980645e-06
236 2.262326016336653e-06
237 2.194351176341201e-06
238 2.090606564839219e-06
239 2.149680527107091e-06
240 2.1967469048360405e-06
241 2.235453950629054e-06
242 2.343162427330944e-06
243 2.34334930210264e-06
244 2.212606750888516e-06
245 2.231445728315144e-06
246 2.294665923214874e-06
247 2.3166732408893627e-06
248 2.209835926068884e-06
249 2.194187380322851e-06
250 2.457793415863759e-06
251 2.2598177706160867e-06
252 2.342262027186672e-06
253 2.4245799882645922e-06
254 2.217206590130051e-06
255 2.3255855264451506e-06
256 2.332974409537738e-06
257 2.0880323223967675e-06
258 2.1296076848603215e-06
259 2.2873127456793806e-06
260 2.19988741129378e-06
261 2.237052035862332e-06
262 2.148718643802389e-06
263 2.2412144410539962e-06
264 2.36779604806047e-06
265 2.4238917665778867e-06
266 2.242920118678209e-06
267 2.12426509522264e-06
268 2.3155188807163645e-06
269 2.356618876180039e-06
270 2.1644330961122918e-06
271 2.362788176845641e-06
272 2.2429109600615663e-06
273 2.378748652833094e-06
274 2.3470542056916347e-06
275 2.059314883004646e-06
276 2.300280749165962e-06
277 2.127498104025531e-06
278 2.083511858209957e-06
279 2.4365327108057627e-06
280 2.3576515791918052e-06
281 2.0375942392692063e-06
282 2.1848700518739236e-06
283 2.3002305173740384e-06
284 2.1082279082818722e-06
285 2.216392232227536e-06
286 2.2195419400961562e-06
287 2.291841905825931e-06
288 2.317271188364231e-06
289 2.1984324912654294e-06
290 2.3004382085368886e-06
291 2.176334023454625e-06
292 2.1111223514548803e-06
293 1.9105336680338046e-06
294 2.1763978859709457e-06
295 2.266105460705574e-06
296 2.2640718855843456e-06
297 2.318432729140239e-06
298 2.2380577294410192e-06
299 2.2383865771143524e-06
