0 5.541678036824601e-07
1 5.353919446320085e-07
2 5.402342792868817e-07
3 5.370751306127341e-07
4 5.652569045106162e-07
5 5.6115989788327e-07
6 5.394660203973276e-07
7 5.415995136662731e-07
8 5.329351917668101e-07
9 5.410170399855601e-07
10 5.54883014400444e-07
11 5.434921473400917e-07
12 5.623249112679586e-07
13 5.437185836811089e-07
14 5.521197047187421e-07
15 5.588966086045903e-07
16 5.457124020724298e-07
17 5.617263052736815e-07
18 5.65849586030488e-07
19 5.398631557406947e-07
20 5.420173142936256e-07
21 5.433208927566587e-07
22 5.773965473002342e-07
23 5.767196626326009e-07
24 5.630868370272088e-07
25 5.617084184828881e-07
26 5.585023873134165e-07
27 5.624774409650256e-07
28 5.444090333993394e-07
29 5.439504132712282e-07
30 5.492806076003488e-07
31 5.627380366205435e-07
32 5.353207244387661e-07
33 5.574355257832993e-07
34 5.529689406054842e-07
35 5.193362623093754e-07
36 5.447360019421378e-07
37 5.634008396328204e-07
38 5.345115323820217e-07
39 5.525926090866641e-07
40 5.421055663619422e-07
41 5.432850874476614e-07
42 5.484573033912028e-07
43 5.513843080916301e-07
44 5.52240787617046e-07
45 5.440849644610472e-07
46 5.660289002895862e-07
47 5.630977677794175e-07
48 5.516261861035433e-07
49 5.390822535631804e-07
50 5.401233537193082e-07
51 5.490772795789085e-07
52 5.353031759858799e-07
53 5.381585961815928e-07
54 5.500364076302579e-07
55 5.484782900224466e-07
56 5.221542105708306e-07
57 5.516655748873792e-07
58 5.558035222735418e-07
59 5.376629193184342e-07
60 5.460548374963965e-07
61 5.417500611263808e-07
62 5.56680196451168e-07
63 5.474942279241569e-07
64 5.51207835691526e-07
65 5.554918864613945e-07
66 5.479484485752736e-07
67 5.459793688494693e-07
68 5.45723346953495e-07
69 5.466400583549716e-07
70 5.508598549057657e-07
71 5.475358170637297e-07
72 5.408135124960174e-07
73 5.348566048295173e-07
74 5.430226502059523e-07
75 5.43963142405327e-07
76 5.347874295181331e-07
77 5.289823614781381e-07
78 5.434674247288541e-07
79 5.449775357121814e-07
80 5.399595680977521e-07
81 5.393064117203197e-07
82 5.603453134555614e-07
83 5.50622106544597e-07
84 5.86177964222204e-07
85 5.529372083926169e-07
86 5.373144173487837e-07
87 5.630013774860447e-07
88 5.635975037048825e-07
89 5.615669709228135e-07
90 5.435041763695886e-07
91 5.459739425020817e-07
92 5.249978601127828e-07
93 5.44220192576109e-07
94 5.50551163832573e-07
95 5.469057966361028e-07
96 5.459202434643832e-07
97 5.727291028982726e-07
98 5.357282789296616e-07
99 5.449089709240511e-07
100 5.484093354368522e-07
101 5.499432526373182e-07
102 5.487262703688889e-07
103 5.416082774973957e-07
104 5.556483344730286e-07
105 5.353358085921735e-07
106 5.554822559045048e-07
107 5.585552302396917e-07
108 5.332470368162735e-07
109 5.576440042206027e-07
110 5.459263329792003e-07
111 5.308225215966187e-07
112 5.425445022100302e-07
113 5.739235667194357e-07
114 5.456708614661695e-07
115 5.649586666709204e-07
116 5.60415929532461e-07
117 5.720047471916545e-07
118 5.421924245352826e-07
119 5.666304143696292e-07
120 5.593861708263171e-07
121 5.575169616984509e-07
122 5.383406528439712e-07
123 5.459526099087588e-07
124 5.651612937908736e-07
125 5.348500173445345e-07
126 5.519700327268652e-07
127 5.669503074898471e-07
128 5.387272092693106e-07
129 5.584752443718565e-07
130 5.375500634453655e-07
131 5.573470829286808e-07
132 5.481606327022435e-07
133 5.507608049492392e-07
134 5.308215479036526e-07
135 5.507206926737517e-07
136 5.509289967923574e-07
137 5.427545092842622e-07
138 5.784875940560181e-07
139 5.5607596605098e-07
140 5.587988400596129e-07
141 5.494765716891419e-07
142 5.367730807038892e-07
143 5.291771386216248e-07
144 5.444254572042445e-07
145 5.445604737616408e-07
146 5.443840268878534e-07
147 5.694922590872783e-07
148 5.452458028385866e-07
149 5.257706033232702e-07
150 5.533483701015077e-07
151 5.466931879036925e-07
152 5.416169352435767e-07
153 5.43180989773252e-07
154 5.394129037322015e-07
155 5.668734465402365e-07
156 5.579991219342545e-07
157 5.459129631615573e-07
158 5.451320441137629e-07
159 5.448712164897699e-07
160 5.514247061943622e-07
161 5.529159948594951e-07
162 5.478358790534845e-07
163 5.525639653319726e-07
164 5.390595833981858e-07
165 5.411165484832728e-07
166 5.474361001017027e-07
167 5.573271447592859e-07
168 5.524953908102671e-07
169 5.469277977491939e-07
170 5.488918547170945e-07
171 5.477810840310808e-07
172 5.43568644754912e-07
173 5.583852241171597e-07
174 5.307617648970904e-07
175 5.222223796195647e-07
176 5.484676105237944e-07
177 5.557163980074959e-07
178 5.498185328846176e-07
179 5.554422523047309e-07
180 5.637070894070874e-07
181 5.479351570696143e-07
182 5.400778635305105e-07
183 5.475199493123816e-07
184 5.512111435258735e-07
185 5.405713208529913e-07
186 5.400573258827647e-07
187 5.364662622845379e-07
188 5.597053844177558e-07
189 5.506057913547204e-07
190 5.340772094583823e-07
191 5.692629096613934e-07
192 5.680475979746162e-07
193 5.615838611427437e-07
194 5.46075787625366e-07
195 5.292614750217375e-07
196 5.36065549123751e-07
197 5.575732639193704e-07
198 5.525498172469217e-07
199 5.45038948940186e-07
200 5.327580087352615e-07
201 5.372351945501156e-07
202 5.59414736257456e-07
203 5.580996212822312e-07
204 5.540761056813356e-07
205 5.570672836625032e-07
206 5.467890955110265e-07
207 5.684264337096836e-07
208 5.383321825922516e-07
209 5.615371848290432e-07
210 5.661460682380384e-07
211 5.526233388641012e-07
212 5.710686780512505e-07
213 5.544422443540199e-07
214 5.543933799946622e-07
215 5.661221052355073e-07
216 5.572652472144851e-07
217 5.49874105321029e-07
218 5.577356951554469e-07
219 5.602007017911125e-07
220 5.376470378514634e-07
221 5.628507924265593e-07
222 5.541031795820986e-07
223 5.638572578456803e-07
224 5.618201096182516e-07
225 5.619129874049095e-07
226 5.522391388558809e-07
227 5.497660637229145e-07
228 5.450846197422925e-07
229 5.44493225688714e-07
230 5.287362368858174e-07
231 5.410311273394843e-07
232 5.554681835520611e-07
233 5.621621985775051e-07
234 5.346136585240199e-07
235 5.508546948680414e-07
236 5.604657572136608e-07
237 5.575772611665085e-07
238 5.505038508300604e-07
239 5.483345447043207e-07
240 5.567574319461322e-07
241 5.289228616750937e-07
242 5.509378093478725e-07
243 5.427127837622122e-07
244 5.537339910239784e-07
245 5.366167231726091e-07
246 5.416550546022096e-07
247 5.465914997272033e-07
248 5.514480665241134e-07
249 5.532075133746813e-07
250 5.293417867146858e-07
251 5.693033227102095e-07
252 5.199227857537389e-07
253 5.57508847701906e-07
254 5.557938741725515e-07
255 5.476253025256966e-07
256 5.613832665584344e-07
257 5.570806470284201e-07
258 5.51371636539767e-07
259 5.471876745127629e-07
260 5.43835336937485e-07
261 5.417022177918632e-07
262 5.524677667942393e-07
263 5.571782249736143e-07
264 5.526894111269848e-07
265 5.308878637342377e-07
266 5.327617586692111e-07
267 5.494311542398294e-07
268 5.573839882342212e-07
269 5.490960641913977e-07
270 5.646222501199101e-07
271 5.507641808620243e-07
272 5.522952212364705e-07
273 5.382688877562674e-07
274 5.400547005201911e-07
275 5.427235822525348e-07
276 5.44998803649241e-07
277 5.393300788760676e-07
278 5.322748094529533e-07
279 5.400603110846304e-07
280 5.300475085626751e-07
281 5.483618653917579e-07
282 5.583346108537165e-07
283 5.501161323936029e-07
284 5.669912251720433e-07
285 5.491468650541947e-07
286 5.549172231612483e-07
287 5.729197924475649e-07
288 5.592313542033596e-07
289 5.48189165548349e-07
290 5.595668017334997e-07
291 5.570033544640502e-07
292 5.454394662770537e-07
293 5.548543267493375e-07
294 5.518956021623422e-07
295 5.562458659631413e-07
296 5.541653523447481e-07
297 5.500927289925081e-07
298 5.544233856316048e-07
299 5.678114615271003e-07
