0 -1.6477336148051411e-06
1 -1.6390481329265647e-06
2 -1.577188021445029e-06
3 -1.6819796483644525e-06
4 -1.4693068566943753e-06
5 -1.4205690639648647e-06
6 -1.5481746782567724e-06
7 -1.6275654538819223e-06
8 -1.6210930942450839e-06
9 -1.607745656647528e-06
10 -1.5227393043279696e-06
11 -1.633528468210629e-06
12 -1.4815722642184721e-06
13 -1.6490870900682177e-06
14 -1.5720910955649144e-06
15 -1.560514575716655e-06
16 -1.5924789777240235e-06
17 -1.5201316467916138e-06
18 -1.5366689757684908e-06
19 -1.6322733111481364e-06
20 -1.6689632321974384e-06
21 -1.631486928685825e-06
22 -1.6466359197630174e-06
23 -1.2793337555693208e-06
24 -1.5119925587027887e-06
25 -1.465327799740902e-06
26 -1.5149910172814343e-06
27 -1.3945474979926273e-06
28 -1.6313633980938432e-06
29 -1.62032173398381e-06
30 -1.6728328626088724e-06
31 -1.6442850235954375e-06
32 -1.6883262583686505e-06
33 -1.4764044519504602e-06
34 -1.5853222916063953e-06
35 -1.6990142390128137e-06
36 -1.5964264953439885e-06
37 -1.3883948005948597e-06
38 -1.654046078557292e-06
39 -1.4366271073338177e-06
40 -1.5163377189351547e-06
41 -1.5220807853033721e-06
42 -1.6925373358881034e-06
43 -1.7297685346456586e-06
44 -1.5796111345011174e-06
45 -1.6029530597527931e-06
46 -1.5530147785010433e-06
47 -1.5895342323664858e-06
48 -1.4931517609186958e-06
49 -1.5630414269774466e-06
50 -1.6463863953810425e-06
51 -1.4694772868927266e-06
52 -1.710000226828851e-06
53 -1.676338716241107e-06
54 -1.6353525370999998e-06
55 -1.570916123827968e-06
56 -1.5805846307603217e-06
57 -1.5537506378549822e-06
58 -1.6498174823977385e-06
59 -1.6313329178469195e-06
60 -1.5502792995570406e-06
61 -1.5854423738750896e-06
62 -1.6402820696382538e-06
63 -1.6339070205069894e-06
64 -1.4937730622079065e-06
65 -1.5938743670034705e-06
66 -1.6356169422861359e-06
67 -1.5470845135633447e-06
68 -1.5446079432717664e-06
69 -1.5608288857583073e-06
70 -1.6504826886542931e-06
71 -1.4598825038665648e-06
72 -1.5300381869637073e-06
73 -1.7861490565221926e-06
74 -1.6310638312937236e-06
75 -1.483771820538807e-06
76 -1.615715374085474e-06
77 -1.5772277335946987e-06
78 -1.656583318564144e-06
79 -1.6612301730328358e-06
80 -1.7262949438054958e-06
81 -1.6363214283720826e-06
82 -1.403417994846548e-06
83 -1.483343788396604e-06
84 -1.5243890738619386e-06
85 -1.6440471372996903e-06
86 -1.6280226938582436e-06
87 -1.5387726848628288e-06
88 -1.5798440390459317e-06
89 -1.6682867249908957e-06
90 -1.6815659767995224e-06
91 -1.5313806480138288e-06
92 -1.5668258519929245e-06
93 -1.4508588437498133e-06
94 -1.6432822297376924e-06
95 -1.7874307679225654e-06
96 -1.6442095811211378e-06
97 -1.4275707087301648e-06
98 -1.7150440394081116e-06
99 -1.4897082390887723e-06
100 -1.4919164383968413e-06
101 -1.4627015478773214e-06
102 -1.3936524493948913e-06
103 -1.7031480595797189e-06
104 -1.6702912382356061e-06
105 -1.6486288962555932e-06
106 -1.4409734647439128e-06
107 -1.5575181820310145e-06
108 -1.5919689820600312e-06
109 -1.570505840489277e-06
110 -1.5056162595630114e-06
111 -1.7686969327187824e-06
112 -1.49689937595887e-06
113 -1.7023055877966339e-06
114 -1.4757707327090026e-06
115 -1.5737419025522526e-06
116 -1.5049799830380554e-06
117 -1.5055469200872986e-06
118 -1.7761435425576577e-06
119 -1.4288085810323995e-06
120 -1.5493128289695297e-06
121 -1.5508952676714912e-06
122 -1.5563771779774658e-06
123 -1.5452656520824927e-06
124 -1.444743494139905e-06
125 -1.4926783429572287e-06
126 -1.590913784254942e-06
127 -1.557219962809315e-06
128 -1.4963674596726077e-06
129 -1.5914728326443918e-06
130 -1.7103415196344837e-06
131 -1.536592415338538e-06
132 -1.5825864400264095e-06
133 -1.4756594621394763e-06
134 -1.5836704915689105e-06
135 -1.5604088436591946e-06
136 -1.470607345723313e-06
137 -1.6439515319375675e-06
138 -1.4301788952959684e-06
139 -1.493534268290054e-06
140 -1.5468436457203852e-06
141 -1.4207467775228143e-06
142 -1.5080799624583208e-06
143 -1.6453951288434835e-06
144 -1.615154584934429e-06
145 -1.6027309156882576e-06
146 -1.617625425016524e-06
147 -1.568221534552707e-06
148 -1.7271188104385297e-06
149 -1.640514511593746e-06
150 -1.526982210674759e-06
151 -1.4864845574746917e-06
152 -1.4813650796139477e-06
153 -1.693862201060743e-06
154 -1.4954622140715303e-06
155 -1.5844596723118598e-06
156 -1.5677168292974295e-06
157 -1.6083804122311574e-06
158 -1.6192770166154499e-06
159 -1.6512908480012289e-06
160 -1.4701819147217622e-06
161 -1.5164069098676186e-06
162 -1.526068174193855e-06
163 -1.8224649106234759e-06
164 -1.6705843905471643e-06
165 -1.3888378868293845e-06
166 -1.4834332881620705e-06
167 -1.4876444590337144e-06
168 -1.469027902686768e-06
169 -1.5270712804387615e-06
170 -1.5960954665151613e-06
171 -1.5861533766181033e-06
172 -1.6201578927129234e-06
173 -1.352826343312228e-06
174 -1.5683744643505096e-06
175 -1.7214963703679508e-06
176 -1.7225203929513676e-06
177 -1.5630224034727585e-06
178 -1.5364656617636988e-06
179 -1.4890721776309337e-06
180 -1.5049784297362592e-06
181 -1.532839612381091e-06
182 -1.6537075972851986e-06
183 -1.4653987333623795e-06
184 -1.509860489886553e-06
185 -1.6229060356577413e-06
186 -1.6390539697539598e-06
187 -1.5153963385619398e-06
188 -1.6092736255243336e-06
189 -1.50470018294111e-06
190 -1.4923630389329501e-06
191 -1.6501838749064604e-06
192 -1.47429855538467e-06
193 -1.3634343210003933e-06
194 -1.5240429529929383e-06
195 -1.5130679493678944e-06
196 -1.5180126268319017e-06
197 -1.5458142242775016e-06
198 -1.6208412054304762e-06
199 -1.6560269837655387e-06
200 -1.5096400396869208e-06
201 -1.5604339678107384e-06
202 -1.4735394017303368e-06
203 -1.5949161508947504e-06
204 -1.5829178212403639e-06
205 -1.4583118529283734e-06
206 -1.5723883299554702e-06
207 -1.5051614860119815e-06
208 -1.7443569967291548e-06
209 -1.5853385854932347e-06
210 -1.558397526020429e-06
211 -1.5871325536650175e-06
212 -1.354061379979808e-06
213 -1.6397805522684852e-06
214 -1.581489611406521e-06
215 -1.4612139285361788e-06
216 -1.6258966276747273e-06
217 -1.4525010437546415e-06
218 -1.43016544417665e-06
219 -1.492363253980874e-06
220 -1.7077324371356521e-06
221 -1.3807537326954205e-06
222 -1.5077654279285555e-06
223 -1.4087175321041861e-06
224 -1.40021991333396e-06
225 -1.5180558005904977e-06
226 -1.5772418373396229e-06
227 -1.5170464742294446e-06
228 -1.5845468735574478e-06
229 -1.665118933060134e-06
230 -1.6316652140810107e-06
231 -1.6801983472919694e-06
232 -1.533290457111843e-06
233 -1.5398682547185068e-06
234 -1.6083700058137006e-06
235 -1.5501687353558146e-06
236 -1.6340870220022039e-06
237 -1.5332948186950757e-06
238 -1.4699775656695628e-06
239 -1.5131532409362348e-06
240 -1.419576352445834e-06
241 -1.599026428678529e-06
242 -1.721841781764981e-06
243 -1.5918806551828337e-06
244 -1.602679804025077e-06
245 -1.6908538439630612e-06
246 -1.683003695104718e-06
247 -1.6748528870267677e-06
248 -1.5138850875857887e-06
249 -1.5072204761718351e-06
250 -1.8585642244162272e-06
251 -1.4590515481544138e-06
252 -1.7993933149578867e-06
253 -1.6592802417517446e-06
254 -1.5101823534077382e-06
255 -1.625808703884999e-06
256 -1.6930081588335303e-06
257 -1.4245558177189501e-06
258 -1.5673330805346497e-06
259 -1.6034710632656936e-06
260 -1.5099885357606961e-06
261 -1.5310119889008993e-06
262 -1.4764643754783536e-06
263 -1.5473133269345033e-06
264 -1.762332898890066e-06
265 -1.8291489192012771e-06
266 -1.5984695987251268e-06
267 -1.5054283911390985e-06
268 -1.6162655599587579e-06
269 -1.6467842505256738e-06
270 -1.5553041433213828e-06
271 -1.6008320580897305e-06
272 -1.6447158141541836e-06
273 -1.698462702069096e-06
274 -1.667981473188459e-06
275 -1.518343661967292e-06
276 -1.6613271834566502e-06
277 -1.474399069160686e-06
278 -1.425692528393043e-06
279 -1.7106182942975782e-06
280 -1.7728005542355284e-06
281 -1.458060744899427e-06
282 -1.498669085325652e-06
283 -1.5502192935623778e-06
284 -1.3216779293197e-06
285 -1.5829920585513733e-06
286 -1.532583502146722e-06
287 -1.4167889366970764e-06
288 -1.4114993590090707e-06
289 -1.5932727719305695e-06
290 -1.5196041522276414e-06
291 -1.5567964600128088e-06
292 -1.5500675378098322e-06
293 -1.3298016858472987e-06
294 -1.5600629916285779e-06
295 -1.493967081092099e-06
296 -1.6533067662267479e-06
297 -1.628929538534431e-06
298 -1.7468408813038457e-06
299 -1.5884301283667377e-06
