0 -2.871316886624485e-06
1 -2.883338566354277e-06
2 -2.8795101768796244e-06
3 -2.829619135323548e-06
4 -2.8399758325858172e-06
5 -2.731254226819772e-06
6 -2.827225967157908e-06
7 -2.8965353987075266e-06
8 -2.9141793597793425e-06
9 -2.8306721549533473e-06
10 -2.7528403572810056e-06
11 -2.9047681699815407e-06
12 -2.7880105030682e-06
13 -2.871443086243764e-06
14 -2.802239538676885e-06
15 -2.874853345163226e-06
16 -2.853660805386848e-06
17 -2.829853802039013e-06
18 -2.8382826799253225e-06
19 -2.943847756029356e-06
20 -2.912541583080589e-06
21 -2.8997174666874015e-06
22 -2.9296490719854437e-06
23 -2.6972805348357953e-06
24 -2.820138614848608e-06
25 -2.7803068993958545e-06
26 -2.759856455493695e-06
27 -2.6905305048780827e-06
28 -2.8668264233733184e-06
29 -2.8517983057480394e-06
30 -2.9300557030183277e-06
31 -2.9757460145280153e-06
32 -2.888536174350741e-06
33 -2.7759937792538343e-06
34 -2.8865517824863323e-06
35 -2.8797996886724595e-06
36 -2.8046924257141017e-06
37 -2.675871188535049e-06
38 -2.8621423582250217e-06
39 -2.734574026745097e-06
40 -2.827620366724534e-06
41 -2.7794059235038758e-06
42 -2.917323355407634e-06
43 -2.9520798674916463e-06
44 -2.814268695719203e-06
45 -2.8845031319363895e-06
46 -2.8516369179992455e-06
47 -2.8564858944586433e-06
48 -2.7845518410509085e-06
49 -2.8042884040873675e-06
50 -2.8606439206857797e-06
51 -2.820526682536673e-06
52 -2.955902542585243e-06
53 -2.926717189109115e-06
54 -2.8868355433372897e-06
55 -2.897470863102853e-06
56 -2.8025766332769047e-06
57 -2.8410345740252643e-06
58 -2.873849609506908e-06
59 -2.859242278511616e-06
60 -2.7817384312753197e-06
61 -2.916324953823519e-06
62 -2.9447782446570384e-06
63 -2.919027262542339e-06
64 -2.8125500592725906e-06
65 -2.916329349690488e-06
66 -2.9077354222378355e-06
67 -2.8483946044601634e-06
68 -2.834564021574422e-06
69 -2.851268611709032e-06
70 -2.900682771404241e-06
71 -2.8337077127217632e-06
72 -2.8104637403749216e-06
73 -2.980093697685439e-06
74 -2.912371136441791e-06
75 -2.776504948042925e-06
76 -2.8383769893213318e-06
77 -2.8210299498194445e-06
78 -2.8727969631937015e-06
79 -2.8906674358104257e-06
80 -2.9700431324491288e-06
81 -2.8990495922853912e-06
82 -2.734806128733826e-06
83 -2.8095492056346674e-06
84 -2.817484277908574e-06
85 -2.8517745699685813e-06
86 -2.87262385654003e-06
87 -2.848045723403716e-06
88 -2.878261550736926e-06
89 -2.927287237807542e-06
90 -2.9262104156580144e-06
91 -2.812700881324167e-06
92 -2.8327278200148727e-06
93 -2.7374256711730246e-06
94 -2.888880085061163e-06
95 -2.961790981060598e-06
96 -2.890195005818399e-06
97 -2.7832203423745264e-06
98 -2.957492535900706e-06
99 -2.7966795361849583e-06
100 -2.7618672193472123e-06
101 -2.7490046632015074e-06
102 -2.7424043717243915e-06
103 -3.0153345308333303e-06
104 -2.929347932227463e-06
105 -2.877586958833241e-06
106 -2.73458382733276e-06
107 -2.8077436096420933e-06
108 -2.8596842446622632e-06
109 -2.8803919771248476e-06
110 -2.7649533236011033e-06
111 -3.0307220856527465e-06
112 -2.789931290377958e-06
113 -2.9671780333549407e-06
114 -2.7605047023900587e-06
115 -2.88677249547934e-06
116 -2.8375087493993576e-06
117 -2.8286309170534102e-06
118 -2.996716175901287e-06
119 -2.758696300645994e-06
120 -2.9025360934167187e-06
121 -2.8249108538311127e-06
122 -2.796340361890589e-06
123 -2.793407491670475e-06
124 -2.743029345933818e-06
125 -2.7460983418489045e-06
126 -2.868864347353476e-06
127 -2.851232143390147e-06
128 -2.7829712248700613e-06
129 -2.8796929792389118e-06
130 -2.999089980511198e-06
131 -2.8492534432038425e-06
132 -2.8963592004328725e-06
133 -2.80420274962376e-06
134 -2.809124943344581e-06
135 -2.837511719820857e-06
136 -2.760988514616023e-06
137 -2.9073321942557283e-06
138 -2.7700600235237165e-06
139 -2.820665296808222e-06
140 -2.8929571934632873e-06
141 -2.7705475649844617e-06
142 -2.811387415636178e-06
143 -2.885717588950225e-06
144 -2.9014221344109862e-06
145 -2.862204555896032e-06
146 -2.9125648505409966e-06
147 -2.888379780100768e-06
148 -2.9459300165541583e-06
149 -2.8923705009971337e-06
150 -2.8369818790682363e-06
151 -2.7240156331802613e-06
152 -2.7783708876630785e-06
153 -2.899905546337749e-06
154 -2.7658102638610263e-06
155 -2.839618171124843e-06
156 -2.8442886383211048e-06
157 -2.8911058424878774e-06
158 -2.872398811435264e-06
159 -2.8766030702840115e-06
160 -2.7952224449655426e-06
161 -2.795764575257037e-06
162 -2.8061809079655775e-06
163 -3.119631000138033e-06
164 -2.885048700872769e-06
165 -2.6892590704785687e-06
166 -2.824999955250054e-06
167 -2.8465369786743274e-06
168 -2.759523465202272e-06
169 -2.796111084910428e-06
170 -2.833648759044395e-06
171 -2.874539755634395e-06
172 -2.9015132933169406e-06
173 -2.6569663434930055e-06
174 -2.777431345286994e-06
175 -2.921072057950012e-06
176 -2.925447972997887e-06
177 -2.9213584552632983e-06
178 -2.772700164708723e-06
179 -2.7822289909953575e-06
180 -2.8344016456280714e-06
181 -2.8293321500011906e-06
182 -2.8181558203798534e-06
183 -2.8094045313689563e-06
184 -2.7850914536210327e-06
185 -2.901665533317755e-06
186 -2.878268876350419e-06
187 -2.784066215989129e-06
188 -2.8368136817764027e-06
189 -2.8095665711897753e-06
190 -2.8072787308371963e-06
191 -2.9435970326142326e-06
192 -2.7748209937184698e-06
193 -2.692907398343932e-06
194 -2.8081559308106174e-06
195 -2.7375073104302073e-06
196 -2.768993398584094e-06
197 -2.8269564599615572e-06
198 -2.891889411514369e-06
199 -2.893917540640461e-06
200 -2.7715783836739213e-06
201 -2.856162124355785e-06
202 -2.7718864756580292e-06
203 -2.8603547611212433e-06
204 -2.826702735515998e-06
205 -2.7749086224190933e-06
206 -2.825845948501946e-06
207 -2.84754021808148e-06
208 -2.9916581690767842e-06
209 -2.894783702404589e-06
210 -2.9197458472838553e-06
211 -2.793847842074577e-06
212 -2.7636018117933145e-06
213 -2.916931438968531e-06
214 -2.856995567499891e-06
215 -2.7679614571253904e-06
216 -2.8741296471820738e-06
217 -2.763503195568902e-06
218 -2.74232170856636e-06
219 -2.7994758747995864e-06
220 -2.9200559307651395e-06
221 -2.7344440770531604e-06
222 -2.791157076177855e-06
223 -2.737346423109579e-06
224 -2.7133456723766607e-06
225 -2.782043145367627e-06
226 -2.9078999337010026e-06
227 -2.8304392537984645e-06
228 -2.83394575635854e-06
229 -2.910190142447191e-06
230 -2.887228258060195e-06
231 -2.885340644270071e-06
232 -2.837263560220206e-06
233 -2.8520258697882e-06
234 -2.8265693874959537e-06
235 -2.8429555226061274e-06
236 -2.8668783394465053e-06
237 -2.796259936607416e-06
238 -2.771475801898504e-06
239 -2.761138060263752e-06
240 -2.747040262981429e-06
241 -2.8260400303059274e-06
242 -2.9527274629904615e-06
243 -2.9126021426056216e-06
244 -2.843697269262834e-06
245 -2.885004093881203e-06
246 -2.9160930283442368e-06
247 -2.9022700932810726e-06
248 -2.832795623759488e-06
249 -2.8102109870731175e-06
250 -3.0722645930687545e-06
251 -2.8213387873828866e-06
252 -2.9790764219430466e-06
253 -2.9455527859497123e-06
254 -2.811425690743408e-06
255 -2.914842906973402e-06
256 -2.952795070767334e-06
257 -2.7228247744438964e-06
258 -2.783632875601104e-06
259 -2.8656376721824013e-06
260 -2.788188211506874e-06
261 -2.8264251739640547e-06
262 -2.7576501003587355e-06
263 -2.8218468082636634e-06
264 -2.9888894762920996e-06
265 -3.0201735108258564e-06
266 -2.8526596932179984e-06
267 -2.7653791667850092e-06
268 -2.8756653245072997e-06
269 -2.925992058598167e-06
270 -2.8128184333090326e-06
271 -2.9023004772184236e-06
272 -2.887635726982252e-06
273 -2.9554350842029016e-06
274 -2.9030435664619966e-06
275 -2.743099264101395e-06
276 -2.915577905335494e-06
277 -2.778569072374966e-06
278 -2.7186435519451264e-06
279 -2.9934414869699975e-06
280 -2.960816711082584e-06
281 -2.7126606958440617e-06
282 -2.7747838751323677e-06
283 -2.874216109813251e-06
284 -2.6897247989465883e-06
285 -2.825778372156349e-06
286 -2.816795922708654e-06
287 -2.8237086677888193e-06
288 -2.7960830737543317e-06
289 -2.8244603278658303e-06
290 -2.878533163265383e-06
291 -2.7904521736047356e-06
292 -2.7705657752689535e-06
293 -2.6173004903805243e-06
294 -2.8370055761545234e-06
295 -2.839076287612939e-06
296 -2.9027352643995694e-06
297 -2.881609734500475e-06
298 -2.9321811741184497e-06
299 -2.8792907340430557e-06
