0 2.4385305382197455e-07
1 2.30713098634291e-07
2 2.3273290253027639e-07
3 2.357764271131736e-07
4 2.4269727388713745e-07
5 2.400905912610009e-07
6 2.3512066250675824e-07
7 2.389705436712753e-07
8 2.332895018152428e-07
9 2.3499702401038725e-07
10 2.42743273555394e-07
11 2.380166088113177e-07
12 2.4044901214745756e-07
13 2.3680039025177278e-07
14 2.382963464750394e-07
15 2.399569926645362e-07
16 2.3911153473749256e-07
17 2.414249050095894e-07
18 2.43797632354335e-07
19 2.3625790122178659e-07
20 2.356607422555822e-07
21 2.423830710425162e-07
22 2.5481974449865796e-07
23 2.411030259693658e-07
24 2.4601908461347234e-07
25 2.4062916406636216e-07
26 2.430010523982743e-07
27 2.38569730898868e-07
28 2.3802822159140068e-07
29 2.371652927287877e-07
30 2.435496421904287e-07
31 2.48595962902691e-07
32 2.3687476840361256e-07
33 2.345083289915216e-07
34 2.3907271891701126e-07
35 2.2385645119340378e-07
36 2.310550090024256e-07
37 2.3791417223656295e-07
38 2.3451892635925434e-07
39 2.3307532566363462e-07
40 2.3105565109160654e-07
41 2.3067526117192814e-07
42 2.414013409781815e-07
43 2.4826703734486823e-07
44 2.4246496792133847e-07
45 2.3834698115771798e-07
46 2.4572345689458537e-07
47 2.4139884176625497e-07
48 2.3833018985474885e-07
49 2.3081419141421282e-07
50 2.395473198926996e-07
51 2.3478802994804128e-07
52 2.36674369122317e-07
53 2.356162181117889e-07
54 2.413089791333345e-07
55 2.3914388280291223e-07
56 2.2008031298128784e-07
57 2.392015046763203e-07
58 2.429535434614051e-07
59 2.3613180096191177e-07
60 2.3180810875025615e-07
61 2.3561662656562878e-07
62 2.418647604629437e-07
63 2.385254590054449e-07
64 2.356435291466688e-07
65 2.442286622068711e-07
66 2.3829084928748577e-07
67 2.387466082493134e-07
68 2.340926948400914e-07
69 2.3911050930026717e-07
70 2.3996407508916276e-07
71 2.3573139703597462e-07
72 2.331283231867508e-07
73 2.3830251300590336e-07
74 2.323453080545097e-07
75 2.3433902343290985e-07
76 2.3066810487862822e-07
77 2.2425726183002152e-07
78 2.39134766171387e-07
79 2.388308289182634e-07
80 2.408825063349213e-07
81 2.3448913915432327e-07
82 2.3698660030768713e-07
83 2.347189994129501e-07
84 2.537684057076561e-07
85 2.4209687999678185e-07
86 2.3211538056482546e-07
87 2.4431333594154104e-07
88 2.449646727855413e-07
89 2.499637054276943e-07
90 2.3258698354058067e-07
91 2.3487067905655182e-07
92 2.231561459716168e-07
93 2.3055042614297542e-07
94 2.364831584548655e-07
95 2.459826565179962e-07
96 2.3636662733462072e-07
97 2.470991922581581e-07
98 2.3446984501136583e-07
99 2.3478702369659762e-07
100 2.3588625576597075e-07
101 2.2916682971814642e-07
102 2.3446907915595656e-07
103 2.3467073520424716e-07
104 2.4615921271010835e-07
105 2.3053181773992554e-07
106 2.3412518416490953e-07
107 2.4162433552478415e-07
108 2.3008753182361464e-07
109 2.437531941036934e-07
110 2.3466184102846416e-07
111 2.400527332672791e-07
112 2.308308982043994e-07
113 2.488357515983231e-07
114 2.2812445397514524e-07
115 2.453089701209517e-07
116 2.440513453087767e-07
117 2.4615610769422745e-07
118 2.386055796151336e-07
119 2.3871614937358e-07
120 2.406322589571475e-07
121 2.416982316819008e-07
122 2.3215132994676645e-07
123 2.336159302704376e-07
124 2.401687262374402e-07
125 2.2826250945087032e-07
126 2.4340074860315436e-07
127 2.424362465395342e-07
128 2.3034648011028087e-07
129 2.4218021294923164e-07
130 2.370742202031446e-07
131 2.3907851807509664e-07
132 2.374600336532522e-07
133 2.3594819672624553e-07
134 2.2790694739070554e-07
135 2.3795001311476868e-07
136 2.33158181545843e-07
137 2.358790632821835e-07
138 2.457112991110369e-07
139 2.3754588802531876e-07
140 2.4523727027845593e-07
141 2.3293268569094855e-07
142 2.2928517528339282e-07
143 2.3446692708721573e-07
144 2.387231202180726e-07
145 2.393485285660142e-07
146 2.343874469570471e-07
147 2.4692199818299203e-07
148 2.425130956818418e-07
149 2.2716697945266017e-07
150 2.38733784153377e-07
151 2.353611369242889e-07
152 2.3479724559326206e-07
153 2.431865784179059e-07
154 2.3297787017872211e-07
155 2.4830070793550685e-07
156 2.453463331571059e-07
157 2.388933967858408e-07
158 2.3259436378020082e-07
159 2.410876093491373e-07
160 2.3104578698434097e-07
161 2.3863933548229653e-07
162 2.3410025018518045e-07
163 2.468980565625863e-07
164 2.3256673855149812e-07
165 2.2726855080703103e-07
166 2.2997736605661473e-07
167 2.4118001870316414e-07
168 2.3693436657968704e-07
169 2.337309227144078e-07
170 2.3897664726879103e-07
171 2.384322106707401e-07
172 2.389832117219349e-07
173 2.3380367078933308e-07
174 2.2952724719509356e-07
175 2.3203655193549504e-07
176 2.442794539779593e-07
177 2.4305379568339137e-07
178 2.3584039326010012e-07
179 2.3907266783594674e-07
180 2.439121741848603e-07
181 2.3615127243103036e-07
182 2.310547555638355e-07
183 2.3770752833402128e-07
184 2.375097974007356e-07
185 2.3460383808959567e-07
186 2.3474809377741465e-07
187 2.2432711372209332e-07
188 2.3749322102982064e-07
189 2.3630170458122861e-07
190 2.2610616154803972e-07
191 2.5288203348518766e-07
192 2.473669442439706e-07
193 2.3453000024710198e-07
194 2.3576307002694108e-07
195 2.2524149076734997e-07
196 2.2727337233829636e-07
197 2.425486911545226e-07
198 2.4183016422549155e-07
199 2.415753922552215e-07
200 2.2849568407423754e-07
201 2.3748413960769316e-07
202 2.404114204292862e-07
203 2.4628073667197895e-07
204 2.402284656517699e-07
205 2.387437894648496e-07
206 2.325671504032745e-07
207 2.448185506916778e-07
208 2.372350272211917e-07
209 2.4421732834239056e-07
210 2.47947812639318e-07
211 2.3813194337061433e-07
212 2.3745124012917355e-07
213 2.4165256071164973e-07
214 2.3928503523468123e-07
215 2.424347831711964e-07
216 2.4012144836382486e-07
217 2.3243881088797898e-07
218 2.3458467991530593e-07
219 2.453732424829893e-07
220 2.3601609877880397e-07
221 2.3625935124782162e-07
222 2.3372019656018598e-07
223 2.3635574656369482e-07
224 2.3849768870035305e-07
225 2.4486719006437177e-07
226 2.4296716307994513e-07
227 2.323228538459492e-07
228 2.3545205786741206e-07
229 2.421562948082472e-07
230 2.309442139246171e-07
231 2.3885279681023765e-07
232 2.3773126771602256e-07
233 2.420983853339835e-07
234 2.3065132516976862e-07
235 2.3229332809041648e-07
236 2.4551438255001734e-07
237 2.4160184526253486e-07
238 2.3317757169690184e-07
239 2.3281983560882642e-07
240 2.3737748971330476e-07
241 2.289503258050323e-07
242 2.412652848335947e-07
243 2.3392234412591123e-07
244 2.3833760066941194e-07
245 2.338395388499545e-07
246 2.3374304812633377e-07
247 2.4069783538203813e-07
248 2.3350121186807115e-07
249 2.3734313357779534e-07
250 2.371436833084461e-07
251 2.4448641059700474e-07
252 2.3159172046666385e-07
253 2.500295676650056e-07
254 2.3773196785357378e-07
255 2.3870910182002574e-07
256 2.453409480334229e-07
257 2.3554858655791087e-07
258 2.3607854161722106e-07
259 2.3687227410317607e-07
260 2.305937117939245e-07
261 2.3197987644006278e-07
262 2.3665653019854943e-07
263 2.409940643651598e-07
264 2.47133274082942e-07
265 2.3878074895011547e-07
266 2.2931061516779555e-07
267 2.3178097255799424e-07
268 2.4452729283649597e-07
269 2.3804109476224604e-07
270 2.422365429248724e-07
271 2.4004716516719167e-07
272 2.4027326203717204e-07
273 2.3558473952610729e-07
274 2.3709757107992452e-07
275 2.3227934425993153e-07
276 2.381695637399286e-07
277 2.253110990279819e-07
278 2.2074769024978618e-07
279 2.352626058161041e-07
280 2.3688589273430046e-07
281 2.3177166509237275e-07
282 2.4087112007696734e-07
283 2.3949341980226074e-07
284 2.3955656690642927e-07
285 2.388511002175931e-07
286 2.3683721855800457e-07
287 2.43141612087214e-07
288 2.429764705296711e-07
289 2.3740440468340565e-07
290 2.4047285827891156e-07
291 2.424471050744865e-07
292 2.316494846903278e-07
293 2.2957185554655348e-07
294 2.3402682775867215e-07
295 2.3865451291594256e-07
296 2.4058343262127713e-07
297 2.407992002946264e-07
298 2.4288424062738845e-07
299 2.463721980386315e-07
