0 1.2762357346751238e-06
1 1.3076239009606631e-06
2 1.3090299848698944e-06
3 1.3285038153330392e-06
4 1.2676542788580055e-06
5 1.312830518459842e-06
6 1.2630664582516284e-06
7 1.2421902810033705e-06
8 1.2555812298743606e-06
9 1.3071992005499861e-06
10 1.292836250753196e-06
11 1.2763286924098416e-06
12 1.3230040888442626e-06
13 1.2859128557625283e-06
14 1.3249905130885455e-06
15 1.2999986553046004e-06
16 1.2855904146344056e-06
17 1.3133830122677096e-06
18 1.3007927010130043e-06
19 1.2538756944717689e-06
20 1.298721913303986e-06
21 1.2365915870189822e-06
22 1.2506880351072653e-06
23 1.3390183874886117e-06
24 1.303665348225874e-06
25 1.2894606840529357e-06
26 1.2882556826059085e-06
27 1.3268648273589763e-06
28 1.307726330603532e-06
29 1.286304424531426e-06
30 1.2504603341284011e-06
31 1.2354967370801246e-06
32 1.2600394173525704e-06
33 1.3191515146901083e-06
34 1.2573441871313747e-06
35 1.3266637578888172e-06
36 1.3630208051158217e-06
37 1.3522430657367541e-06
38 1.319517308946848e-06
39 1.3492202737198229e-06
40 1.3032186876515187e-06
41 1.3246705389291692e-06
42 1.2835129878906251e-06
43 1.2195912295151879e-06
44 1.2729677140356373e-06
45 1.277713730474898e-06
46 1.2963834232544319e-06
47 1.3039369902574303e-06
48 1.3143176161700616e-06
49 1.3204184711098126e-06
50 1.2538150941355254e-06
51 1.2985877764141628e-06
52 1.239320876794041e-06
53 1.2725842067785124e-06
54 1.2665199893229589e-06
55 1.2562402463395044e-06
56 1.3325009656393284e-06
57 1.2816704488759643e-06
58 1.2813284079197464e-06
59 1.2723638184610944e-06
60 1.3238841378508703e-06
61 1.2469393051034073e-06
62 1.2764684064673957e-06
63 1.2547798327680227e-06
64 1.2944959001929664e-06
65 1.2331999336701013e-06
66 1.2729758370217787e-06
67 1.2722901111620828e-06
68 1.3061626308378886e-06
69 1.252885781945628e-06
70 1.2835559977840055e-06
71 1.2525367267605158e-06
72 1.29795178765411e-06
73 1.2379523270435602e-06
74 1.3132217293226828e-06
75 1.3076227083633324e-06
76 1.3219414047871177e-06
77 1.3504528672326038e-06
78 1.3206662190320533e-06
79 1.3053834503508043e-06
80 1.2299484818536746e-06
81 1.2746391536900994e-06
82 1.3613421257363372e-06
83 1.3050736379151177e-06
84 1.3161021717008708e-06
85 1.259436678043902e-06
86 1.2840106948704654e-06
87 1.2926308529043153e-06
88 1.2810894565324574e-06
89 1.252071087453676e-06
90 1.3430728103282593e-06
91 1.300232338243629e-06
92 1.3072012194468006e-06
93 1.3414636498175134e-06
94 1.3009692842884866e-06
95 1.2289143416579208e-06
96 1.3030850326059013e-06
97 1.2946424343684562e-06
98 1.2967954156015846e-06
99 1.309165777983335e-06
100 1.3016824753563673e-06
101 1.3730557106198908e-06
102 1.3035258041428018e-06
103 1.2674638468509453e-06
104 1.2258483050131408e-06
105 1.3159403869051387e-06
106 1.3416947374110925e-06
107 1.3157560294817875e-06
108 1.3028285241871106e-06
109 1.2873047657972829e-06
110 1.3134414861591614e-06
111 1.209675669891084e-06
112 1.3182303969667923e-06
113 1.3056028549526417e-06
114 1.3630858050730058e-06
115 1.3143101288655207e-06
116 1.2383793697066502e-06
117 1.3166235666832205e-06
118 1.2787343230052489e-06
119 1.332464324460447e-06
120 1.3059116025011562e-06
121 1.301468073544299e-06
122 1.3228040748301027e-06
123 1.3229828649582818e-06
124 1.3407167947286316e-06
125 1.3266955987635092e-06
126 1.2401918030614866e-06
127 1.3028003725207676e-06
128 1.3183135006156242e-06
129 1.3064812151442593e-06
130 1.2409689354016388e-06
131 1.2919982401584183e-06
132 1.277067975001058e-06
133 1.3237426198514028e-06
134 1.3316700121206354e-06
135 1.2953574232637334e-06
136 1.3180262824023976e-06
137 1.2854485725705176e-06
138 1.3137427606884696e-06
139 1.3041050555819846e-06
140 1.2616702498551652e-06
141 1.291832178441814e-06
142 1.3080601737570461e-06
143 1.2705975563818234e-06
144 1.2690957911942828e-06
145 1.244610442682403e-06
146 1.290932273363838e-06
147 1.2764161938409535e-06
148 1.244485289998698e-06
149 1.2789295064643679e-06
150 1.2645713501185107e-06
151 1.337509199005304e-06
152 1.2691747166595755e-06
153 1.2486048732112672e-06
154 1.3117325946271586e-06
155 1.3150083544492186e-06
156 1.2781366577296771e-06
157 1.2797276462899397e-06
158 1.3164997166263923e-06
159 1.2763425555243181e-06
160 1.361307868002792e-06
161 1.3232206871147616e-06
162 1.3136370968666122e-06
163 1.1998691475655916e-06
164 1.2874116239351852e-06
165 1.3617640270146197e-06
166 1.3486246087335972e-06
167 1.2929081139211772e-06
168 1.327199204195806e-06
169 1.3470529043046026e-06
170 1.30365504310983e-06
171 1.2753229361346385e-06
172 1.2913378194133816e-06
173 1.3680106453662603e-06
174 1.33349415516856e-06
175 1.2574055769006429e-06
176 1.2838653548316468e-06
177 1.2454312995413132e-06
178 1.3411731511562563e-06
179 1.2857223138272638e-06
180 1.3025472795845462e-06
181 1.2989975527676746e-06
182 1.3485271531053737e-06
183 1.2730541556647158e-06
184 1.3006819715797382e-06
185 1.297310424847018e-06
186 1.2749661661355765e-06
187 1.3701904907850243e-06
188 1.3353578586020096e-06
189 1.3128355198515e-06
190 1.3113589493404445e-06
191 1.2254710435902423e-06
192 1.2697628417101767e-06
193 1.3558946327061688e-06
194 1.3042074654475483e-06
195 1.3329328504924945e-06
196 1.3501623209933618e-06
197 1.2898526415793684e-06
198 1.2511117860585604e-06
199 1.2457393720609587e-06
200 1.3099413043444153e-06
201 1.2555221658984878e-06
202 1.2971719397171036e-06
203 1.2709444308471727e-06
204 1.3185734387980778e-06
205 1.323967490304652e-06
206 1.3354113667883769e-06
207 1.2878980656478577e-06
208 1.2445789065447227e-06
209 1.2697124685611183e-06
210 1.2110530624045905e-06
211 1.3184534254782806e-06
212 1.3182193259500383e-06
213 1.2999190382821942e-06
214 1.285020507061062e-06
215 1.3183517794043458e-06
216 1.3391761304180256e-06
217 1.3268565691879753e-06
218 1.3610954089431041e-06
219 1.303880420032511e-06
220 1.2740500103585246e-06
221 1.3322170581876919e-06
222 1.362533537813559e-06
223 1.356374372082211e-06
224 1.3259890461496527e-06
225 1.2950687764876313e-06
226 1.2435665485698726e-06
227 1.3051554634106714e-06
228 1.314077946750689e-06
229 1.2543602306182315e-06
230 1.2964125052561785e-06
231 1.2631145030557238e-06
232 1.2997385619081348e-06
233 1.294399130508511e-06
234 1.312832359395534e-06
235 1.3041281373941808e-06
236 1.2841611212164682e-06
237 1.3050413908523527e-06
238 1.3695418855187024e-06
239 1.3202163561630216e-06
240 1.2975244425914338e-06
241 1.2812804188993652e-06
242 1.264285180940908e-06
243 1.2752082289281248e-06
244 1.3177956248931606e-06
245 1.3018631590146954e-06
246 1.2855251568598282e-06
247 1.2564748163232704e-06
248 1.3312080890840056e-06
249 1.3137204997999972e-06
250 1.251842398642289e-06
251 1.2859337988512567e-06
252 1.2821452813325085e-06
253 1.2170620553235e-06
254 1.312700238386579e-06
255 1.2795879387468593e-06
256 1.2843437022827193e-06
257 1.3413410095178357e-06
258 1.3319489081501146e-06
259 1.2922783570230728e-06
260 1.3050843916001824e-06
261 1.2972955549601345e-06
262 1.3197725003128752e-06
263 1.2987344273569247e-06
264 1.271339967052864e-06
265 1.2451969117805274e-06
266 1.3087853373040538e-06
267 1.348618368639004e-06
268 1.267425328318808e-06
269 1.2744895968237065e-06
270 1.3321974839185266e-06
271 1.2559884679195575e-06
272 1.3162919697847383e-06
273 1.254324769622598e-06
274 1.2439779841927399e-06
275 1.379916114252943e-06
276 1.284394486359771e-06
277 1.35240838996915e-06
278 1.3552920406474573e-06
279 1.256526814576865e-06
280 1.2589736223959942e-06
281 1.3722204599488033e-06
282 1.3031062789169366e-06
283 1.2860081808168503e-06
284 1.3385111263980313e-06
285 1.3051899584912457e-06
286 1.2971548987584074e-06
287 1.2829747311070382e-06
288 1.2514508733734505e-06
289 1.3107659914860245e-06
290 1.3017364485168077e-06
291 1.3050303453968219e-06
292 1.346844086614126e-06
293 1.409420281817146e-06
294 1.3323734683399989e-06
295 1.3022575123732176e-06
296 1.2984014524721257e-06
297 1.2595010961795796e-06
298 1.3414349354038543e-06
299 1.316642503260794e-06
