0 -2.2175862726886418e-07
1 -2.0106414160884936e-07
2 -8.727435404419756e-08
3 -3.4641286612193374e-07
4 9.364209366260456e-08
5 6.839009365729415e-08
6 -8.26566799292341e-08
7 -1.5460081878679416e-07
8 -1.3039537896114003e-07
9 -1.9630152518154955e-07
10 -1.1197825648053749e-07
11 -1.6462179743433492e-07
12 6.626908038270024e-09
13 -2.2932020360429343e-07
14 -1.5659736920382762e-07
15 -4.8640265168884486e-08
16 -1.368385607631515e-07
17 -2.056710740502647e-08
18 -4.241068897752959e-08
19 -1.178122173383489e-07
20 -2.2400217113641337e-07
21 -1.6085461405791738e-07
22 -1.4663857553669147e-07
23 3.039058103137336e-07
24 -1.9668253861329926e-08
25 3.304013627310494e-08
26 -8.518334280344263e-08
27 7.123665429807245e-08
28 -2.0623445365969686e-07
29 -1.9074089887394014e-07
30 -2.0774973199062874e-07
31 -9.722053836068021e-08
32 -2.820929930495684e-07
33 5.5740088526343795e-09
34 -7.898748997790849e-08
35 -3.2874198878798615e-07
36 -2.0630594659486243e-07
37 6.116779626834566e-08
38 -2.560121414906208e-07
39 3.2003315953000504e-08
40 -2.2561512496367108e-08
41 -8.377040981217271e-08
42 -2.634868828069779e-07
43 -2.875701089778009e-07
44 -1.5378078724584505e-07
45 -1.2829119448433287e-07
46 -6.037823490212053e-08
47 -1.2384925042942603e-07
48 -2.4229298886684482e-08
49 -1.3798643605760734e-07
50 -2.3168287930092382e-07
51 6.332152476704736e-08
52 -2.5358759585935833e-07
53 -2.2303287818630828e-07
54 -1.8268849010176853e-07
55 -4.243074756903464e-08
56 -1.804842550748103e-07
57 -7.289452670720767e-08
58 -2.2505218653947082e-07
59 -2.0871398075100194e-07
60 -1.3346651672122294e-07
61 -5.194087437145439e-08
62 -1.2431309484677622e-07
63 -1.4351854482393554e-07
64 1.3467251295300373e-08
65 -6.447488270697419e-08
66 -1.6079426621663954e-07
67 -5.043333122387616e-08
68 -6.867588295127502e-08
69 -7.622335892122905e-08
70 -1.992463605622661e-07
71 1.0347034211296235e-07
72 -6.538830003924209e-08
73 -3.7399400598057007e-07
74 -1.5232534153926263e-07
75 -1.501604681668991e-08
76 -2.0862974503091923e-07
77 -1.6069729770846333e-07
78 -2.519383301946478e-07
79 -2.369427705246925e-07
80 -2.6634842379797857e-07
81 -1.7536096082207368e-07
82 9.015847651856056e-08
83 2.60288555840849e-08
84 -3.6086902002619786e-08
85 -2.2892581528730123e-07
86 -1.876517231292194e-07
87 -3.790439064002604e-08
88 -8.058912842959541e-08
89 -1.9886438246306787e-07
90 -2.3800196611816025e-07
91 -6.404740108846382e-08
92 -1.202418128188299e-07
93 3.2299664629366145e-09
94 -1.9781197446013168e-07
95 -3.906958166203925e-07
96 -2.0230628292101508e-07
97 1.1288130241852423e-07
98 -2.6766033887633575e-07
99 -6.332056835681916e-09
100 -3.978576361918809e-08
101 -8.559569052877478e-09
102 1.26592645365577e-07
103 -1.7916370137437927e-07
104 -1.9408346645730245e-07
105 -2.269072178211255e-07
106 2.2532963882851104e-08
107 -1.2350454513236865e-07
108 -1.388919770772873e-07
109 -6.783659920514467e-08
110 -7.156825147072337e-08
111 -2.8658445571312787e-07
112 -2.522911527428261e-08
113 -2.1955645972679475e-07
114 -2.374886703425454e-08
115 -6.822041471309292e-08
116 2.334799246590897e-08
117 7.691983026243334e-09
118 -3.4318012626711027e-07
119 8.15810468263941e-08
120 -4.5159101749999094e-09
121 -8.810498043879736e-08
122 -1.3493152620900367e-07
123 -1.1803336404880428e-07
124 2.9725798660284036e-08
125 -6.508634036913438e-08
126 -1.1291005407498302e-07
127 -6.810192130975466e-08
128 -3.764131635264954e-08
129 -1.0653313076733723e-07
130 -2.088629983694091e-07
131 -3.0841486074963317e-08
132 -7.396660375369368e-08
133 2.6780688375995454e-08
134 -1.7948841528198036e-07
135 -9.511587617237425e-08
136 -3.769366455401515e-09
137 -1.8232256202671162e-07
138 9.630518027675033e-08
139 1.8040524313879834e-08
140 -4.858362299758873e-09
141 1.0957040211711313e-07
142 -2.7021697307420015e-08
143 -2.1197733638659811e-07
144 -1.3080440630429913e-07
145 -1.4291472168311947e-07
146 -1.2305717949084895e-07
147 -4.4547798242531e-08
148 -2.968125466975031e-07
149 -1.9418937489691744e-07
150 -2.5345872673292057e-08
151 -8.069845235173719e-08
152 -4.4247673337742635e-09
153 -2.8352718756901615e-07
154 -5.2230459912106256e-08
155 -1.3619953255370794e-07
156 -9.913610913539787e-08
157 -1.2441391102924684e-07
158 -1.7520599604244712e-07
159 -2.244826539326279e-07
160 2.8214330747406232e-08
161 -5.5154698518011935e-08
162 -6.207384022066064e-08
163 -2.86255756616805e-07
164 -2.5490813178086294e-07
165 6.28783669734301e-08
166 3.211381479920818e-08
167 5.8908432984264467e-08
168 -6.780746262068693e-09
169 -8.395127621831747e-08
170 -1.719003552668488e-07
171 -1.0004313198325677e-07
172 -1.430066253731412e-07
173 1.1257467759158371e-07
174 -1.8672054772257696e-07
175 -3.2277193415686124e-07
176 -3.165391749125246e-07
177 -2.8750377146564875e-09
178 -1.238285884402796e-07
179 -1.0853394633743281e-08
180 9.860590514174e-09
181 -5.259045982244262e-08
182 -3.053472199941221e-07
183 6.229047917551996e-08
184 -5.1752484701674935e-08
185 -1.5180672925751326e-07
186 -2.0240551740094407e-07
187 -7.413878466205855e-08
188 -1.8860716568590465e-07
189 -1.661940997017618e-08
190 -2.0759668979050618e-09
191 -1.4056276633896738e-07
192 1.1575340858342727e-08
193 1.3054682814653413e-07
194 -5.6285832456345695e-08
195 -1.1875954263523862e-07
196 -9.958855706523047e-08
197 -7.607391570420437e-08
198 -1.4427951469844238e-07
199 -2.1873227846831425e-07
200 -7.475903076303853e-08
201 -7.855669315446598e-08
202 9.213267771157101e-09
203 -1.3609337795127477e-07
204 -1.5056773463024306e-07
205 3.190323467522742e-08
206 -1.3217172590529045e-07
207 3.1007069503062906e-08
208 -2.796494091025318e-07
209 -7.429335842323317e-08
210 1.5125747590911864e-08
211 -1.9143863400996253e-07
212 2.351819994903107e-07
213 -1.6295028615640148e-07
214 -1.0745964190318527e-07
215 3.011044871832345e-08
216 -1.8228596265464047e-07
217 3.2860256680135574e-08
218 4.837724344115303e-08
219 -4.945716984082002e-09
220 -2.9151725352140484e-07
221 1.4298642285209347e-07
222 -5.0550796592471444e-08
223 8.830885357784931e-08
224 8.391397401205016e-08
225 -6.936881721592111e-08
226 -4.4248577155738425e-08
227 -2.011150369832686e-08
228 -1.489189453396034e-07
229 -2.220294661003463e-07
230 -1.886393982868472e-07
231 -2.7217003469475755e-07
232 -3.861023087769093e-08
233 -3.177048892659875e-08
234 -2.0413307463517465e-07
235 -6.401177591431285e-08
236 -2.008735198452144e-07
237 -8.597062486142825e-08
238 1.402041006404797e-09
239 -8.461307226156571e-08
240 8.552135000137557e-08
241 -1.8179962846840686e-07
242 -2.736758655990606e-07
243 -7.331199364019784e-08
244 -1.7096467437542054e-07
245 -3.0219075948796947e-07
246 -2.4270734548107986e-07
247 -2.408480191996964e-07
248 -1.0765234617602047e-08
249 -1.955279389441153e-08
250 -4.24979457186623e-07
251 9.352419206801794e-08
252 -4.165841462915853e-07
253 -1.5781239993718822e-07
254 -2.423428090823131e-08
255 -1.37869240316449e-07
256 -2.2379465444047298e-07
257 4.4740646645156974e-08
258 -1.6746356662609945e-07
259 -1.4662200591411628e-07
260 -4.66511180662885e-08
261 -5.033962705132199e-08
262 -1.860303115027538e-08
263 -8.416846581340127e-08
264 -3.208684937324188e-07
265 -4.170423767271176e-07
266 -1.5672173814927113e-07
267 -7.011207885128807e-08
268 -1.5039418263836555e-07
269 -1.5985644393626444e-07
270 -1.1070061654120187e-07
271 -9.636614288713967e-08
272 -2.056269923434734e-07
273 -2.3189269103553223e-07
274 -2.2795308651383694e-07
275 -1.2621700446682888e-07
276 -2.0720247351995893e-07
277 -2.2721808649981905e-09
278 2.868317740777325e-08
279 -2.1646616254252175e-07
280 -3.7550812360253167e-07
281 -3.9828364611036705e-08
282 -3.8202481170921976e-08
283 -3.3579658551568874e-08
284 2.092740123230889e-07
285 -1.4950613136234147e-07
286 -6.073169217451278e-08
287 1.7853957576033672e-07
288 1.5947427311264201e-07
289 -1.721137922201195e-07
290 2.929557455188836e-08
291 -1.3898460084690012e-07
292 -1.5127294322743156e-07
293 1.0230581502641518e-07
294 -9.559225651897443e-08
295 3.726835550580635e-08
296 -2.0246651980093962e-07
297 -1.699637352504462e-07
298 -3.576779063783331e-07
299 -1.0275281409348725e-07
