0 4.2498306245395944e-05
1 4.2799754928790326e-05
2 4.237849629367103e-05
3 4.281032309191902e-05
4 4.2734596817839996e-05
5 4.2827232151779844e-05
6 4.1380234504301245e-05
7 4.2637678579581644e-05
8 4.282449041698187e-05
9 4.2529127378009316e-05
10 4.245592360403434e-05
11 4.249765205516295e-05
12 4.346970775663366e-05
13 4.1560895393796646e-05
14 4.282192311985965e-05
15 4.2773570450026746e-05
16 4.180760543158038e-05
17 4.1390629988406855e-05
18 4.373932527487123e-05
19 4.3460896092560086e-05
20 4.127526102518434e-05
21 4.309438235164709e-05
22 4.296729033207175e-05
23 4.217054674800613e-05
24 4.1427971303777665e-05
25 4.198994973375316e-05
26 4.233676280864765e-05
27 4.2842259838602824e-05
28 4.209662864906662e-05
29 4.306147028918062e-05
30 4.236048703655482e-05
31 4.2632871833972496e-05
32 4.237527112496792e-05
33 4.2468715053269173e-05
34 4.2959163886129e-05
35 4.185582506941342e-05
36 4.323957854804064e-05
37 4.139342505014006e-05
38 4.2457554647618134e-05
39 4.237931300379934e-05
40 4.3630268919367366e-05
41 4.235816338536819e-05
42 4.179690548598105e-05
43 4.276805930569371e-05
44 4.188417938198266e-05
45 4.177733918658798e-05
46 4.244460400657862e-05
47 4.249804208372371e-05
48 4.3444093396552305e-05
49 4.204016891108977e-05
50 4.2804234903946215e-05
51 4.295144044716092e-05
52 4.376587559010431e-05
53 4.436171150281054e-05
54 4.225911271316e-05
55 4.3739470273136895e-05
56 4.238295175538373e-05
57 4.211382774196531e-05
58 4.143419362712013e-05
59 4.2631038538458224e-05
60 4.202324428031009e-05
61 4.2131109296327475e-05
62 4.251074666141716e-05
63 4.2481283302807715e-05
64 4.185683276567253e-05
65 4.280239780435107e-05
66 4.187402124039035e-05
67 4.383546543602337e-05
68 4.2756309398081484e-05
69 4.325105726087047e-05
70 4.3318733937253265e-05
71 4.239514964234458e-05
72 4.2530766204508505e-05
73 4.280739578662164e-05
74 4.195441924877548e-05
75 4.2405758131158795e-05
76 4.2672677928221224e-05
77 4.249307875450319e-05
78 4.187861184308518e-05
79 4.258092083323717e-05
80 4.2281340166717125e-05
81 4.2704737153097145e-05
82 4.258126390580222e-05
83 4.246093483215156e-05
84 4.227998767751778e-05
85 4.2779658132191484e-05
86 4.2296642273113725e-05
87 4.23399768946579e-05
88 4.2688158815853686e-05
89 4.32312845613229e-05
90 4.176620311038337e-05
91 4.3208092259141025e-05
92 4.304276169836514e-05
93 4.305094961230751e-05
94 4.214161718185845e-05
95 4.254946232096642e-05
96 4.29001429194219e-05
97 4.2031889389999864e-05
98 4.249009183535175e-05
99 4.232574999481428e-05
100 4.257949003549982e-05
101 4.2110837360017115e-05
102 4.196788338095023e-05
103 4.340944862514481e-05
104 4.3236629657221806e-05
105 4.180173260184058e-05
106 4.3113419980479334e-05
107 4.3809280053688295e-05
108 4.191955009810014e-05
109 4.3371490585335175e-05
110 4.266287619328739e-05
111 4.370093859425588e-05
112 4.241658576522631e-05
113 4.217632000509869e-05
114 4.275070090215609e-05
115 4.2846189056324065e-05
116 4.2759634376026754e-05
117 4.2139534613663713e-05
118 4.2969359399944235e-05
119 4.3285733629115454e-05
120 4.289783614694995e-05
121 4.247055411101487e-05
122 4.238679260200669e-05
123 4.3181545916375634e-05
124 4.268740989025006e-05
125 4.261275529460644e-05
126 4.132572692514766e-05
127 4.2449197595304986e-05
128 4.3557941131256473e-05
129 4.254721512783638e-05
130 4.252021891588978e-05
131 4.1505308245374e-05
132 4.304661143677981e-05
133 4.261324314514864e-05
134 4.277944422246596e-05
135 4.1630342381449214e-05
136 4.348118378683861e-05
137 4.24431175289579e-05
138 4.346602204615006e-05
139 4.353588522240078e-05
140 4.2582625545482126e-05
141 4.22348502767814e-05
142 4.156104250369107e-05
143 4.2057891561090275e-05
144 4.2363404144718736e-05
145 4.233184055152917e-05
146 4.2106576814057875e-05
147 4.2140124940180936e-05
148 4.2459533784118104e-05
149 4.325716044149977e-05
150 4.34592094757957e-05
151 4.261140954345658e-05
152 4.171727688573027e-05
153 4.391694099272564e-05
154 4.372421254720349e-05
155 4.262346815809078e-05
156 4.188323829267102e-05
157 4.302692790400968e-05
158 4.237578896675698e-05
159 4.191733049984777e-05
160 4.2455459719875265e-05
161 4.240053909421247e-05
162 4.189150413289059e-05
163 4.3293365964834155e-05
164 4.2505121249536616e-05
165 4.250287441524552e-05
166 4.272738270419393e-05
167 4.18843949508908e-05
168 4.279732300639826e-05
169 4.2878383482816437e-05
170 4.295687607091739e-05
171 4.2806968982976176e-05
172 4.184889179855053e-05
173 4.342076691721397e-05
174 4.290112598228992e-05
175 4.2168109477024045e-05
176 4.291008510391115e-05
177 4.37601709570343e-05
178 4.276529596007056e-05
179 4.113807937053754e-05
180 4.188540638428013e-05
181 4.235889564652261e-05
182 4.251183162714111e-05
183 4.165981669998862e-05
184 4.387860795246723e-05
185 4.201458916328645e-05
186 4.2492792942217664e-05
187 4.204571026812451e-05
188 4.181995591950122e-05
189 4.2365453175385034e-05
190 4.238315343614285e-05
191 4.2807819806315415e-05
192 4.1243106956517805e-05
193 4.2373660219432106e-05
194 4.266802016060569e-05
195 4.203173275083348e-05
196 4.177240585032063e-05
197 4.233187358781907e-05
198 4.3492232002492565e-05
199 4.222212298370368e-05
200 4.20332303038879e-05
201 4.195814429908338e-05
202 4.243944564463868e-05
203 4.258197510258711e-05
204 4.275842063837656e-05
205 4.2971380838399654e-05
206 4.164999399854634e-05
207 4.290622577712485e-05
208 4.2850404209769413e-05
209 4.3303429976937866e-05
210 4.179420937282865e-05
211 4.2201033684234504e-05
212 4.239210062230717e-05
213 4.2276886017801844e-05
214 4.342972201924769e-05
215 4.235965435933967e-05
216 4.2255903994242575e-05
217 4.219341045052158e-05
218 4.3800362117766105e-05
219 4.257016206862047e-05
220 4.2856551408157474e-05
221 4.293072128554566e-05
222 4.115260828212837e-05
223 4.258610682863227e-05
224 4.375809177638971e-05
225 4.257588752082828e-05
226 4.284842295496238e-05
227 4.2754075027141154e-05
228 4.218822849467719e-05
229 4.2499815251512444e-05
230 4.239735820359011e-05
231 4.2537617186480555e-05
232 4.356585541008201e-05
233 4.263152747475843e-05
234 4.214558551664442e-05
235 4.274806124066727e-05
236 4.2593770672761864e-05
237 4.15223655529669e-05
238 4.1879913361134795e-05
239 4.3502123855399994e-05
240 4.2572952487332785e-05
241 4.203889346286916e-05
242 4.202780080157582e-05
243 4.322583160290907e-05
244 4.206098636618797e-05
245 4.325852072166025e-05
246 4.307768372642754e-05
247 4.244589017344369e-05
248 4.226923692398855e-05
249 4.2000667741133794e-05
250 4.176606263906272e-05
251 4.2143362379460484e-05
252 4.271438021295026e-05
253 4.186748914016406e-05
254 4.179547471935089e-05
255 4.350498967212668e-05
256 4.302690920908015e-05
257 4.198371406601147e-05
258 4.3407776859247083e-05
259 4.34063501436891e-05
260 4.2516803908535434e-05
261 4.2780265019711275e-05
262 4.356814760727872e-05
263 4.275032043085997e-05
264 4.257759670503033e-05
265 4.262078756100848e-05
266 4.249519514094122e-05
267 4.202843798931134e-05
268 4.275356810468486e-05
269 4.330580973469093e-05
270 4.2509581600678326e-05
271 4.185227618242589e-05
272 4.241613305147753e-05
273 4.182169628148293e-05
274 4.240289232347517e-05
275 4.298382272336812e-05
276 4.2628336060891476e-05
277 4.317320522083379e-05
278 4.2798692532047665e-05
279 4.1145884953039695e-05
280 4.283350515502495e-05
281 4.3394518072871534e-05
282 4.3134354432943855e-05
283 4.223038779311885e-05
284 4.258817190924424e-05
285 4.215930647434411e-05
286 4.277766686616194e-05
287 4.232867921559823e-05
288 4.26466143541544e-05
289 4.26368882995555e-05
290 4.2798424303862606e-05
291 4.191355445550921e-05
292 4.269600138345364e-05
293 4.316512570634494e-05
294 4.271092485342862e-05
295 4.2869371991884e-05
296 4.340125412602624e-05
297 4.1701606878588635e-05
298 4.231601857437143e-05
299 4.2673454768687493e-05
