0 -1.4049384062118816e-05
1 -1.4912036451989067e-05
2 -1.5425511905515155e-05
3 -1.4983297236075275e-05
4 -1.4193799698035051e-05
5 -1.4497902960952203e-05
6 -1.415118690696371e-05
7 -1.430415767281087e-05
8 -1.4041481195266452e-05
9 -1.444930753122102e-05
10 -1.4523312199714133e-05
11 -1.4951570348208642e-05
12 -1.4468090205419117e-05
13 -1.4221229505876927e-05
14 -1.4183556377860648e-05
15 -1.4737720858505122e-05
16 -1.3836875051921601e-05
17 -1.5468076883216548e-05
18 -1.3976043634250221e-05
19 -1.430003575392313e-05
20 -1.4838591176209896e-05
21 -1.4569925167680942e-05
22 -1.443428220657367e-05
23 -1.5325562173573697e-05
24 -1.5107573936428493e-05
25 -1.437811004678713e-05
26 -1.442967680615601e-05
27 -1.5118685345624988e-05
28 -1.5208030683487563e-05
29 -1.4078388552630598e-05
30 -1.4219620957813423e-05
31 -1.5013696344876423e-05
32 -1.449829571012401e-05
33 -1.4622011281563393e-05
34 -1.4939639751945417e-05
35 -1.404623191612919e-05
36 -1.4272007877727731e-05
37 -1.5177717377170944e-05
38 -1.4388033260125341e-05
39 -1.3999267929509155e-05
40 -1.472067540404751e-05
41 -1.4220102784799981e-05
42 -1.5463786621992916e-05
43 -1.4575887748539297e-05
44 -1.458969001356092e-05
45 -1.4927823715032201e-05
46 -1.4871791244879033e-05
47 -1.4358390052863639e-05
48 -1.4394688043891806e-05
49 -1.4784438377463944e-05
50 -1.4277109546680501e-05
51 -1.3692282300444646e-05
52 -1.4320815080927611e-05
53 -1.3647071684638409e-05
54 -1.4898346230130307e-05
55 -1.4437740869414131e-05
56 -1.4958890494911638e-05
57 -1.4757505611950138e-05
58 -1.569988805244762e-05
59 -1.4809422058717258e-05
60 -1.4257614604597371e-05
61 -1.459384714464882e-05
62 -1.4251960501350032e-05
63 -1.4503547725120711e-05
64 -1.536878018917304e-05
65 -1.4789595619795408e-05
66 -1.5056462477615096e-05
67 -1.466020032597086e-05
68 -1.4213256536566322e-05
69 -1.4035916341366671e-05
70 -1.3625090771495435e-05
71 -1.4439228052825315e-05
72 -1.5003851650076643e-05
73 -1.4318580320094295e-05
74 -1.4663443765421514e-05
75 -1.4602426843331192e-05
76 -1.4311170136385163e-05
77 -1.4573842295583666e-05
78 -1.4880816191691534e-05
79 -1.4414997092231268e-05
80 -1.498118539712184e-05
81 -1.449294533400353e-05
82 -1.4401144316152238e-05
83 -1.425032420213601e-05
84 -1.4615750327151534e-05
85 -1.4765939977159079e-05
86 -1.46141559071756e-05
87 -1.5136883367264208e-05
88 -1.4669797437424693e-05
89 -1.5089257669239038e-05
90 -1.5085537142060677e-05
91 -1.4241135745002315e-05
92 -1.4772530839861141e-05
93 -1.44358215149141e-05
94 -1.5039314981365324e-05
95 -1.4586838135889514e-05
96 -1.4840029918743198e-05
97 -1.4454561788127237e-05
98 -1.5259011142982466e-05
99 -1.423119570867526e-05
100 -1.4647028940620278e-05
101 -1.416278123202062e-05
102 -1.4909154839298314e-05
103 -1.442553460114662e-05
104 -1.4259728244514597e-05
105 -1.4287441750007307e-05
106 -1.4107938747881664e-05
107 -1.4112021848595403e-05
108 -1.4550242325552827e-05
109 -1.4008978960559229e-05
110 -1.478726329800168e-05
111 -1.4202942672139603e-05
112 -1.4226209468630147e-05
113 -1.4590201384426388e-05
114 -1.4684665549396072e-05
115 -1.4451653473953414e-05
116 -1.4733190492485665e-05
117 -1.4644130082246572e-05
118 -1.431741758049021e-05
119 -1.4345597263435412e-05
120 -1.443568743900947e-05
121 -1.4850343855249125e-05
122 -1.4360611138574684e-05
123 -1.4951852572983632e-05
124 -1.382920941540694e-05
125 -1.4926359646355153e-05
126 -1.4844199075440918e-05
127 -1.437349740050172e-05
128 -1.3531324029373701e-05
129 -1.4253395093132551e-05
130 -1.500959588994081e-05
131 -1.4564871556308018e-05
132 -1.4480280530372033e-05
133 -1.4937789318364781e-05
134 -1.47943674991058e-05
135 -1.4425205774187576e-05
136 -1.4518403283473983e-05
137 -1.44312692945775e-05
138 -1.4254825899260973e-05
139 -1.441644563381525e-05
140 -1.3826239732871613e-05
141 -1.452783145574064e-05
142 -1.4604712248870034e-05
143 -1.4976495408753952e-05
144 -1.4909120164344516e-05
145 -1.4801752335885215e-05
146 -1.4220344173816472e-05
147 -1.3732802816502706e-05
148 -1.4623493321783757e-05
149 -1.403512910092112e-05
150 -1.4683882537182025e-05
151 -1.4373838952378925e-05
152 -1.4837744774683066e-05
153 -1.3761198658057321e-05
154 -1.4302863483240006e-05
155 -1.4290096635078591e-05
156 -1.4816967420284266e-05
157 -1.4158391385853772e-05
158 -1.4486172430007889e-05
159 -1.5392116045774723e-05
160 -1.4408040839413931e-05
161 -1.4598005649674516e-05
162 -1.488522533781552e-05
163 -1.4243921463603916e-05
164 -1.487251890011614e-05
165 -1.4725666930821139e-05
166 -1.445500597016012e-05
167 -1.4318801859763194e-05
168 -1.4924419829281997e-05
169 -1.461935692303162e-05
170 -1.4158006320492246e-05
171 -1.4433537410523679e-05
172 -1.4477103994556678e-05
173 -1.4783706235906852e-05
174 -1.408339751084673e-05
175 -1.3983002096913378e-05
176 -1.4439968335653236e-05
177 -1.4171971892253009e-05
178 -1.4715633543483197e-05
179 -1.4746487160206995e-05
180 -1.517387040805614e-05
181 -1.3972059876728175e-05
182 -1.474149260024411e-05
183 -1.5080009780698086e-05
184 -1.4375194232779615e-05
185 -1.4225031512362325e-05
186 -1.4735292080945082e-05
187 -1.4587830490968492e-05
188 -1.5173603273549426e-05
189 -1.4588985502773276e-05
190 -1.4629299539173244e-05
191 -1.5060452281317041e-05
192 -1.4813701337381567e-05
193 -1.4753835633741272e-05
194 -1.4490857414915182e-05
195 -1.5142049877790408e-05
196 -1.5084742203815961e-05
197 -1.4669910410208279e-05
198 -1.427021675020395e-05
199 -1.4469007127368189e-05
200 -1.4015349326103257e-05
201 -1.4725930831226768e-05
202 -1.5050379058556607e-05
203 -1.5198595868405273e-05
204 -1.4715481367824374e-05
205 -1.4081699336413197e-05
206 -1.4920783076149002e-05
207 -1.499329560906911e-05
208 -1.4540513655958433e-05
209 -1.3770025485790977e-05
210 -1.3639921863090712e-05
211 -1.515202339774032e-05
212 -1.411014731820735e-05
213 -1.5064955473540338e-05
214 -1.4798046488664526e-05
215 -1.526969037633188e-05
216 -1.547125223328442e-05
217 -1.4611366967151508e-05
218 -1.4716536456505888e-05
219 -1.4184590914674472e-05
220 -1.4778479929423847e-05
221 -1.4356400168792174e-05
222 -1.478272943479201e-05
223 -1.4317355014259566e-05
224 -1.4737500945607749e-05
225 -1.4559894738874075e-05
226 -1.4239931224720277e-05
227 -1.449415262608343e-05
228 -1.448986254041804e-05
229 -1.4579207707527287e-05
230 -1.4844085392997619e-05
231 -1.4059187258665795e-05
232 -1.4703833145277274e-05
233 -1.405747965229148e-05
234 -1.4525473570537534e-05
235 -1.4303537061175842e-05
236 -1.479622278512885e-05
237 -1.475605756104136e-05
238 -1.4870485310350558e-05
239 -1.4864976206828619e-05
240 -1.4084659247749167e-05
241 -1.4571978338595758e-05
242 -1.4867248551527742e-05
243 -1.4059451186090037e-05
244 -1.4298911936189014e-05
245 -1.4392317964744544e-05
246 -1.4219983140319493e-05
247 -1.3895975872337452e-05
248 -1.4474081352995188e-05
249 -1.5182924554348531e-05
250 -1.5034385759583767e-05
251 -1.4932443795903049e-05
252 -1.4931954669758245e-05
253 -1.4504803120729988e-05
254 -1.4357849694347988e-05
255 -1.4637026463756815e-05
256 -1.4249382203595896e-05
257 -1.4952106354528478e-05
258 -1.4703178468461854e-05
259 -1.4289597123021869e-05
260 -1.4487362283695614e-05
261 -1.4855704659447152e-05
262 -1.4693551114727742e-05
263 -1.4769972371778952e-05
264 -1.5140323433128503e-05
265 -1.421740981538053e-05
266 -1.4569272929815129e-05
267 -1.5252642839730576e-05
268 -1.4402789587149346e-05
269 -1.3849818612866425e-05
270 -1.4178019003942175e-05
271 -1.4862874578885955e-05
272 -1.4303501653796752e-05
273 -1.4458112232707643e-05
274 -1.488528103662309e-05
275 -1.3737255705622658e-05
276 -1.4802530571653449e-05
277 -1.4328623947056203e-05
278 -1.5036003518797085e-05
279 -1.5144277825347073e-05
280 -1.4556067910443142e-05
281 -1.4576605639159631e-05
282 -1.4059263767653324e-05
283 -1.5184557626407603e-05
284 -1.4686886180140733e-05
285 -1.463328271213656e-05
286 -1.4623110581595557e-05
287 -1.4953227632161119e-05
288 -1.3896091460433052e-05
289 -1.4765964301197154e-05
290 -1.3568510193278315e-05
291 -1.493500936426894e-05
292 -1.5223541077554331e-05
293 -1.4481362886710386e-05
294 -1.4535454983484733e-05
295 -1.4848000604028774e-05
296 -1.4757664700446878e-05
297 -1.4440542118166524e-05
298 -1.4868317317783642e-05
299 -1.4580518800358236e-05
