0 -2.3926101363244307e-05
1 -2.3454851106436907e-05
2 -2.327692890153688e-05
3 -2.2966501933455902e-05
4 -2.2840121110200815e-05
5 -2.266128288835206e-05
6 -2.5146360987635135e-05
7 -2.343189255689178e-05
8 -2.3019272162422672e-05
9 -2.3681971585973234e-05
10 -2.3618197752185632e-05
11 -2.3820614963524994e-05
12 -2.273794665700184e-05
13 -2.442149826752697e-05
14 -2.3118495807293504e-05
15 -2.3247548798015834e-05
16 -2.5239179674699364e-05
17 -2.402732859934981e-05
18 -2.2871381579175682e-05
19 -2.255237091725467e-05
20 -2.528469930395868e-05
21 -2.311023461736247e-05
22 -2.3244171218768428e-05
23 -2.3509066517380892e-05
24 -2.3757993835472228e-05
25 -2.3554078943527346e-05
26 -2.392505718520535e-05
27 -2.2406881332617186e-05
28 -2.3766307815033803e-05
29 -2.322759327283225e-05
30 -2.3659526561427807e-05
31 -2.3187206410000396e-05
32 -2.3434431821696222e-05
33 -2.3593516565092702e-05
34 -2.3070267400190424e-05
35 -2.4447981088495107e-05
36 -2.270702344528472e-05
37 -2.4152341196358383e-05
38 -2.3749890065928278e-05
39 -2.4009098569695114e-05
40 -2.2496449957526174e-05
41 -2.3780921421029214e-05
42 -2.4085405981732296e-05
43 -2.2939383718904644e-05
44 -2.4297081352603427e-05
45 -2.433814169998867e-05
46 -2.3497641085561907e-05
47 -2.3555040049214627e-05
48 -2.2726084150519217e-05
49 -2.4131195994702205e-05
50 -2.3326220905579107e-05
51 -2.3999117141767137e-05
52 -2.219764958003331e-05
53 -2.170581165683188e-05
54 -2.3683761162547606e-05
55 -2.2469844426621703e-05
56 -2.3697272059199032e-05
57 -2.3892593900887434e-05
58 -2.3909250407295086e-05
59 -2.2817266876930398e-05
60 -2.4164622969220312e-05
61 -2.4060271236658235e-05
62 -2.384930327370722e-05
63 -2.3449055906836654e-05
64 -2.3878764617246757e-05
65 -2.3434002961952935e-05
66 -2.4404655991197857e-05
67 -2.1881046753210894e-05
68 -2.334443342784982e-05
69 -2.2904619053494298e-05
70 -2.2590011856634525e-05
71 -2.2819851541442797e-05
72 -2.364670982257792e-05
73 -2.345878099414722e-05
74 -2.4458685692220724e-05
75 -2.2917433139996293e-05
76 -2.3102437754547146e-05
77 -2.3684769389501574e-05
78 -2.4173962427523833e-05
79 -2.2979072463575896e-05
80 -2.4039645083080206e-05
81 -2.3046160141530346e-05
82 -2.3486266987600463e-05
83 -2.3868268400078532e-05
84 -2.3457816527631136e-05
85 -2.33119901330178e-05
86 -2.3683584593282812e-05
87 -2.324221550098083e-05
88 -2.311703032516018e-05
89 -2.2418036854474995e-05
90 -2.4471943738478732e-05
91 -2.3104051546222668e-05
92 -2.3104694503048337e-05
93 -2.2756900635848794e-05
94 -2.3997142165896264e-05
95 -2.3175204416865163e-05
96 -2.31542299580967e-05
97 -2.445290821666481e-05
98 -2.3227678283142302e-05
99 -2.3766731935818953e-05
100 -2.3842797482600366e-05
101 -2.3964275715827925e-05
102 -2.4277045265005067e-05
103 -2.220700546698469e-05
104 -2.2444184730228527e-05
105 -2.4027107565893176e-05
106 -2.2681428189202328e-05
107 -2.1554652951701877e-05
108 -2.466493741762478e-05
109 -2.2953698446652753e-05
110 -2.355148320308734e-05
111 -2.2489815667717472e-05
112 -2.4059765577216864e-05
113 -2.3510254362489025e-05
114 -2.3289074189578485e-05
115 -2.2790723660243285e-05
116 -2.2984231327156434e-05
117 -2.3657377772585265e-05
118 -2.3317811252700224e-05
119 -2.2803182156236e-05
120 -2.340926194772988e-05
121 -2.325516426372281e-05
122 -2.337598327952962e-05
123 -2.2923529561834458e-05
124 -2.336169263405704e-05
125 -2.3200247956595318e-05
126 -2.4650143732873296e-05
127 -2.3443625224945857e-05
128 -2.2137252569408118e-05
129 -2.3338671331873243e-05
130 -2.3381670735069454e-05
131 -2.4552088232701068e-05
132 -2.267630689354127e-05
133 -2.2936018275662442e-05
134 -2.334637569149902e-05
135 -2.500483236032614e-05
136 -2.2771561722170984e-05
137 -2.325011531733051e-05
138 -2.2880090527271204e-05
139 -2.2624062920049527e-05
140 -2.352849922647894e-05
141 -2.3599671130689856e-05
142 -2.4734272419661262e-05
143 -2.4366216171526253e-05
144 -2.3695049833127065e-05
145 -2.4197890732404826e-05
146 -2.3883106437077307e-05
147 -2.4168504931814435e-05
148 -2.34329963385938e-05
149 -2.2774058871995884e-05
150 -2.2492725946172652e-05
151 -2.3656680230703073e-05
152 -2.425014184535223e-05
153 -2.2061115014893044e-05
154 -2.2701751221643937e-05
155 -2.3146015386693027e-05
156 -2.3870202382308486e-05
157 -2.302000693356131e-05
158 -2.3470069318042077e-05
159 -2.413027978264367e-05
160 -2.344671155686003e-05
161 -2.3320128908759058e-05
162 -2.4146987376276835e-05
163 -2.2774361051571967e-05
164 -2.360236930374302e-05
165 -2.341868099663276e-05
166 -2.3598896810109105e-05
167 -2.4500079469969975e-05
168 -2.3325701455299537e-05
169 -2.317394501460641e-05
170 -2.318022502229213e-05
171 -2.3676252443222022e-05
172 -2.414801522532906e-05
173 -2.2732482806222544e-05
174 -2.357027282926495e-05
175 -2.423011170318361e-05
176 -2.321624013382371e-05
177 -2.2250369298304138e-05
178 -2.3453517890580305e-05
179 -2.4985204017577e-05
180 -2.356574140737465e-05
181 -2.3572885294435966e-05
182 -2.3575226985101813e-05
183 -2.4394009436780605e-05
184 -2.1921987958113155e-05
185 -2.421640087721274e-05
186 -2.340303014692184e-05
187 -2.3916449119857877e-05
188 -2.372898418327214e-05
189 -2.3854685263695186e-05
190 -2.4117274339721302e-05
191 -2.300090822196952e-05
192 -2.5064765216435182e-05
193 -2.3693938927760873e-05
194 -2.325060778253501e-05
195 -2.4156145229382774e-05
196 -2.3687587716206067e-05
197 -2.376165613990859e-05
198 -2.2459559478137185e-05
199 -2.361877697874512e-05
200 -2.4034673280538086e-05
201 -2.4279552414594343e-05
202 -2.29623935088618e-05
203 -2.3027306769522574e-05
204 -2.3520753351310247e-05
205 -2.323788734956752e-05
206 -2.412976797105676e-05
207 -2.3135195146321287e-05
208 -2.365157715474173e-05
209 -2.3382227311836967e-05
210 -2.413755502334603e-05
211 -2.387336137822161e-05
212 -2.32047807201022e-05
213 -2.3578767202839805e-05
214 -2.2283717097166224e-05
215 -2.3529292762159758e-05
216 -2.3386216334539573e-05
217 -2.36790596646362e-05
218 -2.142876513419619e-05
219 -2.339970559301884e-05
220 -2.2867603047253084e-05
221 -2.28615524058732e-05
222 -2.5319763582434908e-05
223 -2.339177572488961e-05
224 -2.176912921287269e-05
225 -2.3312702283802343e-05
226 -2.3360430777418707e-05
227 -2.2735850027797253e-05
228 -2.359025138114258e-05
229 -2.362296396436047e-05
230 -2.3464549273588677e-05
231 -2.4123117861304378e-05
232 -2.269732013919673e-05
233 -2.3548085209491022e-05
234 -2.393507671382494e-05
235 -2.365410829013865e-05
236 -2.340489121596596e-05
237 -2.4897309275043952e-05
238 -2.429595201817403e-05
239 -2.246626564870588e-05
240 -2.3615445539524833e-05
241 -2.3886972163613162e-05
242 -2.4804417869367453e-05
243 -2.2623760965577406e-05
244 -2.4080633528854563e-05
245 -2.3074767245079216e-05
246 -2.3237053258657495e-05
247 -2.3589016983591434e-05
248 -2.398353301388391e-05
249 -2.4171917428017354e-05
250 -2.375686598667674e-05
251 -2.3143951858746163e-05
252 -2.2882825612695965e-05
253 -2.3604904247752013e-05
254 -2.4290209824343077e-05
255 -2.226898739200736e-05
256 -2.3392203145187045e-05
257 -2.364092858871631e-05
258 -2.3085459231177886e-05
259 -2.2359717444791863e-05
260 -2.337783297634965e-05
261 -2.295212935437796e-05
262 -2.219451123819175e-05
263 -2.335465343668305e-05
264 -2.3224513244437073e-05
265 -2.3815779536204997e-05
266 -2.3152823795622885e-05
267 -2.3314988635824503e-05
268 -2.2981492225047714e-05
269 -2.281620297575844e-05
270 -2.3349396970326632e-05
271 -2.380426311166601e-05
272 -2.3295909223570284e-05
273 -2.454729523729951e-05
274 -2.4066573457678373e-05
275 -2.3350474961051874e-05
276 -2.345088236567447e-05
277 -2.2846432693579237e-05
278 -2.300155966058077e-05
279 -2.5049112041430458e-05
280 -2.309363993853046e-05
281 -2.2547589661398366e-05
282 -2.2901641327172757e-05
283 -2.2856367989872392e-05
284 -2.34740530630252e-05
285 -2.3735154210242658e-05
286 -2.2826806698439542e-05
287 -2.390021856138288e-05
288 -2.3566663424277405e-05
289 -2.355637414519456e-05
290 -2.3784825169212424e-05
291 -2.414995162992905e-05
292 -2.2718210222272765e-05
293 -2.2797982051358645e-05
294 -2.314513647222107e-05
295 -2.3229652754565058e-05
296 -2.2510050780848022e-05
297 -2.408761811968386e-05
298 -2.3555891719175507e-05
299 -2.2838371686943285e-05
