0 -8.54915048070219e-07
1 -1.100658220779765e-06
2 -1.0689002612648812e-06
3 -1.109697980090509e-06
4 -9.138503697736078e-07
5 -1.0145864306657631e-06
6 -8.678501952845465e-07
7 -9.210612542079921e-07
8 -9.16212986134992e-07
9 -8.756626622578075e-07
10 -1.1094888630668742e-06
11 -1.103637248508875e-06
12 -1.0694192543592013e-06
13 -8.729190067114169e-07
14 -8.280242346199863e-07
15 -1.0128430878510589e-06
16 -8.235074477070794e-07
17 -1.064121249147833e-06
18 -9.650877445928817e-07
19 -1.0400438320757971e-06
20 -9.715644317882088e-07
21 -1.0712054120308281e-06
22 -9.211649554138738e-07
23 -1.1031718203740401e-06
24 -1.1099835993461303e-06
25 -8.98331003996849e-07
26 -9.603597582251459e-07
27 -1.1861329583371516e-06
28 -1.1515653882648665e-06
29 -9.39624554707178e-07
30 -8.213989871078051e-07
31 -1.076915628017976e-06
32 -9.633772038338008e-07
33 -9.590843419340108e-07
34 -1.1096860466950993e-06
35 -8.374096884242166e-07
36 -8.966733135629516e-07
37 -1.0577829467519376e-06
38 -9.894728778994433e-07
39 -8.308037048897185e-07
40 -1.0632133961470675e-06
41 -9.069588264096899e-07
42 -1.1226143246760904e-06
43 -1.025166707922059e-06
44 -1.029206630915786e-06
45 -1.0150595506472385e-06
46 -1.0727992356077932e-06
47 -9.464062640939497e-07
48 -8.741760401372289e-07
49 -1.0352891684786502e-06
50 -9.770926803635316e-07
51 -8.499510407934722e-07
52 -1.027214881109365e-06
53 -8.780409812129577e-07
54 -1.0709308707169788e-06
55 -9.551911119742054e-07
56 -1.025796841156474e-06
57 -1.0160112124043025e-06
58 -1.1123388778635721e-06
59 -1.0900302720714329e-06
60 -8.738966121254788e-07
61 -1.0659246622109137e-06
62 -9.1655256061598e-07
63 -9.956055960176844e-07
64 -1.0960800667760512e-06
65 -1.058607485058745e-06
66 -1.068215396523535e-06
67 -1.0237404649285201e-06
68 -9.178120481367438e-07
69 -8.541296965824447e-07
70 -8.082184193948489e-07
71 -9.70202326367151e-07
72 -1.0463580684843082e-06
73 -1.0649709941504678e-06
74 -9.322119289400832e-07
75 -9.335926510536062e-07
76 -9.353134436271464e-07
77 -9.007794760544628e-07
78 -1.0426410185078722e-06
79 -1.0050411207785611e-06
80 -1.1064728123239748e-06
81 -1.0180619380350185e-06
82 -1.0408842541320542e-06
83 -9.860600405083566e-07
84 -9.584568793047027e-07
85 -9.73171933944441e-07
86 -9.66791056850867e-07
87 -1.104958842473472e-06
88 -9.977519699828123e-07
89 -1.1136237239623681e-06
90 -1.093045408145824e-06
91 -9.938209858951524e-07
92 -1.0501233222180075e-06
93 -9.785328441465322e-07
94 -1.0563404364989334e-06
95 -9.975067998077215e-07
96 -1.0892274094488759e-06
97 -9.613536254677138e-07
98 -1.1856614586360138e-06
99 -9.355495135899172e-07
100 -1.0248858107315028e-06
101 -8.264301715490487e-07
102 -1.0196097067146106e-06
103 -9.863200694240993e-07
104 -8.855313850738419e-07
105 -9.480983452855681e-07
106 -9.539893033531697e-07
107 -8.95110605414239e-07
108 -8.903984456639806e-07
109 -9.26982533689885e-07
110 -1.1252548334783597e-06
111 -9.777507086795746e-07
112 -9.303553282761702e-07
113 -9.649897324887947e-07
114 -9.987986210453752e-07
115 -9.595643298191465e-07
116 -9.67278933993881e-07
117 -1.0163283110693125e-06
118 -9.136992901303455e-07
119 -9.210043489535545e-07
120 -9.615793985918031e-07
121 -1.0872421293996922e-06
122 -9.607485318868642e-07
123 -1.0283576283913724e-06
124 -9.200635789456379e-07
125 -1.0668250395093556e-06
126 -9.483394699350148e-07
127 -9.790800174335107e-07
128 -7.645411015269239e-07
129 -9.645698545959279e-07
130 -1.087383158825252e-06
131 -9.100560890023984e-07
132 -9.607672831236852e-07
133 -1.1048433469595711e-06
134 -1.0081929234511674e-06
135 -8.843344725252432e-07
136 -9.913684796191913e-07
137 -9.400695373008823e-07
138 -9.966899731468646e-07
139 -1.005281270875143e-06
140 -8.417376357860308e-07
141 -9.358515257772603e-07
142 -9.97633187631601e-07
143 -1.0988888888170286e-06
144 -1.0875872457391315e-06
145 -1.021558662928865e-06
146 -8.96185859823621e-07
147 -8.413084515760973e-07
148 -9.805661885136742e-07
149 -9.314531132922428e-07
150 -1.0252617203401509e-06
151 -9.343864089253216e-07
152 -9.610968228107047e-07
153 -9.01141794587477e-07
154 -9.790491689449389e-07
155 -9.74094721409893e-07
156 -1.078364588883379e-06
157 -1.008011651682862e-06
158 -1.034807767363512e-06
159 -1.0994918502332287e-06
160 -9.809509020902393e-07
161 -9.307767976159971e-07
162 -1.0070678732713003e-06
163 -9.844405509673031e-07
164 -1.038183687808714e-06
165 -1.0298361665285102e-06
166 -9.84346918753874e-07
167 -8.386597698338468e-07
168 -1.0692447390041774e-06
169 -9.713543315321277e-07
170 -9.283467951590624e-07
171 -9.668798483188848e-07
172 -1.003528994718881e-06
173 -1.0232671159255735e-06
174 -9.148582238531352e-07
175 -9.267098335724425e-07
176 -9.453230844361455e-07
177 -1.031500375847144e-06
178 -1.1056954331862317e-06
179 -9.72392802210068e-07
180 -1.0845420696269625e-06
181 -8.527126750361477e-07
182 -1.0024201016272894e-06
183 -1.1045584916500737e-06
184 -9.907500943948958e-07
185 -9.437594063289255e-07
186 -1.0253553483294227e-06
187 -9.482527730195992e-07
188 -1.0130314458409632e-06
189 -1.0125309949895139e-06
190 -1.032029271477716e-06
191 -1.084798691136522e-06
192 -1.0000057523847718e-06
193 -9.68932306440119e-07
194 -9.740417765255529e-07
195 -1.023880786947971e-06
196 -1.0800316973481476e-06
197 -1.030476432985516e-06
198 -9.624756552741875e-07
199 -9.858137042667892e-07
200 -9.290344726688027e-07
201 -1.0525817556361822e-06
202 -1.0806899593427809e-06
203 -1.130901216702462e-06
204 -9.764746709238664e-07
205 -9.635237119456438e-07
206 -9.209011058488029e-07
207 -1.0167775355781473e-06
208 -9.372010668852701e-07
209 -8.619348317801332e-07
210 -7.614632449316139e-07
211 -1.0522493471500892e-06
212 -9.385041023631189e-07
213 -1.0980521495551787e-06
214 -1.050581760367124e-06
215 -1.1528375680263024e-06
216 -1.194140737186701e-06
217 -9.811509078342708e-07
218 -1.09567726909795e-06
219 -9.147041042783672e-07
220 -1.075671430007545e-06
221 -1.0065219737023025e-06
222 -9.818727609472293e-07
223 -9.772957424780222e-07
224 -1.1174787461474338e-06
225 -9.217998058688611e-07
226 -9.783943153282192e-07
227 -1.0020903117475896e-06
228 -9.68560306607315e-07
229 -9.386926880600924e-07
230 -1.0819507509940567e-06
231 -9.062029453130526e-07
232 -1.1354736045665091e-06
233 -8.585109214385887e-07
234 -1.0135281843889167e-06
235 -9.446260748686564e-07
236 -1.0410478530435236e-06
237 -9.747082345552807e-07
238 -1.0675177177698938e-06
239 -1.0708267998161138e-06
240 -9.636995557023031e-07
241 -1.0318008070677843e-06
242 -1.070982180474751e-06
243 -8.964233029992609e-07
244 -8.88821718416037e-07
245 -9.511420171805774e-07
246 -9.777027533700603e-07
247 -8.92573127041051e-07
248 -9.688990869351051e-07
249 -1.0752530011472518e-06
250 -9.795272975911302e-07
251 -1.0832594427926821e-06
252 -1.0395450348795292e-06
253 -1.0134154177911466e-06
254 -8.857606409721796e-07
255 -1.001963429639506e-06
256 -1.011884467744768e-06
257 -1.0236213000177093e-06
258 -1.0321048926635406e-06
259 -9.84627066390604e-07
260 -1.010135342915882e-06
261 -1.0151364127052138e-06
262 -1.1312848678374553e-06
263 -1.0712893469438144e-06
264 -1.0597451408751539e-06
265 -9.587009602169992e-07
266 -9.873868878672944e-07
267 -1.0797764324556907e-06
268 -9.342275061164321e-07
269 -8.985973646128775e-07
270 -9.886129687693683e-07
271 -9.927131465268309e-07
272 -9.469079231640509e-07
273 -9.615174368905105e-07
274 -1.0132904403559602e-06
275 -8.561808012062096e-07
276 -1.1003105218125547e-06
277 -9.938008252155547e-07
278 -1.0716457985688054e-06
279 -1.024413285860709e-06
280 -1.0223848472618375e-06
281 -9.85108669113476e-07
282 -9.230585626776299e-07
283 -1.1474941705819555e-06
284 -9.445834902834903e-07
285 -9.383336905314333e-07
286 -1.0277811931960396e-06
287 -1.0601485837526538e-06
288 -8.575214784980564e-07
289 -1.1175514892307246e-06
290 -8.628870347899646e-07
291 -1.0115778338532611e-06
292 -1.0805560910352772e-06
293 -9.599524405182306e-07
294 -9.878983399961706e-07
295 -1.0154793596963528e-06
296 -1.0049017551551093e-06
297 -8.72975592711503e-07
298 -1.0607733780380287e-06
299 -9.770430036538814e-07
