0 -3.1002926713757746e-05
1 -3.07567387492632e-05
2 -3.016197922268142e-05
3 -3.0667270031490796e-05
4 -3.1218176402141516e-05
5 -3.117413087105846e-05
6 -3.0393249595093595e-05
7 -3.0958993180571866e-05
8 -3.134988748572284e-05
9 -3.071965585366245e-05
10 -3.097449907162925e-05
11 -3.060136815396316e-05
12 -3.177751191425979e-05
13 -3.024842462422423e-05
14 -3.1109104508455394e-05
15 -3.080766439069037e-05
16 -3.0943272736165295e-05
17 -2.889556711400222e-05
18 -3.210169127356655e-05
19 -3.175512075277037e-05
20 -2.9831592953733165e-05
21 -3.120980448622632e-05
22 -3.110292433548064e-05
23 -3.0078075840155806e-05
24 -2.9564246756683724e-05
25 -3.0514101182816635e-05
26 -3.09712466307997e-05
27 -3.058586376200045e-05
28 -2.9938772611420242e-05
29 -3.173277710046031e-05
30 -3.0978018517812054e-05
31 -3.0768248364512266e-05
32 -3.089734400432985e-05
33 -3.0744601185859235e-05
34 -3.1131079736668817e-05
35 -3.0676740281658824e-05
36 -3.168141910120442e-05
37 -2.963639450367686e-05
38 -3.072219643645288e-05
39 -3.118594184945167e-05
40 -3.1401910127023665e-05
41 -3.102384903842514e-05
42 -2.946709560870305e-05
43 -3.085971399228793e-05
44 -3.0511192061780698e-05
45 -3.0134118167995916e-05
46 -3.065202421331408e-05
47 -3.089024203387939e-05
48 -3.14750682132215e-05
49 -3.0203008386007582e-05
50 -3.129026035222734e-05
51 -3.192160641016384e-05
52 -3.1642332612082204e-05
53 -3.275186534974172e-05
54 -3.056225244943635e-05
55 -3.1689744292073904e-05
56 -3.0447172116704784e-05
57 -3.0493430693782085e-05
58 -2.9144275581328615e-05
59 -3.0608291918447994e-05
60 -3.0517937782802916e-05
61 -3.052428050260065e-05
62 -3.131461181669641e-05
63 -3.098596842005166e-05
64 -2.996485780402941e-05
65 -3.102508660390403e-05
66 -3.003964831940277e-05
67 -3.1688185429780186e-05
68 -3.1079972731866205e-05
69 -3.181336895718838e-05
70 -3.1736949912741506e-05
71 -3.065191916182957e-05
72 -3.0342350151811322e-05
73 -3.1228257560799416e-05
74 -3.0392853336199787e-05
75 -3.056724812365978e-05
76 -3.1141217778465094e-05
77 -3.05925877533862e-05
78 -3.011047960064036e-05
79 -3.089390388675977e-05
80 -3.0369916936911558e-05
81 -3.075182185432095e-05
82 -3.0842965044933594e-05
83 -3.1057470676282086e-05
84 -3.0383224671388885e-05
85 -3.075444939252766e-05
86 -3.0620789919250204e-05
87 -3.031682308357922e-05
88 -3.0733619104198665e-05
89 -3.067384345868119e-05
90 -2.9853088823601967e-05
91 -3.153804015892763e-05
92 -3.0972667580324063e-05
93 -3.1182961432055693e-05
94 -3.0075639282398654e-05
95 -3.068883527855142e-05
96 -3.072466940087241e-05
97 -3.064711738074071e-05
98 -3.0373336400336165e-05
99 -3.094587106062274e-05
100 -3.091103417597119e-05
101 -3.076074572236068e-05
102 -3.0393990518501268e-05
103 -3.1531167465510365e-05
104 -3.1332678280708506e-05
105 -3.0364039018574002e-05
106 -3.1656519562511805e-05
107 -3.196918605941506e-05
108 -3.0391145695733335e-05
109 -3.1716258291975196e-05
110 -3.085292750011107e-05
111 -3.2126917818752617e-05
112 -3.115647143148785e-05
113 -3.0661015572038196e-05
114 -3.067386475218625e-05
115 -3.1224351501457245e-05
116 -3.074289029057613e-05
117 -3.0451603121622306e-05
118 -3.1344027113005366e-05
119 -3.1592400866212856e-05
120 -3.120964796606434e-05
121 -3.0456586455494306e-05
122 -3.0774822533358475e-05
123 -3.079863992149443e-05
124 -3.154894003084496e-05
125 -3.0591011039484396e-05
126 -2.9761549843548705e-05
127 -3.0765126991044715e-05
128 -3.220999783711623e-05
129 -3.115650834629905e-05
130 -3.0341206548967837e-05
131 -2.999596752013574e-05
132 -3.149897645928756e-05
133 -3.043172388011363e-05
134 -3.092114871838789e-05
135 -3.0400798305218775e-05
136 -3.1592525568695035e-05
137 -3.093704003217605e-05
138 -3.182964635011721e-05
139 -3.168847246556347e-05
140 -3.1260354039021965e-05
141 -3.077699246706549e-05
142 -3.0421340522500628e-05
143 -3.0227622646594176e-05
144 -3.0187303261731212e-05
145 -3.0626735702528346e-05
146 -3.0915599674162186e-05
147 -3.114812318933517e-05
148 -3.062039831679485e-05
149 -3.1704429508871496e-05
150 -3.1493885846227296e-05
151 -3.1063433157193745e-05
152 -3.0023566957105203e-05
153 -3.233349731208747e-05
154 -3.208818485708007e-05
155 -3.138365701392765e-05
156 -3.0217365700078867e-05
157 -3.1477420433753896e-05
158 -3.087747607032932e-05
159 -2.9703615099809794e-05
160 -3.088861833554517e-05
161 -3.054519140117509e-05
162 -3.0102207016966985e-05
163 -3.1544750358214855e-05
164 -3.0585045770849146e-05
165 -3.0815551742302076e-05
166 -3.0926330947986296e-05
167 -3.060107154883516e-05
168 -3.0846020303366975e-05
169 -3.1049504839058226e-05
170 -3.152159265753903e-05
171 -3.1151624175149514e-05
172 -3.046343962029441e-05
173 -3.137966603568857e-05
174 -3.143313498155155e-05
175 -3.095656800028547e-05
176 -3.113447468528554e-05
177 -3.215828444991293e-05
178 -3.092455103809106e-05
179 -2.9760674620231266e-05
180 -2.9809003975819777e-05
181 -3.099664171762433e-05
182 -3.076789616463797e-05
183 -3.001539167996715e-05
184 -3.171725487711775e-05
185 -3.071818833219624e-05
186 -3.076227989150472e-05
187 -3.054070871543694e-05
188 -2.9626213821737887e-05
189 -3.060804366130783e-05
190 -3.086815170570159e-05
191 -3.0611910908851734e-05
192 -2.9779559934848044e-05
193 -3.030047779319672e-05
194 -3.097739152359637e-05
195 -2.9975331385750167e-05
196 -2.9610660105703777e-05
197 -3.0648460159436924e-05
198 -3.188328043169842e-05
199 -3.0500819115036357e-05
200 -3.1030514637500725e-05
201 -3.047508684987479e-05
202 -3.0314810143288133e-05
203 -3.046540435382406e-05
204 -3.081001445875971e-05
205 -3.1535055897466515e-05
206 -2.9940865041375243e-05
207 -3.0706613732178814e-05
208 -3.106442317853997e-05
209 -3.207213120937346e-05
210 -3.100418249767007e-05
211 -3.0306144549995973e-05
212 -3.091304313139767e-05
213 -3.0262227246431538e-05
214 -3.1419678968433165e-05
215 -3.0199479362739468e-05
216 -2.9814462754018765e-05
217 -3.0449425464011176e-05
218 -3.157290087654356e-05
219 -3.095378447646709e-05
220 -3.064573109204137e-05
221 -3.108810414408117e-05
222 -3.003899250123425e-05
223 -3.118425939719629e-05
224 -3.14068775265328e-05
225 -3.080762735047805e-05
226 -3.147495134405976e-05
227 -3.095104113166241e-05
228 -3.053469544396027e-05
229 -3.086202549420454e-05
230 -3.046769566235945e-05
231 -3.135511038553504e-05
232 -3.144386074924148e-05
233 -3.144758481384117e-05
234 -3.054150312242762e-05
235 -3.1305231394716226e-05
236 -3.053878728409367e-05
237 -2.9832374044797473e-05
238 -3.0253565995733022e-05
239 -3.140564129376357e-05
240 -3.1031055515965165e-05
241 -3.043439252779145e-05
242 -3.051455105242852e-05
243 -3.185089497099942e-05
244 -3.0860297094951206e-05
245 -3.151626729524245e-05
246 -3.1431880964448775e-05
247 -3.12338917662203e-05
248 -3.066444683048142e-05
249 -2.994678210505072e-05
250 -2.9697615605447227e-05
251 -2.9823638691488493e-05
252 -3.066068173355515e-05
253 -3.018747387705419e-05
254 -3.0365496971348688e-05
255 -3.15496804233114e-05
256 -3.135406642848523e-05
257 -3.000550001840728e-05
258 -3.13917158324578e-05
259 -3.1383490709624126e-05
260 -3.099248589490354e-05
261 -3.065694209574982e-05
262 -3.134878000165582e-05
263 -3.087890613253934e-05
264 -3.0182515218856246e-05
265 -3.146668318513661e-05
266 -3.086659301821406e-05
267 -2.9915891061730228e-05
268 -3.13552794010413e-05
269 -3.200160059966741e-05
270 -3.097818578066713e-05
271 -2.9832929599598116e-05
272 -3.091491606920966e-05
273 -3.0319877488543892e-05
274 -3.0621594440744204e-05
275 -3.183096162351735e-05
276 -3.0732461907229333e-05
277 -3.1413927234593664e-05
278 -3.047993933896921e-05
279 -2.950410740791171e-05
280 -3.09243629956563e-05
281 -3.1183717650046536e-05
282 -3.160302687900365e-05
283 -2.988129286858614e-05
284 -3.0854586424236786e-05
285 -3.042264626882978e-05
286 -3.07411271889193e-05
287 -3.061103819580403e-05
288 -3.126398978418357e-05
289 -3.082677903028612e-05
290 -3.2113791652051736e-05
291 -3.0072751035357344e-05
292 -3.0193469596892375e-05
293 -3.127398579705208e-05
294 -3.094429762110153e-05
295 -3.0695060451080614e-05
296 -3.16028754478705e-05
297 -3.0339999821856727e-05
298 -3.053550258207485e-05
299 -3.086394973754994e-05
