0 -4.410595200246237e-06
1 -5.392231401962186e-06
2 -5.997704975359767e-06
3 -6.042623862666284e-06
4 -5.639441349648416e-06
5 -6.137260160545011e-06
6 -4.187645886771564e-06
7 -5.056441610102415e-06
8 -5.376677346551084e-06
9 -5.015708282490331e-06
10 -5.709603318537658e-06
11 -5.655930330450923e-06
12 -5.927617699663657e-06
13 -4.395223807457112e-06
14 -5.0171360607786974e-06
15 -5.508774536181684e-06
16 -4.105615245630375e-06
17 -4.990164087419879e-06
18 -5.361603631122098e-06
19 -5.756050735767413e-06
20 -4.436627670218595e-06
21 -5.525482393137461e-06
22 -5.175002296933416e-06
23 -6.074526394568919e-06
24 -5.755176037986701e-06
25 -5.5611460573901405e-06
26 -5.34282053506016e-06
27 -6.708915923174148e-06
28 -5.172062841878588e-06
29 -5.275706360839536e-06
30 -5.260697054426997e-06
31 -6.268379541756028e-06
32 -5.689480935914358e-06
33 -5.355787777676885e-06
34 -6.221719929522611e-06
35 -4.571339581782136e-06
36 -6.128382422448992e-06
37 -5.8923487639975374e-06
38 -5.055458403128974e-06
39 -4.850988208409669e-06
40 -5.940865609466654e-06
41 -5.199079563187656e-06
42 -5.366305349247263e-06
43 -5.827774798860901e-06
44 -5.2287402059539095e-06
45 -5.491108739585012e-06
46 -5.784208288656052e-06
47 -5.065645390974585e-06
48 -5.678515048849325e-06
49 -4.716610519988151e-06
50 -5.60086419624723e-06
51 -4.575221242140658e-06
52 -5.769468281106306e-06
53 -5.8735209510627855e-06
54 -5.924488712601207e-06
55 -5.819491556118902e-06
56 -5.618886343677337e-06
57 -5.276093689100591e-06
58 -5.791248455136165e-06
59 -5.788780487540971e-06
60 -4.715104604233939e-06
61 -5.352146038812797e-06
62 -5.352120759922751e-06
63 -5.578232039761839e-06
64 -6.023462113184086e-06
65 -5.8183472563692955e-06
66 -4.979334047779385e-06
67 -6.6362765213155665e-06
68 -5.2688228207538e-06
69 -5.618339172648511e-06
70 -5.224106091898733e-06
71 -6.02898323945219e-06
72 -5.153833850922724e-06
73 -5.229864591512081e-06
74 -4.973746749641688e-06
75 -5.974672987310852e-06
76 -5.594278197736306e-06
77 -4.898081097280189e-06
78 -5.118172328992768e-06
79 -5.841755671871142e-06
80 -5.133213739409579e-06
81 -5.332446805981698e-06
82 -5.266258037573619e-06
83 -4.896681151240477e-06
84 -5.237120165268613e-06
85 -5.644762089534089e-06
86 -5.38360570595648e-06
87 -6.081468055904207e-06
88 -5.511862864348806e-06
89 -6.0648246602236176e-06
90 -4.763107305557134e-06
91 -5.350173543589937e-06
92 -5.582755282382502e-06
93 -5.640068556090705e-06
94 -5.169598914293321e-06
95 -5.717545173974593e-06
96 -5.392534446268561e-06
97 -5.086870268190696e-06
98 -5.975173378500425e-06
99 -5.1977809231846066e-06
100 -5.445983842273868e-06
101 -4.8435037300906224e-06
102 -5.322919160271393e-06
103 -6.235787981627858e-06
104 -5.709649186717499e-06
105 -4.7272176113471555e-06
106 -5.896905389779545e-06
107 -6.428092954033949e-06
108 -4.750276192459791e-06
109 -5.468742945745408e-06
110 -5.5187847999004596e-06
111 -5.885055744455589e-06
112 -4.8462187635094495e-06
113 -5.642457008110889e-06
114 -5.505376040158774e-06
115 -6.1103300972117176e-06
116 -5.738540933262871e-06
117 -5.404301176297799e-06
118 -5.394703037921765e-06
119 -5.734559918490736e-06
120 -5.101293539927722e-06
121 -5.4673571657862514e-06
122 -5.7111878404346935e-06
123 -5.612372780362402e-06
124 -4.876991232663781e-06
125 -5.877439424720002e-06
126 -4.911018508102841e-06
127 -5.367858946090154e-06
128 -5.720276191738291e-06
129 -5.656497625254661e-06
130 -5.533136824320269e-06
131 -4.460477506925548e-06
132 -6.135051000906427e-06
133 -5.715733300660734e-06
134 -5.759689480720499e-06
135 -4.503665478530377e-06
136 -5.696475055467543e-06
137 -5.700648588052329e-06
138 -5.781410030814646e-06
139 -5.829936998040286e-06
140 -4.93099204544672e-06
141 -5.586644795385911e-06
142 -5.026000009318884e-06
143 -5.069797841525018e-06
144 -5.291000689712626e-06
145 -5.203773465693333e-06
146 -5.325499808802443e-06
147 -4.567687979552661e-06
148 -5.26605888056954e-06
149 -5.6793175127223505e-06
150 -6.670208709921752e-06
151 -5.3733004096898685e-06
152 -4.968842993042187e-06
153 -5.898325576642458e-06
154 -5.957392745754951e-06
155 -6.166484667901132e-06
156 -5.426040807462e-06
157 -5.610751571681602e-06
158 -5.542053276706766e-06
159 -5.185431907483241e-06
160 -5.215853685801647e-06
161 -5.446112425162641e-06
162 -5.295250816566818e-06
163 -5.473858137282483e-06
164 -5.296353739890416e-06
165 -5.730400724216791e-06
166 -4.9393276425982225e-06
167 -4.624363612663776e-06
168 -5.639922025318131e-06
169 -5.885453748486677e-06
170 -5.273842679563482e-06
171 -5.082147845673906e-06
172 -5.138954178038127e-06
173 -6.0705718507852064e-06
174 -5.1211840116002295e-06
175 -4.81932215412435e-06
176 -5.599401956497653e-06
177 -6.659793948183345e-06
178 -5.431653302475414e-06
179 -4.911657559222768e-06
180 -5.658294985290543e-06
181 -4.816729853870042e-06
182 -5.4336002188305655e-06
183 -5.508011441431709e-06
184 -5.8887039733834145e-06
185 -4.717921506325616e-06
186 -5.949190394259726e-06
187 -5.14207852369141e-06
188 -5.305933972764985e-06
189 -5.0300767548468446e-06
190 -5.367734396668928e-06
191 -5.891277736726607e-06
192 -4.494215182733649e-06
193 -5.003494403796251e-06
194 -5.681189218706446e-06
195 -4.908680261604403e-06
196 -5.446143201359629e-06
197 -5.294210669589175e-06
198 -6.2701818733699225e-06
199 -5.349032426854956e-06
200 -5.249463985868162e-06
201 -5.394801924715375e-06
202 -5.972294910228348e-06
203 -6.1073617859889964e-06
204 -5.1697796733328055e-06
205 -5.381159824026181e-06
206 -5.323113544663545e-06
207 -5.8854680835996334e-06
208 -4.949437460849207e-06
209 -5.410434207361694e-06
210 -4.496811656990203e-06
211 -5.5688759798806715e-06
212 -5.3862576439351745e-06
213 -5.86081485093015e-06
214 -6.488604294392877e-06
215 -6.0270525543522165e-06
216 -5.639644420519678e-06
217 -5.202462198730312e-06
218 -6.826473036988074e-06
219 -4.9521788804612775e-06
220 -5.810904366432013e-06
221 -5.309591472836633e-06
222 -4.608090091789695e-06
223 -5.693945088478605e-06
224 -6.418925849913589e-06
225 -5.733854895633674e-06
226 -5.834376992430023e-06
227 -5.824721222500508e-06
228 -5.18772056239816e-06
229 -5.230145519850659e-06
230 -5.212419108298118e-06
231 -4.932980905661769e-06
232 -6.007516823422893e-06
233 -5.268980228478109e-06
234 -4.93781490158529e-06
235 -5.140338826862566e-06
236 -5.207466919503364e-06
237 -4.605513244576223e-06
238 -5.1970155318092765e-06
239 -6.177485351918768e-06
240 -4.824074648961058e-06
241 -4.837649489490998e-06
242 -4.793636200828524e-06
243 -6.2345983080362824e-06
244 -5.091309199772159e-06
245 -5.312142219621769e-06
246 -5.555746192529648e-06
247 -5.106226467808621e-06
248 -4.994182357864556e-06
249 -5.022596587847207e-06
250 -5.571645067927079e-06
251 -5.461533245264724e-06
252 -5.937706967332105e-06
253 -5.055264810244943e-06
254 -4.678038719858722e-06
255 -6.086185252532166e-06
256 -5.202774270747808e-06
257 -5.478284561022436e-06
258 -5.727128624849966e-06
259 -5.562136599407325e-06
260 -5.573207855452997e-06
261 -5.8965174682585115e-06
262 -6.00621804978e-06
263 -5.4355942894719354e-06
264 -5.749279702076731e-06
265 -5.2390829411633505e-06
266 -5.6337681153234385e-06
267 -5.5815102572822255e-06
268 -6.316509753569412e-06
269 -5.506760874894156e-06
270 -5.392434265161433e-06
271 -4.988663311043253e-06
272 -5.219648278347557e-06
273 -4.56706125033702e-06
274 -5.141170337783741e-06
275 -4.9410487672447165e-06
276 -5.464152607058688e-06
277 -5.686406999845488e-06
278 -5.860057123662205e-06
279 -4.669198629933298e-06
280 -5.3051148080064906e-06
281 -5.964996849302981e-06
282 -5.4224423585577e-06
283 -5.932183534719987e-06
284 -5.629859072199703e-06
285 -5.156623041495026e-06
286 -5.631429297738596e-06
287 -5.816805477885975e-06
288 -4.7197489106807355e-06
289 -5.392365664639231e-06
290 -5.301823237129678e-06
291 -5.325728621432413e-06
292 -6.06249608832598e-06
293 -5.80517188577633e-06
294 -5.868531215232637e-06
295 -5.542812067003875e-06
296 -6.654115050404119e-06
297 -5.000397692207116e-06
298 -5.834525152665499e-06
299 -5.992426720802618e-06
