0 -7.029659207911392e-05
1 -6.961804357860246e-05
2 -6.870026404156246e-05
3 -6.869561117873873e-05
4 -6.868114709397317e-05
5 -6.836722957075908e-05
6 -7.112797557832331e-05
7 -6.954728264700857e-05
8 -6.912985362677197e-05
9 -6.97271012932001e-05
10 -6.957502810569083e-05
11 -6.976902639064903e-05
12 -6.921548291019976e-05
13 -7.015330305077399e-05
14 -6.925054483608173e-05
15 -6.922758312864642e-05
16 -7.171763668194773e-05
17 -6.893608866988401e-05
18 -6.981338570308432e-05
19 -6.899329394104714e-05
20 -7.104608214966916e-05
21 -6.940419061739685e-05
22 -6.952532335839848e-05
23 -6.883645936509619e-05
24 -6.857695425326256e-05
25 -6.895298450661883e-05
26 -6.997746447806556e-05
27 -6.773294779437031e-05
28 -6.939478821493395e-05
29 -6.974691318355652e-05
30 -6.959293476902365e-05
31 -6.885163211031569e-05
32 -6.915904372443552e-05
33 -6.952452435807281e-05
34 -6.906474666221474e-05
35 -7.042733258383864e-05
36 -6.883561307559685e-05
37 -6.906423699960751e-05
38 -6.978873193093901e-05
39 -7.027340632079757e-05
40 -6.885813023608718e-05
41 -6.98250312504578e-05
42 -6.936925579205927e-05
43 -6.872370927033784e-05
44 -7.00870058304699e-05
45 -6.985469093411342e-05
46 -6.925980057258764e-05
47 -6.959183691492613e-05
48 -6.908814860976429e-05
49 -7.005727425976205e-05
50 -6.947505073595977e-05
51 -7.097540911271787e-05
52 -6.863333184305208e-05
53 -6.863695942074025e-05
54 -6.931886640350389e-05
55 -6.898361121458304e-05
56 -6.94546183768252e-05
57 -6.967272508965457e-05
58 -6.867752408072992e-05
59 -6.84236697452845e-05
60 -7.006665743307539e-05
61 -6.98483776722805e-05
62 -7.007769207504046e-05
63 -6.934233181714935e-05
64 -6.91107919148109e-05
65 -6.952472694134567e-05
66 -7.02076503493094e-05
67 -6.798626868503063e-05
68 -6.945395136546635e-05
69 -6.931331914048722e-05
70 -6.896232178972042e-05
71 -6.809585245237933e-05
72 -6.960599867244015e-05
73 -6.977298125188577e-05
74 -7.037003394434228e-05
75 -6.824370684325654e-05
76 -6.901136408790272e-05
77 -6.972804990552312e-05
78 -6.981582206525801e-05
79 -6.862548756173709e-05
80 -7.003588385401499e-05
81 -6.892709323068783e-05
82 -6.951842669952215e-05
83 -7.014689976758198e-05
84 -6.909521900597332e-05
85 -6.92467962514096e-05
86 -6.94754192440347e-05
87 -6.866787916666509e-05
88 -6.895083037081926e-05
89 -6.822394394524846e-05
90 -7.02047643463969e-05
91 -6.96061698719446e-05
92 -6.927037257355101e-05
93 -6.881295169137465e-05
94 -6.97450881448253e-05
95 -6.885649057357875e-05
96 -6.92444535330977e-05
97 -7.043985550122008e-05
98 -6.882215081168431e-05
99 -6.974559464019226e-05
100 -6.998644379414792e-05
101 -6.98913094305034e-05
102 -7.005219900897175e-05
103 -6.82146731623414e-05
104 -6.84959549009471e-05
105 -6.971074822217277e-05
106 -6.879778056040524e-05
107 -6.762613928514344e-05
108 -7.067790872480817e-05
109 -6.948079057428284e-05
110 -6.965719360960667e-05
111 -6.91363147812614e-05
112 -7.04088418787519e-05
113 -6.908919605986676e-05
114 -6.921020245064602e-05
115 -6.859986335062713e-05
116 -6.873744712046862e-05
117 -6.927630492087858e-05
118 -6.965003018247308e-05
119 -6.913863699867312e-05
120 -6.977736915762033e-05
121 -6.897239112432236e-05
122 -6.902093523625007e-05
123 -6.906141474027262e-05
124 -6.97238871836521e-05
125 -6.890901141700093e-05
126 -7.00354637745465e-05
127 -6.92866457134641e-05
128 -6.849678683307018e-05
129 -6.923028065262667e-05
130 -6.913479457846825e-05
131 -7.020418448831953e-05
132 -6.86668540499953e-05
133 -6.852794583957415e-05
134 -6.934121364312102e-05
135 -7.101903521786779e-05
136 -6.925925422002094e-05
137 -6.897119344591055e-05
138 -6.943036681213513e-05
139 -6.90769833890938e-05
140 -6.971182766874034e-05
141 -6.93097862859882e-05
142 -7.05177998331904e-05
143 -7.028967210089785e-05
144 -6.946153166123555e-05
145 -7.031559184270318e-05
146 -6.972191193370258e-05
147 -7.04001910267295e-05
148 -6.927229790625672e-05
149 -6.908478092451409e-05
150 -6.849246931541774e-05
151 -6.977318596034362e-05
152 -6.980869288435947e-05
153 -6.868520662699848e-05
154 -6.94076589059045e-05
155 -6.895532803396859e-05
156 -6.935651630996104e-05
157 -6.92558106358e-05
158 -6.928160896880658e-05
159 -6.967970533181686e-05
160 -6.940873549826316e-05
161 -6.8968214477853e-05
162 -6.972996326724494e-05
163 -6.915626083516672e-05
164 -6.95648679250784e-05
165 -6.9252027406808e-05
166 -6.990623238694868e-05
167 -7.05178936389693e-05
168 -6.935979440596588e-05
169 -6.91460094523867e-05
170 -6.953895437037426e-05
171 -7.007651857852653e-05
172 -6.98628816015069e-05
173 -6.899513550472886e-05
174 -7.006377947256319e-05
175 -7.038757968490902e-05
176 -6.932402445534009e-05
177 -6.859116779679957e-05
178 -6.961339405742102e-05
179 -7.034647376622729e-05
180 -6.873188329583111e-05
181 -6.960456419691631e-05
182 -6.952150325924745e-05
183 -6.984900590430862e-05
184 -6.831013809524328e-05
185 -7.022673469935244e-05
186 -6.910113335375525e-05
187 -6.966437698772529e-05
188 -6.893592646928272e-05
189 -6.987710071421584e-05
190 -7.025614629948968e-05
191 -6.878212606427276e-05
192 -7.068214279226457e-05
193 -6.953880000240622e-05
194 -6.915813811299981e-05
195 -6.995031097072731e-05
196 -6.881251355390729e-05
197 -6.967683628172631e-05
198 -6.870141585578307e-05
199 -6.927004862557831e-05
200 -6.991828394038659e-05
201 -7.004814450729013e-05
202 -6.833429383640623e-05
203 -6.857109520695043e-05
204 -6.971865727399803e-05
205 -6.960212835309767e-05
206 -6.94613091658226e-05
207 -6.902162724704914e-05
208 -7.010171600462285e-05
209 -7.012769246971559e-05
210 -7.006521586805015e-05
211 -6.959186312974792e-05
212 -6.892938955895824e-05
213 -6.908889910690602e-05
214 -6.827629618415735e-05
215 -6.904479398709845e-05
216 -6.879375106626462e-05
217 -6.93955767754637e-05
218 -6.72750133211577e-05
219 -6.94583117245313e-05
220 -6.863815400838591e-05
221 -6.895350603649736e-05
222 -7.10719943044537e-05
223 -6.934571537104367e-05
224 -6.781673682045175e-05
225 -6.908236731920755e-05
226 -6.952471259590835e-05
227 -6.844378924054776e-05
228 -6.931538861715932e-05
229 -6.968795272119664e-05
230 -6.93019343396215e-05
231 -7.059710925479383e-05
232 -6.908481399988115e-05
233 -6.978494303002666e-05
234 -6.983776813698572e-05
235 -7.00333237934257e-05
236 -6.936727296228841e-05
237 -7.05925151035295e-05
238 -7.00314029574128e-05
239 -6.867484091148534e-05
240 -6.986919610865697e-05
241 -6.97245978086432e-05
242 -7.10794579097226e-05
243 -6.873082202293295e-05
244 -7.002363882306731e-05
245 -6.961732257035065e-05
246 -6.957725814844183e-05
247 -6.96647654331899e-05
248 -6.998299158383351e-05
249 -6.99153448667634e-05
250 -6.884552923323449e-05
251 -6.834775462618988e-05
252 -6.852955358434165e-05
253 -6.90498259610986e-05
254 -7.008072728234545e-05
255 -6.84564241203562e-05
256 -6.987017058945785e-05
257 -6.899352904081583e-05
258 -6.957775235425508e-05
259 -6.86054273866518e-05
260 -6.92967547818254e-05
261 -6.864666495391393e-05
262 -6.839930583312854e-05
263 -6.94474160673699e-05
264 -6.879191207744193e-05
265 -7.021033198709109e-05
266 -6.889224453697918e-05
267 -6.857637696932552e-05
268 -6.873935980317946e-05
269 -6.934391021741292e-05
270 -6.926042472340045e-05
271 -6.921042345581498e-05
272 -6.915769974042446e-05
273 -7.050034308854887e-05
274 -7.018084036123119e-05
275 -6.998112263980469e-05
276 -6.945592346500326e-05
277 -6.905812343781379e-05
278 -6.870716230200165e-05
279 -7.050357620709109e-05
280 -6.917381246268756e-05
281 -6.861929836980608e-05
282 -6.925645334159177e-05
283 -6.793539727183407e-05
284 -6.94034358467811e-05
285 -6.945571567946192e-05
286 -6.860307600234456e-05
287 -6.971925020103372e-05
288 -6.990172192944429e-05
289 -6.966943084672523e-05
290 -7.042450353232005e-05
291 -6.971011137956697e-05
292 -6.809476952158034e-05
293 -6.891007927520428e-05
294 -6.89752721243853e-05
295 -6.922330213185247e-05
296 -6.855733480426544e-05
297 -6.96371028916087e-05
298 -6.9177889349651e-05
299 -6.847449467770538e-05
