0 2.4647617267237765 0.0018982798580085003 0.4157198529330194 0.0021131694861280083
1 1.6575817894383826 0.0018226132295942055 0.4157198529330194 0.0021131694861280083
2 1.2956606364238459 0.0019462132473253568 0.4157198529330194 0.0021131694861280083
3 0.9955012677995915 0.0018600123591687723 0.4157198529330194 0.0021131694861280083
4 0.7863468379954961 0.001716764326853526 0.4157198529330194 0.0021131694861280083
5 0.658628813416462 0.0017566593501201488 0.4157198529330194 0.0021131694861280083
6 0.5804046400533053 0.0016207446835746486 0.4157198529330194 0.0021131694861280083
7 0.5310994219853883 0.0017205287783883527 0.4157198529330194 0.0021131694861280083
8 0.49397196354000644 0.0016464921960895884 0.4157198529330194 0.0021131694861280083
9 0.4699538671319226 0.0017754291827962176 0.4157198529330194 0.0021131694861280083
10 0.4527618444113571 0.001841430171676317 0.4157198529330194 0.0021131694861280083
11 0.4435284162430521 0.0017105714690585638 0.4157198529330194 0.0021131694861280083
12 0.4362606017293882 0.0018748736986948233 0.4157198529330194 0.0021131694861280083
13 0.4306684395221308 0.0021465858211922595 0.4157198529330194 0.0021131694861280083
14 0.4272500244041836 0.0021607874108479086 0.4157198529330194 0.0021131694861280083
15 0.4245704234879508 0.002013896083043476 0.4157198529330194 0.0021131694861280083
16 0.42338228172796905 0.0019769500297281417 0.4157198529330194 0.0021131694861280083
17 0.4216878872368387 0.002158967089898489 0.4157198529330194 0.0021131694861280083
18 0.42174193806538485 0.0023453092355020244 0.4157198529330194 0.0021131694861280083
19 0.4180475804075657 0.0026560308314794168 0.4157198529330194 0.0021131694861280083
20 0.41793460580250347 0.002722465819518405 0.4157198529330194 0.0021131694861280083
21 0.41467995858434004 0.0027676045474200883 0.4157198529330194 0.0021131694861280083
22 0.412881733728777 0.003082229810625836 0.4157198529330194 0.0021131694861280083
23 0.4156486056036831 0.0034058511117157075 0.4157198529330194 0.0021131694861280083
24 0.412881733728777 0.003082229810625836 0.4157198529330194 0.0021131694861280083
25 0.41467995858434004 0.0027676045474200883 0.4157198529330194 0.0021131694861280083
26 0.41793460580250347 0.002722465819518405 0.4157198529330194 0.0021131694861280083
27 0.4180475804075657 0.0026560308314794168 0.4157198529330194 0.0021131694861280083
28 0.42174193806538485 0.0023453092355020244 0.4157198529330194 0.0021131694861280083
29 0.4216878872368387 0.002158967089898489 0.4157198529330194 0.0021131694861280083
30 0.42338228172796905 0.0019769500297281417 0.4157198529330194 0.0021131694861280083
31 0.4245704234879508 0.002013896083043476 0.4157198529330194 0.0021131694861280083
32 0.4272500244041836 0.0021607874108479086 0.4157198529330194 0.0021131694861280083
33 0.4306684395221308 0.0021465858211922595 0.4157198529330194 0.0021131694861280083
34 0.4362606017293882 0.0018748736986948233 0.4157198529330194 0.0021131694861280083
35 0.4435284162430521 0.0017105714690585638 0.4157198529330194 0.0021131694861280083
36 0.4527618444113571 0.001841430171676317 0.4157198529330194 0.0021131694861280083
37 0.4699538671319226 0.0017754291827962176 0.4157198529330194 0.0021131694861280083
38 0.49397196354000644 0.0016464921960895884 0.4157198529330194 0.0021131694861280083
39 0.5310994219853883 0.0017205287783883527 0.4157198529330194 0.0021131694861280083
40 0.5804046400533053 0.0016207446835746486 0.4157198529330194 0.0021131694861280083
41 0.658628813416462 0.0017566593501201488 0.4157198529330194 0.0021131694861280083
42 0.7863468379954961 0.001716764326853526 0.4157198529330194 0.0021131694861280083
43 0.9955012677995915 0.0018600123591687723 0.4157198529330194 0.0021131694861280083
44 1.2956606364238459 0.0019462132473253568 0.4157198529330194 0.0021131694861280083
45 1.6575817894383826 0.0018226132295942055 0.4157198529330194 0.0021131694861280083
