0 1.1925478810634227 0.003821025150626789 0.409956401689486 0.004334133894338343
1 0.48743898453391626 0.005831169677132891 0.409956401689486 0.004334133894338343
2 0.4231071498010085 0.008115225882491067 0.409956401689486 0.004334133894338343
3 0.4270645141579739 0.008695104520407742 0.409956401689486 0.004334133894338343
4 0.43798783487414983 0.008370486721813236 0.409956401689486 0.004334133894338343
5 0.4093922402560489 0.009283389272344456 0.409956401689486 0.004334133894338343
6 0.42284496983772674 0.008428123688385003 0.409956401689486 0.004334133894338343
7 0.4297116034932785 0.008766338818911156 0.409956401689486 0.004334133894338343
8 0.3901729455772988 0.010012402681731996 0.409956401689486 0.004334133894338343
9 0.4156426712121019 0.009143663456791372 0.409956401689486 0.004334133894338343
10 0.39485029261803745 0.010064439139267084 0.409956401689486 0.004334133894338343
11 0.4160722464977048 0.00877597864917915 0.409956401689486 0.004334133894338343
12 0.41358483421746467 0.011078906462274007 0.409956401689486 0.004334133894338343
13 0.4350026381580149 0.010887486579191002 0.409956401689486 0.004334133894338343
14 0.4275481159419859 0.009053256287571015 0.409956401689486 0.004334133894338343
15 0.4075061000608588 0.009783166435118217 0.409956401689486 0.004334133894338343
16 0.3977370444355064 0.011633253988906038 0.409956401689486 0.004334133894338343
17 0.434482215344472 0.010711763605355295 0.409956401689486 0.004334133894338343
18 0.4235402134465264 0.01153097719223951 0.409956401689486 0.004334133894338343
19 0.3945048890341767 0.012012325260341577 0.409956401689486 0.004334133894338343
20 0.43033472753199253 0.01135781788590433 0.409956401689486 0.004334133894338343
21 0.4093154341758437 0.010969550387873133 0.409956401689486 0.004334133894338343
22 0.3997822521777671 0.010964957806751933 0.409956401689486 0.004334133894338343
23 0.40120449401894653 0.01544998307325941 0.409956401689486 0.004334133894338343
24 0.3997822521777671 0.010964957806751933 0.409956401689486 0.004334133894338343
25 0.4093154341758437 0.010969550387873133 0.409956401689486 0.004334133894338343
26 0.43033472753199253 0.01135781788590433 0.409956401689486 0.004334133894338343
27 0.3945048890341767 0.012012325260341577 0.409956401689486 0.004334133894338343
28 0.4235402134465264 0.01153097719223951 0.409956401689486 0.004334133894338343
29 0.434482215344472 0.010711763605355295 0.409956401689486 0.004334133894338343
30 0.3977370444355064 0.011633253988906038 0.409956401689486 0.004334133894338343
31 0.4075061000608588 0.009783166435118217 0.409956401689486 0.004334133894338343
32 0.4275481159419859 0.009053256287571015 0.409956401689486 0.004334133894338343
33 0.4350026381580149 0.010887486579191002 0.409956401689486 0.004334133894338343
34 0.41358483421746467 0.011078906462274007 0.409956401689486 0.004334133894338343
35 0.4160722464977048 0.00877597864917915 0.409956401689486 0.004334133894338343
36 0.39485029261803745 0.010064439139267084 0.409956401689486 0.004334133894338343
37 0.4156426712121019 0.009143663456791372 0.409956401689486 0.004334133894338343
38 0.3901729455772988 0.010012402681731996 0.409956401689486 0.004334133894338343
39 0.4297116034932785 0.008766338818911156 0.409956401689486 0.004334133894338343
40 0.42284496983772674 0.008428123688385003 0.409956401689486 0.004334133894338343
41 0.4093922402560489 0.009283389272344456 0.409956401689486 0.004334133894338343
42 0.43798783487414983 0.008370486721813236 0.409956401689486 0.004334133894338343
43 0.4270645141579739 0.008695104520407742 0.409956401689486 0.004334133894338343
44 0.4231071498010085 0.008115225882491067 0.409956401689486 0.004334133894338343
45 0.48743898453391626 0.005831169677132891 0.409956401689486 0.004334133894338343
