0 1.0770502947300185 0.0027397258079073783 0.4103051123816873 0.0027378938470933867
1 0.5611981609467549 0.002688199704734884 0.4103051123816873 0.0027378938470933867
2 0.49967944829291233 0.0034305179302099864 0.4103051123816873 0.0027378938470933867
3 0.469511300661882 0.0030976184126328965 0.4103051123816873 0.0027378938470933867
4 0.45640510197289186 0.003225487483573486 0.4103051123816873 0.0027378938470933867
5 0.4441360236566469 0.0034817300492874237 0.4103051123816873 0.0027378938470933867
6 0.43298157883937527 0.0033275656735885506 0.4103051123816873 0.0027378938470933867
7 0.4346120256495847 0.003621486251916828 0.4103051123816873 0.0027378938470933867
8 0.41203876796911365 0.0034575060663306068 0.4103051123816873 0.0027378938470933867
9 0.4156522729598181 0.0033830780391067017 0.4103051123816873 0.0027378938470933867
10 0.4097826587662855 0.003825962446097897 0.4103051123816873 0.0027378938470933867
11 0.4133754577737914 0.0034651431797644294 0.4103051123816873 0.0027378938470933867
12 0.4104958085897541 0.0037800930942705757 0.4103051123816873 0.0027378938470933867
13 0.41351813349058236 0.00456379292105874 0.4103051123816873 0.0027378938470933867
14 0.41466210710018775 0.003941811349112645 0.4103051123816873 0.0027378938470933867
15 0.4077869037501165 0.0038822214508985042 0.4103051123816873 0.0027378938470933867
16 0.41064554643675233 0.003978231996471127 0.4103051123816873 0.0027378938470933867
17 0.41586074390281663 0.004318221402083489 0.4103051123816873 0.0027378938470933867
18 0.41125390233148645 0.004377220511031732 0.4103051123816873 0.0027378938470933867
19 0.4053088818789304 0.005029837038545204 0.4103051123816873 0.0027378938470933867
20 0.41206323159474567 0.004330189834002185 0.4103051123816873 0.0027378938470933867
21 0.40428330578229893 0.004428123901264569 0.4103051123816873 0.0027378938470933867
22 0.4022242704262745 0.004196215841764883 0.4103051123816873 0.0027378938470933867
23 0.40420544333319475 0.005304788431639729 0.4103051123816873 0.0027378938470933867
24 0.4022242704262745 0.004196215841764883 0.4103051123816873 0.0027378938470933867
25 0.40428330578229893 0.004428123901264569 0.4103051123816873 0.0027378938470933867
26 0.41206323159474567 0.004330189834002185 0.4103051123816873 0.0027378938470933867
27 0.4053088818789304 0.005029837038545204 0.4103051123816873 0.0027378938470933867
28 0.41125390233148645 0.004377220511031732 0.4103051123816873 0.0027378938470933867
29 0.41586074390281663 0.004318221402083489 0.4103051123816873 0.0027378938470933867
30 0.41064554643675233 0.003978231996471127 0.4103051123816873 0.0027378938470933867
31 0.4077869037501165 0.0038822214508985042 0.4103051123816873 0.0027378938470933867
32 0.41466210710018775 0.003941811349112645 0.4103051123816873 0.0027378938470933867
33 0.41351813349058236 0.00456379292105874 0.4103051123816873 0.0027378938470933867
34 0.4104958085897541 0.0037800930942705757 0.4103051123816873 0.0027378938470933867
35 0.4133754577737914 0.0034651431797644294 0.4103051123816873 0.0027378938470933867
36 0.4097826587662855 0.003825962446097897 0.4103051123816873 0.0027378938470933867
37 0.4156522729598181 0.0033830780391067017 0.4103051123816873 0.0027378938470933867
38 0.41203876796911365 0.0034575060663306068 0.4103051123816873 0.0027378938470933867
39 0.4346120256495847 0.003621486251916828 0.4103051123816873 0.0027378938470933867
40 0.43298157883937527 0.0033275656735885506 0.4103051123816873 0.0027378938470933867
41 0.4441360236566469 0.0034817300492874237 0.4103051123816873 0.0027378938470933867
42 0.45640510197289186 0.003225487483573486 0.4103051123816873 0.0027378938470933867
43 0.469511300661882 0.0030976184126328965 0.4103051123816873 0.0027378938470933867
44 0.49967944829291233 0.0034305179302099864 0.4103051123816873 0.0027378938470933867
45 0.5611981609467549 0.002688199704734884 0.4103051123816873 0.0027378938470933867
