0.7023 0.0142 0.6992 0.0142 0.7021 0.0140 0.7018 0.0140
0.7242 0.0143 0.7232 0.0142 0.7250 0.0130 0.7240 0.0120
0.7260 0.0180 0.7260 0.0180 0.7254 0.0185 0.7251 0.0180
0.7550 0.0130 0.7560 0.0130 0.7570 0.0110 0.7520 0.0110
0.7510 0.0140 0.7510 0.0140 0.7440 0.0210 0.7390 0.0140
0.7410 0.0170 0.7400 0.0170 0.7370 0.0130 0.7370 0.0130
0.9270 0.0130 0.9270 0.0110 0.9130 0.0180 0.9120 0.0170
0.9370 0.0041 0.9370 0.0041 0.9383 0.0068 0.9375 0.0066
0.9480 0.0210 0.9470 0.0220 0.9303 0.0010 0.9303 0.0013
1.0920 0.0310 1.0920 0.0310 1.0990 0.0290 1.0840 0.0220
1.1270 0.0110 1.1290 0.0100 1.1260 0.0240 1.1260 0.0260
1.0620 0.0110 1.0610 0.0140 1.0640 0.0120 1.0680 0.0130
