0.6781 0.0111 0.6794 0.0118 0.6721 0.0114 0.6789 0.0111
0.6985 0.0089 0.6974 0.0050 0.7099 0.0068 0.7070 0.0100
0.6928 0.0094 0.6950 0.0130 0.7047 0.0087 0.7040 0.0110
0.7806 0.0090 0.7803 0.0068 0.7950 0.0150 0.7940 0.0150
0.7970 0.0100 0.7970 0.0100 0.7970 0.0170 0.7984 0.0092
0.7660 0.0120 0.7698 0.0099 0.7700 0.0110 0.7650 0.0130
0.9050 0.0011 0.9050 0.0010 0.9003 0.0090 0.9036 0.0080
0.9199 0.0063 0.9196 0.0036 0.9452 0.0010 0.9444 0.0034
0.9290 0.0023 0.9260 0.0023 0.9421 0.0036 0.9422 0.0028
1.0520 0.0022 1.0480 0.0014 1.0630 0.0023 1.0590 0.0018
1.0510 0.0022 1.0540 0.0023 1.0510 0.0034 1.0516 0.0053
1.0200 0.0029 1.0200 0.0030 1.0090 0.0070 1.0220 0.0015
