0.3657 0.0025 0.3659 0.0021 0.3655 0.0017 0.3651 0.0015
0.4038 0.0020 0.4043 0.0013 0.4043 0.0023 0.4040 0.0080
0.4037 0.0033 0.4047 0.0024 0.4040 0.0040 0.4040 0.0030
0.5431 0.0044 0.5433 0.0044 0.5421 0.0013 0.5442 0.0011
0.5494 0.0026 0.5493 0.0027 0.5453 0.0027 0.5512 0.0050
0.5250 0.0047 0.5246 0.0040 0.5250 0.0014 0.5250 0.0022
0.6002 0.0011 0.5999 0.0012 0.5991 0.0022 0.5992 0.0022
0.6424 0.0090 0.6424 0.0090 0.6424 0.0090 0.6424 0.0090
0.6414 0.0012 0.6417 0.0014 0.6408 0.0010 0.6409 0.0010
0.8346 0.0080 0.8366 0.0076 0.8363 0.0080 0.8269 0.0022
0.8442 0.0048 0.8450 0.0048 0.8440 0.0041 0.8430 0.0043
0.7966 0.0055 0.7987 0.0056 0.7901 0.0099 0.7900 0.0010
