0.0000 0.0000 0.0000 0.0000 0.0000 0.0000 0.0000 0.0000
0.9240 0.018 0.9090 0.020 0.9050 0.019 0.9070 00020
0.8780 0.032 0.8760 0.030 0.9030 0.017 0.9000 0.014
0.0000 0.0000 0.0000 0.0000 0.0000 0.0000 0.0000 0.0000
0.0000 0.0000 0.0000 0.0000 0.0000 0.0000 0.0000 0.0000
0.0000 0.0000 0.0000 0.0000 0.0000 0.0000 0.0000 0.0000
1.1350 0.042 1.1420 0.043 1.1320 0.040 1.1300 0.036
0.0000 0.0000 0.0000 0.0000 0.0000 0.0000 0.0000 0.0000
0.0000 0.0000 0.0000 0.0000 0.0000 0.0000 0.0000 0.0000
1.3480 0.035 1.3350 0.034 1.3370 0.031 1.3500 0.040
0.0000 0.0000 0.0000 0.0000 0.0000 0.0000 0.0000 0.0000
1.3890 0.038 1.4040 0.042 1.3970 0.037 1.3940 0.039
