0.0 0.0 0.0 0.0 0.0 0.0 0.0 0.0
0.970 0.025 0.961 0.026 0.969 0.028 0.973 0.024 0.961 0.034
0.971 0.040 0.964 0.041 0.977 0.018 0.966 0.013 0.962 0.038
1.151 0.052 1.165 0.055 1.161 0.025 1.148 0.014
1.046 0.019 1.041 0.016 1.041 0.017 1.0346 0.067
0.0 0.0 0.0 0.0 0.0 0.0 0.0 0.0
1.240 0.037 1.239 0.039 1.249 0.043 1.239 0.039 1.234 0.043
0.0 0.0 0.0 0.0 0.0 0.0 0.0 0.0
0.0 0.0 0.0 0.0 0.0 0.0 0.0 0.0
1.420 0.036 1.422 0.035 1.420 0.036 1.410 0.033
1.403 0.026 1.406 0.024 1.406 0.034 1.406 0.024
1.386 0.021 1.387 0.022 1.387 0.028 1.373 0.044
