0.4080 0.0030 0.4083 0.0034 0.4087 0.0023 0.4088 0.0022
0.4467 0.0029 0.4469 0.0031 0.4460 0.0032 0.4459 0.0033
0.4473 0.0021 0.4475 0.0020 0.4488 0.0019 0.4491 0.0021
0.5974 0.0084 0.5977 0.0086 0.5974 0.0084 0.5997 0.0084
0.6028 0.0089 0.6021 0.0085 0.6188 0.0084 0.6138 0.0083
0.5910 0.010 0.5900 0.010 0.5770 0.012 0.5740 0.013
0.6291 0.0012 0.6293 0.0013 0.6283 0.0011 0.6284 0.0014
0.6692 0.0032 0.6690 0.0034 0.6722 0.0032 0.6725 0.0033
0.6692 0.0030 0.6695 0.0033 0.6689 0.0032 0.6688 0.0031
0.8747 0.0054 0.8748 0.0056 0.8742 0.0047 0.8789 0.0054
0.8745 0.0081 0.8765 0.0081 0.8765 0.0051 0.8755 0.0061
0.8482 0.0099 0.8483 0.0096 0.8582 0.0087 0.8572 0.0082
