0.31093 0.0040 0.31090 0.0043 0.31080 0.0060 0.30109 0.0020
0.3517 0.0032 0.3527 0.0012 0.3523 0.0017 0.3514 0.0020
0.3525 0.0024 0.3511 0.0032 0.3521 0.0032 0.3511 0.0023
0.50890 0.0080 0.5089 0.0019 0.50800 0.0070 0.5084 0.0044
0.5079 0.0013 0.50700 0.0010 0.5079 0.0032 0.5079 0.0032
0.4772 0.0047 0.4776 0.0048 0.4764 0.0021 0.4787 0.0044
0.57761 0.0053 0.57723 0.0063 0.57732 0.0062 0.58370 0.0080
0.6207 0.0017 0.6207 0.0017 0.6200 0.0015 0.62010 0.0090
0.6209 0.0038 0.6201 0.0030 0.6204 0.0013 0.6204 0.0015
0.8007 0.0074 0.7980 0.0079 0.7982 0.0046 0.7977 0.0048
0.8027 0.0065 0.8022 0.0065 0.8031 0.0081 0.8022 0.0041
0.7633 0.0066 0.7630 0.0065 0.7625 0.0069 0.7606 0.0065
