0 2.1329024624742302e-06
1 2.156147468404215e-06
2 2.321368923327841e-06
3 2.3593490284361673e-06
4 2.4726098280433337e-06
5 2.270796186345931e-06
6 2.3393483029462754e-06
7 2.23285363131287e-06
8 2.1008433976959596e-06
9 2.3038617162326902e-06
10 2.2711219198796994e-06
11 2.0723079823239228e-06
12 2.200412798160098e-06
13 2.203202571061041e-06
14 2.309789463808211e-06
15 2.2393133619751352e-06
16 2.2233855006670864e-06
17 2.2599563593883266e-06
18 2.35095102951089e-06
19 2.3636196720941726e-06
20 2.2135987719044996e-06
21 2.263528134030713e-06
22 2.256916637248978e-06
23 2.28048464519315e-06
24 2.240269855293493e-06
25 2.1270981392568056e-06
26 2.0647263604506836e-06
27 2.3823752862404093e-06
28 2.300158456526192e-06
29 2.2840470918928434e-06
30 2.2811193118673053e-06
31 2.319644718823262e-06
32 2.331441346255835e-06
33 2.1956937213336878e-06
34 2.445518399551658e-06
35 2.1912454037692808e-06
36 2.209651271679438e-06
37 2.1213485644692523e-06
38 2.236589735271267e-06
39 2.248752234249404e-06
40 2.3417438571587722e-06
41 2.098515378051066e-06
42 2.2683755104379593e-06
43 2.2870513913206706e-06
44 2.135735765722834e-06
45 2.252110195029785e-06
46 1.9823300080312026e-06
47 2.4647742871225353e-06
48 2.2669727439688252e-06
49 2.2117763660602822e-06
50 2.1151969818673715e-06
51 2.0149615299801805e-06
52 2.245084464251923e-06
53 2.206528120237947e-06
54 2.167476901706802e-06
55 2.2121487676161054e-06
56 2.3737702905053645e-06
57 2.3044194442543345e-06
58 2.41645734023134e-06
59 2.229572178269274e-06
60 2.1557571395891413e-06
61 2.0332154339488974e-06
62 2.2713268204090937e-06
63 2.067373430166754e-06
64 2.319857919977998e-06
65 2.3110475926324645e-06
66 2.543579053244984e-06
67 2.3786522608268717e-06
68 2.3420522017736923e-06
69 2.204736155909897e-06
70 2.218869905966193e-06
71 2.3083965318893867e-06
72 2.3015247689892785e-06
73 2.2522388345134543e-06
74 2.235810604040199e-06
75 2.3598426223801895e-06
76 2.4159215417169204e-06
77 2.222062582716381e-06
78 2.4585635892023846e-06
79 2.0956937678278104e-06
80 2.3080451766293346e-06
81 2.0263126114639726e-06
82 2.163946900519728e-06
83 2.38626166308923e-06
84 2.1692588288737165e-06
85 2.3231743295708587e-06
86 2.2479031905602094e-06
87 2.326166114436066e-06
88 2.402613442892289e-06
89 2.4050304760788235e-06
90 2.336327028263936e-06
91 2.263541268848795e-06
92 2.017865305483746e-06
93 2.430412696472346e-06
94 2.114081956554881e-06
95 2.337817087940297e-06
96 2.313539316394365e-06
97 2.3348324397057243e-06
98 2.2862270982138975e-06
99 2.271147284618764e-06
100 2.105376744005685e-06
101 2.2410811339509915e-06
102 2.2559182481660566e-06
103 2.296041939094714e-06
104 2.1947645503684166e-06
105 2.3500028817968603e-06
106 2.2303707657427335e-06
107 2.2289243008383864e-06
108 2.2412097660129214e-06
109 2.0446712895963273e-06
110 2.164249395220497e-06
111 2.192053174566922e-06
112 2.117678050780541e-06
113 2.260021555265545e-06
114 2.010901615591856e-06
115 2.323515988807305e-06
116 2.3081395741729347e-06
117 2.2710682849508676e-06
118 2.334988748923866e-06
119 2.450724219970299e-06
120 2.1836391043340072e-06
121 2.1312063758666375e-06
122 2.2720712845613455e-06
123 2.333392551401645e-06
124 2.3383789231678254e-06
125 2.2963386442452088e-06
126 2.312283495403276e-06
127 2.4019361617807607e-06
128 2.2709379265423843e-06
129 2.2402657813831653e-06
130 2.029618665759162e-06
131 2.2808815278448998e-06
132 2.3267512486420964e-06
133 2.1551913746699806e-06
134 2.2189032375572196e-06
135 2.3218233291192463e-06
136 2.3393522648074994e-06
137 2.04214146155884e-06
138 2.1056337360993707e-06
139 2.348288451564753e-06
140 2.319506061777372e-06
141 2.342169624935207e-06
142 2.0472620720947816e-06
143 2.231398076723118e-06
144 2.214626798042869e-06
145 2.2867942917694193e-06
146 2.178731339882999e-06
147 2.1665650449491525e-06
148 2.3302380762618782e-06
149 2.223327514476483e-06
150 2.465784083909954e-06
151 2.142938718132076e-06
152 2.2833659675797868e-06
153 2.255044571463499e-06
154 2.0994337077045185e-06
155 2.231040167211951e-06
156 2.2632298372227658e-06
157 2.3404916105312385e-06
158 2.237111456381585e-06
159 2.0879108689648133e-06
160 2.26665175545375e-06
161 2.1780616743825163e-06
162 2.37581008424485e-06
163 1.942128795568025e-06
164 2.1669971449890274e-06
165 2.28242679880154e-06
166 2.472398810451352e-06
167 2.2464465352128235e-06
168 2.4214061252690684e-06
169 2.1785809049967155e-06
170 2.317874150230115e-06
171 2.4496666093510667e-06
172 2.1774361554039747e-06
173 2.1404669825179454e-06
174 2.491305446926307e-06
175 2.1842901185225494e-06
176 2.226641152865904e-06
177 2.0299914107519345e-06
178 2.0538279655476647e-06
179 2.241087001091229e-06
180 1.9661292755428635e-06
181 2.0273235966100608e-06
182 2.1825623557841823e-06
183 2.3708614450157623e-06
184 2.2672659060447594e-06
185 2.20667825691266e-06
186 2.34287037912551e-06
187 2.3758834173822696e-06
188 2.112468521308431e-06
189 2.308669574606991e-06
190 2.367200084201408e-06
191 2.326343788143664e-06
192 1.989841285823403e-06
193 2.299834136917479e-06
194 2.12937352014019e-06
195 2.2347115605207745e-06
196 2.1642512063131574e-06
197 2.3959155587506996e-06
198 2.064835257617445e-06
199 2.026332495593436e-06
200 2.136229288570866e-06
201 2.1907410866284788e-06
202 2.1231737484013377e-06
203 2.18236179107656e-06
204 2.127955325072007e-06
205 2.2813596172443595e-06
206 2.4354231525048856e-06
207 2.3693495776948623e-06
208 2.1949073221593883e-06
209 2.2762852071046144e-06
210 2.050171011047524e-06
211 2.163713709263928e-06
212 2.069029572690573e-06
213 2.182921533101348e-06
214 2.206874957064244e-06
215 2.327307076061854e-06
216 2.2405458168631043e-06
217 2.217001127859337e-06
218 2.1835306264885282e-06
219 2.2093878828541665e-06
220 2.1348268411651004e-06
221 2.2719718905940885e-06
222 2.109541635408056e-06
223 2.203419524589282e-06
224 2.360205099013388e-06
225 2.1770396557357316e-06
226 2.3331350758592256e-06
227 2.1706069223084737e-06
228 2.3045090888289234e-06
229 2.2459357155398395e-06
230 2.2857645595600096e-06
231 2.1813790243250363e-06
232 2.360719863443355e-06
233 2.227128323471817e-06
234 2.232713876611667e-06
235 2.257783098462297e-06
236 2.2346097390061783e-06
237 2.323156936311437e-06
238 2.348342822605866e-06
239 2.0970958084887107e-06
240 2.3507617480284562e-06
241 2.264138472980493e-06
242 2.217765733148031e-06
243 2.1580101432321836e-06
244 2.271308933983798e-06
245 2.0942428874349616e-06
246 2.2403560428686426e-06
247 2.3134030437517636e-06
248 2.2665017706805347e-06
249 2.131020263142e-06
250 2.2799142395922214e-06
251 2.2613284819200956e-06
252 2.230899459106939e-06
253 2.1088825105599567e-06
254 2.261496601109634e-06
255 2.1230003592517775e-06
256 2.122198137778613e-06
257 2.2547734757982595e-06
258 2.277228075322232e-06
259 2.280857470422557e-06
260 2.401045694699061e-06
261 2.2913997964262514e-06
262 2.3104954154019833e-06
263 2.27149946346155e-06
264 2.1211866545981685e-06
265 2.3027840454315335e-06
266 2.381864661780214e-06
267 2.455785774145223e-06
268 2.0550486896020864e-06
269 2.2260593334119053e-06
270 2.274032389707653e-06
271 2.2341314275330316e-06
272 2.314258517091277e-06
273 2.2081694037252135e-06
274 2.0225391298171455e-06
275 2.2228561567118674e-06
276 2.1874082787842002e-06
277 2.1098525289550187e-06
278 2.1746091676209927e-06
279 2.35433470469794e-06
280 2.2583046798761973e-06
281 2.320476859555762e-06
282 2.4577306934971004e-06
283 2.1815193059866962e-06
284 2.1951998871575086e-06
285 2.2015151849290207e-06
286 2.2647905305522156e-06
287 2.2577837587246985e-06
288 2.138370091130844e-06
289 2.2812918704903067e-06
290 2.2391063980729765e-06
291 2.087317942136867e-06
292 2.329103295430361e-06
293 2.446826427733514e-06
294 2.0793475254077274e-06
295 2.264776818843475e-06
296 2.3585584032180235e-06
297 2.154952098427709e-06
298 2.185050121411558e-06
299 2.3975170931965828e-06
