0 5.196096299789184e-06
1 5.2157457808897365e-06
2 5.299785339213233e-06
3 5.410235363193722e-06
4 5.523069122241054e-06
5 5.368678843883695e-06
6 5.394370812967924e-06
7 5.210833163957078e-06
8 5.40347958716584e-06
9 5.3356820523868934e-06
10 5.34194892409526e-06
11 5.024212379951332e-06
12 5.309670839899083e-06
13 5.236128731877081e-06
14 5.268814155791327e-06
15 5.382287444929523e-06
16 5.298787195703155e-06
17 5.32782861716687e-06
18 5.5077272442666374e-06
19 5.361796087382547e-06
20 5.233207764808427e-06
21 5.319687607832898e-06
22 5.196459326853133e-06
23 5.352370681030407e-06
24 5.319783817677017e-06
25 5.188377359138273e-06
26 5.164827998448833e-06
27 5.29904648531574e-06
28 5.314956321153043e-06
29 5.357532145543138e-06
30 5.334699036656515e-06
31 5.1202497209363e-06
32 5.398929422009378e-06
33 5.405168392678202e-06
34 5.520053508171712e-06
35 5.255654206930772e-06
36 5.20467703147207e-06
37 5.314596870890847e-06
38 5.380319485288443e-06
39 5.280252166819523e-06
40 5.363081414673818e-06
41 5.231126785430165e-06
42 5.307996416020273e-06
43 5.349585398384843e-06
44 5.229460927781627e-06
45 5.21738112820682e-06
46 5.186432561363072e-06
47 5.425376400414649e-06
48 5.326691368145818e-06
49 5.348387158215064e-06
50 5.206409710327223e-06
51 5.043867272925174e-06
52 5.202578380934235e-06
53 5.35378124066972e-06
54 5.122901852904143e-06
55 5.206490317691936e-06
56 5.381338333742138e-06
57 5.343671672876973e-06
58 5.474452017465681e-06
59 5.316559360406246e-06
60 5.201255340219219e-06
61 5.138757470299542e-06
62 5.270022034045209e-06
63 5.1694597524601124e-06
64 5.339986137827418e-06
65 5.342618160684779e-06
66 5.534297009510073e-06
67 5.3843845598544445e-06
68 5.309833713220347e-06
69 5.423198239685932e-06
70 5.324281104886229e-06
71 5.42222066264818e-06
72 5.351323086185221e-06
73 5.3276837449125545e-06
74 5.324375427025851e-06
75 5.463534671524297e-06
76 5.498570839986417e-06
77 5.324465202645577e-06
78 5.447439341582225e-06
79 5.155084871962807e-06
80 5.3587783596041854e-06
81 5.235683345355486e-06
82 5.365620832710092e-06
83 5.334837181631867e-06
84 5.293281567549312e-06
85 5.407267581819081e-06
86 5.30208507951827e-06
87 5.313812617286692e-06
88 5.510451273950787e-06
89 5.4676309203082e-06
90 5.486231481217146e-06
91 5.219692530859296e-06
92 4.968181639532293e-06
93 5.447920535226167e-06
94 5.14750159633278e-06
95 5.4150987057584425e-06
96 5.3749302293026375e-06
97 5.383615512618827e-06
98 5.3194513994750585e-06
99 5.298273460089936e-06
100 5.325043577514236e-06
101 5.2385756749122526e-06
102 5.422460388663532e-06
103 5.3361091779534925e-06
104 5.3812924936895825e-06
105 5.419576393099885e-06
106 5.429652296827178e-06
107 5.267152622041658e-06
108 5.263866375310037e-06
109 5.24133368346404e-06
110 5.206368904062938e-06
111 5.1869492136705375e-06
112 5.161288274232134e-06
113 5.334614346768319e-06
114 5.101226394507744e-06
115 5.442616329642345e-06
116 5.346985105630362e-06
117 5.307695757476559e-06
118 5.171241084438268e-06
119 5.434756892141705e-06
120 5.202109438713306e-06
121 5.216014204663975e-06
122 5.355457583649973e-06
123 5.391662789503469e-06
124 5.280393636833269e-06
125 5.247994529977379e-06
126 5.379468994549003e-06
127 5.4419914017282825e-06
128 5.288528499107727e-06
129 5.322257609912359e-06
130 5.143586862430647e-06
131 5.28283388882222e-06
132 5.357426203628531e-06
133 5.285290226131097e-06
134 5.248601171614932e-06
135 5.240444887241921e-06
136 5.228354090842253e-06
137 5.08957981449942e-06
138 5.190170032020441e-06
139 5.427495723151741e-06
140 5.259747384008902e-06
141 5.380704822932281e-06
142 5.1195692891895126e-06
143 5.2389451267598465e-06
144 5.271665633075595e-06
145 5.294504393200904e-06
146 5.191102731634461e-06
147 5.170421402883714e-06
148 5.341978478484689e-06
149 5.253324157344909e-06
150 5.5306288207966565e-06
151 5.239052300357424e-06
152 5.301886543514968e-06
153 5.287927785454936e-06
154 5.159504150311837e-06
155 5.274976798069931e-06
156 5.179430487867818e-06
157 5.459231627139393e-06
158 5.3062971130391375e-06
159 5.187432604438235e-06
160 5.381174630810467e-06
161 5.102815524487448e-06
162 5.506962270430432e-06
163 5.203823616555641e-06
164 5.146370875097169e-06
165 5.385906991153265e-06
166 5.400404874671801e-06
167 5.359490653604206e-06
168 5.462371272666792e-06
169 5.2543368898646895e-06
170 5.489302659221645e-06
171 5.453206032256982e-06
172 5.244848894985147e-06
173 5.114214950348011e-06
174 5.572586340486905e-06
175 5.2321069932551675e-06
176 5.208356603374655e-06
177 5.19738010926501e-06
178 5.162548672455502e-06
179 5.2518580391156145e-06
180 5.1202585527610594e-06
181 5.207022509629541e-06
182 5.406439697962206e-06
183 5.421849140308303e-06
184 5.34562543003032e-06
185 5.222974804409031e-06
186 5.367648221752854e-06
187 5.3684623961572465e-06
188 5.117141553187111e-06
189 5.365234156436924e-06
190 5.418411343936793e-06
191 5.375044362798093e-06
192 5.163981855768304e-06
193 5.25451986042389e-06
194 5.1606320454123774e-06
195 5.302055248902113e-06
196 5.232469440726657e-06
197 5.403380369682066e-06
198 5.189930155081946e-06
199 5.076759048304244e-06
200 5.127572911166031e-06
201 5.202410140492633e-06
202 5.231001582546774e-06
203 5.228821387602723e-06
204 5.044061299320058e-06
205 5.275902706868712e-06
206 5.494528421799824e-06
207 5.367784007105409e-06
208 5.318327133927327e-06
209 5.3464358733385245e-06
210 5.080301686544672e-06
211 5.263183998996276e-06
212 5.095183867440651e-06
213 5.238894938375308e-06
214 5.351549607749764e-06
215 5.3957075855056776e-06
216 5.12386535450632e-06
217 5.179289691858514e-06
218 5.346908244177449e-06
219 5.327118932774167e-06
220 5.318204412100101e-06
221 5.481946610877968e-06
222 5.1560430588273856e-06
223 5.398237455327878e-06
224 5.354342175334358e-06
225 5.158318211550172e-06
226 5.316934971002734e-06
227 5.272770749713709e-06
228 5.34684498766554e-06
229 5.243446478618685e-06
230 5.270119731907461e-06
231 5.2923520893875045e-06
232 5.384087487114574e-06
233 5.284133536485524e-06
234 5.317262869739709e-06
235 5.342032686821037e-06
236 5.228741476195113e-06
237 5.287953272274071e-06
238 5.3890879825490065e-06
239 5.130805141436449e-06
240 5.391633082452278e-06
241 5.2417534186518365e-06
242 5.29729139750009e-06
243 5.22643614721067e-06
244 5.4033055203131745e-06
245 5.0523319893334385e-06
246 5.318894479019056e-06
247 5.329900261835292e-06
248 5.320387766446096e-06
249 5.160548357541748e-06
250 5.33547748853451e-06
251 5.372290655830089e-06
252 5.169704474632589e-06
253 5.181154027207511e-06
254 5.2812804345912075e-06
255 5.195468853015765e-06
256 5.244447084519279e-06
257 5.314845656973579e-06
258 5.2151865749785165e-06
259 5.2581819759331206e-06
260 5.437853553470843e-06
261 5.4329527779805275e-06
262 5.354846994336414e-06
263 5.338220203403682e-06
264 5.137263849445978e-06
265 5.36634153878199e-06
266 5.290744479765002e-06
267 5.487596479472267e-06
268 5.193044117045402e-06
269 5.346915501388797e-06
270 5.2582650461512925e-06
271 5.17780815533854e-06
272 5.346237639232595e-06
273 5.200225122848101e-06
274 5.146575590697207e-06
275 5.323993087313447e-06
276 5.136244140719024e-06
277 5.2501480980796996e-06
278 5.129581721528792e-06
279 5.323211475900563e-06
280 5.316973086053165e-06
281 5.3964440629860985e-06
282 5.377143175583624e-06
283 5.301085157564794e-06
284 5.208574184802953e-06
285 5.228097829055243e-06
286 5.246436484026813e-06
287 5.266403001572517e-06
288 5.13447006523035e-06
289 5.312789916455488e-06
290 5.213867320889481e-06
291 5.157166139661438e-06
292 5.384979295959966e-06
293 5.428790904068968e-06
294 5.250387045550056e-06
295 5.286753395980398e-06
296 5.4157778038391995e-06
297 5.3113417740840185e-06
298 5.239056532896481e-06
299 5.319651844843873e-06
