0 -6.978467284449089e-05
1 -6.862596112820976e-05
2 -7.041208860802066e-05
3 -6.947363664220219e-05
4 -7.055017633235103e-05
5 -6.871342449661793e-05
6 -6.75316029526566e-05
7 -6.99123690301103e-05
8 -6.839301259363641e-05
9 -7.05831025675388e-05
10 -6.999606833467143e-05
11 -7.149560420838777e-05
12 -6.864262182193992e-05
13 -6.871776748903797e-05
14 -7.16567334644825e-05
15 -6.803471687238591e-05
16 -6.87655443256656e-05
17 -6.872878775832503e-05
18 -6.719208728479989e-05
19 -7.067127773195587e-05
20 -6.864474031337712e-05
21 -6.463511560776684e-05
22 -7.147452121950283e-05
23 -7.159904019734493e-05
24 -7.042589671099215e-05
25 -6.839229167113693e-05
26 -7.185572979526504e-05
27 -6.944369010256119e-05
28 -6.961894739960146e-05
29 -6.920412504633457e-05
30 -7.057669548015508e-05
31 -7.2529109531384e-05
32 -6.923697621709913e-05
33 -7.058135747900794e-05
34 -6.844090593801672e-05
35 -6.64747816603535e-05
36 -6.96173553730502e-05
37 -6.849597783414166e-05
38 -7.081217475239104e-05
39 -7.071904212740439e-05
40 -6.832656858764539e-05
41 -6.943142228554211e-05
42 -6.911667165910581e-05
43 -7.088444687020749e-05
44 -7.071303299813039e-05
45 -7.309986126008563e-05
46 -6.96701535561584e-05
47 -7.206609702257552e-05
48 -7.096501357025971e-05
49 -6.77348051676438e-05
50 -6.995279658437568e-05
51 -6.694720150522011e-05
52 -7.098890963547871e-05
53 -6.797828960856581e-05
54 -6.84826322902592e-05
55 -6.985155530454159e-05
56 -7.124802911818282e-05
57 -6.753125018918324e-05
58 -7.082850203359915e-05
59 -6.673360408701213e-05
60 -6.736164688987934e-05
61 -6.90297870501611e-05
62 -6.841804445997287e-05
63 -7.04249270963169e-05
64 -7.007347361511045e-05
65 -7.100114318071909e-05
66 -7.173520639484382e-05
67 -7.048605760448789e-05
68 -7.140176945361118e-05
69 -6.690275619614042e-05
70 -6.795116806920023e-05
71 -6.699939028346779e-05
72 -6.80555976356065e-05
73 -6.849446420157002e-05
74 -6.74394431637108e-05
75 -6.910006248261628e-05
76 -7.036336700422545e-05
77 -6.677585265961698e-05
78 -7.037402263492146e-05
79 -6.943944411352407e-05
80 -6.898370229980733e-05
81 -6.675768058821161e-05
82 -6.764452127990937e-05
83 -6.961109243486206e-05
84 -6.550110900452201e-05
85 -7.016184265165559e-05
86 -6.56856153594999e-05
87 -6.892218063485502e-05
88 -6.795430328429544e-05
89 -6.755421981573808e-05
90 -6.909469493030301e-05
91 -6.786299897447241e-05
92 -6.835250359199636e-05
93 -7.079204585339329e-05
94 -6.843999332925187e-05
95 -7.141014722217535e-05
96 -6.962799793608506e-05
97 -6.813894252836807e-05
98 -6.660334736822263e-05
99 -6.96024258531928e-05
100 -7.024078313211016e-05
101 -6.928049226282715e-05
102 -6.728687573354031e-05
103 -6.962875352912193e-05
104 -6.743751470334749e-05
105 -6.679557435793167e-05
106 -6.546243421608073e-05
107 -7.10770066128329e-05
108 -7.187737222114391e-05
109 -6.480068873014967e-05
110 -6.747631430458163e-05
111 -7.106340082506385e-05
112 -6.918828381885751e-05
113 -6.880797337835473e-05
114 -6.946616978274966e-05
115 -7.013606991136867e-05
116 -7.169644034938666e-05
117 -6.863215374908259e-05
118 -7.361465626930634e-05
119 -7.152619441257265e-05
120 -6.852848660395662e-05
121 -6.858522702967354e-05
122 -7.070451931733747e-05
123 -7.033276628928295e-05
124 -7.15194681426154e-05
125 -6.883436004710415e-05
126 -6.887196832414115e-05
127 -7.089819437770909e-05
128 -6.880864591727485e-05
129 -6.838290043936395e-05
130 -6.824515240346335e-05
131 -7.294541769415859e-05
132 -6.859231934658591e-05
133 -6.9852617690966e-05
134 -7.00006804119513e-05
135 -7.214679938940527e-05
136 -7.154635308706037e-05
137 -6.577566779235168e-05
138 -6.9245896770669e-05
139 -7.217805495014773e-05
140 -7.006771009345744e-05
141 -6.957803866970604e-05
142 -7.094570047058763e-05
143 -7.177525421987078e-05
144 -6.752073243332518e-05
145 -6.960782347222154e-05
146 -7.295987496029531e-05
147 -6.874303739304123e-05
148 -7.060050550433936e-05
149 -7.06891133803536e-05
150 -7.076099723140158e-05
151 -6.815131883670697e-05
152 -7.140464399730524e-05
153 -6.943321169122137e-05
154 -7.071644422439348e-05
155 -6.936111502681442e-05
156 -6.937699688881879e-05
157 -6.983486193729507e-05
158 -6.86673666907371e-05
159 -6.821863274887146e-05
160 -6.856357620890221e-05
161 -7.134366143127017e-05
162 -6.866023349128949e-05
163 -6.624259995359419e-05
164 -6.936181092819385e-05
165 -7.107500268203742e-05
166 -7.35948876185221e-05
167 -6.673785849125071e-05
168 -6.867520860464799e-05
169 -7.130873099128493e-05
170 -6.899551247860155e-05
171 -7.052031500923455e-05
172 -7.095262699947164e-05
173 -6.849467192275075e-05
174 -6.956571127125342e-05
175 -6.760884403378674e-05
176 -6.964432738859368e-05
177 -6.913163733323461e-05
178 -6.986411821893865e-05
179 -6.887581681656414e-05
180 -6.465377852376003e-05
181 -7.09163595482622e-05
182 -6.996582862197966e-05
183 -7.008139718307419e-05
184 -7.006216561586924e-05
185 -6.979678217623205e-05
186 -6.831569620950689e-05
187 -6.773426145738549e-05
188 -7.016272832176532e-05
189 -6.994223294844062e-05
190 -6.760982392386785e-05
191 -6.885150111998834e-05
192 -6.728834923032762e-05
193 -7.080069888286208e-05
194 -6.891530910738956e-05
195 -6.97361043990579e-05
196 -6.986573606101399e-05
197 -6.859368979098223e-05
198 -6.796196331852018e-05
199 -6.912782247070618e-05
200 -7.00005726460001e-05
201 -6.798986848980357e-05
202 -6.883676963172404e-05
203 -6.605866124368083e-05
204 -7.19723002555168e-05
205 -7.304841920216796e-05
206 -6.667758281144612e-05
207 -7.085616026227525e-05
208 -6.91357365287121e-05
209 -6.924463128992686e-05
210 -6.849093317693883e-05
211 -6.89049124439855e-05
212 -6.665390953663247e-05
213 -7.004251972776986e-05
214 -6.884281716818623e-05
215 -6.77648847157957e-05
216 -7.24812256265773e-05
217 -6.89755336886088e-05
218 -6.714925842808426e-05
219 -6.784117597826246e-05
220 -6.690917561892909e-05
221 -6.637987065441104e-05
222 -6.696938969385714e-05
223 -6.828828927275445e-05
224 -6.8941406451947e-05
225 -6.972589135277912e-05
226 -7.068354074602245e-05
227 -6.935556166189892e-05
228 -7.000332056131965e-05
229 -7.107421730098748e-05
230 -7.192808820139154e-05
231 -6.81746803622316e-05
232 -7.197888213692222e-05
233 -6.982203624260756e-05
234 -6.71885746714714e-05
235 -6.865839886749159e-05
236 -7.124195669516701e-05
237 -6.990323172219873e-05
238 -7.037266445729531e-05
239 -6.774644901235121e-05
240 -6.778564566225291e-05
241 -6.981695009952199e-05
242 -6.846856329257401e-05
243 -7.119184858283592e-05
244 -6.8421927411472e-05
245 -7.140902622356631e-05
246 -7.135309602867413e-05
247 -6.82228043734811e-05
248 -6.781367184720094e-05
249 -7.150107337444937e-05
250 -6.999090312165492e-05
251 -7.002481153836366e-05
252 -7.114412156192114e-05
253 -7.100096614042532e-05
254 -7.13809548272054e-05
255 -6.590367346153645e-05
256 -6.913191369807636e-05
257 -7.009971990732415e-05
258 -7.003391467077086e-05
259 -6.813884672255155e-05
260 -7.155279101922763e-05
261 -6.63016057201443e-05
262 -7.183636439532873e-05
263 -6.911255498350078e-05
264 -6.829559822664455e-05
265 -6.968123436292021e-05
266 -6.943501728337261e-05
267 -7.078669567266659e-05
268 -6.824973047055338e-05
269 -6.826444911518247e-05
270 -7.172406652573729e-05
271 -7.133614069551024e-05
272 -6.887365233902156e-05
273 -6.799138622951238e-05
274 -6.958051746307942e-05
275 -6.880387804775076e-05
276 -7.059107408502908e-05
277 -6.95797679277836e-05
278 -6.980558695343142e-05
279 -6.819061238332262e-05
280 -7.083616839697937e-05
281 -6.432707728577927e-05
282 -7.132156475269058e-05
283 -7.030148162106129e-05
284 -6.790909776343028e-05
285 -6.875942443421704e-05
286 -7.060662215050178e-05
287 -7.131868388530858e-05
288 -6.930729831300848e-05
289 -6.989258484595786e-05
290 -7.056095496960035e-05
291 -6.98874330306838e-05
292 -6.933472323144973e-05
293 -6.796059781919921e-05
294 -6.825817130878832e-05
295 -7.12530500371888e-05
296 -6.833848533397326e-05
297 -6.659371653411236e-05
298 -6.876366830527248e-05
299 -7.008916751642048e-05
