0 4.458763248202349e-05
1 4.862643005975651e-05
2 4.715319389418794e-05
3 4.761688297343855e-05
4 4.744244583525583e-05
5 4.9740857916696446e-05
6 5.245033419789098e-05
7 4.354619988116452e-05
8 4.844083569641266e-05
9 4.747823918929576e-05
10 4.858433726430363e-05
11 4.716189661654971e-05
12 4.9463312023818543e-05
13 4.9172634592155926e-05
14 4.4281788853986214e-05
15 5.006122354386852e-05
16 4.548898045043401e-05
17 4.6720077680151e-05
18 5.0625243602445504e-05
19 4.913657449728636e-05
20 4.656359282416346e-05
21 4.7693456758936675e-05
22 4.312944851996243e-05
23 4.769887659804951e-05
24 4.699713788768422e-05
25 4.602004679307507e-05
26 4.9962347346506186e-05
27 4.81929957770483e-05
28 4.780743697513536e-05
29 4.9965782945050474e-05
30 4.5419055703296136e-05
31 3.9203648717431116e-05
32 4.7438283412139835e-05
33 4.793639774602224e-05
34 4.779890579586389e-05
35 4.450493123044002e-05
36 4.5873807780617873e-05
37 4.833085807045441e-05
38 5.041815238242983e-05
39 4.753902748388054e-05
40 4.722133553286255e-05
41 4.849799623447772e-05
42 4.957114444599031e-05
43 4.6585422790873385e-05
44 4.805919212832568e-05
45 4.267589644874588e-05
46 5.104254247763299e-05
47 4.6967364424276643e-05
48 4.5255664724338865e-05
49 4.889600310735367e-05
50 4.40554709050713e-05
51 4.820480997165422e-05
52 3.9888957862585915e-05
53 4.950202571489013e-05
54 4.186258456286366e-05
55 4.769821002488693e-05
56 4.5355808182244104e-05
57 4.6010027561184585e-05
58 4.964868469492939e-05
59 5.154240788140755e-05
60 4.8182609965958514e-05
61 4.568247912698148e-05
62 4.6439960924376596e-05
63 4.151167592213268e-05
64 4.4915733020201896e-05
65 4.546979443772137e-05
66 4.714697625210909e-05
67 4.857564721149003e-05
68 4.431602765645202e-05
69 5.1378679342322625e-05
70 5.0300156049556194e-05
71 4.999891965853109e-05
72 4.926117756184413e-05
73 5.1392765259717396e-05
74 5.01581281314315e-05
75 5.16412517474169e-05
76 5.021839722507905e-05
77 5.054607181568873e-05
78 4.762155944026794e-05
79 4.4216019226878036e-05
80 4.7720849709259074e-05
81 5.19713531964713e-05
82 5.116242741952487e-05
83 4.908996414700572e-05
84 5.089607613479672e-05
85 4.640962945715427e-05
86 4.444929422263089e-05
87 4.8372369745808356e-05
88 5.3887573008009145e-05
89 5.1602324311023943e-05
90 4.9633355347618305e-05
91 4.380247842309179e-05
92 4.52545406562389e-05
93 4.8424970471939886e-05
94 4.2885693274032895e-05
95 4.8420231724618545e-05
96 5.026270015612171e-05
97 4.964760061830793e-05
98 5.0600423378433484e-05
99 4.758125214087497e-05
100 4.7737767910206425e-05
101 4.2566164842653225e-05
102 5.215220242881531e-05
103 4.426400499342127e-05
104 4.984910297358267e-05
105 4.828712119516786e-05
106 5.3119677709131636e-05
107 4.335808462006764e-05
108 4.439402595214403e-05
109 4.976131906807204e-05
110 4.5423311310584863e-05
111 4.769593266484613e-05
112 4.546347071843654e-05
113 4.749577880103662e-05
114 4.3507339276705914e-05
115 4.788910492052483e-05
116 4.541685674106679e-05
117 4.805580696443024e-05
118 4.218883491746941e-05
119 5.1382521824626665e-05
120 4.608066619980406e-05
121 4.9362560749769405e-05
122 5.059348450927911e-05
123 5.252492935007098e-05
124 4.438986505327631e-05
125 4.9824182347439546e-05
126 4.9514724644996204e-05
127 4.900129915340776e-05
128 4.495377111036338e-05
129 4.4445483079478314e-05
130 4.459638724940019e-05
131 4.5556107906669266e-05
132 5.139024649780882e-05
133 5.200750466117512e-05
134 4.71577536956828e-05
135 4.05951274066705e-05
136 4.305714566092781e-05
137 4.559223906988141e-05
138 4.2834309504523454e-05
139 4.692391051556638e-05
140 4.439663160949741e-05
141 4.97171147081971e-05
142 4.65423335089319e-05
143 4.4402406006818985e-05
144 4.959877689079832e-05
145 4.715971637704665e-05
146 4.749236852972222e-05
147 4.49582102354295e-05
148 4.868119160391316e-05
149 4.373933789149546e-05
150 5.02422131271887e-05
151 4.810935683193678e-05
152 4.934303177758101e-05
153 4.851533202011686e-05
154 4.675485755074498e-05
155 4.452226941227913e-05
156 4.839031070711064e-05
157 4.70812842542536e-05
158 5.100599716005649e-05
159 4.772688103650066e-05
160 5.093542963101202e-05
161 4.656343609521242e-05
162 4.791885830708756e-05
163 4.9848414909427346e-05
164 4.802154522259624e-05
165 4.846962478908027e-05
166 4.6529328236163064e-05
167 5.105899389484786e-05
168 4.9485235032683e-05
169 4.1600228460415084e-05
170 4.897490484523372e-05
171 4.618748900119727e-05
172 4.525046046854547e-05
173 4.389697445256079e-05
174 4.8577439063139415e-05
175 4.5123975046370685e-05
176 4.661549178418156e-05
177 4.946811482182685e-05
178 4.8932156179711076e-05
179 4.417227060266451e-05
180 4.740594710006339e-05
181 4.4802199919150166e-05
182 5.217911529697588e-05
183 5.024054252273045e-05
184 4.5172618163544584e-05
185 4.827083535778256e-05
186 4.689094122228894e-05
187 4.338703502327845e-05
188 4.489079669463573e-05
189 4.916978857837075e-05
190 5.076059625736766e-05
191 4.8725838255844944e-05
192 4.6194025525383346e-05
193 4.546544452469891e-05
194 4.548014796038183e-05
195 4.7921334417886453e-05
196 4.577442442382899e-05
197 5.090205701095263e-05
198 4.6076978845073224e-05
199 4.993592265935291e-05
200 4.475265910844575e-05
201 4.934687390694813e-05
202 4.8020027927912395e-05
203 4.76156952270069e-05
204 4.4412245594817874e-05
205 4.098205431540622e-05
206 5.2330778668064586e-05
207 4.721960181438122e-05
208 4.920001939129436e-05
209 5.0394215296320396e-05
210 4.379199547009998e-05
211 4.7601252673776515e-05
212 4.700519897853394e-05
213 4.3988402972387866e-05
214 4.8708015901938934e-05
215 4.9586329226869964e-05
216 3.833094925247739e-05
217 4.604433076838461e-05
218 5.000002172095411e-05
219 5.0045306161394826e-05
220 5.070504456846011e-05
221 4.5777219170521195e-05
222 4.562672766636483e-05
223 4.945328384872795e-05
224 4.629417924491191e-05
225 4.636161706524134e-05
226 4.7203541113292576e-05
227 4.955927644912098e-05
228 4.6774876869973906e-05
229 4.767165961612926e-05
230 4.512621646573226e-05
231 4.995188910566643e-05
232 4.767711182862182e-05
233 4.349132753622999e-05
234 4.861460145638329e-05
235 5.17019987291087e-05
236 4.808670823219672e-05
237 4.4837843970306074e-05
238 4.886124465964764e-05
239 4.685554408165852e-05
240 4.673236827694777e-05
241 4.7207278137474766e-05
242 4.4352138010044336e-05
243 4.421805542466695e-05
244 5.14917943453851e-05
245 4.193490983041315e-05
246 4.574362748355708e-05
247 4.926169172901653e-05
248 4.803187495553762e-05
249 4.477691452334987e-05
250 4.760659197425e-05
251 5.144169645715216e-05
252 4.447637780045605e-05
253 4.602632037224286e-05
254 4.5623501330945446e-05
255 4.791088039829656e-05
256 4.5725191145750656e-05
257 4.6369160873943794e-05
258 4.3288652870674734e-05
259 4.7295096203521434e-05
260 4.713745949437701e-05
261 5.071205595582032e-05
262 4.899412112425535e-05
263 4.39865688554379e-05
264 4.6677112813359884e-05
265 5.04658223196069e-05
266 4.214000040216351e-05
267 4.516014920679747e-05
268 4.7601680206936025e-05
269 4.766007137381822e-05
270 4.6996066008530803e-05
271 4.2712484725096e-05
272 4.7611772205661647e-05
273 4.946156269320479e-05
274 4.840363291214267e-05
275 4.790951716777554e-05
276 4.4924920937737676e-05
277 4.7438595300768094e-05
278 4.267296625014673e-05
279 4.7175446177942244e-05
280 4.599915186934275e-05
281 5.013377087450026e-05
282 4.324738904165599e-05
283 4.755891082771673e-05
284 4.6882144060649134e-05
285 4.789484315187044e-05
286 4.439562750980338e-05
287 4.430156506770126e-05
288 4.9263350132572206e-05
289 4.9168341710826716e-05
290 4.436633501930097e-05
291 4.42804839703752e-05
292 4.576671750003426e-05
293 5.422884311001824e-05
294 5.0463186123896956e-05
295 4.670649520465721e-05
296 5.038211572918547e-05
297 4.9497919837687705e-05
298 4.812714213592535e-05
299 4.7890980182695674e-05
