0 1.777508948906427e-05
1 1.717948661330598e-05
2 1.6967314408324048e-05
3 1.7462601907219128e-05
4 1.7354664376195514e-05
5 1.7100896508779193e-05
6 1.7066695908132215e-05
7 1.715514665015795e-05
8 1.858539803221086e-05
9 1.70431416821624e-05
10 1.7433633406300884e-05
11 1.66622476178063e-05
12 1.750901882008834e-05
13 1.6866425397327845e-05
14 1.7100719776585433e-05
15 1.7668177063934672e-05
16 1.7507207455966428e-05
17 1.7330578068965524e-05
18 1.8373227015335233e-05
19 1.6979837593752502e-05
20 1.7596785591562873e-05
21 1.8290552301181937e-05
22 1.6430995693576976e-05
23 1.6983424506210287e-05
24 1.7287963975908705e-05
25 1.75198639906104e-05
26 1.709360885808913e-05
27 1.6733063850920804e-05
28 1.669569959383923e-05
29 1.6952389363689067e-05
30 1.7016792345841256e-05
31 1.653191040784074e-05
32 1.775167989350248e-05
33 1.7320638767827624e-05
34 1.725408815473111e-05
35 1.7379087654663758e-05
36 1.7153332462944226e-05
37 1.782825536919778e-05
38 1.681405239986876e-05
39 1.68261153348726e-05
40 1.7111804719436394e-05
41 1.7332366239242424e-05
42 1.6829014889535115e-05
43 1.699291819989334e-05
44 1.7475639020018698e-05
45 1.680460795822295e-05
46 1.7353576769680584e-05
47 1.670204562978471e-05
48 1.7131148556856265e-05
49 1.7593688932116073e-05
50 1.7566427367053568e-05
51 1.712387978741275e-05
52 1.692965352815001e-05
53 1.754636706972292e-05
54 1.7551232009995853e-05
55 1.716300693532191e-05
56 1.708153505520506e-05
57 1.7585991098130406e-05
58 1.6984372630532796e-05
59 1.736539176610488e-05
60 1.7208118178832848e-05
61 1.7214357913857746e-05
62 1.779123325092197e-05
63 1.715196159083291e-05
64 1.6962341469513728e-05
65 1.69077465460747e-05
66 1.6677704136426954e-05
67 1.682717508088994e-05
68 1.697758596061539e-05
69 1.7760136638132205e-05
70 1.766411853976088e-05
71 1.7526500282909644e-05
72 1.7266624521015096e-05
73 1.7515764420499695e-05
74 1.699591078101129e-05
75 1.733540351514441e-05
76 1.6993034640031676e-05
77 1.7527260316998396e-05
78 1.6688796804775545e-05
79 1.7716550502586293e-05
80 1.7427335852008562e-05
81 1.7784925214846124e-05
82 1.764887926381601e-05
83 1.662441819246759e-05
84 1.7554859177080977e-05
85 1.7343691528783943e-05
86 1.7575432115054588e-05
87 1.669850401673803e-05
88 1.7294392637965937e-05
89 1.7095814830767155e-05
90 1.7397829508359438e-05
91 1.7254391418692252e-05
92 1.7027618348293346e-05
93 1.710211187052553e-05
94 1.766319329913484e-05
95 1.7245691975852654e-05
96 1.7226588395145118e-05
97 1.681506702930645e-05
98 1.7295535333688518e-05
99 1.6813454096656812e-05
100 1.750742292818694e-05
101 1.726187223484778e-05
102 1.7899752053868273e-05
103 1.7172109705708233e-05
104 1.7545429012884376e-05
105 1.726410249643942e-05
106 1.7932351627776047e-05
107 1.713479988695703e-05
108 1.7520068886336016e-05
109 1.7838341010488765e-05
110 1.75178819491064e-05
111 1.6714102363095813e-05
112 1.726091213819484e-05
113 1.742520072349448e-05
114 1.7647629822337894e-05
115 1.738808808528368e-05
116 1.7245060957308674e-05
117 1.7256336666628968e-05
118 1.6308821851512453e-05
119 1.657523878731895e-05
120 1.723018044795268e-05
121 1.7273464067276332e-05
122 1.6992929678814397e-05
123 1.668074208553925e-05
124 1.6803268091290783e-05
125 1.6913185077803725e-05
126 1.708771739286599e-05
127 1.6810382683459553e-05
128 1.735476388561273e-05
129 1.7671887320093707e-05
130 1.7542330247782845e-05
131 1.6827824900168707e-05
132 1.6842038900239233e-05
133 1.7308769153354446e-05
134 1.718301838548452e-05
135 1.6781061157901115e-05
136 1.6384810368540786e-05
137 1.7641286006294127e-05
138 1.7628911708178555e-05
139 1.715621040270578e-05
140 1.6891827693250372e-05
141 1.71763145859764e-05
142 1.7240895774576613e-05
143 1.7220234842190346e-05
144 1.728848727439843e-05
145 1.686063488310526e-05
146 1.6858442778638858e-05
147 1.750166162513008e-05
148 1.690590717264516e-05
149 1.7334090078837944e-05
150 1.6823057206303003e-05
151 1.7530263944174615e-05
152 1.661152444961238e-05
153 1.7247333769960634e-05
154 1.7393912418378418e-05
155 1.787759365414172e-05
156 1.6832670593734358e-05
157 1.7046349046868217e-05
158 1.724082573235079e-05
159 1.7537911591444303e-05
160 1.7158723143213012e-05
161 1.6521995577817804e-05
162 1.7419428431208794e-05
163 1.777411493528694e-05
164 1.6945651822842237e-05
165 1.6699090875499136e-05
166 1.6367588629487818e-05
167 1.7566148740789187e-05
168 1.728855642871214e-05
169 1.736486347051591e-05
170 1.7540212063836646e-05
171 1.6912410747499927e-05
172 1.7439540164432792e-05
173 1.737002648449563e-05
174 1.7157503320681234e-05
175 1.7168578152003254e-05
176 1.6701162685279342e-05
177 1.7910580729740164e-05
178 1.7090349165352485e-05
179 1.7226602684745925e-05
180 1.8187500676090218e-05
181 1.779243028251214e-05
182 1.7423562341871317e-05
183 1.687533852094475e-05
184 1.745094148065344e-05
185 1.6810475618582516e-05
186 1.748357921725471e-05
187 1.7327466628681443e-05
188 1.698731421519914e-05
189 1.7212499036344048e-05
190 1.7352405437571664e-05
191 1.7309854712502132e-05
192 1.801568182215921e-05
193 1.702226342817674e-05
194 1.719961518138242e-05
195 1.717895116443174e-05
196 1.7301211103745523e-05
197 1.7271569268869265e-05
198 1.758171153749061e-05
199 1.731038279854824e-05
200 1.7080938929020195e-05
201 1.669929105831503e-05
202 1.7354698465217284e-05
203 1.7629835217240753e-05
204 1.680331977926481e-05
205 1.706472727590205e-05
206 1.7025304874946656e-05
207 1.702453370293429e-05
208 1.7393583869156885e-05
209 1.748166486912918e-05
210 1.7366963085698406e-05
211 1.754728610251643e-05
212 1.7537130401345594e-05
213 1.7310821068423858e-05
214 1.7949109690088474e-05
215 1.6991696034435116e-05
216 1.6492162168778783e-05
217 1.7157894768886705e-05
218 1.773641644960326e-05
219 1.7356687736323787e-05
220 1.763849032088093e-05
221 1.8247776433196704e-05
222 1.7922094847599222e-05
223 1.787631108944651e-05
224 1.7111889145838766e-05
225 1.7072579193348297e-05
226 1.6477112232790026e-05
227 1.7404100140550073e-05
228 1.701571218810967e-05
229 1.669783998970074e-05
230 1.751037251737706e-05
231 1.7060775935541296e-05
232 1.6760708435816865e-05
233 1.7548300589007202e-05
234 1.7512815370712305e-05
235 1.709040210320675e-05
236 1.668332881211937e-05
237 1.6660915815968234e-05
238 1.712523285347663e-05
239 1.7504875647885433e-05
240 1.766624341921563e-05
241 1.7228441235280587e-05
242 1.7542241445017333e-05
243 1.7112607177976793e-05
244 1.731642721535522e-05
245 1.6814905494129542e-05
246 1.71577896454234e-05
247 1.7384921562474042e-05
248 1.7423761953190293e-05
249 1.723252795703581e-05
250 1.7251123349779838e-05
251 1.7065717342090236e-05
252 1.6601174006697593e-05
253 1.694544228112481e-05
254 1.6978767475254534e-05
255 1.7704146687149025e-05
256 1.7394544381135266e-05
257 1.6756188070339613e-05
258 1.702193941158396e-05
259 1.737931268214797e-05
260 1.705115113323882e-05
261 1.7338776500657592e-05
262 1.6622420949980722e-05
263 1.7884223747308587e-05
264 1.7212542194201195e-05
265 1.719714057669505e-05
266 1.6897446912296932e-05
267 1.727219140032338e-05
268 1.771799801617768e-05
269 1.7783495773528536e-05
270 1.6781915886079476e-05
271 1.6453897186911966e-05
272 1.7466126949636027e-05
273 1.726645043832124e-05
274 1.758643864238368e-05
275 1.7406207529779568e-05
276 1.6975927485077468e-05
277 1.7568981439036494e-05
278 1.7150228523202735e-05
279 1.6983269585726657e-05
280 1.7127430834007735e-05
281 1.767603063673492e-05
282 1.6677410817272e-05
283 1.7331070071073385e-05
284 1.7632427200688358e-05
285 1.6914191637368898e-05
286 1.710580886893003e-05
287 1.6970258423871866e-05
288 1.6598131504966167e-05
289 1.675293829913116e-05
290 1.6894241002247484e-05
291 1.739768814612797e-05
292 1.7404963541743664e-05
293 1.6550874657339153e-05
294 1.7677791599111632e-05
295 1.7051139176568057e-05
296 1.7130339985508073e-05
297 1.7641751738068424e-05
298 1.7454274456164466e-05
299 1.6729097931266993e-05
