0 3.076807620659902e-06
1 3.058920764375959e-06
2 2.9328238950700273e-06
3 2.9388983456760875e-06
4 3.019059581130907e-06
5 3.0495980927586093e-06
6 2.923854765566128e-06
7 2.858177624510958e-06
8 3.0106693963300584e-06
9 2.839686294416875e-06
10 2.824889882846102e-06
11 3.0565485456725934e-06
12 2.9399175922195415e-06
13 2.9743792966273818e-06
14 2.9995696060796403e-06
15 2.891760366507383e-06
16 2.9506413886633093e-06
17 3.0071322589071497e-06
18 3.0881661889306555e-06
19 2.8960055942726257e-06
20 3.1186883154831844e-06
21 3.1028369418327624e-06
22 3.0456544507346262e-06
23 3.002058593727212e-06
24 3.1334965469541895e-06
25 2.981074661169496e-06
26 2.8468950475850187e-06
27 3.0180988980098124e-06
28 2.9966212717629535e-06
29 2.9303570297376427e-06
30 2.9672516004505556e-06
31 2.879175961507668e-06
32 3.149842756421664e-06
33 2.974732463088016e-06
34 3.2740011039887862e-06
35 3.006264984000094e-06
36 2.9928264300397e-06
37 2.853950159886543e-06
38 3.1338689938341778e-06
39 2.8976954758989027e-06
40 2.884488385303284e-06
41 3.0542214959367537e-06
42 2.9695420476127846e-06
43 3.1639215902736764e-06
44 3.0666410177032856e-06
45 3.0584725754980026e-06
46 2.8925808372891647e-06
47 3.0629134862342943e-06
48 3.0674107260208885e-06
49 2.985511049456426e-06
50 2.8987136860274474e-06
51 2.882293523415573e-06
52 2.92210657397522e-06
53 3.106714154981863e-06
54 2.8339786128207984e-06
55 3.069594291098447e-06
56 3.0208838385371783e-06
57 2.9647819185489394e-06
58 3.049049342043835e-06
59 2.960847130296915e-06
60 2.7763158278558793e-06
61 3.028497242187795e-06
62 2.963480473377389e-06
63 2.947076695882386e-06
64 3.051692919443406e-06
65 2.805173061515256e-06
66 3.04891852536019e-06
67 3.0244181023215795e-06
68 2.829682716276175e-06
69 2.7477577205860453e-06
70 2.9651946346972693e-06
71 2.959511780272039e-06
72 2.9746440551825395e-06
73 3.116954308477154e-06
74 2.718902715942721e-06
75 3.1242409609421933e-06
76 3.044049812114768e-06
77 3.051301357180766e-06
78 2.934911835567891e-06
79 3.096519671043193e-06
80 3.0613035531047186e-06
81 3.0663360964825367e-06
82 3.0621419606493876e-06
83 3.050265717278576e-06
84 2.9988812022610687e-06
85 2.9447350394446547e-06
86 2.8680275298417777e-06
87 2.985707136162014e-06
88 3.0932741334614193e-06
89 2.9463937867222514e-06
90 3.061462738371011e-06
91 2.9465456803353727e-06
92 3.073601007132475e-06
93 2.93105119150516e-06
94 3.0200896434824906e-06
95 2.9087707414236436e-06
96 2.946930176036474e-06
97 3.1095677626186318e-06
98 2.9194120593150914e-06
99 3.061748413306903e-06
100 3.1407905082266274e-06
101 2.968406809211935e-06
102 2.9190565575628763e-06
103 2.961025792967156e-06
104 2.96106331263492e-06
105 3.0798416354761846e-06
106 3.057504886675489e-06
107 3.1406255980486785e-06
108 2.847855941336391e-06
109 2.944693960551859e-06
110 2.912588006787638e-06
111 3.077631713700211e-06
112 3.0862150131454e-06
113 3.0661649599889927e-06
114 3.207465465310823e-06
115 2.9293449659937077e-06
116 2.8738737899508155e-06
117 2.851258700690165e-06
118 2.9989771132363416e-06
119 3.118289211459654e-06
120 2.9690157493365124e-06
121 2.8785212669437373e-06
122 3.1243664666467078e-06
123 2.8285693507688415e-06
124 2.8034538400769807e-06
125 3.0833913313332405e-06
126 2.9846504243115253e-06
127 2.9758384060111335e-06
128 2.8577951750769097e-06
129 2.936544735356087e-06
130 2.9414649636709015e-06
131 3.1114669328688543e-06
132 2.795790555818338e-06
133 2.9841216874814048e-06
134 3.1621336025815977e-06
135 2.938421872233636e-06
136 3.1565230832935377e-06
137 3.0297752415164682e-06
138 3.1084404498354903e-06
139 2.975751884817879e-06
140 3.0454647849711716e-06
141 3.0946097019389482e-06
142 3.150688919110746e-06
143 3.0856348959712217e-06
144 2.9358424844675053e-06
145 3.0276928042393253e-06
146 3.042995171852426e-06
147 2.9964755056409536e-06
148 3.068446339726486e-06
149 2.9932148354746804e-06
150 2.836874137227186e-06
151 3.0841138343457383e-06
152 3.0083684316839052e-06
153 3.092013443184935e-06
154 3.0058073628004507e-06
155 2.9035060149602874e-06
156 3.0299244730577415e-06
157 2.9637332205471773e-06
158 2.7704511079510657e-06
159 3.1106088601799266e-06
160 2.946953871557376e-06
161 3.0924449234381276e-06
162 2.871523342168668e-06
163 3.0314759916379386e-06
164 3.0538484280789293e-06
165 2.9876961366174427e-06
166 3.0065274436994803e-06
167 3.1065143255814043e-06
168 3.0636128653705826e-06
169 3.0100579549559863e-06
170 3.1246171096569022e-06
171 2.9689258114337065e-06
172 2.8722852443823666e-06
173 2.9887261496866694e-06
174 2.910595916580905e-06
175 3.0572543417953777e-06
176 2.994737167883352e-06
177 2.904605203740545e-06
178 2.9506694121386944e-06
179 2.9126816229187107e-06
180 2.975597568956259e-06
181 3.100353086882818e-06
182 2.9531739949009265e-06
183 2.8557754029307433e-06
184 3.0257838954758953e-06
185 2.9319325061523526e-06
186 2.9062531143962886e-06
187 3.129576916031466e-06
188 2.883038918884655e-06
189 3.0826588270860894e-06
190 3.1217293949500603e-06
191 3.100858451690399e-06
192 3.072892351822491e-06
193 2.9936826994489277e-06
194 3.1771682270628286e-06
195 2.959414176984922e-06
196 3.0488714648630427e-06
197 2.952412965047428e-06
198 3.010272947900953e-06
199 2.9778447079600235e-06
200 2.8946354417102523e-06
201 3.051986226483426e-06
202 3.027519030823458e-06
203 3.1324881261984022e-06
204 2.893563491360719e-06
205 2.9464552506645843e-06
206 3.0300454117413367e-06
207 3.127384597216971e-06
208 3.0345462492407453e-06
209 2.995807126402503e-06
210 2.8942370568140515e-06
211 2.9454832212200274e-06
212 3.0053035251118107e-06
213 3.0337799481630155e-06
214 2.934199237783287e-06
215 2.973960325831975e-06
216 2.9622097259894025e-06
217 3.215745322877665e-06
218 3.043244103689507e-06
219 3.111322032046671e-06
220 3.0584136898538874e-06
221 3.1034577114873404e-06
222 3.0311614733267033e-06
223 2.94027539249892e-06
224 3.012448760326316e-06
225 2.8910426273920997e-06
226 2.8895616329395886e-06
227 2.871217898153956e-06
228 2.915027799618567e-06
229 2.9012314485651434e-06
230 3.072493415929689e-06
231 2.994856581883954e-06
232 2.9364648533481153e-06
233 2.9151041010455447e-06
234 2.9196811146149795e-06
235 3.1302926292674733e-06
236 3.1764907422035014e-06
237 3.072604950579632e-06
238 3.0326951372431296e-06
239 3.086884621540824e-06
240 3.184959049260612e-06
241 3.0102874647658707e-06
242 2.951963827187644e-06
243 3.132471962931173e-06
244 2.973913219199158e-06
245 2.9819257043636523e-06
246 3.1145269282618237e-06
247 3.031311382311568e-06
248 3.0055920313770958e-06
249 3.1749313872639866e-06
250 2.8816111954804834e-06
251 3.0896770716359873e-06
252 3.0097623202139902e-06
253 3.1716996555388148e-06
254 2.9443340816356154e-06
255 2.9413573526204662e-06
256 3.2274336400646886e-06
257 2.9895361784005103e-06
258 3.0128785753900513e-06
259 2.9405328657047794e-06
260 3.0690704342739267e-06
261 2.9690484121514073e-06
262 2.883211130296564e-06
263 2.8964042653942287e-06
264 2.861007932846534e-06
265 3.013268151461027e-06
266 3.043066239304827e-06
267 3.0671266956893868e-06
268 2.892781139273231e-06
269 3.1105752747539337e-06
270 2.9420139076661856e-06
271 2.9178855454861834e-06
272 2.7842834317334957e-06
273 2.848821816291517e-06
274 3.1711205923311257e-06
275 3.0504806926277536e-06
276 2.931276207063688e-06
277 2.7015278793318966e-06
278 3.0019173224196662e-06
279 2.8521280760526045e-06
280 3.1445357126661254e-06
281 2.981583957979883e-06
282 2.789581969365579e-06
283 2.9051814463299934e-06
284 3.1304637308218022e-06
285 3.0137686829824116e-06
286 2.9533203357463783e-06
287 2.976522476971103e-06
288 2.9093225439343476e-06
289 2.94819058210373e-06
290 2.995653780011531e-06
291 3.0744107909315487e-06
292 2.8395769801629452e-06
293 3.1870890918958533e-06
294 3.07802070963677e-06
295 3.200199018214449e-06
296 3.088538108724497e-06
297 3.0062078649206844e-06
298 2.900899717587866e-06
299 3.060342957459747e-06
