0 -7.050020935808316e-06
1 -7.2375921827290885e-06
2 -7.208833234036086e-06
3 -7.242664994302231e-06
4 -7.184252722214232e-06
5 -7.115053033495546e-06
6 -7.135611453260718e-06
7 -7.030761388568988e-06
8 -7.156153648027363e-06
9 -7.13743312479551e-06
10 -7.190144900907558e-06
11 -7.087704495712929e-06
12 -7.110692042842242e-06
13 -7.23616862140904e-06
14 -7.254380001041698e-06
15 -7.191267843494997e-06
16 -7.148261777781414e-06
17 -7.117877723547093e-06
18 -7.28854978051202e-06
19 -7.219737653109379e-06
20 -7.048990164525531e-06
21 -7.032618173359736e-06
22 -7.207293924164987e-06
23 -7.0798053264590415e-06
24 -7.029871611331603e-06
25 -7.31922323782014e-06
26 -7.193021679987001e-06
27 -7.0486047938767906e-06
28 -7.122094474644742e-06
29 -7.224576793237995e-06
30 -7.257221755915719e-06
31 -7.181865577705071e-06
32 -7.173889048552686e-06
33 -7.052545617855326e-06
34 -7.226374256343191e-06
35 -7.196727814033607e-06
36 -7.098274646218699e-06
37 -7.269684768353463e-06
38 -7.290624772328086e-06
39 -7.095233418052156e-06
40 -7.013580576893423e-06
41 -7.0308436343422515e-06
42 -7.241009625111796e-06
43 -7.107237929469672e-06
44 -7.122276406996339e-06
45 -7.18895201499738e-06
46 -7.209505807197718e-06
47 -7.219200196496192e-06
48 -7.0659321926471165e-06
49 -7.2635698647184484e-06
50 -7.038249183997615e-06
51 -7.007009562182904e-06
52 -7.340186056095377e-06
53 -7.124262695943613e-06
54 -7.142742858799228e-06
55 -7.103590088021511e-06
56 -7.195961890349136e-06
57 -7.072749518144627e-06
58 -7.13085641117951e-06
59 -7.304215226243585e-06
60 -7.241869308399682e-06
61 -7.114143641830097e-06
62 -7.23503708120957e-06
63 -7.238533625706622e-06
64 -7.130014594418112e-06
65 -7.104398638796124e-06
66 -7.043777009326851e-06
67 -6.977529087416483e-06
68 -7.2393946100355265e-06
69 -7.0622525575181265e-06
70 -7.293839482478296e-06
71 -7.129305956667039e-06
72 -6.980934669846489e-06
73 -7.098311717193911e-06
74 -7.147122914787674e-06
75 -7.162183466747224e-06
76 -7.218011028852303e-06
77 -7.150548105254567e-06
78 -7.385753448901975e-06
79 -7.300967863623365e-06
80 -7.13606251347248e-06
81 -7.1990480551219104e-06
82 -7.201180003936733e-06
83 -7.089713388411509e-06
84 -7.331621102725187e-06
85 -7.3590880662032025e-06
86 -7.12758487299653e-06
87 -7.251713696825687e-06
88 -7.186518063170138e-06
89 -7.221215570017409e-06
90 -7.1054464749561016e-06
91 -7.235101984298445e-06
92 -7.286652046102275e-06
93 -7.1110548524056124e-06
94 -7.3060639331605514e-06
95 -7.099013391300799e-06
96 -7.111738020223722e-06
97 -7.315670137523545e-06
98 -7.176038344494088e-06
99 -7.225971147695775e-06
100 -7.138110358812789e-06
101 -7.293233455730709e-06
102 -7.240228473804958e-06
103 -7.128786067753215e-06
104 -7.171387894027808e-06
105 -7.166524534883791e-06
106 -7.031856193370741e-06
107 -7.470074620404297e-06
108 -7.219134607243389e-06
109 -7.2159500640869515e-06
110 -7.13172358196732e-06
111 -7.178728652915548e-06
112 -7.340640039623543e-06
113 -7.213460964275685e-06
114 -7.021204509929e-06
115 -7.235528922583794e-06
116 -7.3220864293183814e-06
117 -7.087776780367226e-06
118 -7.254039458075753e-06
119 -7.0819208276237264e-06
120 -6.999793246418665e-06
121 -7.042633169216603e-06
122 -7.19066720684197e-06
123 -7.118284110521978e-06
124 -7.219250875785384e-06
125 -7.181180623284844e-06
126 -7.340553793197682e-06
127 -7.207388275514694e-06
128 -6.984917039161104e-06
129 -7.298548049489522e-06
130 -7.137850868458949e-06
131 -7.067526703174708e-06
132 -7.05459532605212e-06
133 -7.225799202353867e-06
134 -7.293103528451189e-06
135 -7.225368484674178e-06
136 -7.272278353815989e-06
137 -7.219550304584166e-06
138 -7.213219727412348e-06
139 -7.0826021048885305e-06
140 -7.168015868940319e-06
141 -7.1538884425364594e-06
142 -7.092240040663091e-06
143 -7.335465029628267e-06
144 -7.009712143251404e-06
145 -6.9947143778118295e-06
146 -7.233567876404487e-06
147 -7.132105043953613e-06
148 -7.095352626556509e-06
149 -7.062602018495579e-06
150 -7.244543991061653e-06
151 -7.166087004042784e-06
152 -7.187746624872156e-06
153 -7.242887636704302e-06
154 -7.063463482403664e-06
155 -7.110543982108003e-06
156 -7.27905863137897e-06
157 -7.274148846865571e-06
158 -7.0885554851846595e-06
159 -7.094683825215369e-06
160 -7.0628170290116495e-06
161 -7.146495440647889e-06
162 -7.240311869621996e-06
163 -7.1925352262959625e-06
164 -7.165551383480983e-06
165 -7.184198643823268e-06
166 -7.1017485158856424e-06
167 -7.1569484325733e-06
168 -7.145074800460805e-06
169 -6.986667796632494e-06
170 -7.155815115185489e-06
171 -7.107705338108046e-06
172 -7.368988808430329e-06
173 -7.2680812072880285e-06
174 -7.191564705411699e-06
175 -7.039203174186718e-06
176 -7.0988852567609835e-06
177 -7.182789044257687e-06
178 -7.157438888244567e-06
179 -7.035759882205011e-06
180 -7.176474310696823e-06
181 -7.207815336344608e-06
182 -7.0549215080037e-06
183 -7.2367979361078815e-06
184 -7.210017618842886e-06
185 -7.138339870145859e-06
186 -7.081959857021951e-06
187 -7.108253843372581e-06
188 -7.16172212496769e-06
189 -7.214273572917505e-06
190 -7.130520473264941e-06
191 -7.0696150588024174e-06
192 -7.159255395063071e-06
193 -6.984148428179086e-06
194 -7.105197000571729e-06
195 -7.130183193928708e-06
196 -7.171110276085431e-06
197 -7.273089640724054e-06
198 -7.105764747830506e-06
199 -7.290313687158648e-06
200 -7.130284184949771e-06
201 -7.2859763161656435e-06
202 -7.154881779522952e-06
203 -7.102518233313814e-06
204 -7.257396412655434e-06
205 -7.157880409520016e-06
206 -7.036964234943556e-06
207 -7.248324999122981e-06
208 -7.0488298854582466e-06
209 -7.265274376211767e-06
210 -7.2258080878518845e-06
211 -7.096023302843711e-06
212 -7.12860624334771e-06
213 -7.199382440609128e-06
214 -6.984173250540639e-06
215 -7.144861786940929e-06
216 -7.1899122215232255e-06
217 -7.139167764385349e-06
218 -7.216013237605914e-06
219 -7.204132681778209e-06
220 -6.9612714250763996e-06
221 -7.120902784073256e-06
222 -7.284056766951942e-06
223 -7.262909230167801e-06
224 -7.1484189592405225e-06
225 -7.17038481926508e-06
226 -7.069839709412854e-06
227 -7.0181352107915085e-06
228 -7.14348641879991e-06
229 -7.1335120005955115e-06
230 -7.131394098805041e-06
231 -7.206616057499146e-06
232 -7.149780066471123e-06
233 -7.2391649433427625e-06
234 -7.2094283366639115e-06
235 -7.26485654753233e-06
236 -7.1483258851958726e-06
237 -7.106172515093681e-06
238 -7.117595061605951e-06
239 -7.320141903989945e-06
240 -7.141410985426547e-06
241 -7.26098979783217e-06
242 -7.108985887537747e-06
243 -7.1453970671632655e-06
244 -7.077345546132813e-06
245 -7.141046595286007e-06
246 -7.316178231617232e-06
247 -7.192903901247838e-06
248 -7.273022563960177e-06
249 -7.21893459691253e-06
250 -7.222100402302275e-06
251 -7.1160629214583024e-06
252 -7.357478160049823e-06
253 -7.100463573598789e-06
254 -7.155955983472076e-06
255 -7.258914574400706e-06
256 -7.189706572583118e-06
257 -7.2526298769623745e-06
258 -6.883223763208351e-06
259 -7.160040440627042e-06
260 -7.109912490752557e-06
261 -7.196246411983709e-06
262 -7.097041140930208e-06
263 -7.229533899156256e-06
264 -7.150831284800144e-06
265 -7.191997086942171e-06
266 -6.99918993194101e-06
267 -7.097838472771805e-06
268 -7.157070261791872e-06
269 -7.085910611387887e-06
270 -7.152818021992843e-06
271 -7.108580484504526e-06
272 -7.19442856651371e-06
273 -7.0782192715167845e-06
274 -7.1619482874065575e-06
275 -7.037264452106344e-06
276 -6.9569910315285755e-06
277 -7.260820715147061e-06
278 -7.081384492571055e-06
279 -7.1702723558321645e-06
280 -7.112059208140535e-06
281 -7.449305344977732e-06
282 -7.04006445676296e-06
283 -7.084769480129412e-06
284 -7.053244814138683e-06
285 -6.969192512788496e-06
286 -7.166576710121467e-06
287 -7.038936097834584e-06
288 -7.138014654946781e-06
289 -7.147152831538999e-06
290 -7.116443479996241e-06
291 -7.2848304686559365e-06
292 -7.184814516525835e-06
293 -7.176094530434699e-06
294 -7.2353027201187884e-06
295 -7.173957709721107e-06
296 -7.2583442760598815e-06
297 -7.1051213560103905e-06
298 -7.156661059235146e-06
299 -7.268521462235905e-06
