0 2.3979454097862395e-06
1 2.3958641161466024e-06
2 2.379999752877026e-06
3 2.4275587916067072e-06
4 2.362153094867918e-06
5 2.3843795255169003e-06
6 2.3687070589421245e-06
7 2.4244835469922894e-06
8 2.404210904278279e-06
9 2.4324232814211256e-06
10 2.2967590601530926e-06
11 2.424000663373761e-06
12 2.342158385468541e-06
13 2.3884858526169653e-06
14 2.3961403682239345e-06
15 2.4372588657007717e-06
16 2.4537589173318803e-06
17 2.4571740711134995e-06
18 2.3585548895058234e-06
19 2.4544934278897322e-06
20 2.4263367562694042e-06
21 2.3712624092856e-06
22 2.4405039137421227e-06
23 2.343924031679726e-06
24 2.444459975702173e-06
25 2.3173869741325865e-06
26 2.4324798793092254e-06
27 2.4404756158439416e-06
28 2.370342429564836e-06
29 2.3261701873999306e-06
30 2.4266158714407746e-06
31 2.3884455931865742e-06
32 2.3595570386102233e-06
33 2.4381676450360087e-06
34 2.257152941293457e-06
35 2.3337399796826506e-06
36 2.4194064956254144e-06
37 2.394302328278303e-06
38 2.439435906651913e-06
39 2.3153124054111075e-06
40 2.422280341690016e-06
41 2.4633512665996803e-06
42 2.3988726304918564e-06
43 2.3720234964470212e-06
44 2.4008297248340473e-06
45 2.416815199305074e-06
46 2.488552906087592e-06
47 2.4499806660446206e-06
48 2.355693093110126e-06
49 2.3927930223907622e-06
50 2.4188998229193503e-06
51 2.4595608175041606e-06
52 2.3999677381568578e-06
53 2.4197898764327138e-06
54 2.3989849400628547e-06
55 2.3857027060946934e-06
56 2.4271937698811264e-06
57 2.3781231819552417e-06
58 2.375441088563839e-06
59 2.3868390102316385e-06
60 2.4547855292248717e-06
61 2.4783267763149787e-06
62 2.2969694688134523e-06
63 2.3420455194440145e-06
64 2.3622273498055343e-06
65 2.4436563380269913e-06
66 2.46875427692948e-06
67 2.4629049821635445e-06
68 2.3764529451432116e-06
69 2.388640659988584e-06
70 2.3481750536590702e-06
71 2.4671879997432126e-06
72 2.447868926657933e-06
73 2.4351603716148865e-06
74 2.446715807197063e-06
75 2.400044433098298e-06
76 2.4173440824951057e-06
77 2.454064812122222e-06
78 2.3894211058960255e-06
79 2.3439475966915033e-06
80 2.371998893184793e-06
81 2.4359262020328706e-06
82 2.3722721743917165e-06
83 2.4389653175017977e-06
84 2.39303974291519e-06
85 2.3493837086925884e-06
86 2.4231983539938697e-06
87 2.409188678707194e-06
88 2.4236987346143717e-06
89 2.4183430494911745e-06
90 2.4956566051918383e-06
91 2.3548847917753952e-06
92 2.3445522664948267e-06
93 2.4114124208688433e-06
94 2.357665504702615e-06
95 2.3769999611266204e-06
96 2.4441314233077717e-06
97 2.4138341045322223e-06
98 2.3388122157834643e-06
99 2.4266359433893796e-06
100 2.4598136473828252e-06
101 2.3735364085523097e-06
102 2.4537220733530622e-06
103 2.4501574890287654e-06
104 2.3743587454501237e-06
105 2.389269031305191e-06
106 2.4173175269000097e-06
107 2.309631414806146e-06
108 2.4411701573089367e-06
109 2.4155903688886396e-06
110 2.4319124105338813e-06
111 2.430521169747138e-06
112 2.3288434038653344e-06
113 2.3895490567365775e-06
114 2.441161055314928e-06
115 2.423824545694278e-06
116 2.361024199539038e-06
117 2.468439266683972e-06
118 2.35963540915356e-06
119 2.36663839226063e-06
120 2.3750488154770535e-06
121 2.3622141381533014e-06
122 2.450101260972545e-06
123 2.3486152047175614e-06
124 2.4640029654347614e-06
125 2.4584216457163786e-06
126 2.2997095459162414e-06
127 2.381925133803677e-06
128 2.4434618582560584e-06
129 2.3677929085285555e-06
130 2.398659515586816e-06
131 2.345414069211871e-06
132 2.4516678759752032e-06
133 2.31968447827558e-06
134 2.338954716267537e-06
135 2.3347900005833895e-06
136 2.3259840134117094e-06
137 2.404984648877712e-06
138 2.3599667478511e-06
139 2.412605827474013e-06
140 2.4004341241226885e-06
141 2.4083632875215127e-06
142 2.4018017082046024e-06
143 2.3200536360790464e-06
144 2.3635455181059575e-06
145 2.4340340863381166e-06
146 2.3710064370367805e-06
147 2.325538456125403e-06
148 2.455687507893758e-06
149 2.4807222919668495e-06
150 2.3797904046351125e-06
151 2.307528207263608e-06
152 2.428924459160818e-06
153 2.426775818330482e-06
154 2.4367945232525245e-06
155 2.395988645195125e-06
156 2.4062531151225966e-06
157 2.4438406766135944e-06
158 2.381159736870443e-06
159 2.4816691660920327e-06
160 2.4902130550337017e-06
161 2.3957647642638047e-06
162 2.33065598368457e-06
163 2.3448464756220077e-06
164 2.4344476421650644e-06
165 2.367815137784052e-06
166 2.382714484146816e-06
167 2.353731286354995e-06
168 2.4314899916810976e-06
169 2.346845761493834e-06
170 2.420995839318055e-06
171 2.4338768374287865e-06
172 2.4019651364903522e-06
173 2.3869109118069423e-06
174 2.4795288826018386e-06
175 2.412726056088857e-06
176 2.379407389960488e-06
177 2.4715587433510174e-06
178 2.3340379457643565e-06
179 2.388956991705363e-06
180 2.3606911450724205e-06
181 2.3645004181859682e-06
182 2.373791049800945e-06
183 2.4915350274763793e-06
184 2.427919983749556e-06
185 2.4420901989034726e-06
186 2.4174163908640006e-06
187 2.418750493697342e-06
188 2.4427232345923985e-06
189 2.34789804139321e-06
190 2.421746665839013e-06
191 2.436973810289603e-06
192 2.3810144472170147e-06
193 2.3851621023119097e-06
194 2.3635514257081157e-06
195 2.4272223561280024e-06
196 2.4176182739088257e-06
197 2.4436136667489537e-06
198 2.354034963388884e-06
199 2.3881042410933313e-06
200 2.365530267501438e-06
201 2.3266492145963242e-06
202 2.4083134664035136e-06
203 2.3822131973192846e-06
204 2.429760855451765e-06
205 2.4186882069118903e-06
206 2.414212347926202e-06
207 2.369592398488318e-06
208 2.34381505712052e-06
209 2.4212672257459896e-06
210 2.4491445248691525e-06
211 2.3074644183755878e-06
212 2.4474043749138067e-06
213 2.3720557418210595e-06
214 2.377774944146466e-06
215 2.4432608931308106e-06
216 2.3455706485346238e-06
217 2.3851048146313607e-06
218 2.4159363711734524e-06
219 2.30333946725523e-06
220 2.4406392947346296e-06
221 2.466566543081199e-06
222 2.38948786920484e-06
223 2.3608388242132098e-06
224 2.371324200976424e-06
225 2.451058431073129e-06
226 2.4066583707869365e-06
227 2.426907837013524e-06
228 2.4156089173910525e-06
229 2.4108668145793224e-06
230 2.37390540468639e-06
231 2.409484453493175e-06
232 2.392491295008126e-06
233 2.34129240310926e-06
234 2.4331309193096436e-06
235 2.3736186739862745e-06
236 2.2931387855224543e-06
237 2.3909012547224356e-06
238 2.38708625681983e-06
239 2.3764044585186036e-06
240 2.3634617627136828e-06
241 2.314121667311647e-06
242 2.456029310623636e-06
243 2.3460251815952497e-06
244 2.3159726865679925e-06
245 2.4396642008115248e-06
246 2.346767919511643e-06
247 2.4484528587053085e-06
248 2.36057050425441e-06
249 2.403963254468073e-06
250 2.3864590790153794e-06
251 2.3996910721060344e-06
252 2.4245400662724813e-06
253 2.427974680488934e-06
254 2.5108303201841645e-06
255 2.441835691371432e-06
256 2.4010845970625336e-06
257 2.3380649299398087e-06
258 2.394205923238879e-06
259 2.3940696845369518e-06
260 2.403501547643491e-06
261 2.3910352252674607e-06
262 2.4764145380891012e-06
263 2.3846072095800742e-06
264 2.4624457462131093e-06
265 2.4833319859496598e-06
266 2.414511002476791e-06
267 2.4512267460422633e-06
268 2.435435702012878e-06
269 2.4220986347636358e-06
270 2.372655465088198e-06
271 2.442117948529449e-06
272 2.4087835214461407e-06
273 2.409396334958606e-06
274 2.3955006170548113e-06
275 2.4623497030508157e-06
276 2.4874970812261428e-06
277 2.4049924179679242e-06
278 2.3886085457672215e-06
279 2.414868496262953e-06
280 2.3977918876367312e-06
281 2.390402803572373e-06
282 2.4788575133982034e-06
283 2.4780120526579412e-06
284 2.402035716723682e-06
285 2.4143727616483346e-06
286 2.327682064018153e-06
287 2.462568282623099e-06
288 2.46237356157337e-06
289 2.375966467894953e-06
290 2.377482468028716e-06
291 2.38285238147002e-06
292 2.3925638555144997e-06
293 2.4122636314459917e-06
294 2.4454683414123894e-06
295 2.3739278450955495e-06
296 2.317289054828104e-06
297 2.417132639343802e-06
298 2.36501551862176e-06
299 2.468049553675196e-06
