0 1.0213929327796073e-06
1 1.026105380542082e-06
2 1.1797279322533823e-06
3 1.0916422839077214e-06
4 1.0137575077750663e-06
5 1.1176211302068769e-06
6 1.2718276912788822e-06
7 1.147443219368846e-06
8 1.1367486820980803e-06
9 1.2741126344751297e-06
10 1.384334843141341e-06
11 1.0048993524158638e-06
12 1.2689236683925313e-06
13 1.2043972407402913e-06
14 1.169882865576722e-06
15 1.2325101130197033e-06
16 1.1743857294299354e-06
17 1.0456566824617477e-06
18 1.03055258327718e-06
19 1.2783745636188949e-06
20 9.90700417000611e-07
21 9.883914564189038e-07
22 1.0845440301339619e-06
23 1.0790101545026547e-06
24 9.773087841607186e-07
25 1.2754223931103971e-06
26 1.2692276126036732e-06
27 1.0887923327471686e-06
28 1.1499737175196448e-06
29 1.200788696121948e-06
30 1.1492047096121092e-06
31 1.2081608537869837e-06
32 9.11238207931825e-07
33 1.0232565636415469e-06
34 8.960754457670564e-07
35 1.0705578993432548e-06
36 9.920510007879718e-07
37 1.3336010833497253e-06
38 1.000241662874593e-06
39 1.208903981664217e-06
40 1.2268050268073326e-06
41 9.957893535131638e-07
42 1.1457477649352918e-06
43 1.0435068515724234e-06
44 9.966708188760937e-07
45 1.0335963692038383e-06
46 1.082255547789617e-06
47 1.121904724319403e-06
48 9.937701915538989e-07
49 1.1524623989827909e-06
50 1.2448337773220885e-06
51 1.1529312762680196e-06
52 1.256564438298407e-06
53 1.046406391902174e-06
54 1.3322832780386523e-06
55 9.64881872753976e-07
56 1.1288299406508263e-06
57 1.0694963442558238e-06
58 1.0310379874720343e-06
59 1.239686984365336e-06
60 1.370719679812072e-06
61 1.0453297094521473e-06
62 1.0776142207679747e-06
63 1.1587676839334839e-06
64 1.056995184118959e-06
65 1.205452219490273e-06
66 1.0071084649047253e-06
67 1.0753040616381274e-06
68 1.2632544955840468e-06
69 1.419442949604697e-06
70 1.2206822363599695e-06
71 1.1288339718782889e-06
72 1.0625712837198113e-06
73 9.514463673540198e-07
74 1.4430024018352534e-06
75 9.299149644582862e-07
76 1.070753981003417e-06
77 9.375709618018186e-07
78 1.272344488451263e-06
79 9.618225724915036e-07
80 1.0215794330322503e-06
81 1.0133885178068542e-06
82 1.1467915289384593e-06
83 1.0884588581952746e-06
84 1.1529634052032842e-06
85 1.0798750532138763e-06
86 1.211027830391391e-06
87 1.0884864287264156e-06
88 9.813950056703603e-07
89 1.1825744723024844e-06
90 1.0605418469358482e-06
91 1.083314096341777e-06
92 1.1364977099344011e-06
93 1.171585571026937e-06
94 1.1460560284934457e-06
95 1.1276746194270244e-06
96 1.1491487239936058e-06
97 1.006173693374769e-06
98 1.1860339848724897e-06
99 1.0659358590208696e-06
100 9.898987482985225e-07
101 1.2286396906074753e-06
102 1.3217297873460923e-06
103 1.1167660518615355e-06
104 1.1890315166977433e-06
105 9.491960578460788e-07
106 1.074736583485422e-06
107 1.1096201186807363e-06
108 1.2581203666470098e-06
109 1.226802371524125e-06
110 1.2680131841820415e-06
111 1.0418629683590787e-06
112 1.0619364424122135e-06
113 1.0046570225591492e-06
114 7.652951912508568e-07
115 1.1793204274643625e-06
116 1.2787776721393103e-06
117 1.2097708523288396e-06
118 1.0858748274854967e-06
119 9.669373065816332e-07
120 1.0951170647170652e-06
121 1.2336054740934388e-06
122 1.0058912802924569e-06
123 1.2922328278772107e-06
124 1.2887479504173606e-06
125 9.971045643782675e-07
126 1.1799101536197734e-06
127 1.1492300668041008e-06
128 1.2247422139581476e-06
129 1.2241241384232373e-06
130 1.0950310581606365e-06
131 1.000867517130998e-06
132 1.3086050263383444e-06
133 1.15754633774199e-06
134 1.0215509210989888e-06
135 1.2795023721213043e-06
136 1.0328256261554728e-06
137 1.170461142338978e-06
138 9.833131790549985e-07
139 1.0936134921952881e-06
140 1.0673116039366147e-06
141 9.68366477584541e-07
142 9.934432357019816e-07
143 1.0792447964865697e-06
144 1.2079681984577855e-06
145 1.0739254285122302e-06
146 1.056348923128586e-06
147 1.1809580562178311e-06
148 1.007676550072314e-06
149 1.0818154621317568e-06
150 1.2502301444015463e-06
151 9.586583884986748e-07
152 1.0969209872188066e-06
153 1.0598080804955997e-06
154 1.0111751004604078e-06
155 1.2267784948117307e-06
156 1.1075390455306272e-06
157 1.1051269020724181e-06
158 1.4052221824108073e-06
159 1.0776136057836768e-06
160 1.1844583499327417e-06
161 1.0373685600756459e-06
162 1.2249918362331326e-06
163 1.0573532236192862e-06
164 9.626538590713345e-07
165 1.1459903329685053e-06
166 1.0487621963569745e-06
167 1.0171182307488263e-06
168 9.913442334082828e-07
169 9.94439193958222e-07
170 9.630589845982278e-07
171 1.1712316989633957e-06
172 1.2913947387172705e-06
173 1.0958712153537824e-06
174 1.1501966125981046e-06
175 1.0385567761684603e-06
176 1.041049287968672e-06
177 1.1207812661858777e-06
178 1.0853434183918798e-06
179 1.2056838868018102e-06
180 1.1129642870673289e-06
181 1.0257924932712894e-06
182 1.1652199006712764e-06
183 1.2508785864017462e-06
184 1.1018683977557897e-06
185 1.1527948684896156e-06
186 1.2452652590457133e-06
187 9.200312589754335e-07
188 1.1784322845019829e-06
189 1.168586920076762e-06
190 1.0631006496795006e-06
191 9.867758449113031e-07
192 9.321991960238224e-07
193 1.0338604537029473e-06
194 8.885865860127089e-07
195 1.094342186696206e-06
196 1.0791797925874736e-06
197 1.1693840997885676e-06
198 1.064957064273264e-06
199 1.1154127736645653e-06
200 1.25218388637792e-06
201 1.1109686477894287e-06
202 1.0330775811764338e-06
203 9.293366926257159e-07
204 1.2649750518900743e-06
205 1.1336639243968265e-06
206 1.019099366395012e-06
207 1.018296582390466e-06
208 1.049235864876323e-06
209 1.2041073257034814e-06
210 1.2662471090687388e-06
211 1.1743229003201837e-06
212 1.0732681418503007e-06
213 1.0598009592293327e-06
214 1.1479742182034606e-06
215 1.1025734177271978e-06
216 1.1847928209556699e-06
217 9.044396897601121e-07
218 1.0186113282382334e-06
219 1.0088319875984248e-06
220 9.662172127419383e-07
221 1.0189453671286618e-06
222 1.13594698838425e-06
223 1.1273489522592032e-06
224 1.1306500502573651e-06
225 1.1082956295732888e-06
226 1.1180824262425677e-06
227 1.2933540416237748e-06
228 1.198100096850802e-06
229 1.1334759516955728e-06
230 9.029119190155524e-07
231 1.0984443561340295e-06
232 1.0734202927095575e-06
233 1.2904894825282207e-06
234 1.2002008581107202e-06
235 1.0511467785854633e-06
236 8.905249968561785e-07
237 9.874971540778562e-07
238 1.149963633474463e-06
239 1.1586217909356805e-06
240 8.879111103038014e-07
241 1.2229414492039834e-06
242 1.1609027064314373e-06
243 9.663530017186383e-07
244 1.1253052807005288e-06
245 1.200109977954684e-06
246 1.0846174738162212e-06
247 1.1294922309436236e-06
248 1.135596409456864e-06
249 9.475264284499534e-07
250 1.315488340809993e-06
251 1.0502134117105499e-06
252 1.0851629806817355e-06
253 9.217774538715224e-07
254 1.1153016562728117e-06
255 1.2114421750261595e-06
256 8.37767628102621e-07
257 1.1616832767258396e-06
258 9.99130008658198e-07
259 1.0902564834117232e-06
260 1.0238907176790862e-06
261 1.1858176536222845e-06
262 1.181145200546675e-06
263 1.3344916404063266e-06
264 1.308811372459772e-06
265 1.0802638194105283e-06
266 1.0090959968565804e-06
267 1.0044338135318529e-06
268 1.1587404685750183e-06
269 1.0546681606376711e-06
270 1.1002147825165155e-06
271 1.1603820837178658e-06
272 1.3981527175491608e-06
273 1.2011660448090377e-06
274 9.050794791471639e-07
275 1.00707690953124e-06
276 9.775314519828805e-07
277 1.5288376062927625e-06
278 1.168286473343298e-06
279 1.2379275515619622e-06
280 1.0299807856586837e-06
281 1.1293011105684984e-06
282 1.2286285739795758e-06
283 1.1637019318537754e-06
284 9.701453367197052e-07
285 9.919575384070649e-07
286 1.1702858233942718e-06
287 1.133863583789697e-06
288 1.2038983829063914e-06
289 1.1469947405063791e-06
290 1.1253119467980825e-06
291 1.1177742762337751e-06
292 1.2675440720534534e-06
293 8.581170687560477e-07
294 1.0398970711895432e-06
295 8.803884164274412e-07
296 1.0561261741155169e-06
297 1.024876913083846e-06
298 1.247915997052661e-06
299 1.0805962252902564e-06
