0 1.1730183543001147e-06
1 1.1998594652649817e-06
2 1.207580373751092e-06
3 1.2130094259243114e-06
4 1.2074085056010494e-06
5 1.1857978220713908e-06
6 1.1774937718861446e-06
7 1.1982674232566634e-06
8 1.1861625965690181e-06
9 1.1931245288396639e-06
10 1.1963461954129775e-06
11 1.1855747164048556e-06
12 1.1887901977653231e-06
13 1.1798285333984038e-06
14 1.188795960299468e-06
15 1.1918347226931941e-06
16 1.179265338398194e-06
17 1.179828639538231e-06
18 1.1972392424371545e-06
19 1.1827242902323885e-06
20 1.1777513179172188e-06
21 1.1963309622711602e-06
22 1.1768608554501145e-06
23 1.208252936305354e-06
24 1.1915230177112922e-06
25 1.2030237395523356e-06
26 1.2168922746704019e-06
27 1.1766402650837823e-06
28 1.194010931499608e-06
29 1.2159706687700614e-06
30 1.2099599062966016e-06
31 1.2020956934685257e-06
32 1.1824004635749096e-06
33 1.214213078011776e-06
34 1.2086979357615097e-06
35 1.2001858142528058e-06
36 1.2113394254131904e-06
37 1.1766134164192748e-06
38 1.205963729690097e-06
39 1.1828700997019671e-06
40 1.181497140453492e-06
41 1.1854807864293835e-06
42 1.2133022161760512e-06
43 1.1847134446545696e-06
44 1.2243749993412466e-06
45 1.1967588089243965e-06
46 1.2285373321266791e-06
47 1.1908747598126812e-06
48 1.184394698907137e-06
49 1.1913391122164952e-06
50 1.1730774004606983e-06
51 1.1822001269534302e-06
52 1.2090097385874245e-06
53 1.1822628954482573e-06
54 1.1953705547433571e-06
55 1.1994615710141966e-06
56 1.1583361319021471e-06
57 1.2073297659253913e-06
58 1.183513979839455e-06
59 1.2078993097270739e-06
60 1.1918641300161327e-06
61 1.1601304530768061e-06
62 1.241220449172584e-06
63 1.2074949948197453e-06
64 1.2043769066889986e-06
65 1.2093036366857994e-06
66 1.198324036776481e-06
67 1.1596897504441546e-06
68 1.2143010721346565e-06
69 1.196307510736326e-06
70 1.2113105732209253e-06
71 1.1773664777640212e-06
72 1.2058350002734517e-06
73 1.1569101080421254e-06
74 1.1784470713522215e-06
75 1.2018128233805538e-06
76 1.2245716487164158e-06
77 1.1887110262607893e-06
78 1.22285406046514e-06
79 1.1879062845124331e-06
80 1.1758932529909008e-06
81 1.203668658791428e-06
82 1.1863396675600876e-06
83 1.1895315653827365e-06
84 1.1962164404191877e-06
85 1.2261721753803733e-06
86 1.2252068486518162e-06
87 1.2222192344155593e-06
88 1.2126741969343458e-06
89 1.178617759384841e-06
90 1.1769725283725992e-06
91 1.1933872516491778e-06
92 1.21234897171962e-06
93 1.196820103164689e-06
94 1.1802722796025084e-06
95 1.1778432178407043e-06
96 1.184614108970947e-06
97 1.218222406945111e-06
98 1.211815372511372e-06
99 1.1991624447582853e-06
100 1.1686927944376605e-06
101 1.1905888439583267e-06
102 1.1603286754597586e-06
103 1.1922582325212136e-06
104 1.204742323049617e-06
105 1.2239922154332022e-06
106 1.1554284925562434e-06
107 1.2028817505762831e-06
108 1.1882904793605063e-06
109 1.1958363851871892e-06
110 1.1664733910919934e-06
111 1.199132884116958e-06
112 1.207072326341253e-06
113 1.2111987644352251e-06
114 1.1995131784519317e-06
115 1.209736257263405e-06
116 1.2035796017381452e-06
117 1.191256473799579e-06
118 1.1863784005888056e-06
119 1.1979739816971117e-06
120 1.188745621368483e-06
121 1.1923995226541138e-06
122 1.1972124182352548e-06
123 1.2154188599366807e-06
124 1.1939626901754865e-06
125 1.1817850511259076e-06
126 1.2290021221902312e-06
127 1.1951919899698153e-06
128 1.1633710487658154e-06
129 1.199584839691668e-06
130 1.2253746293485563e-06
131 1.2151187936141132e-06
132 1.17417776003792e-06
133 1.2122381883999264e-06
134 1.1889773169093427e-06
135 1.1850450334489364e-06
136 1.1904064249296808e-06
137 1.18619921428675e-06
138 1.1868469548656523e-06
139 1.185302514845221e-06
140 1.1820771772040451e-06
141 1.1773911897239496e-06
142 1.1861249726106073e-06
143 1.1926461892428613e-06
144 1.1935071845835493e-06
145 1.1809942334506894e-06
146 1.2080135160029994e-06
147 1.199283731602754e-06
148 1.2178122314151006e-06
149 1.1618820583239335e-06
150 1.2166314076707993e-06
151 1.2285067635924147e-06
152 1.1757070456892886e-06
153 1.17965763604862e-06
154 1.2040819378153993e-06
155 1.2054649824017473e-06
156 1.182192344246062e-06
157 1.203190277720694e-06
158 1.1951663758286673e-06
159 1.1367495894606132e-06
160 1.1720249039945437e-06
161 1.170056776668708e-06
162 1.2185448680072275e-06
163 1.2211095122363682e-06
164 1.2108615225812585e-06
165 1.1844177551304259e-06
166 1.1923561743116919e-06
167 1.206299873236723e-06
168 1.1928390515584943e-06
169 1.1972946522833487e-06
170 1.197067537101365e-06
171 1.1846938905539116e-06
172 1.2036853246434377e-06
173 1.2003678864661425e-06
174 1.2081443478700974e-06
175 1.166544914679093e-06
176 1.2002224794505064e-06
177 1.2090833947401684e-06
178 1.2103629978854855e-06
179 1.2032557305837788e-06
180 1.2152785687991623e-06
181 1.1893981484833569e-06
182 1.183731189383148e-06
183 1.1840228453873642e-06
184 1.1999188348232926e-06
185 1.1968751138676889e-06
186 1.1825116959900353e-06
187 1.2096835349885474e-06
188 1.2014742599103611e-06
189 1.1736172187327069e-06
190 1.1601188532199484e-06
191 1.18062083692006e-06
192 1.21349061719913e-06
193 1.1993595455539394e-06
194 1.2006886955946285e-06
195 1.1927912192729748e-06
196 1.18588060760135e-06
197 1.1993367886296986e-06
198 1.1900722102533743e-06
199 1.1824944499806414e-06
200 1.1795902283808057e-06
201 1.199356577425878e-06
202 1.1857156087683171e-06
203 1.1928230452055034e-06
204 1.1733707140504727e-06
205 1.2079927023742735e-06
206 1.2086695625499805e-06
207 1.160248249623656e-06
208 1.1811675806155847e-06
209 1.1722149127368804e-06
210 1.1923173261016717e-06
211 1.1943363720413724e-06
212 1.2083749626892527e-06
213 1.161749796408902e-06
214 1.1912034558573833e-06
215 1.19392833892338e-06
216 1.182499628396194e-06
217 1.210216419482866e-06
218 1.1993424969520255e-06
219 1.2082727031839998e-06
220 1.1818150711687283e-06
221 1.1737138217817766e-06
222 1.1854651158343432e-06
223 1.2211327968691107e-06
224 1.1883278555820398e-06
225 1.2195492300637983e-06
226 1.1787850379320103e-06
227 1.1689932277269756e-06
228 1.1813063374212414e-06
229 1.210441580558895e-06
230 1.2068269562949345e-06
231 1.1935086571551994e-06
232 1.197702812723766e-06
233 1.1901170798832492e-06
234 1.2139642544016697e-06
235 1.1780637933569925e-06
236 1.2223465789780716e-06
237 1.1911707561876224e-06
238 1.1738748039568248e-06
239 1.1657844126532133e-06
240 1.220286355642446e-06
241 1.1764583787166372e-06
242 1.1798077833414014e-06
243 1.2009901539205224e-06
244 1.2071012850360135e-06
245 1.1793066501158267e-06
246 1.205917804788533e-06
247 1.1787620961983956e-06
248 1.201596828184738e-06
249 1.1913490919765566e-06
250 1.1782282118579857e-06
251 1.167725807994117e-06
252 1.205752199354711e-06
253 1.216454544700596e-06
254 1.1794933268928172e-06
255 1.179049685198924e-06
256 1.1915808598714526e-06
257 1.216264030871494e-06
258 1.192956458019403e-06
259 1.193669066922791e-06
260 1.2002661068241165e-06
261 1.2039127895689272e-06
262 1.2012872182366848e-06
263 1.1732048811510561e-06
264 1.1652932512886515e-06
265 1.1902186765405894e-06
266 1.2067526255844873e-06
267 1.2016634546955767e-06
268 1.227695901660579e-06
269 1.1419747192796237e-06
270 1.1977834080553432e-06
271 1.1942343048029579e-06
272 1.1842163947162e-06
273 1.2084531437848166e-06
274 1.1807101397475744e-06
275 1.1695604499866506e-06
276 1.211240708154609e-06
277 1.1812556747851777e-06
278 1.1877512977966348e-06
279 1.1861419687108008e-06
280 1.180815946997344e-06
281 1.2167210408348871e-06
282 1.206571853108004e-06
283 1.194628218034036e-06
284 1.1936287318254758e-06
285 1.1934876453390898e-06
286 1.2151569913459968e-06
287 1.154287833372732e-06
288 1.1867739909557019e-06
289 1.210852598877905e-06
290 1.2059061448198028e-06
291 1.187126231301494e-06
292 1.2051176619647668e-06
293 1.2009578196251493e-06
294 1.1965005911721595e-06
295 1.1903397253025598e-06
296 1.2192082553900243e-06
297 1.203049714712628e-06
298 1.182551178237441e-06
299 1.1835273598965715e-06
