0 4.182575825623526e-06
1 4.291324397214665e-06
2 4.443285073823032e-06
3 4.356732724006974e-06
4 4.300062628275986e-06
5 4.3107860288608e-06
6 4.434105306698193e-06
7 4.261192824503371e-06
8 4.298190589470819e-06
9 4.424469769979751e-06
10 4.592702759839866e-06
11 4.170346756673014e-06
12 4.4599077566912035e-06
13 4.414802791736846e-06
14 4.412448195985343e-06
15 4.411492754095844e-06
16 4.309812427636934e-06
17 4.183865396437048e-06
18 4.369507235729827e-06
19 4.4339273944841345e-06
20 4.132257139048195e-06
21 4.166855139462046e-06
22 4.265926919993905e-06
23 4.306454953136932e-06
24 4.141222545322106e-06
25 4.565867947727728e-06
26 4.474470430159495e-06
27 4.233990116774357e-06
28 4.332152495950115e-06
29 4.458298936130925e-06
30 4.391394651528544e-06
31 4.432286085878608e-06
32 4.188645853597991e-06
33 4.172046126478667e-06
34 4.28233142724914e-06
35 4.313261901245681e-06
36 4.209892398213973e-06
37 4.513502132051443e-06
38 4.3027294925653235e-06
39 4.415910953215033e-06
40 4.3251450541816755e-06
41 4.127551607043632e-06
42 4.397013840872292e-06
43 4.222949585317664e-06
44 4.21592889509519e-06
45 4.27404520702464e-06
46 4.285688776950374e-06
47 4.316704240865331e-06
48 4.212338002119639e-06
49 4.405574123969589e-06
50 4.372327330669528e-06
51 4.252674015574958e-06
52 4.527960668920294e-06
53 4.2094894942487315e-06
54 4.493264747486617e-06
55 4.201683385821955e-06
56 4.29314229524452e-06
57 4.259778846373033e-06
58 4.238915725368473e-06
59 4.496666540730061e-06
60 4.517902589576726e-06
61 4.153216201303028e-06
62 4.418404474212288e-06
63 4.431125898681295e-06
64 4.319495994640968e-06
65 4.350397953324995e-06
66 4.152859320585437e-06
67 4.1452675511743936e-06
68 4.533824971389973e-06
69 4.521037311988037e-06
70 4.50040522961301e-06
71 4.253532262783397e-06
72 4.1970186968607785e-06
73 4.094503512551825e-06
74 4.5364864490445116e-06
75 4.177653364701125e-06
76 4.347981473406793e-06
77 4.132585654755715e-06
78 4.583982006518927e-06
79 4.3036062890812025e-06
80 4.25866715241262e-06
81 4.237818705897587e-06
82 4.37052932561604e-06
83 4.244015383915016e-06
84 4.403613305356283e-06
85 4.441534574598377e-06
86 4.389635306730716e-06
87 4.33725951115403e-06
88 4.244398766371163e-06
89 4.3730316871693225e-06
90 4.176580849396667e-06
91 4.361405894731234e-06
92 4.422353594441752e-06
93 4.322801808062092e-06
94 4.405334210379147e-06
95 4.326619013508232e-06
96 4.269300018871562e-06
97 4.331947594777573e-06
98 4.4813540414086295e-06
99 4.302159612171623e-06
100 4.136095309934763e-06
101 4.49204898472295e-06
102 4.4372584257068915e-06
103 4.258190394621362e-06
104 4.381778515622182e-06
105 4.231072462606234e-06
106 4.2015048429007974e-06
107 4.48660499129402e-06
108 4.434514377562867e-06
109 4.426585565073703e-06
110 4.38196320201705e-06
111 4.248250098673533e-06
112 4.419319192969719e-06
113 4.287324781092147e-06
114 3.9670851993554784e-06
115 4.379985490962809e-06
116 4.537334875513151e-06
117 4.305421595798088e-06
118 4.3420859139549275e-06
119 4.1814720055428665e-06
120 4.210951441087835e-06
121 4.386577846008714e-06
122 4.214261809792967e-06
123 4.488067173936316e-06
124 4.4466785779683524e-06
125 4.166118376053436e-06
126 4.519032711478513e-06
127 4.387927458207226e-06
128 4.273388097602213e-06
129 4.490950606048963e-06
130 4.32632986890233e-06
131 4.238371138337993e-06
132 4.376073261804146e-06
133 4.451515279679624e-06
134 4.355050641307112e-06
135 4.5174070156970275e-06
136 4.335494004629589e-06
137 4.368763136797139e-06
138 4.25509101987361e-06
139 4.2363525401899395e-06
140 4.270082696624052e-06
141 4.20352510023376e-06
142 4.183776250936927e-06
143 4.416380164961314e-06
144 4.328274843299228e-06
145 4.1789988996255386e-06
146 4.361002811577589e-06
147 4.447338685857604e-06
148 4.180282004279873e-06
149 4.155480465282393e-06
150 4.495586704286494e-06
151 4.274409300743425e-06
152 4.303927343482015e-06
153 4.293848733800147e-06
154 4.183367865702776e-06
155 4.386582712998328e-06
156 4.3447746408934815e-06
157 4.326722588785014e-06
158 4.513794027903989e-06
159 4.164164158458697e-06
160 4.235801664337554e-06
161 4.2547297438580885e-06
162 4.497414080010993e-06
163 4.362985941138997e-06
164 4.200030762861221e-06
165 4.378752684360572e-06
166 4.205120227870179e-06
167 4.269707818480243e-06
168 4.2004771420692205e-06
169 4.214386368890274e-06
170 4.17415805651639e-06
171 4.268516535562093e-06
172 4.5846254425898745e-06
173 4.351288111150447e-06
174 4.314173407146195e-06
175 4.144063708602986e-06
176 4.244182687614182e-06
177 4.304601035065451e-06
178 4.337044646497094e-06
179 4.355796789369535e-06
180 4.38352858395465e-06
181 4.299979921103925e-06
182 4.306318454962811e-06
183 4.411370513862599e-06
184 4.2953433937008295e-06
185 4.30302652092318e-06
186 4.371483041900153e-06
187 4.168967352423355e-06
188 4.372850699961157e-06
189 4.3832691045815235e-06
190 4.227277785865965e-06
191 4.143579914100007e-06
192 4.199554364142006e-06
193 4.186221541300703e-06
194 4.143763836246502e-06
195 4.290302892849097e-06
196 4.271665064585955e-06
197 4.381631000163983e-06
198 4.2648183089880454e-06
199 4.373873094752909e-06
200 4.4241815162223955e-06
201 4.403290220288045e-06
202 4.2482824539959865e-06
203 4.195427139525292e-06
204 4.449529881296922e-06
205 4.366768404207663e-06
206 4.192151484583243e-06
207 4.2663388075284494e-06
208 4.2574017464164855e-06
209 4.425080617609908e-06
210 4.427493739890312e-06
211 4.394491543714922e-06
212 4.262305735235684e-06
213 4.228295235901022e-06
214 4.277816270568183e-06
215 4.254174681130292e-06
216 4.413175089227702e-06
217 4.1627506405604434e-06
218 4.2724830225612955e-06
219 4.327348060379696e-06
220 4.081819038126594e-06
221 4.184163387151344e-06
222 4.402295277992653e-06
223 4.4183038074415825e-06
224 4.34987951501996e-06
225 4.2771656834505745e-06
226 4.248902700440091e-06
227 4.352710126499817e-06
228 4.350849999569517e-06
229 4.31318488013968e-06
230 4.181754192676451e-06
231 4.3292553180781855e-06
232 4.270643081230836e-06
233 4.545411970002539e-06
234 4.404744954124994e-06
235 4.292834160176685e-06
236 4.200100368449153e-06
237 4.1925718508696145e-06
238 4.351635597089054e-06
239 4.405135331925996e-06
240 4.167244577598374e-06
241 4.468566909797401e-06
242 4.278579464297184e-06
243 4.224641248824726e-06
244 4.353029754899718e-06
245 4.37046141963413e-06
246 4.410742230085937e-06
247 4.257496670458859e-06
248 4.417363463943729e-06
249 4.19882687403503e-06
250 4.50716215733325e-06
251 4.224571542172319e-06
252 4.370818938628735e-06
253 4.145109533737682e-06
254 4.26137228481844e-06
255 4.397582239797561e-06
256 4.1264628181523124e-06
257 4.464345274152268e-06
258 4.093573033704453e-06
259 4.321229602145764e-06
260 4.218022216003008e-06
261 4.4032651769893e-06
262 4.306146403588888e-06
263 4.4842466262163955e-06
264 4.369889290540236e-06
265 4.259321300663078e-06
266 4.129374815210617e-06
267 4.18088073577322e-06
268 4.32997215646758e-06
269 4.187264932191974e-06
270 4.319468453804922e-06
271 4.309496164150895e-06
272 4.538058229120878e-06
273 4.365003567417524e-06
274 4.172761460068021e-06
275 4.120185279019388e-06
276 4.122014049148779e-06
277 4.667994359997522e-06
278 4.351498795191256e-06
279 4.419913386970224e-06
280 4.206854307846738e-06
281 4.488839820264713e-06
282 4.319344257331471e-06
283 4.281540353835047e-06
284 4.172551408203654e-06
285 4.117350118939136e-06
286 4.43703361186064e-06
287 4.182968542410071e-06
288 4.326437911974838e-06
289 4.360030986782401e-06
290 4.3393172512862e-06
291 4.394420141481528e-06
292 4.484534731870875e-06
293 4.120194703879349e-06
294 4.242005560852742e-06
295 4.144028888263788e-06
296 4.3965334981825825e-06
297 4.186952130237005e-06
298 4.430417178511424e-06
299 4.293010515757517e-06
