0 4.306628507130855e-07
1 4.283503954131094e-07
2 4.3343195557812114e-07
3 4.3621413611375783e-07
4 4.3283395905897505e-07
5 4.354864491164241e-07
6 4.280838678331396e-07
7 4.266742339506016e-07
8 4.2543159569839373e-07
9 4.2818580182101325e-07
10 4.1134270284395635e-07
11 4.2540681088008636e-07
12 4.1953876245733995e-07
13 4.116982954397885e-07
14 4.270190027209611e-07
15 4.331815353343936e-07
16 4.2912707912697974e-07
17 4.360375295378763e-07
18 4.354858337449621e-07
19 4.3342319978929456e-07
20 4.336405394133375e-07
21 4.3165152134242476e-07
22 4.2876951972108216e-07
23 4.256869084155286e-07
24 4.3893777453475727e-07
25 4.239230689884578e-07
26 4.334496044286428e-07
27 4.387546475995316e-07
28 4.230837103120356e-07
29 4.236834196998686e-07
30 4.3738171434218404e-07
31 4.3592042394168655e-07
32 4.3302805465980086e-07
33 4.276804766632894e-07
34 4.2589519149024906e-07
35 4.2405546436257506e-07
36 4.369434891659105e-07
37 4.2428220916184725e-07
38 4.4130378719797943e-07
39 4.162374936052183e-07
40 4.2345047540199413e-07
41 4.3362065041472355e-07
42 4.2998752576429183e-07
43 4.295528992683444e-07
44 4.318695765294787e-07
45 4.2732689482507014e-07
46 4.332772443003761e-07
47 4.3626907848454675e-07
48 4.3321507931320335e-07
49 4.271943279574194e-07
50 4.270275679867913e-07
51 4.291247765062041e-07
52 4.307908665797226e-07
53 4.282712497119614e-07
54 4.279498602103152e-07
55 4.3803138153103454e-07
56 4.166116070422092e-07
57 4.261826266803461e-07
58 4.2784553981042405e-07
59 4.285806089279936e-07
60 4.2434304940345915e-07
61 4.283400676699318e-07
62 4.212346433541509e-07
63 4.3104682565056615e-07
64 4.3404736093237745e-07
65 4.312703960421278e-07
66 4.35344787045908e-07
67 4.312335815290242e-07
68 4.388735713115747e-07
69 4.2041605450553227e-07
70 4.2995046842813213e-07
71 4.247356475489728e-07
72 4.3951207609335056e-07
73 4.2923005706593223e-07
74 4.2154944714186263e-07
75 4.3351595041592654e-07
76 4.3890775744555195e-07
77 4.209927202083578e-07
78 4.287616796053283e-07
79 4.2321362902461946e-07
80 4.293298398145671e-07
81 4.418779052645099e-07
82 4.2595710711013035e-07
83 4.32474276143025e-07
84 4.324574930419732e-07
85 4.2716623267985863e-07
86 4.3274008581733585e-07
87 4.3256989106267243e-07
88 4.4297815217951585e-07
89 4.300646197594503e-07
90 4.3458282936053095e-07
91 4.2686199870162317e-07
92 4.280007053066272e-07
93 4.286532664111835e-07
94 4.2716701140460344e-07
95 4.2686465882813147e-07
96 4.2107499474755725e-07
97 4.426567626043164e-07
98 4.368800304514853e-07
99 4.3531425000906506e-07
100 4.346290184508006e-07
101 4.2396150236310057e-07
102 4.2296855286894513e-07
103 4.326038497690133e-07
104 4.282098207744443e-07
105 4.401565255956441e-07
106 4.272414592044061e-07
107 4.2688610986385163e-07
108 4.244251007843149e-07
109 4.269548903007984e-07
110 4.241890200194262e-07
111 4.3093492463123736e-07
112 4.2958424520160856e-07
113 4.3151221858822624e-07
114 4.4067200230153166e-07
115 4.290748777896285e-07
116 4.281303671663961e-07
117 4.223508895989775e-07
118 4.2068572132277406e-07
119 4.2501781538475867e-07
120 4.2569596752755297e-07
121 4.214724905183826e-07
122 4.3759914185252464e-07
123 4.305408628027978e-07
124 4.25032609209905e-07
125 4.329152633907141e-07
126 4.2908640424795435e-07
127 4.314273836555319e-07
128 4.286866077930891e-07
129 4.226609698569924e-07
130 4.356241559283814e-07
131 4.326131266391288e-07
132 4.288720016338335e-07
133 4.2939654066616803e-07
134 4.2900532748975455e-07
135 4.2221055542207056e-07
136 4.2684561520206274e-07
137 4.3556719420327564e-07
138 4.3102340535232173e-07
139 4.3409664859181405e-07
140 4.224208457959515e-07
141 4.3445224849955677e-07
142 4.3458967516524704e-07
143 4.2172337973973856e-07
144 4.276150381195023e-07
145 4.2423922957706894e-07
146 4.3351215699437e-07
147 4.2817010158118525e-07
148 4.343720573331268e-07
149 4.3012778633606156e-07
150 4.2482871396066413e-07
151 4.2738275972894746e-07
152 4.347675487397484e-07
153 4.263537915067127e-07
154 4.4055864375515933e-07
155 4.296559681124647e-07
156 4.285598653245306e-07
157 4.243362690861407e-07
158 4.1931551748996956e-07
159 4.3563679073009434e-07
160 4.2507544749404684e-07
161 4.322815667832206e-07
162 4.2191368099560624e-07
163 4.31139260490321e-07
164 4.4333290648396534e-07
165 4.3197046373623215e-07
166 4.258950453817169e-07
167 4.2688431723570186e-07
168 4.25614094415627e-07
169 4.374445979357932e-07
170 4.391039208369939e-07
171 4.1919758217961705e-07
172 4.279311902416334e-07
173 4.3214385683280074e-07
174 4.303345775305956e-07
175 4.24873106274418e-07
176 4.313078148264028e-07
177 4.294752330752366e-07
178 4.190867633363944e-07
179 4.3077492046786044e-07
180 4.3630943510014257e-07
181 4.2459610226451004e-07
182 4.1982586188510156e-07
183 4.312917457583438e-07
184 4.3590902681796363e-07
185 4.283584868982623e-07
186 4.295836887035388e-07
187 4.402894657279245e-07
188 4.3111480287432123e-07
189 4.204885447658745e-07
190 4.2937081712860934e-07
191 4.3109298188946564e-07
192 4.3127821008333253e-07
193 4.264272829044257e-07
194 4.4182897469839763e-07
195 4.3409002103048537e-07
196 4.32277679698858e-07
197 4.2499990233023424e-07
198 4.307578774090329e-07
199 4.252482468768543e-07
200 4.246467312826356e-07
201 4.2333950453998205e-07
202 4.3400509564971265e-07
203 4.3365094678768925e-07
204 4.267715163235933e-07
205 4.2956677425534867e-07
206 4.3222722259719786e-07
207 4.2787672664487395e-07
208 4.314084720997672e-07
209 4.2422284208708733e-07
210 4.271102406079949e-07
211 4.2095277892351424e-07
212 4.419982464600902e-07
213 4.1952420551900763e-07
214 4.2732791175772634e-07
215 4.3229772115345396e-07
216 4.2067869771334284e-07
217 4.3101092504269106e-07
218 4.2906689407599985e-07
219 4.302815327991645e-07
220 4.342835306173411e-07
221 4.364761429102308e-07
222 4.3111820265671476e-07
223 4.3331522462579006e-07
224 4.295894509303532e-07
225 4.273499360775365e-07
226 4.243662615270669e-07
227 4.257197801489571e-07
228 4.2419023777629495e-07
229 4.263237754231095e-07
230 4.3755696851462024e-07
231 4.355436545641395e-07
232 4.23756043877681e-07
233 4.305764408873065e-07
234 4.3538513928793644e-07
235 4.2194810169065344e-07
236 4.3506765691923844e-07
237 4.315421966843253e-07
238 4.2672939322202584e-07
239 4.2528981915138967e-07
240 4.317023946503321e-07
241 4.253103173352733e-07
242 4.316061942014041e-07
243 4.3045383378794226e-07
244 4.277484911522378e-07
245 4.2831460347541256e-07
246 4.320637904441885e-07
247 4.264600712203941e-07
248 4.2897619126602893e-07
249 4.3675869568237544e-07
250 4.2829704161128563e-07
251 4.259912849227943e-07
252 4.3356321812297785e-07
253 4.377553274283295e-07
254 4.3819016570965024e-07
255 4.2956971643094805e-07
256 4.4305814041513416e-07
257 4.335529711614077e-07
258 4.3030436328366216e-07
259 4.310959396570649e-07
260 4.303680025589611e-07
261 4.2599146174050317e-07
262 4.4247923117313834e-07
263 4.1953891656748475e-07
264 4.2116740397862614e-07
265 4.3285298992848676e-07
266 4.295821378781394e-07
267 4.437605690464272e-07
268 4.3251867016908536e-07
269 4.265616155445798e-07
270 4.2127813808865067e-07
271 4.351924285550489e-07
272 4.1717398109318846e-07
273 4.3402719946190986e-07
274 4.331576708960872e-07
275 4.2539916781845573e-07
276 4.4016320113962243e-07
277 4.166458430592186e-07
278 4.3299976577373407e-07
279 4.2737068588412933e-07
280 4.2283808030532045e-07
281 4.2927924436680137e-07
282 4.3042303552677393e-07
283 4.376534727430959e-07
284 4.3894154006747397e-07
285 4.324098333352199e-07
286 4.3508420952404226e-07
287 4.1961903343144204e-07
288 4.281163173426229e-07
289 4.3602689349838495e-07
290 4.372513347744746e-07
291 4.3770894537558087e-07
292 4.3330731687836487e-07
293 4.3538648286540655e-07
294 4.3011335139519536e-07
295 4.2893489240035756e-07
296 4.3594810195529406e-07
297 4.3024329724511605e-07
298 4.1435651790329153e-07
299 4.3001458572681703e-07
