0 -5.576966164817376e-06
1 -5.7393436030956285e-06
2 -5.682985786282028e-06
3 -5.73560334975089e-06
4 -5.7120801578420836e-06
5 -5.6070263552060525e-06
6 -5.575973695272173e-06
7 -5.5247032419188936e-06
8 -5.62156772265395e-06
9 -5.578370223471369e-06
10 -5.593151268825899e-06
11 -5.609351335512507e-06
12 -5.561230804924655e-06
13 -5.672565543554172e-06
14 -5.707331463945323e-06
15 -5.636960508881536e-06
16 -5.604933663626365e-06
17 -5.619344056097317e-06
18 -5.795396831531405e-06
19 -5.6375061226045535e-06
20 -5.5773450172315975e-06
21 -5.573162614002334e-06
22 -5.680677058002114e-06
23 -5.599687548073186e-06
24 -5.572673475567977e-06
25 -5.7355461454469195e-06
26 -5.636134994625929e-06
27 -5.558980170140219e-06
28 -5.599311468999243e-06
29 -5.6812366109912305e-06
30 -5.721889933009073e-06
31 -5.649428521435284e-06
32 -5.726929206671738e-06
33 -5.578128978373314e-06
34 -5.7816800261884515e-06
35 -5.691116988097689e-06
36 -5.640445612317505e-06
37 -5.664243418669972e-06
38 -5.795001114832027e-06
39 -5.5740581330644314e-06
40 -5.4833118343788525e-06
41 -5.565482251449931e-06
42 -5.708909142661491e-06
43 -5.609278194339147e-06
44 -5.648435809634232e-06
45 -5.695563012756565e-06
46 -5.69718563972278e-06
47 -5.682330839602241e-06
48 -5.6131332738697965e-06
49 -5.724155508045811e-06
50 -5.50568368235126e-06
51 -5.503950413652563e-06
52 -5.75763420613057e-06
53 -5.619427712149638e-06
54 -5.567415674810046e-06
55 -5.654778575616026e-06
56 -5.654053503553395e-06
57 -5.589935022149648e-06
58 -5.645379280951098e-06
59 -5.728787968917489e-06
60 -5.628887706512575e-06
61 -5.607125990038018e-06
62 -5.7416428325265866e-06
63 -5.7102325292229794e-06
64 -5.653096815740933e-06
65 -5.576386076904989e-06
66 -5.574307522392451e-06
67 -5.488929691269897e-06
68 -5.69180146297551e-06
69 -5.4696886519284946e-06
70 -5.732684168245009e-06
71 -5.601182680077355e-06
72 -5.517166577303193e-06
73 -5.625453875678539e-06
74 -5.5289014401586356e-06
75 -5.703883468418324e-06
76 -5.718290894904241e-06
77 -5.682663069940333e-06
78 -5.794860364777713e-06
79 -5.8221645827621395e-06
80 -5.661512714639022e-06
81 -5.707813838525784e-06
82 -5.666415486434846e-06
83 -5.5854193412565964e-06
84 -5.773309975591828e-06
85 -5.843763614167269e-06
86 -5.594481719679574e-06
87 -5.732549508731263e-06
88 -5.715639873940657e-06
89 -5.672322024079541e-06
90 -5.5982833455140595e-06
91 -5.731721916336192e-06
92 -5.743579646700294e-06
93 -5.5821161745917845e-06
94 -5.755722256370739e-06
95 -5.6023350777271335e-06
96 -5.578235399146323e-06
97 -5.8178584735666145e-06
98 -5.667773127241746e-06
99 -5.713234686884033e-06
100 -5.643863618295856e-06
101 -5.725154887527389e-06
102 -5.626594374864357e-06
103 -5.6105803133640626e-06
104 -5.628738251945489e-06
105 -5.714401300030542e-06
106 -5.541453800383113e-06
107 -5.905542852056747e-06
108 -5.6487416999957495e-06
109 -5.654537940099865e-06
110 -5.561692828108966e-06
111 -5.6753049825396745e-06
112 -5.826355178498908e-06
113 -5.732173521395187e-06
114 -5.63501931347281e-06
115 -5.684119650040706e-06
116 -5.736681486699892e-06
117 -5.542873616613567e-06
118 -5.7330061263568274e-06
119 -5.622740261906935e-06
120 -5.5101889501884e-06
121 -5.5157860385539385e-06
122 -5.693940837920819e-06
123 -5.569900752561518e-06
124 -5.638503267208833e-06
125 -5.682662417475751e-06
126 -5.790360100371578e-06
127 -5.68160121154025e-06
128 -5.455092417460045e-06
129 -5.731399567570832e-06
130 -5.644732162101991e-06
131 -5.610869572600232e-06
132 -5.4897927249434005e-06
133 -5.703557197149121e-06
134 -5.793201476408388e-06
135 -5.654655770793697e-06
136 -5.764483292465793e-06
137 -5.6706048965705745e-06
138 -5.733979066021146e-06
139 -5.583003447294004e-06
140 -5.659032384911281e-06
141 -5.689394019389724e-06
142 -5.618700010889166e-06
143 -5.809502516036666e-06
144 -5.487065931214979e-06
145 -5.506464238586242e-06
146 -5.74162989178305e-06
147 -5.621730368109031e-06
148 -5.616740011931224e-06
149 -5.553421211834779e-06
150 -5.687108164135121e-06
151 -5.715142522582534e-06
152 -5.675345204177432e-06
153 -5.7242156346051e-06
154 -5.598939999705547e-06
155 -5.568881706777139e-06
156 -5.742137482451274e-06
157 -5.737221678947679e-06
158 -5.493085978202703e-06
159 -5.575723186989486e-06
160 -5.517114812960826e-06
161 -5.658314475486518e-06
162 -5.693301494502238e-06
163 -5.708710511128867e-06
164 -5.702143436486545e-06
165 -5.662492250282493e-06
166 -5.606213928688233e-06
167 -5.6728788234558395e-06
168 -5.666771690996931e-06
169 -5.559858086980066e-06
170 -5.681955054072244e-06
171 -5.559439871410776e-06
172 -5.779247770415273e-06
173 -5.744321049766751e-06
174 -5.6532237089545015e-06
175 -5.548408029495492e-06
176 -5.621056999724411e-06
177 -5.660904222808387e-06
178 -5.662026891558128e-06
179 -5.519266688457417e-06
180 -5.677766040973479e-06
181 -5.715579271066419e-06
182 -5.535379999489427e-06
183 -5.663248302488558e-06
184 -5.6824561190277555e-06
185 -5.608211680722006e-06
186 -5.5369451646863875e-06
187 -5.670981276394575e-06
188 -5.633690683589001e-06
189 -5.663051982504966e-06
190 -5.621436396400967e-06
191 -5.597226525258487e-06
192 -5.70772460587246e-06
193 -5.524941555934257e-06
194 -5.6758209198630725e-06
195 -5.632654771924638e-06
196 -5.6595538940488855e-06
197 -5.715904187086119e-06
198 -5.6180699457303814e-06
199 -5.757273516151234e-06
200 -5.581303663696959e-06
201 -5.754693910312668e-06
202 -5.670264418144458e-06
203 -5.667311495260638e-06
204 -5.673976592129787e-06
205 -5.64929560983326e-06
206 -5.572454336633448e-06
207 -5.740979727867938e-06
208 -5.581964693670102e-06
209 -5.701783912895473e-06
210 -5.643880090153558e-06
211 -5.584094504292458e-06
212 -5.634164366023079e-06
213 -5.676436453317334e-06
214 -5.490523343664248e-06
215 -5.625922304051559e-06
216 -5.6531367333033685e-06
217 -5.689750549165191e-06
218 -5.724200895943239e-06
219 -5.7298457966452835e-06
220 -5.518083906598512e-06
221 -5.632421842417652e-06
222 -5.745856637344486e-06
223 -5.742732493847441e-06
224 -5.6358732157607e-06
225 -5.649205255833339e-06
226 -5.56545670426758e-06
227 -5.4604574788805405e-06
228 -5.599125845605356e-06
229 -5.617246169040124e-06
230 -5.703081547859392e-06
231 -5.694974558858256e-06
232 -5.65011037722323e-06
233 -5.670678556970142e-06
234 -5.662255407276673e-06
235 -5.7387232944342185e-06
236 -5.715067081333386e-06
237 -5.63787002418618e-06
238 -5.600854116907887e-06
239 -5.754647615311827e-06
240 -5.702511649122311e-06
241 -5.695906052679458e-06
242 -5.576708212913646e-06
243 -5.681806487529635e-06
244 -5.585969457809598e-06
245 -5.600768653391798e-06
246 -5.791740322819748e-06
247 -5.641000159127494e-06
248 -5.741407276235786e-06
249 -5.740860679477404e-06
250 -5.637376600887363e-06
251 -5.617812917430647e-06
252 -5.819662707966462e-06
253 -5.652721065294429e-06
254 -5.636098883807067e-06
255 -5.6893740088185615e-06
256 -5.759544812735828e-06
257 -5.725764147225677e-06
258 -5.445650062837051e-06
259 -5.665485092590057e-06
260 -5.6268075186588184e-06
261 -5.653512855076749e-06
262 -5.57071554531225e-06
263 -5.620585375729278e-06
264 -5.551520580583883e-06
265 -5.673740752041408e-06
266 -5.531278044237509e-06
267 -5.624574642226194e-06
268 -5.625754388758347e-06
269 -5.58466497797247e-06
270 -5.6489555366713576e-06
271 -5.587634348348087e-06
272 -5.5813718143669746e-06
273 -5.560134108268298e-06
274 -5.7151401340935e-06
275 -5.5609368699841915e-06
276 -5.530501711308425e-06
277 -5.5967982331271144e-06
278 -5.567236829323939e-06
279 -5.621111683377041e-06
280 -5.614890820702339e-06
281 -5.8945039093366996e-06
282 -5.508672767148446e-06
283 -5.562883154965271e-06
284 -5.602647684849014e-06
285 -5.520369333731434e-06
286 -5.653906850332301e-06
287 -5.510603740514072e-06
288 -5.587818987238316e-06
289 -5.633200309253519e-06
290 -5.616546721065807e-06
291 -5.7530228517792184e-06
292 -5.634499203389716e-06
293 -5.7361995481903544e-06
294 -5.716123663329195e-06
295 -5.72556397611115e-06
296 -5.764489180480594e-06
297 -5.618447590130241e-06
298 -5.6008781536125775e-06
299 -5.73443417282283e-06
