0 1.8395531891662675e-06
1 1.958998419464957e-06
2 1.9098719683929814e-06
3 1.7176369501342677e-06
4 1.8631293742081967e-06
5 1.899302688971293e-06
6 1.8357149227160918e-06
7 1.7931033615063851e-06
8 1.8588697236312963e-06
9 1.912912501866195e-06
10 1.870905321415602e-06
11 1.8119526326614644e-06
12 1.8211797926872247e-06
13 1.8655715182098497e-06
14 1.9132857790903083e-06
15 1.7776680149414718e-06
16 1.8735611553237393e-06
17 1.8178561843217095e-06
18 1.9035636114615822e-06
19 1.9147446727662213e-06
20 1.8695605438105146e-06
21 1.912126863178318e-06
22 1.915454737382267e-06
23 1.9417570025635834e-06
24 1.8319218895144837e-06
25 1.834501813588985e-06
26 1.9574011085270577e-06
27 1.9336991027194407e-06
28 1.8792866251626617e-06
29 1.7140345438898234e-06
30 1.9359992910465744e-06
31 1.8086455974730616e-06
32 1.8797087858162121e-06
33 1.8752870487880279e-06
34 1.8081098042478775e-06
35 1.8180336112664133e-06
36 1.842748742444017e-06
37 1.864795314889578e-06
38 1.858552077565726e-06
39 1.8272922047214071e-06
40 1.8758886453018884e-06
41 1.7582650987729629e-06
42 1.9253985433982704e-06
43 1.9141929865591523e-06
44 1.8964292616010483e-06
45 1.8909011616045692e-06
46 1.937238452597689e-06
47 1.8964419643956749e-06
48 1.883078220071201e-06
49 1.8433612981921789e-06
50 1.8668181703654843e-06
51 1.8624834039264853e-06
52 1.8649747277991627e-06
53 1.8270581454952798e-06
54 1.932712415537002e-06
55 1.8383601492963178e-06
56 1.784498429663564e-06
57 1.7602988393115917e-06
58 1.929960978662535e-06
59 1.8287739732167704e-06
60 1.9541463473017607e-06
61 1.8298914405236903e-06
62 1.9340280459328836e-06
63 1.8911964402593481e-06
64 1.8977466051131007e-06
65 1.8675386273548388e-06
66 2.003809882408348e-06
67 1.797526573633564e-06
68 1.7481619272206486e-06
69 1.9790238700989428e-06
70 1.9927355157442427e-06
71 1.770293883033466e-06
72 1.8524550114507441e-06
73 1.9367990954113544e-06
74 1.8786563710192197e-06
75 1.8762277185419244e-06
76 1.883641342549803e-06
77 1.9147622771197206e-06
78 1.962799095284609e-06
79 1.8396933667111227e-06
80 1.9649337651333035e-06
81 1.8635737394896407e-06
82 1.8823478091407778e-06
83 1.9277994203771376e-06
84 1.8558939400005221e-06
85 1.8249744513143266e-06
86 1.922652577112146e-06
87 1.9125274598977606e-06
88 1.871529490630948e-06
89 1.8625740230011656e-06
90 1.8629964406483648e-06
91 1.899962504512849e-06
92 1.9545349914692445e-06
93 2.0141051503066053e-06
94 1.8767050516962467e-06
95 1.8611742753928626e-06
96 1.9805445958429587e-06
97 1.8199165508874735e-06
98 1.8570199028200687e-06
99 1.9146557396190347e-06
100 1.926920006851177e-06
101 1.953404933344664e-06
102 1.8867126443339055e-06
103 1.850503667771305e-06
104 1.9014031375390968e-06
105 1.842359167653974e-06
106 1.928515214085831e-06
107 1.978117136440962e-06
108 1.8234543226494952e-06
109 1.8929001801941301e-06
110 1.952219796122084e-06
111 1.9010759147768431e-06
112 1.7928615736925855e-06
113 1.8236991933265758e-06
114 1.871958647733559e-06
115 1.9780636733826285e-06
116 1.906831733040939e-06
117 1.84861112905558e-06
118 1.9705448571509705e-06
119 1.8671041800534527e-06
120 1.878063794818542e-06
121 1.9018949928459405e-06
122 1.9032822462022615e-06
123 1.8575669578389492e-06
124 1.85252462747013e-06
125 1.8489398228886714e-06
126 1.8577590698993763e-06
127 1.8246224002944693e-06
128 1.8719582529388026e-06
129 1.8904309813800963e-06
130 1.9690099278103986e-06
131 1.7768946387657001e-06
132 1.86363213541966e-06
133 1.8215206700139746e-06
134 1.8290327224151176e-06
135 1.908276565072704e-06
136 1.7984779885104278e-06
137 1.8224714244171388e-06
138 1.8862816296442238e-06
139 1.7769893677555442e-06
140 1.7379568146223144e-06
141 1.8700370612561806e-06
142 1.8553097698977707e-06
143 1.842834730752331e-06
144 1.8740566572081912e-06
145 1.8028143412745396e-06
146 1.9408098302107956e-06
147 1.8535003901795903e-06
148 1.9489380140238767e-06
149 1.8128003055980474e-06
150 1.7764388516674436e-06
151 1.87027607076196e-06
152 1.904433535863654e-06
153 1.8298643547727879e-06
154 1.9381107616221348e-06
155 1.909107835823569e-06
156 1.9494277434308245e-06
157 1.9191958834186293e-06
158 1.8726763182536033e-06
159 1.8936233539876443e-06
160 1.892839021635738e-06
161 1.8653619770291538e-06
162 1.8655403915404594e-06
163 1.8906811433376746e-06
164 1.9163949002981553e-06
165 1.875502365896039e-06
166 1.8593920614513462e-06
167 1.9107415799843488e-06
168 1.7532213454384745e-06
169 1.7564682385299642e-06
170 1.891109320255169e-06
171 1.8505844291191314e-06
172 1.8298041678835337e-06
173 1.8681693515783023e-06
174 1.7603185948019365e-06
175 1.8029663776200942e-06
176 1.8901885621669525e-06
177 1.9183312720250805e-06
178 1.8832910948498744e-06
179 1.9145318676465865e-06
180 1.8264411436077608e-06
181 1.8901047360073289e-06
182 1.845687922806282e-06
183 1.8472454486017354e-06
184 1.9097055851197386e-06
185 1.936528605495671e-06
186 1.9239646626158083e-06
187 1.8603341825250373e-06
188 1.9626482899115796e-06
189 1.7841945659893242e-06
190 1.8349241450943337e-06
191 1.8727595998767528e-06
192 1.9342722002471767e-06
193 1.8994001901152099e-06
194 1.95135276243897e-06
195 1.844367803809816e-06
196 1.8838087542579133e-06
197 1.863553433275806e-06
198 1.8731640073790283e-06
199 1.7858520304493006e-06
200 1.8380905902844696e-06
201 1.7538011834658112e-06
202 1.8712057451707504e-06
203 1.820770641971288e-06
204 1.929798400356385e-06
205 1.8156362104107547e-06
206 1.7574386758071486e-06
207 1.8397381407718937e-06
208 1.934683047810999e-06
209 1.8317570849859457e-06
210 1.901801128591624e-06
211 1.8947612101249354e-06
212 1.8023029573445176e-06
213 1.808817408521484e-06
214 1.929021412088233e-06
215 1.841888237662641e-06
216 1.8493355668731121e-06
217 1.8625214806909815e-06
218 1.956683086442687e-06
219 1.8014356125858108e-06
220 2.029316534364027e-06
221 1.937167167804983e-06
222 1.996853445252392e-06
223 1.9545060137251006e-06
224 1.9004011493082782e-06
225 1.9105976806263042e-06
226 1.7954143748200654e-06
227 1.8448319745089703e-06
228 1.8558584742470401e-06
229 1.8464478692916687e-06
230 1.8661841763408878e-06
231 1.8787964905933143e-06
232 1.8600358439781893e-06
233 1.9252798724549218e-06
234 1.8309883558532586e-06
235 1.9570476912826095e-06
236 1.8376715457036377e-06
237 1.930719013681222e-06
238 1.8310537246626995e-06
239 1.9114840234336355e-06
240 1.8267031558179426e-06
241 1.7937870059834705e-06
242 1.791852152467561e-06
243 1.78985323105722e-06
244 1.7729788396518859e-06
245 1.7648392027312911e-06
246 1.8314170193962055e-06
247 1.821772668705333e-06
248 1.8264744651133072e-06
249 1.8662985788214474e-06
250 1.8528686155987012e-06
251 1.9006345188905092e-06
252 1.7851734340344673e-06
253 1.8335559972084788e-06
254 1.87612255237857e-06
255 1.960657456204576e-06
256 1.7646536774059818e-06
257 1.8845552201933917e-06
258 1.8377927442678347e-06
259 1.9354444621868295e-06
260 1.7950681959066095e-06
261 1.8844101399355559e-06
262 1.8491952645395134e-06
263 1.8979768497364698e-06
264 1.860173724923e-06
265 1.8348529824289505e-06
266 1.8326430080060662e-06
267 1.817887968943715e-06
268 1.9054831502160922e-06
269 1.8622697811594325e-06
270 1.7942947127131416e-06
271 1.850856272123831e-06
272 1.859863426909729e-06
273 1.8167057889365249e-06
274 1.917106187099956e-06
275 1.8260074071104436e-06
276 1.8683912878489943e-06
277 1.8726181566697622e-06
278 1.940073067689313e-06
279 1.970059718249517e-06
280 1.8617048753750926e-06
281 1.891135007792163e-06
282 1.8461057385420787e-06
283 1.934575044455655e-06
284 1.7620266829689132e-06
285 1.9413949417931544e-06
286 1.8631284121182603e-06
287 1.89235933470648e-06
288 1.902115705244698e-06
289 1.8409261137974322e-06
290 1.8745758268285384e-06
291 2.004414563188788e-06
292 1.9132399181457273e-06
293 1.8006118531882824e-06
294 1.9038217680264322e-06
295 1.8877733752445927e-06
296 1.9659381266629084e-06
297 1.892402889203835e-06
298 1.9282501846173853e-06
299 1.927459969215858e-06
