0 1.6545001046894678e-06
1 1.4362453483628463e-06
2 1.6426463440128225e-06
3 1.9039033514781396e-06
4 1.629936969184097e-06
5 1.5862610945353573e-06
6 1.592738513323226e-06
7 1.810927773689322e-06
8 1.53299808511765e-06
9 1.6540479086157903e-06
10 1.5827051603766988e-06
11 1.6929557897777132e-06
12 1.6792811178727617e-06
13 1.5627961862615365e-06
14 1.4672075520774806e-06
15 1.6755072695674054e-06
16 1.625408646012805e-06
17 1.7624308561095556e-06
18 1.5763486716828488e-06
19 1.4221864545624385e-06
20 1.6667150968746966e-06
21 1.5761151778295133e-06
22 1.4502389107477927e-06
23 1.4691999356080527e-06
24 1.6778125025163668e-06
25 1.6352414107964226e-06
26 1.5106863040678542e-06
27 1.5487998073704157e-06
28 1.5874567608262774e-06
29 1.8117560661214296e-06
30 1.5155540941654383e-06
31 1.646537258685343e-06
32 1.5983274531821317e-06
33 1.511023729439415e-06
34 1.675349634879664e-06
35 1.762786455786335e-06
36 1.7284524071792918e-06
37 1.6810469817020155e-06
38 1.6416557130091419e-06
39 1.7949867268433652e-06
40 1.6066696226690503e-06
41 1.7531374421266688e-06
42 1.4834918958532866e-06
43 1.6106438094387121e-06
44 1.5806445685889823e-06
45 1.5239823058382524e-06
46 1.5917384502607084e-06
47 1.6573754455063154e-06
48 1.6523693046992406e-06
49 1.6991538966555137e-06
50 1.6912534784080077e-06
51 1.6189350439392658e-06
52 1.7145367716599235e-06
53 1.7143793427368158e-06
54 1.5976936318141226e-06
55 1.5898119015578962e-06
56 1.754343690954148e-06
57 1.7514523483718233e-06
58 1.5202884550070622e-06
59 1.6217259717421918e-06
60 1.481323135483013e-06
61 1.6473721149767905e-06
62 1.575724483979463e-06
63 1.5700683347066687e-06
64 1.5660260120486985e-06
65 1.6342273392008092e-06
66 1.4674794650313714e-06
67 1.695939878854026e-06
68 1.792490494639041e-06
69 1.4782340704703362e-06
70 1.4701658761727852e-06
71 1.7903434036672886e-06
72 1.7540022469515131e-06
73 1.5653679238201946e-06
74 1.6399310410980805e-06
75 1.5614708301518714e-06
76 1.6062378199792601e-06
77 1.5682467292172841e-06
78 1.5631330309887183e-06
79 1.5981687234524462e-06
80 1.5135670973867169e-06
81 1.6730246200702295e-06
82 1.706485087421387e-06
83 1.5543947886515744e-06
84 1.6759659020167108e-06
85 1.6897389827602875e-06
86 1.5947636649896168e-06
87 1.5944669795283884e-06
88 1.7434339922040953e-06
89 1.5993251772964275e-06
90 1.6821365848822616e-06
91 1.6419711903318173e-06
92 1.5350301671093136e-06
93 1.4409600427517493e-06
94 1.6101808656659805e-06
95 1.6343807089496108e-06
96 1.5014173660857962e-06
97 1.7167870461766824e-06
98 1.63488844872358e-06
99 1.5948004376666956e-06
100 1.5225459423462493e-06
101 1.395132503109683e-06
102 1.6236414822085255e-06
103 1.6722093029352645e-06
104 1.5821546904041872e-06
105 1.7389697940740695e-06
106 1.641428432811887e-06
107 1.5194260583207306e-06
108 1.7249708608629963e-06
109 1.5164632568900695e-06
110 1.3952944637391624e-06
111 1.5168431615234717e-06
112 1.667144494372062e-06
113 1.7006980365703617e-06
114 1.7194253345582608e-06
115 1.5759036629465745e-06
116 1.5863621534422812e-06
117 1.638820512344021e-06
118 1.476419216006405e-06
119 1.6576545498992881e-06
120 1.6698251594340017e-06
121 1.6225013852618013e-06
122 1.631897032185441e-06
123 1.7521709640124703e-06
124 1.7812212209832681e-06
125 1.701451268077698e-06
126 1.6390907161761107e-06
127 1.6763467787597344e-06
128 1.615671912730819e-06
129 1.59877113133168e-06
130 1.5240897179434194e-06
131 1.6727111012786086e-06
132 1.667993368095958e-06
133 1.6877608284591661e-06
134 1.714835840032542e-06
135 1.593254842160051e-06
136 1.7651174469891554e-06
137 1.5984057824449646e-06
138 1.5633325651823425e-06
139 1.7905547925839167e-06
140 1.7362091930654602e-06
141 1.5435227093406112e-06
142 1.6075205982577655e-06
143 1.6793764643502682e-06
144 1.6687111163982464e-06
145 1.7451124366751996e-06
146 1.6354001039159703e-06
147 1.5895646279253626e-06
148 1.4415019838147409e-06
149 1.7291488812711398e-06
150 1.7585565959427707e-06
151 1.6199432271540426e-06
152 1.5764137478963274e-06
153 1.712743287207901e-06
154 1.559653261299874e-06
155 1.6754975918304969e-06
156 1.4974366315160212e-06
157 1.5241707213025106e-06
158 1.7134255261866135e-06
159 1.6139188486171574e-06
160 1.661557343459444e-06
161 1.5893377748448023e-06
162 1.7389966087287107e-06
163 1.478927847436165e-06
164 1.5717315060714947e-06
165 1.6701112427311313e-06
166 1.6577910961852882e-06
167 1.5657541427236878e-06
168 1.7637908489221934e-06
169 1.7094048474302783e-06
170 1.5585562425282278e-06
171 1.6784850025330303e-06
172 1.6788652515669039e-06
173 1.663881193111651e-06
174 1.702594771711335e-06
175 1.6322127857746658e-06
176 1.6503997647548515e-06
177 1.507171712666161e-06
178 1.6651741061421932e-06
179 1.5953147328151871e-06
180 1.7028333478599322e-06
181 1.6608216521440547e-06
182 1.7708617616142958e-06
183 1.7167219023874575e-06
184 1.6355000801116598e-06
185 1.5493906371873607e-06
186 1.6238736780262439e-06
187 1.6133534226279304e-06
188 1.4924423251765018e-06
189 1.7009223037328211e-06
190 1.6388745704748043e-06
191 1.6182312844608653e-06
192 1.641108093362857e-06
193 1.7238192535534634e-06
194 1.543216481271613e-06
195 1.7378648803448267e-06
196 1.6333454000612685e-06
197 1.6784042921346558e-06
198 1.6161407573988553e-06
199 1.7191180321521012e-06
200 1.740148476025393e-06
201 1.830520412076756e-06
202 1.7232409885535599e-06
203 1.7823105735481597e-06
204 1.4784072813563772e-06
205 1.7414549220057509e-06
206 1.8028551216472772e-06
207 1.6516274404966669e-06
208 1.4824364718020219e-06
209 1.727163280351486e-06
210 1.5759755436047184e-06
211 1.5737557041937907e-06
212 1.6434134915521074e-06
213 1.7402051604031506e-06
214 1.5853430824563745e-06
215 1.7375585093250335e-06
216 1.7155962164833525e-06
217 1.5740098684168212e-06
218 1.409135012263551e-06
219 1.7789021830858085e-06
220 1.463164865640343e-06
221 1.6396747466496538e-06
222 1.4770022940584686e-06
223 1.4723866466189618e-06
224 1.6279517987184434e-06
225 1.5091852753037436e-06
226 1.7195589615899692e-06
227 1.6018505275632952e-06
228 1.735910183062454e-06
229 1.5981395301724854e-06
230 1.629676853979491e-06
231 1.62128715934793e-06
232 1.4550616246024778e-06
233 1.5721542116262659e-06
234 1.8169473657368745e-06
235 1.5674274820135127e-06
236 1.6155465877651286e-06
237 1.5778577989280955e-06
238 1.5505287984621203e-06
239 1.5183662670071188e-06
240 1.5703112286701484e-06
241 1.7588419451289328e-06
242 1.6621298190142033e-06
243 1.7601076596429656e-06
244 1.758458234094876e-06
245 1.7137787381744663e-06
246 1.6217278998566954e-06
247 1.5780298663570554e-06
248 1.6158169102601477e-06
249 1.6865312103177905e-06
250 1.4789169917404858e-06
251 1.6056456042455366e-06
252 1.7412005936136388e-06
253 1.6222729190055043e-06
254 1.725222489309337e-06
255 1.4775430753764703e-06
256 1.7420523805366702e-06
257 1.6100383532835662e-06
258 1.6355503415253824e-06
259 1.5359148475322869e-06
260 1.7637472345109813e-06
261 1.7042144018671336e-06
262 1.66087438426155e-06
263 1.5977934282684045e-06
264 1.6188981864893886e-06
265 1.6286207110038352e-06
266 1.5706775334123587e-06
267 1.6668001525932502e-06
268 1.6253019568834685e-06
269 1.5635229061878973e-06
270 1.6709850882072474e-06
271 1.6466979663237858e-06
272 1.7165317228690917e-06
273 1.8214409675592934e-06
274 1.5490085131219371e-06
275 1.6385191694677047e-06
276 1.628107046837747e-06
277 1.6559047489464142e-06
278 1.4704425007898122e-06
279 1.4287542431511786e-06
280 1.6066574249518591e-06
281 1.5533563852143723e-06
282 1.5887778080781527e-06
283 1.6170877540500764e-06
284 1.7277074855091356e-06
285 1.450523294158483e-06
286 1.6279933219084891e-06
287 1.5030990312260865e-06
288 1.6433484908209284e-06
289 1.5535033902358856e-06
290 1.6404784263250193e-06
291 1.5406895377863494e-06
292 1.5911936325493065e-06
293 1.6678026409391e-06
294 1.5095578017518466e-06
295 1.6387095960528072e-06
296 1.4630691873851107e-06
297 1.5253953830365189e-06
298 1.6053726815156718e-06
299 1.5694099321065125e-06
