0 1.1540757518754377e-06
1 1.2300763546982265e-06
2 1.105280471846445e-06
3 1.0269520230293366e-06
4 1.1432555079089557e-06
5 1.0836124564310783e-06
6 1.1869458024995203e-06
7 1.0933230831604155e-06
8 1.1726288143477487e-06
9 1.1335885161535903e-06
10 1.180423283969797e-06
11 1.12974038148342e-06
12 1.0968404770386948e-06
13 1.2462014448611468e-06
14 1.2035129674570045e-06
15 1.1334493378857675e-06
16 1.1160831501253002e-06
17 1.1642663027833623e-06
18 1.1432151084570963e-06
19 1.1575963670208107e-06
20 1.0972922027521546e-06
21 1.1153858036169005e-06
22 1.2138765300752128e-06
23 1.1778876714676783e-06
24 1.132258808073891e-06
25 1.17263878725168e-06
26 1.1362468730470647e-06
27 1.205959834012468e-06
28 1.1307099035742446e-06
29 1.063821261934391e-06
30 1.224046192703688e-06
31 1.147177902644636e-06
32 1.2017250947022924e-06
33 1.2227225076789568e-06
34 1.1858520908119819e-06
35 1.0796582777690383e-06
36 1.0726752604531838e-06
37 1.161513381200851e-06
38 1.2131492497082493e-06
39 1.1480839778874335e-06
40 1.1701234214164162e-06
41 1.212481568613718e-06
42 1.1669848967160326e-06
43 1.1021496393758266e-06
44 1.1424041431294063e-06
45 1.141171963100201e-06
46 1.2527603315264398e-06
47 1.1512947089424133e-06
48 1.1104516423934012e-06
49 1.1326994388931914e-06
50 1.1656296935110175e-06
51 1.2204710736684248e-06
52 1.154630434244145e-06
53 1.0685989314766185e-06
54 1.1488414773095335e-06
55 1.1465964786471138e-06
56 1.0823252069903242e-06
57 1.1222024802233352e-06
58 1.1651776812974908e-06
59 1.1957033834675829e-06
60 1.1350205155887359e-06
61 1.2437757990408874e-06
62 1.1003257415984273e-06
63 1.1902901377333628e-06
64 1.1755996253868578e-06
65 1.151028008106217e-06
66 1.1586137229078857e-06
67 1.146796666531331e-06
68 1.146839614619362e-06
69 1.206654802613431e-06
70 1.1043013635804284e-06
71 1.0704876516486095e-06
72 1.0581336717351208e-06
73 1.2491174146732731e-06
74 1.1621005552752275e-06
75 1.194163732870711e-06
76 1.1333044697132977e-06
77 1.0992541676572002e-06
78 1.1278424034923104e-06
79 1.0847782613660957e-06
80 1.1343559042221056e-06
81 1.1668150432597302e-06
82 1.0176653958563088e-06
83 1.114361523193008e-06
84 1.1415588506106504e-06
85 1.1257444910053577e-06
86 1.089078077222371e-06
87 1.1400264266830574e-06
88 1.1429422808904317e-06
89 1.1848220567570048e-06
90 1.1044915150752258e-06
91 1.1635963549510404e-06
92 1.057977769509527e-06
93 1.1757209741554952e-06
94 1.1744902949655823e-06
95 1.1039024158856817e-06
96 1.085983672068566e-06
97 1.1284523272975814e-06
98 1.0935910083110409e-06
99 1.086377243315014e-06
100 1.1770211316704825e-06
101 1.2306242603184052e-06
102 1.1053044830237539e-06
103 1.1240217897271516e-06
104 1.1111821972884174e-06
105 1.0546125134135075e-06
106 1.079270596637791e-06
107 1.0656615462485174e-06
108 1.0467557291957223e-06
109 1.1841991184176014e-06
110 1.0963453869488108e-06
111 1.1946582827224567e-06
112 1.167952400666726e-06
113 1.1268637879731316e-06
114 1.0774587866737288e-06
115 1.1167087129265506e-06
116 1.1542421191574189e-06
117 1.2125691126031315e-06
118 1.1881595366734895e-06
119 1.1096517894568039e-06
120 1.0936136904840881e-06
121 1.0800114079176251e-06
122 1.1164398262534838e-06
123 1.1729005491672147e-06
124 1.07631521596034e-06
125 1.031285009731535e-06
126 1.2513106686732658e-06
127 1.1024307731665916e-06
128 1.1619584002379018e-06
129 1.161062043817495e-06
130 1.1443956954131235e-06
131 1.2281314646768921e-06
132 1.1079985754911496e-06
133 1.0507883142069299e-06
134 1.1527260480942583e-06
135 1.1626936141125275e-06
136 1.1071197658707916e-06
137 1.1770481323764382e-06
138 1.130817984989591e-06
139 1.1209906441409038e-06
140 1.0949743680356208e-06
141 1.1011418793852303e-06
142 1.143147074865326e-06
143 1.1237923085284734e-06
144 1.1697177136182468e-06
145 1.162049172851835e-06
146 1.1251649703745677e-06
147 1.1521592741204172e-06
148 1.1530113022508805e-06
149 1.107124991878805e-06
150 1.1241375214368939e-06
151 1.1217950796045029e-06
152 1.1173399960623326e-06
153 1.1119916859374121e-06
154 1.1471039232333823e-06
155 1.1374086559918917e-06
156 1.1245143659768413e-06
157 1.1698071099377587e-06
158 1.0764635574526176e-06
159 1.120008854942595e-06
160 1.1326718257856984e-06
161 1.2005995480848744e-06
162 1.0930817551195879e-06
163 1.1966653235477218e-06
164 1.1420589131208968e-06
165 1.045027621483017e-06
166 1.114079497120539e-06
167 1.075853441819517e-06
168 1.2446823275224328e-06
169 1.1399655177447205e-06
170 1.1298871570192015e-06
171 1.083204725108999e-06
172 1.1262996224700137e-06
173 1.0533659813050442e-06
174 1.147166962179985e-06
175 1.2775396635962852e-06
176 1.0607197086498873e-06
177 1.16591231027998e-06
178 1.0930725931809603e-06
179 1.088785593244374e-06
180 1.1450740591545186e-06
181 1.095993482534628e-06
182 1.0142664282010394e-06
183 1.1676947006349436e-06
184 1.1219522410968609e-06
185 1.217736094555019e-06
186 1.1455540808065939e-06
187 1.1672174865220755e-06
188 1.121162865973001e-06
189 1.1812203339964682e-06
190 1.1077526608175156e-06
191 1.1013283699073703e-06
192 1.1169302638102705e-06
193 1.0873488998249014e-06
194 1.1502322807401082e-06
195 1.0632594948730933e-06
196 1.145711684388266e-06
197 1.0130629993310768e-06
198 1.1460825919749497e-06
199 1.1349192291447763e-06
200 1.0582340780331792e-06
201 1.0844686535963195e-06
202 1.1096902933802297e-06
203 1.133328558969422e-06
204 1.1444949894800948e-06
205 1.0777511610132383e-06
206 1.0879014772014703e-06
207 1.227684957356888e-06
208 1.104461901212064e-06
209 1.0680016250812491e-06
210 1.1002503087487907e-06
211 1.0965500181878183e-06
212 1.1435698373121023e-06
213 1.1351316151407794e-06
214 1.1783828066007108e-06
215 1.0723097390458803e-06
216 1.0393637940888344e-06
217 1.1698668173057584e-06
218 1.2265421760749613e-06
219 1.1426445086789403e-06
220 1.1307663731751905e-06
221 1.130360428883572e-06
222 1.194186856604027e-06
223 1.069389730064234e-06
224 1.1324187671648323e-06
225 1.2447877875889522e-06
226 1.130561600589362e-06
227 1.1557342928141093e-06
228 1.1178051271683838e-06
229 1.121861359930478e-06
230 1.1513910580788328e-06
231 1.1455669135882754e-06
232 1.2184383842342173e-06
233 1.0821863961041497e-06
234 1.076789398387462e-06
235 1.122461657093985e-06
236 1.2345709330015824e-06
237 1.1195302647337602e-06
238 1.1126448388991534e-06
239 1.1594494808271647e-06
240 1.206677814948274e-06
241 1.0992586380523599e-06
242 1.1845851101301297e-06
243 1.1408882421317876e-06
244 1.1005066801624937e-06
245 1.1908448676084025e-06
246 1.1845804922040454e-06
247 1.1300844400228022e-06
248 1.1319880493110346e-06
249 1.1099985569486022e-06
250 1.2307234327650982e-06
251 1.1751403354017603e-06
252 1.1932510294915878e-06
253 1.1573350351183985e-06
254 1.1515754132664503e-06
255 1.0568586039699693e-06
256 1.1715147087952084e-06
257 1.128878098764016e-06
258 1.1642104060624097e-06
259 1.0603747987193257e-06
260 1.1035533234376252e-06
261 1.1051427739537553e-06
262 1.1627706759093855e-06
263 1.092066511480665e-06
264 1.1118377496106018e-06
265 1.1597070985286174e-06
266 1.2058293342649115e-06
267 1.1811042679032468e-06
268 1.0915845156697808e-06
269 1.1925628598956087e-06
270 1.149277966941635e-06
271 1.1498303085503588e-06
272 1.1152944009823259e-06
273 1.089055110185404e-06
274 1.1291202504797608e-06
275 1.089151400182818e-06
276 1.0810883052079893e-06
277 1.1278536649298767e-06
278 1.1275159371889723e-06
279 1.1509540370289381e-06
280 1.1221323203025622e-06
281 1.2425512115531347e-06
282 1.1777846995822382e-06
283 1.026520680996811e-06
284 1.13820301200843e-06
285 1.1818327536501513e-06
286 1.076888205271768e-06
287 1.1948516959058147e-06
288 1.0788084977878683e-06
289 1.2216595584709674e-06
290 1.1732068007063657e-06
291 1.0936132244817103e-06
292 1.1147459610492034e-06
293 1.1778212850194966e-06
294 1.128387811234929e-06
295 1.1702227346912053e-06
296 1.1071337833555694e-06
297 1.181818347939475e-06
298 1.0659618103728815e-06
299 1.1516941909221777e-06
