0 2.247790884923085e-06
1 2.180489657882163e-06
2 2.222902318357947e-06
3 2.4307932494257514e-06
4 2.310583076684369e-06
5 2.1833894812064092e-06
6 2.371381393151588e-06
7 2.348551820861632e-06
8 2.3061399889610453e-06
9 2.241501495149256e-06
10 2.3169550039103384e-06
11 2.2729121003759972e-06
12 2.289824597192799e-06
13 2.352475717505977e-06
14 2.243027000231644e-06
15 2.336436684268256e-06
16 2.219864469903084e-06
17 2.320913456327755e-06
18 2.2182465153483246e-06
19 2.193487835237814e-06
20 2.2277602705146277e-06
21 2.1609629311371863e-06
22 2.1788096364457587e-06
23 2.2316501070548163e-06
24 2.278549170896448e-06
25 2.2998014723930375e-06
26 2.1569075111518322e-06
27 2.2197704204767916e-06
28 2.252066679041189e-06
29 2.3396426458799097e-06
30 2.1814828215502754e-06
31 2.3818048657911025e-06
32 2.249989550626908e-06
33 2.3006304143169106e-06
34 2.3033872759374304e-06
35 2.279259481004301e-06
36 2.2561534549948123e-06
37 2.290431680467469e-06
38 2.330993644547353e-06
39 2.306111341828082e-06
40 2.3159789380368688e-06
41 2.437819663261584e-06
42 2.199656356666415e-06
43 2.144914052487649e-06
44 2.230590395698716e-06
45 2.224274060163162e-06
46 2.270649924864961e-06
47 2.2407584354052205e-06
48 2.1905412926016025e-06
49 2.262884922059047e-06
50 2.3458296238599723e-06
51 2.363867555745986e-06
52 2.3110863792307746e-06
53 2.3120599083022363e-06
54 2.245219243688016e-06
55 2.321868057820603e-06
56 2.334005782827873e-06
57 2.3704612670456735e-06
58 2.2427970471587318e-06
59 2.3653095152354103e-06
60 2.138728194943682e-06
61 2.4031277174135875e-06
62 2.1499819505409836e-06
63 2.2206636340449836e-06
64 2.255320225654614e-06
65 2.286912758126244e-06
66 2.1663237565485776e-06
67 2.3269370756275697e-06
68 2.4490461493631495e-06
69 2.1865828516646846e-06
70 2.11943444099396e-06
71 2.3454798405709078e-06
72 2.2538633163661694e-06
73 2.260907114813632e-06
74 2.197608216354396e-06
75 2.3096481711153386e-06
76 2.2282087700884327e-06
77 2.2043864655748206e-06
78 2.1633577051347783e-06
79 2.236942781614543e-06
80 2.2356578516022774e-06
81 2.2881320789514783e-06
82 2.1818641151850345e-06
83 2.2324709410137962e-06
84 2.308661064682919e-06
85 2.313111930963816e-06
86 2.1597956609096037e-06
87 2.3125725912987637e-06
88 2.283432838079774e-06
89 2.2600692690325587e-06
90 2.269398119617911e-06
91 2.2414156572284856e-06
92 2.1023305872535096e-06
93 2.152576048928775e-06
94 2.304179766806309e-06
95 2.1764432779943673e-06
96 2.0694474830513086e-06
97 2.2575376499987307e-06
98 2.251209578704481e-06
99 2.1262228013098087e-06
100 2.2280920475364712e-06
101 2.166924152919898e-06
102 2.189079161456528e-06
103 2.2434655168595348e-06
104 2.2472031213924804e-06
105 2.207710691970488e-06
106 2.1728358741241616e-06
107 2.026521906388687e-06
108 2.292488352583257e-06
109 2.2601619041903303e-06
110 2.099005005248788e-06
111 2.2945164008128704e-06
112 2.354032345746642e-06
113 2.2682659080238465e-06
114 2.2591595498811057e-06
115 2.1955429939625195e-06
116 2.2463061441428337e-06
117 2.2984614934803084e-06
118 2.2210905438890038e-06
119 2.218713334131553e-06
120 2.2237342569955705e-06
121 2.1583696939719233e-06
122 2.1698671841715976e-06
123 2.3350834614175147e-06
124 2.3127130784527947e-06
125 2.2021575497869414e-06
126 2.335828072588725e-06
127 2.2555507115999137e-06
128 2.258058502051377e-06
129 2.18968763784671e-06
130 2.1214489442101656e-06
131 2.360113110181024e-06
132 2.3007675337050596e-06
133 2.3059421038767733e-06
134 2.3004815032685376e-06
135 2.226646940247676e-06
136 2.345333408788811e-06
137 2.272159629134702e-06
138 2.1784403833097894e-06
139 2.366406929414877e-06
140 2.356944764886715e-06
141 2.275280836423692e-06
142 2.251298581436675e-06
143 2.3247548578171837e-06
144 2.287665642781454e-06
145 2.3946267182223585e-06
146 2.122419113032206e-06
147 2.2461846525863636e-06
148 2.193762675041299e-06
149 2.3163611398683897e-06
150 2.3585104791418183e-06
151 2.2633094562532235e-06
152 2.219813342861308e-06
153 2.2385678890957002e-06
154 2.1533419289812197e-06
155 2.2637033815736136e-06
156 2.1608350586050755e-06
157 2.268923709547237e-06
158 2.2055334108585612e-06
159 2.168644954744626e-06
160 2.214331826092911e-06
161 2.2684244468482316e-06
162 2.2468780435729463e-06
163 2.200341820102088e-06
164 2.203505689037307e-06
165 2.182471280324171e-06
166 2.299684872476338e-06
167 2.1539046803374358e-06
168 2.4516845363715256e-06
169 2.394707596707855e-06
170 2.178878602175019e-06
171 2.236038724219583e-06
172 2.290485983885538e-06
173 2.2023836454509376e-06
174 2.3681605222252762e-06
175 2.339628913287393e-06
176 2.1966267846635525e-06
177 2.2320998293760325e-06
178 2.193027539999527e-06
179 2.1815230555259538e-06
180 2.333001945831861e-06
181 2.2204456618083747e-06
182 2.1903217657988195e-06
183 2.2797332329578158e-06
184 2.1687384212498735e-06
185 2.2876306695140686e-06
186 2.2108122144850603e-06
187 2.268694810456443e-06
188 2.1425449151003364e-06
189 2.3867934666760064e-06
190 2.224489562136312e-06
191 2.2255762180946316e-06
192 2.16273874843638e-06
193 2.231220331379578e-06
194 2.1488240268759453e-06
195 2.2762528456560864e-06
196 2.214440099079007e-06
197 2.2044833054355834e-06
198 2.3021122486010456e-06
199 2.329590639360048e-06
200 2.268408985909413e-06
201 2.3300191974943134e-06
202 2.2763451702682954e-06
203 2.310900970110588e-06
204 2.2167618384365184e-06
205 2.275180770193469e-06
206 2.3638680905396388e-06
207 2.361796444292174e-06
208 2.17170652652976e-06
209 2.312412641155319e-06
210 2.1681738079439088e-06
211 2.1851029097084595e-06
212 2.3684998752104914e-06
213 2.3813226812610106e-06
214 2.2053808012519366e-06
215 2.1688229143186955e-06
216 2.174185931646839e-06
217 2.2460110434236034e-06
218 2.130312173242146e-06
219 2.3310494891882802e-06
220 2.1355197635891685e-06
221 2.2270900176320195e-06
222 2.1777035172852408e-06
223 2.1411164139256726e-06
224 2.231313663510117e-06
225 2.268779415539718e-06
226 2.3348664439467675e-06
227 2.2647302936478046e-06
228 2.2518594047645757e-06
229 2.2493320793580626e-06
230 2.3011074671897417e-06
231 2.24583518097574e-06
232 2.2654420677638613e-06
233 2.0791231058933436e-06
234 2.2584286035311235e-06
235 2.1625084363765703e-06
236 2.3464274403107164e-06
237 2.178641481809985e-06
238 2.248667929593976e-06
239 2.203735603746579e-06
240 2.2990572654352284e-06
241 2.2126639783266447e-06
242 2.3605265842692705e-06
243 2.374545451252979e-06
244 2.3471072589703286e-06
245 2.405911097208723e-06
246 2.254637666469446e-06
247 2.269131607233063e-06
248 2.3161033339239802e-06
249 2.237417983414672e-06
250 2.3113135048434107e-06
251 2.226614242874044e-06
252 2.4015055799330104e-06
253 2.29687331384107e-06
254 2.3014560015587125e-06
255 2.0577256460480864e-06
256 2.3618557430175483e-06
257 2.2198854223412878e-06
258 2.3360809310209475e-06
259 2.1735953707868485e-06
260 2.3338932859272414e-06
261 2.2504343928847593e-06
262 2.315321292133379e-06
263 2.181519256917466e-06
264 2.2571147113576034e-06
265 2.2737445423730866e-06
266 2.2853973685122978e-06
267 2.330604338427331e-06
268 2.2237049092274045e-06
269 2.3226235227503462e-06
270 2.2717474288731142e-06
271 2.296683807579236e-06
272 2.3467227717853355e-06
273 2.3001027970246754e-06
274 2.1878314198661685e-06
275 2.277944724185246e-06
276 2.2510719521762424e-06
277 2.2141993431837034e-06
278 2.1314706132331258e-06
279 2.110845525836758e-06
280 2.2615727001632196e-06
281 2.2985816765552774e-06
282 2.2373995181904745e-06
283 2.1411159234913553e-06
284 2.4133306838854902e-06
285 2.1823635326418175e-06
286 2.1970662407218733e-06
287 2.266693131604424e-06
288 2.2177975700211983e-06
289 2.3176280297506787e-06
290 2.2785178847970702e-06
291 2.1416204499309027e-06
292 2.220981602201504e-06
293 2.342479900591348e-06
294 2.1600708170769608e-06
295 2.260757919335321e-06
296 2.1093837360901963e-06
297 2.2236836643653618e-06
298 2.148771369913078e-06
299 2.2363923242189428e-06
