0 1.5940023944784943e-06
1 1.79133541931146e-06
2 1.6438867662495947e-06
3 1.6159036331804538e-06
4 1.7388565071491653e-06
5 1.682823697918052e-06
6 1.8243142932971744e-06
7 1.5393346203034642e-06
8 1.8321341572935483e-06
9 1.6523465877208872e-06
10 1.8000820208706257e-06
11 1.594035634234271e-06
12 1.6637534733899873e-06
13 1.7820352772209738e-06
14 1.824155080209264e-06
15 1.6838629364258017e-06
16 1.637677079816042e-06
17 1.545899611583807e-06
18 1.7137846366034237e-06
19 1.8794791911154696e-06
20 1.592308217257798e-06
21 1.6394745922912094e-06
22 1.755874684530592e-06
23 1.8365846441039573e-06
24 1.6277607154695023e-06
25 1.675630490394541e-06
26 1.7123095310055259e-06
27 1.6959290326705977e-06
28 1.7533968571034131e-06
29 1.551160568168326e-06
30 1.6654062252779723e-06
31 1.800880204726912e-06
32 1.6605348404526965e-06
33 1.8241023401709707e-06
34 1.6285615960001044e-06
35 1.545162226793908e-06
36 1.5670808514640088e-06
37 1.6313319578411325e-06
38 1.6958531103629366e-06
39 1.498374535814518e-06
40 1.7673951476839205e-06
41 1.6909693292575895e-06
42 1.7733802137521758e-06
43 1.5920632122630913e-06
44 1.7109219861534573e-06
45 1.777703505481092e-06
46 1.629200124830222e-06
47 1.5907984796689068e-06
48 1.574967581615265e-06
49 1.576483440747803e-06
50 1.646356772433661e-06
51 1.7472674868511677e-06
52 1.6081329573176936e-06
53 1.6810834349630287e-06
54 1.680626672590976e-06
55 1.81044613354752e-06
56 1.6604629437460028e-06
57 1.6505712287696353e-06
58 1.7905885631639453e-06
59 1.779796889173354e-06
60 1.7413456157484605e-06
61 1.7897325543495564e-06
62 1.6537356479953962e-06
63 1.6652856399237801e-06
64 1.696968201336308e-06
65 1.6991215837658607e-06
66 1.7736053844300345e-06
67 1.6597995758294456e-06
68 1.693353904763944e-06
69 1.742198422657953e-06
70 1.766702711831978e-06
71 1.6380048272849426e-06
72 1.5438213574092533e-06
73 1.6578659805631135e-06
74 1.5560900476445828e-06
75 1.7635123789167033e-06
76 1.6650383863864838e-06
77 1.7628911218460599e-06
78 1.6676818638628302e-06
79 1.746903530560521e-06
80 1.832365911613435e-06
81 1.6345038157712258e-06
82 1.5422515585278911e-06
83 1.7602629337845279e-06
84 1.6567904462503959e-06
85 1.680211554308375e-06
86 1.6314248851912055e-06
87 1.8190688021655695e-06
88 1.5638604619821775e-06
89 1.6592242764128863e-06
90 1.6411336637093372e-06
91 1.5666057277340077e-06
92 1.6623606617327168e-06
93 1.8152284613559463e-06
94 1.732169382118628e-06
95 1.5791746116537214e-06
96 1.6351025489423783e-06
97 1.5362517576558799e-06
98 1.680668129023353e-06
99 1.5710065162076726e-06
100 1.7717468402100373e-06
101 1.8126435682986825e-06
102 1.6026841503782026e-06
103 1.5733786684193187e-06
104 1.741970659176847e-06
105 1.4887394929677423e-06
106 1.6137658430973971e-06
107 1.5723396266030215e-06
108 1.6363000888154871e-06
109 1.7919918773012452e-06
110 1.831987571279407e-06
111 1.837794421869969e-06
112 1.7250272980664988e-06
113 1.5828107079870122e-06
114 1.5579910483287952e-06
115 1.6844704158934746e-06
116 1.690287821302622e-06
117 1.6741234164102354e-06
118 1.8106783962422953e-06
119 1.6042757421331126e-06
120 1.5825943327788346e-06
121 1.578814966931488e-06
122 1.5782453421414284e-06
123 1.5793029752952595e-06
124 1.5781824445952812e-06
125 1.5616704265707879e-06
126 1.6552943920780147e-06
127 1.6187179220338134e-06
128 1.6975094299507954e-06
129 1.6036756069936105e-06
130 1.6257886413650705e-06
131 1.6645161854614276e-06
132 1.6933672429215978e-06
133 1.71884145143931e-06
134 1.5962227448317404e-06
135 1.644200372677025e-06
136 1.589761760889094e-06
137 1.6763599763727833e-06
138 1.6440205493954142e-06
139 1.6020348880117365e-06
140 1.6778404859574287e-06
141 1.8472710008916006e-06
142 1.684038486070691e-06
143 1.7162731214155353e-06
144 1.6191353854671652e-06
145 1.6857485009089896e-06
146 1.4864888583261053e-06
147 1.7218563324494077e-06
148 1.8498533107046383e-06
149 1.601150331593303e-06
150 1.601311528489046e-06
151 1.7198712784498245e-06
152 1.7194646066648609e-06
153 1.5502115667074491e-06
154 1.643119104880809e-06
155 1.6162036437396851e-06
156 1.767301727186599e-06
157 1.824719866784097e-06
158 1.5285979832032977e-06
159 1.603493668363018e-06
160 1.5636782278398195e-06
161 1.6828881415949518e-06
162 1.538682369247734e-06
163 1.7832035960949442e-06
164 1.6940722986770797e-06
165 1.5699979916535215e-06
166 1.7050482610727203e-06
167 1.6847088103732088e-06
168 1.6473447474869322e-06
169 1.7605570554927719e-06
170 1.6856593435397065e-06
171 1.5896687581234967e-06
172 1.6376555155068369e-06
173 1.637447279259535e-06
174 1.6892407239744992e-06
175 1.6710484165416603e-06
176 1.591064925743635e-06
177 1.7779890419056598e-06
178 1.5814071418966756e-06
179 1.6958683415855265e-06
180 1.6653209193207745e-06
181 1.6180600545300378e-06
182 1.4488537356695893e-06
183 1.5230975502960229e-06
184 1.5587424729330406e-06
185 1.7535911867037125e-06
186 1.5980126988039362e-06
187 1.693056090935443e-06
188 1.71812099562105e-06
189 1.6973781112431225e-06
190 1.6491413689939277e-06
191 1.6519541026138327e-06
192 1.5541008000156513e-06
193 1.5105857586871974e-06
194 1.6448922799256986e-06
195 1.5990256543911936e-06
196 1.5827832771088096e-06
197 1.612911673750903e-06
198 1.750671307860646e-06
199 1.6647156508373756e-06
200 1.5932857819697416e-06
201 1.5399222054383934e-06
202 1.5745703534729517e-06
203 1.5316860218322466e-06
204 1.878791910212177e-06
205 1.601251116168297e-06
206 1.5924880097163836e-06
207 1.6969351163930029e-06
208 1.812081838401262e-06
209 1.6666363451294648e-06
210 1.6590900624708638e-06
211 1.696044432799619e-06
212 1.8106898102291544e-06
213 1.679590550152515e-06
214 1.62672801331656e-06
215 1.4350635968140932e-06
216 1.4915348698287813e-06
217 1.6908079338745487e-06
218 1.7542114855667478e-06
219 1.5155989143399287e-06
220 1.7369908778862647e-06
221 1.6259815574388527e-06
222 1.6963433585175872e-06
223 1.7982860204493371e-06
224 1.6580512899841727e-06
225 1.7701193550900284e-06
226 1.6439366129405618e-06
227 1.7390209118052045e-06
228 1.5087251288576693e-06
229 1.720816559874704e-06
230 1.7020892235087313e-06
231 1.6418720372122194e-06
232 1.8481378251682347e-06
233 1.5408486826026586e-06
234 1.4565793197050503e-06
235 1.6603730680348467e-06
236 1.7542686111314528e-06
237 1.6381831537897043e-06
238 1.798490264935153e-06
239 1.7390626431540712e-06
240 1.7611923719143822e-06
241 1.4439430804865519e-06
242 1.7074157537414823e-06
243 1.6485517782594426e-06
244 1.6396882553788463e-06
245 1.6868231743004137e-06
246 1.6649618440610808e-06
247 1.7692913489169582e-06
248 1.7845651679757269e-06
249 1.5968813359271073e-06
250 1.8924593694404442e-06
251 1.621919703445472e-06
252 1.6633364534282548e-06
253 1.7304099481101643e-06
254 1.5695168605242322e-06
255 1.6554498150223994e-06
256 1.6203773605124702e-06
257 1.655219777323508e-06
258 1.7302976591060835e-06
259 1.753700189279986e-06
260 1.611359329074317e-06
261 1.5715286756049957e-06
262 1.692531092419729e-06
263 1.6772444838637865e-06
264 1.7174748427192763e-06
265 1.6994604579278062e-06
266 1.7798219944019288e-06
267 1.6677924285987714e-06
268 1.6874711770565442e-06
269 1.8083979728781175e-06
270 1.6146306294856478e-06
271 1.6862101731586272e-06
272 1.7280576642808073e-06
273 1.4884295104056652e-06
274 1.684413140539902e-06
275 1.7063343369252837e-06
276 1.7121047409087375e-06
277 1.5669924053836528e-06
278 1.723505593015804e-06
279 1.764445231435203e-06
280 1.7281203977197963e-06
281 1.7726574041978079e-06
282 1.6599287638683888e-06
283 1.642043285854615e-06
284 1.7317366508113113e-06
285 1.8074003401822019e-06
286 1.6349139826992546e-06
287 1.7973415238153358e-06
288 1.660546670523364e-06
289 1.8033311328914133e-06
290 1.6707372395821554e-06
291 1.6719029550387514e-06
292 1.6847644149915453e-06
293 1.7036019682940037e-06
294 1.7118625375233362e-06
295 1.6282413866718938e-06
296 1.7380325148406632e-06
297 1.7614262395812503e-06
298 1.6194899379920195e-06
299 1.709797179027608e-06
