0 3.7374617608990076e-07
1 3.2887232606056955e-07
2 3.991333007911916e-07
3 4.879812620815076e-07
4 4.0136276752486203e-07
5 4.40227851357734e-07
6 3.488686690105617e-07
7 4.0849667366776074e-07
8 3.4960236498983027e-07
9 4.106806381246388e-07
10 3.553983771865967e-07
11 3.9884167205086805e-07
12 4.2911285810518884e-07
13 3.1733147628165783e-07
14 3.3010928201533323e-07
15 3.981760049565895e-07
16 4.04567389115645e-07
17 3.5615825302106147e-07
18 3.872562192241646e-07
19 3.474445278954618e-07
20 4.042021908692513e-07
21 4.2509647016668065e-07
22 3.5248965804406835e-07
23 3.2969377245614435e-07
24 3.8608143090419414e-07
25 3.9646146507925323e-07
26 3.735287676608235e-07
27 3.498982484116145e-07
28 3.8978695103857775e-07
29 4.398779038421606e-07
30 3.299879781721496e-07
31 3.8894318723800774e-07
32 3.52416976306989e-07
33 3.216387527166655e-07
34 3.356837190174198e-07
35 4.4326392360780115e-07
36 4.4037572738314465e-07
37 3.6439321444110396e-07
38 3.3483964216760265e-07
39 4.0032023927667087e-07
40 3.5875895729793176e-07
41 3.5110099618706514e-07
42 3.6743784044320826e-07
43 4.0437234866221915e-07
44 3.8639203020568275e-07
45 3.8444135969679686e-07
46 3.127978652380071e-07
47 3.562335328332862e-07
48 3.7957723128642184e-07
49 3.8727844349535797e-07
50 3.4854654124584473e-07
51 3.375176753743464e-07
52 3.6927822893514784e-07
53 4.343239834480616e-07
54 3.8151142110091503e-07
55 3.6986277558268435e-07
56 4.532127874139906e-07
57 3.989777489796281e-07
58 3.7576856567420145e-07
59 3.279288982223917e-07
60 3.6362690396540355e-07
61 3.135092743798159e-07
62 4.0363525319686673e-07
63 3.3912934840102543e-07
64 3.4750298804921176e-07
65 3.988153430192014e-07
66 3.7563748276514156e-07
67 3.940782608636362e-07
68 3.9727010102936044e-07
69 3.4125776449284354e-07
70 3.9080845436738905e-07
71 4.544391642642055e-07
72 4.496349669017669e-07
73 3.0626508061760295e-07
74 3.737957389455806e-07
75 3.4549467683522163e-07
76 3.739998335824699e-07
77 4.146365075168468e-07
78 3.849525153255996e-07
79 4.0170480725898723e-07
80 3.9403139791956933e-07
81 3.559519525868746e-07
82 4.636947963303301e-07
83 3.9265737033938086e-07
84 3.791648926295014e-07
85 4.1292341184699526e-07
86 3.947338234750351e-07
87 4.056957419166248e-07
88 4.01016238958651e-07
89 3.520543866050171e-07
90 4.157262810890063e-07
91 3.5561895574983165e-07
92 4.572614670083351e-07
93 3.795285866100755e-07
94 3.8872055785142853e-07
95 3.904533879697888e-07
96 3.997830766037432e-07
97 3.8145952700555967e-07
98 4.4277894655930135e-07
99 3.9364836662000867e-07
100 3.5940712457254695e-07
101 3.086396738438768e-07
102 4.0504570009451173e-07
103 3.969652030029622e-07
104 3.988395852638465e-07
105 4.2646068287464326e-07
106 4.392541179753202e-07
107 4.251815225545766e-07
108 4.556038345410808e-07
109 3.678603946056049e-07
110 4.034646274662963e-07
111 3.725368558818673e-07
112 3.801655282901764e-07
113 4.023313527567945e-07
114 4.190524594858818e-07
115 4.115437411999409e-07
116 3.733228222223995e-07
117 3.4721722518070924e-07
118 3.5059995742389576e-07
119 4.111458717430836e-07
120 4.0154579918050214e-07
121 4.112280675140126e-07
122 4.271542169046986e-07
123 3.753072490858164e-07
124 4.3278368623140434e-07
125 4.644874376883527e-07
126 3.2533734448595776e-07
127 4.006776088354336e-07
128 3.635917725758725e-07
129 3.658480038939164e-07
130 3.770800437013191e-07
131 3.594305378673043e-07
132 4.1267663805103346e-07
133 4.418335989478056e-07
134 3.750476404854647e-07
135 3.6631106333084296e-07
136 4.036954240879959e-07
137 3.5936591460298377e-07
138 3.8663731785810206e-07
139 4.0110639743253613e-07
140 4.252227915573299e-07
141 3.9763828251288964e-07
142 3.8339176276993684e-07
143 3.8524109314054523e-07
144 3.741338930045551e-07
145 3.9718440845577177e-07
146 3.6911568048623954e-07
147 4.136697298761086e-07
148 3.709356343434543e-07
149 3.9655089458768e-07
150 3.92973692884351e-07
151 3.946739391032327e-07
152 4.112222484578793e-07
153 4.0829818659355305e-07
154 3.7667148773684666e-07
155 4.0179627615044544e-07
156 3.982358196107507e-07
157 3.5419828710946494e-07
158 3.934667998487632e-07
159 3.8450226122590134e-07
160 3.8366383538646024e-07
161 3.51410044976275e-07
162 4.331800084065149e-07
163 3.4504076640129133e-07
164 4.0727637723823243e-07
165 4.467928293335712e-07
166 4.240389647906012e-07
167 4.2882102963743684e-07
168 3.3459797362073565e-07
169 3.969317544873486e-07
170 3.927839010403674e-07
171 4.2564784293607454e-07
172 4.1808861693039445e-07
173 4.413503761587346e-07
174 3.7042244193851607e-07
175 3.054190667634595e-07
176 4.214991184082265e-07
177 3.527577257623709e-07
178 3.984002000387682e-07
179 4.2024873984205975e-07
180 3.687579299949974e-07
181 4.1031185314494557e-07
182 4.548557198349006e-07
183 3.61709149135858e-07
184 3.9994575670362523e-07
185 3.223612157189353e-07
186 3.8144334671547636e-07
187 3.9278522592605837e-07
188 3.996660353055953e-07
189 3.723666221749528e-07
190 4.1672735621508056e-07
191 4.125087247805713e-07
192 3.9599191726504027e-07
193 4.0713493457866763e-07
194 3.58552019538643e-07
195 4.3775549631146036e-07
196 3.6371338091237937e-07
197 4.5438694879136634e-07
198 3.9982722634559823e-07
199 4.099545260272168e-07
200 4.473983603869248e-07
201 4.3702984137782905e-07
202 3.9202742264598747e-07
203 3.8618903552547863e-07
204 3.925817613573956e-07
205 4.59633149915789e-07
206 4.2757044670154396e-07
207 3.163460631995629e-07
208 4.041779147203824e-07
209 4.4624868789043615e-07
210 4.171649906642625e-07
211 4.149156119145506e-07
212 4.014912457912206e-07
213 4.0087243592323283e-07
214 3.4584111822352523e-07
215 4.445742121121205e-07
216 4.622574614713116e-07
217 3.53800423174759e-07
218 3.2970774507544293e-07
219 3.8671420022084985e-07
220 3.8673863189124753e-07
221 3.92711584933879e-07
222 3.116792965412875e-07
223 4.4177411459759134e-07
224 3.8477439398188607e-07
225 2.986616531110586e-07
226 4.193178662364806e-07
227 3.989707172665329e-07
228 3.906579569434086e-07
229 3.813076821119185e-07
230 3.6780523628923384e-07
231 3.673041494674293e-07
232 3.345401543849259e-07
233 4.0115514030572635e-07
234 4.3670330958284064e-07
235 4.059875049407528e-07
236 3.4723894015471517e-07
237 3.853787733014365e-07
238 4.0068227321753574e-07
239 3.5540558991720546e-07
240 3.359694972373916e-07
241 4.115944270017473e-07
242 3.4740799866641276e-07
243 3.8630334570647886e-07
244 4.280121954509758e-07
245 3.553003377363737e-07
246 3.644987631453074e-07
247 3.8587885694009767e-07
248 4.075668960822346e-07
249 4.2364879945502107e-07
250 3.4912083679265106e-07
251 3.654307387199408e-07
252 3.610542110638749e-07
253 3.907851613945868e-07
254 3.818536464268429e-07
255 4.1880546861155816e-07
256 3.771704191539801e-07
257 3.9510580046575574e-07
258 3.801297762134844e-07
259 4.08347063513365e-07
260 4.378756018913744e-07
261 4.0985585076608765e-07
262 3.539251055998158e-07
263 4.0770121227820335e-07
264 4.056550422727435e-07
265 3.917757214024947e-07
266 3.781744176708767e-07
267 3.6989406677338133e-07
268 4.08948469062935e-07
269 3.6431158635153677e-07
270 3.994192168867347e-07
271 3.875266753209677e-07
272 4.131257805887545e-07
273 4.252105358878019e-07
274 3.9232779963709914e-07
275 4.083552994176512e-07
276 4.293792709984099e-07
277 3.9395803986478543e-07
278 3.9936859721792485e-07
279 3.7148806310658884e-07
280 4.0316948302038544e-07
281 3.07640163373397e-07
282 3.6183440552112855e-07
283 4.650759746297044e-07
284 3.8155089877415783e-07
285 3.4329977134060447e-07
286 4.3845893490483836e-07
287 3.613114786564195e-07
288 4.0642335628240206e-07
289 3.4391606748208917e-07
290 3.629590610597551e-07
291 3.9118986267586127e-07
292 3.9077546977108764e-07
293 3.67580246383115e-07
294 4.060400005958095e-07
295 3.7690983333375304e-07
296 3.903557660916214e-07
297 3.7873386857801174e-07
298 4.23011722840411e-07
299 3.650410657235967e-07
