0 2.3251306450917744e-06
1 2.4349234483634874e-06
2 2.3415653399079167e-06
3 2.4192429934508884e-06
4 2.4614311283928726e-06
5 2.3460391731028283e-06
6 2.559458199074973e-06
7 2.336599201054314e-06
8 2.5276545339962332e-06
9 2.358610246745479e-06
10 2.50781309396411e-06
11 2.334178880850124e-06
12 2.3908967657781826e-06
13 2.5313860935145868e-06
14 2.4922065577038268e-06
15 2.43485760756239e-06
16 2.338404929373476e-06
17 2.3274719844014654e-06
18 2.38975034137027e-06
19 2.493383246599755e-06
20 2.308799991342581e-06
21 2.309167973805807e-06
22 2.409897653772664e-06
23 2.4919935998056776e-06
24 2.362911563391582e-06
25 2.4150746710137754e-06
26 2.359480434989011e-06
27 2.3870684221219588e-06
28 2.4321035697306833e-06
29 2.3321312012024227e-06
30 2.346534988889499e-06
31 2.5439911817307415e-06
32 2.3764405538103444e-06
33 2.5245398015277714e-06
34 2.376451725531582e-06
35 2.3004116760567415e-06
36 2.303451981961722e-06
37 2.3733571887156583e-06
38 2.447324986663141e-06
39 2.2860739336255146e-06
40 2.4864360138963096e-06
41 2.4948629362395395e-06
42 2.4289707672707705e-06
43 2.259083692890799e-06
44 2.396344362470599e-06
45 2.439417723269148e-06
46 2.3805370926405236e-06
47 2.321261383939619e-06
48 2.272420924021014e-06
49 2.317203911631977e-06
50 2.4251659829596393e-06
51 2.5082960628014483e-06
52 2.3705536681587055e-06
53 2.4113210725660208e-06
54 2.3931603886402295e-06
55 2.5136809186218173e-06
56 2.4038857572015293e-06
57 2.4226268870035835e-06
58 2.4651958830575844e-06
59 2.522461062094834e-06
60 2.3669170467298908e-06
61 2.549801535955873e-06
62 2.3072180614471558e-06
63 2.3637050384171982e-06
64 2.4094692873830093e-06
65 2.4203253100560677e-06
66 2.41395520334612e-06
67 2.4093912173184606e-06
68 2.4980007905422186e-06
69 2.4070714912810517e-06
70 2.3722371786500223e-06
71 2.3917980276673547e-06
72 2.2854747481516005e-06
73 2.3939371593729375e-06
74 2.2703408521227165e-06
75 2.489359926602023e-06
76 2.36231099390057e-06
77 2.408374379767872e-06
78 2.3288612427698387e-06
79 2.4127319881537282e-06
80 2.487795827933384e-06
81 2.3740739752638453e-06
82 2.2398406150442263e-06
83 2.4334216679519733e-06
84 2.403446362136161e-06
85 2.41398372433663e-06
86 2.297712013975215e-06
87 2.520675105637366e-06
88 2.319881382779918e-06
89 2.3831242614331505e-06
90 2.365189447698939e-06
91 2.3132720758255687e-06
92 2.2888783152911494e-06
93 2.432151143537294e-06
94 2.4581213382470866e-06
95 2.268217945045241e-06
96 2.255851921525251e-06
97 2.284683940718293e-06
98 2.3839437146493957e-06
99 2.2386619416149846e-06
100 2.441310550642895e-06
101 2.4443203211223983e-06
102 2.2951035847130337e-06
103 2.3073061061872725e-06
104 2.4278919163127017e-06
105 2.2199151863079913e-06
106 2.2896089002422355e-06
107 2.1837544258532492e-06
108 2.37173031039065e-06
109 2.478790215098739e-06
110 2.4076334474322777e-06
111 2.5299338403598938e-06
112 2.4727006910840885e-06
113 2.3235130321378285e-06
114 2.3068829189221957e-06
115 2.365147438995934e-06
116 2.396814746323008e-06
117 2.4090492595880922e-06
118 2.4719254194384746e-06
119 2.310205877568078e-06
120 2.3022999807029746e-06
121 2.2606629431560855e-06
122 2.267419493909885e-06
123 2.3641030833128006e-06
124 2.3439779408141278e-06
125 2.267100094281233e-06
126 2.428102826573547e-06
127 2.338714032285756e-06
128 2.3996356165993528e-06
129 2.2992258897333693e-06
130 2.28166432430047e-06
131 2.441334784390495e-06
132 2.4218386425927478e-06
133 2.434408694241373e-06
134 2.3526986281047505e-06
135 2.354836279697252e-06
136 2.3739393422689038e-06
137 2.3990214629138494e-06
138 2.323596887322633e-06
139 2.386709095091544e-06
140 2.4324140335843936e-06
141 2.5138087621076954e-06
142 2.3880734412371253e-06
143 2.4463794564964104e-06
144 2.370889756314394e-06
145 2.4675538649931853e-06
146 2.1815812804243617e-06
147 2.409890349279487e-06
148 2.4777527020401345e-06
149 2.3673478936387706e-06
150 2.3887735999866692e-06
151 2.414492869265835e-06
152 2.3957052569778176e-06
153 2.2804038755650146e-06
154 2.3063211409086634e-06
155 2.3519899084483243e-06
156 2.396519921689002e-06
157 2.50030891240714e-06
158 2.245454746357571e-06
159 2.281986850337651e-06
160 2.2857541261384586e-06
161 2.403515094218927e-06
162 2.279083833176415e-06
163 2.43201122546103e-06
164 2.3718109391991437e-06
165 2.26368541422718e-06
166 2.4289250687993615e-06
167 2.3297760703789714e-06
168 2.4794707545991214e-06
169 2.511252353383198e-06
170 2.345100925180911e-06
171 2.3120681725740554e-06
172 2.378618546505198e-06
173 2.316110844875784e-06
174 2.4528710850415142e-06
175 2.435663051941163e-06
176 2.2911113201956713e-06
177 2.4513149896285258e-06
178 2.2754652634682067e-06
179 2.3484640489479655e-06
180 2.4163059045285184e-06
181 2.3201816131806704e-06
182 2.18035042570067e-06
183 2.2983452867029144e-06
184 2.2547868902529686e-06
185 2.4722880753350867e-06
186 2.3123969266889e-06
187 2.4037460020646813e-06
188 2.357820136737323e-06
189 2.4752969531392354e-06
190 2.340316536295009e-06
191 2.3511514133473863e-06
192 2.2479508250935782e-06
193 2.259886274636138e-06
194 2.307562139496045e-06
195 2.3348761542698723e-06
196 2.300288423503148e-06
197 2.302507402033901e-06
198 2.4659107410936415e-06
199 2.4085654446278036e-06
200 2.324858659453293e-06
201 2.3158930001536253e-06
202 2.3253757224197807e-06
203 2.309911966630171e-06
204 2.5029413288416198e-06
205 2.3301761206771697e-06
206 2.377409384922533e-06
207 2.468634284610695e-06
208 2.432576163561772e-06
209 2.4012615244006546e-06
210 2.3215513486026454e-06
211 2.3550300011512528e-06
212 2.5382158875684983e-06
213 2.4558283305086292e-06
214 2.3301249735057416e-06
215 2.1599979915179264e-06
216 2.203123924875934e-06
217 2.3953491243219607e-06
218 2.3830426745888513e-06
219 2.3176816261722305e-06
220 2.376947363226049e-06
221 2.3384099162485583e-06
222 2.377939281478313e-06
223 2.4061046738190386e-06
224 2.3571927870515524e-06
225 2.4728903236226105e-06
226 2.404226122189729e-06
227 2.4287296757198424e-06
228 2.2646378279822816e-06
229 2.407412994115132e-06
230 2.433887892870419e-06
231 2.359629662384176e-06
232 2.523441845981003e-06
233 2.1906829110646227e-06
234 2.2236241940183807e-06
235 2.324271589916237e-06
236 2.4954689982031025e-06
237 2.3216067380668313e-06
238 2.4608543213211036e-06
239 2.404232843771328e-06
240 2.4702441911484387e-06
241 2.1888317457221155e-06
242 2.4669424350930423e-06
243 2.4256867689006126e-06
244 2.4001587425811484e-06
245 2.4781216639265693e-06
246 2.373790038423887e-06
247 2.453024818734196e-06
248 2.4911989075259036e-06
249 2.3143546956684016e-06
250 2.576203509623353e-06
251 2.339029884048546e-06
252 2.4574450589139034e-06
253 2.444480955030394e-06
254 2.3418582493892273e-06
255 2.2623441469762357e-06
256 2.4025690291536457e-06
257 2.3507921984617383e-06
258 2.4722814426939104e-06
259 2.3893959493628308e-06
260 2.3758653337936698e-06
261 2.309675425003992e-06
262 2.42912400107555e-06
263 2.3365508589787165e-06
264 2.4097181784624157e-06
265 2.4080574417029043e-06
266 2.4716483387117753e-06
267 2.4255587996562907e-06
268 2.36890145979692e-06
269 2.5250033206370214e-06
270 2.3483510068817784e-06
271 2.417157922027767e-06
272 2.4629583915048146e-06
273 2.2716030301419536e-06
274 2.3588828621148084e-06
275 2.4151140486242096e-06
276 2.4018733844322217e-06
277 2.286541873446995e-06
278 2.3555093357471057e-06
279 2.3721468632806593e-06
280 2.421802163381154e-06
281 2.4835643384243663e-06
282 2.3666339826489807e-06
283 2.28804740982809e-06
284 2.5050509901826396e-06
285 2.44224665000614e-06
286 2.3183582079080776e-06
287 2.48821134884982e-06
288 2.346449499803606e-06
289 2.515074826375833e-06
290 2.3954828590327505e-06
291 2.3261397527858215e-06
292 2.37459437716392e-06
293 2.450696084648698e-06
294 2.3603027195899448e-06
295 2.3613819113331864e-06
296 2.349296768639657e-06
297 2.4297276515313233e-06
298 2.2816114105319405e-06
299 2.4048340409089016e-06
