0 3.6219007568599213e-07
1 5.564191970653015e-07
2 4.1397977821515743e-07
3 3.264656479085305e-07
4 4.6256964407538977e-07
5 4.6695931952623093e-07
6 5.179840590138197e-07
7 2.7732778887716813e-07
8 5.539635059877123e-07
9 4.104795220051093e-07
10 5.19674453028186e-07
11 3.590401552272611e-07
12 4.1427162581343854e-07
13 4.6894098926088266e-07
14 5.642479432166635e-07
15 4.1514105046829947e-07
16 4.086635609557244e-07
17 2.9608719013268027e-07
18 4.791510492411433e-07
19 6.481397858678877e-07
20 3.7077619079253356e-07
21 4.2650058550247044e-07
22 5.263585929073624e-07
23 5.791764751961114e-07
24 3.7945745978584724e-07
25 4.098206126286594e-07
26 4.975753312741519e-07
27 4.5569941899147397e-07
28 5.109058543845605e-07
29 3.040293605433015e-07
30 4.4670372185381783e-07
31 4.92156863911502e-07
32 4.1854600576549937e-07
33 5.409223976643803e-07
34 3.8149420065364193e-07
35 3.080325187024895e-07
36 3.373780296755096e-07
37 3.775996227761114e-07
38 4.1550150544905477e-07
39 2.527081056373793e-07
40 4.81818599859913e-07
41 3.8119774120694345e-07
42 5.386894009012119e-07
43 4.0547924318647034e-07
44 4.7104644639589293e-07
45 5.393867994655863e-07
46 3.620857242313654e-07
47 3.5340243034046103e-07
48 3.750041223070903e-07
49 3.4339381525761763e-07
50 3.5137603428365574e-07
51 4.382813832400558e-07
52 3.423398690629723e-07
53 4.200213133052509e-07
54 4.1817547320455035e-07
55 5.354546999295241e-07
56 4.028113580436654e-07
57 3.8216276334747774e-07
58 5.308158869625077e-07
59 4.823077144897291e-07
60 5.352968015836817e-07
61 4.755974460971855e-07
62 4.524903212291273e-07
63 4.3257803865278315e-07
64 4.458944473098742e-07
65 4.368402350096839e-07
66 5.374150419416479e-07
67 3.9961190692786884e-07
68 3.8230033590788567e-07
69 5.001540817362887e-07
70 5.61964966395388e-07
71 3.792932056175639e-07
72 3.112913192380694e-07
73 3.951824358001093e-07
74 3.4698549528500867e-07
75 4.7660654266625423e-07
76 4.342860228165037e-07
77 5.375256730399017e-07
78 4.548585700038768e-07
79 5.194554815476841e-07
80 5.682223736948399e-07
81 3.830762185985719e-07
82 3.495552712862787e-07
83 5.131401594521793e-07
84 3.9132704115047536e-07
85 4.221304268457568e-07
86 4.2928316120447123e-07
87 5.216442783032539e-07
88 3.1442594136171805e-07
89 4.115924681264745e-07
90 3.940417932163364e-07
91 3.234591125876753e-07
92 4.739516173384042e-07
93 5.825617339213613e-07
94 4.532686105003617e-07
95 3.831217041237231e-07
96 4.58330551823112e-07
97 3.15067014490961e-07
98 4.3791756242450617e-07
99 3.859053621712379e-07
100 5.239850081890982e-07
101 5.831481437389248e-07
102 3.9525206707801155e-07
103 3.476875833455187e-07
104 4.895959172472095e-07
105 2.9053374612848217e-07
106 4.069343844466298e-07
107 4.2703765322782645e-07
108 3.8047692207952415e-07
109 5.215540121856391e-07
110 6.336489123191047e-07
111 5.51342236031906e-07
112 4.430099305368995e-07
113 3.503632157786288e-07
114 3.133069865078006e-07
115 4.418686353621238e-07
116 4.401012894710707e-07
117 4.1713836046441225e-07
118 5.485605534907873e-07
119 3.8597265104966095e-07
120 3.5519225467718973e-07
121 3.847783001489956e-07
122 3.746636434181325e-07
123 3.0604770497657393e-07
124 3.1432051871549847e-07
125 3.5434043388933273e-07
126 3.740350984360643e-07
127 3.927714871263979e-07
128 4.5167586464301327e-07
129 3.965212885895098e-07
130 4.340258540885828e-07
131 3.799242174490025e-07
132 4.2566715760793083e-07
133 4.532558553007221e-07
134 3.442138051972772e-07
135 4.050106942542826e-07
136 3.1658926254455084e-07
137 4.3044544739936274e-07
138 4.301885474289956e-07
139 3.3266109500995864e-07
140 4.0871738369500563e-07
141 5.801678111824427e-07
142 4.4544153750572336e-07
143 4.459904882091672e-07
144 3.538798005671756e-07
145 3.8381905978158396e-07
146 3.0395928719179927e-07
147 4.79821889851524e-07
148 6.091369790327408e-07
149 3.3517879520909393e-07
150 3.2784567056261387e-07
151 4.780078542447157e-07
152 4.821517278547119e-07
153 3.3497283326515805e-07
154 4.382027919018633e-07
155 3.617114370402225e-07
156 5.460332352602628e-07
157 5.58696070034652e-07
158 3.287128165030008e-07
159 4.0320306884385326e-07
160 3.4046645313879786e-07
161 4.3359558288028326e-07
162 3.127264407793598e-07
163 5.526051519074496e-07
164 4.58558766937001e-07
165 3.699626217051047e-07
166 4.387260950143552e-07
167 4.793105556613956e-07
168 3.289790924738729e-07
169 4.7029266606868637e-07
170 4.813376484213761e-07
171 3.6222576439998857e-07
172 3.808477137116043e-07
173 4.2699655233560614e-07
174 4.129944048778302e-07
175 3.977494611187798e-07
176 3.7824155167536107e-07
177 5.265601911181018e-07
178 3.8254859586486726e-07
179 4.858951546797487e-07
180 4.0107110761874796e-07
181 3.9598393509519026e-07
182 2.574492461357892e-07
183 2.7649124904598646e-07
184 3.5733042756670284e-07
185 4.7043029264146235e-07
186 3.6739004811108924e-07
187 4.5083187717347394e-07
188 5.044437056960806e-07
189 4.0013101192107224e-07
190 4.331234102029416e-07
191 4.251950943411442e-07
192 3.5190496746508063e-07
193 2.7706421126501014e-07
194 4.4197746596934785e-07
195 3.5774939591617785e-07
196 3.6290700187557725e-07
197 4.0210519177477793e-07
198 4.7369136700563053e-07
199 4.0709939025972026e-07
200 3.5714467390563237e-07
201 2.95231358809673e-07
202 3.265207620797863e-07
203 2.84435879321868e-07
204 6.286858680809362e-07
205 3.7376429173380326e-07
206 3.2573766791034804e-07
207 4.0049114086748706e-07
208 5.83856585928044e-07
209 4.0714015417571366e-07
210 4.5552251773561023e-07
211 4.833219720339629e-07
212 5.135612977979059e-07
213 3.8582215354198004e-07
214 3.9956029229044655e-07
215 2.602636800413519e-07
216 3.0375485108840994e-07
217 4.4808349684865777e-07
218 5.39149604945369e-07
219 2.544100910148311e-07
220 5.01995208628586e-07
221 3.8552895336327755e-07
222 4.516130550003562e-07
223 5.84675977194734e-07
224 4.2473539392504626e-07
225 4.971746312326916e-07
226 3.7496358614103326e-07
227 4.946273894357422e-07
228 2.8497937496205124e-07
229 4.871045710622957e-07
230 4.30219413410227e-07
231 4.028167536406322e-07
232 5.760262439587604e-07
233 3.8204295108057026e-07
234 2.3875142020423786e-07
235 4.453200020769803e-07
236 4.641617620836272e-07
237 4.158993734712351e-07
238 5.564336665553506e-07
239 5.087170432741912e-07
240 5.009022199560669e-07
241 2.578133123545849e-07
242 4.2770039117460254e-07
243 3.687473421796243e-07
244 3.771983204738277e-07
245 3.8904323961715894e-07
246 4.3049690304168576e-07
247 5.220540060075947e-07
248 5.116805042703254e-07
249 3.720449848666552e-07
250 6.022121829467562e-07
251 3.856796840934997e-07
252 3.6638163033353094e-07
253 4.692767094563338e-07
254 3.0491978569739253e-07
255 4.876825793832746e-07
256 3.47629011094092e-07
257 4.256382136925968e-07
258 4.474273741314401e-07
259 5.371705179741452e-07
260 3.4988464475393843e-07
261 3.323065368714717e-07
262 4.254145372376544e-07
263 4.697329215389468e-07
264 4.752638313551715e-07
265 4.514523753140905e-07
266 5.229923846625751e-07
267 3.923895810051206e-07
268 4.6053199430847557e-07
269 5.083484154044873e-07
270 3.7864853341777713e-07
271 4.206356776818988e-07
272 4.4804975660303654e-07
273 2.4762504934431147e-07
274 4.5697349325838524e-07
275 4.538903058952721e-07
276 4.727101665242943e-07
277 3.504373876911651e-07
278 5.169467254543664e-07
279 5.604289792419816e-07
280 4.811698416317359e-07
281 5.004237096669133e-07
282 4.2887575170367146e-07
283 4.465250743865519e-07
284 4.373192454769766e-07
285 5.736716657434514e-07
286 4.233378037024082e-07
287 5.271947158249302e-07
288 4.350962925239486e-07
289 5.187195506190849e-07
290 4.15943813105715e-07
291 4.5147340443682613e-07
292 4.4846253649224337e-07
293 4.320977691263077e-07
294 4.992150554576348e-07
295 3.7795596366063964e-07
296 5.414994624606767e-07
297 5.196743817028499e-07
298 4.2336590300574863e-07
299 4.5982335533990314e-07
