0 -9.485427633289112e-07
1 -8.078149355110625e-07
2 -9.196645336178302e-07
3 -1.032240321398334e-06
4 -9.150328669469983e-07
5 -8.676063845804787e-07
6 -8.868955843684197e-07
7 -1.0370763535794115e-06
8 -8.367251839640894e-07
9 -9.349114598373724e-07
10 -8.716940505052353e-07
11 -9.52652031188436e-07
12 -9.251715974978071e-07
13 -9.33644925199302e-07
14 -8.172166753975955e-07
15 -9.314871669254772e-07
16 -9.193873673712575e-07
17 -1.0105672223593379e-06
18 -8.731349759870485e-07
19 -7.313898085077983e-07
20 -9.369333686905228e-07
21 -8.992137866130139e-07
22 -8.228443980457262e-07
23 -8.092108925775471e-07
24 -9.547974486692081e-07
25 -9.397097081960451e-07
26 -8.416754168508144e-07
27 -8.893114570963862e-07
28 -8.501511855842867e-07
29 -1.0028887535115562e-06
30 -8.720297198688269e-07
31 -9.157797323264556e-07
32 -9.129060533259684e-07
33 -8.526576626984825e-07
34 -9.409400552108684e-07
35 -1.0008816615612793e-06
36 -9.715939782731424e-07
37 -9.58038288045275e-07
38 -9.46471735201733e-07
39 -1.0466916093134596e-06
40 -9.114281934610607e-07
41 -9.932751696585028e-07
42 -8.177428462319554e-07
43 -8.884584546634985e-07
44 -8.809877639330019e-07
45 -8.22000719649156e-07
46 -9.75792695057719e-07
47 -9.6653205365561e-07
48 -9.17972095951281e-07
49 -9.660494178693937e-07
50 -1.014767604171568e-06
51 -9.537290967055636e-07
52 -9.978972833441133e-07
53 -9.372684743433305e-07
54 -9.447738615840218e-07
55 -8.514664201987268e-07
56 -9.432756549815182e-07
57 -9.551838327348076e-07
58 -8.503676048031738e-07
59 -9.088394718700561e-07
60 -8.069525598003555e-07
61 -9.296015391195705e-07
62 -8.700722317153733e-07
63 -8.982985612928221e-07
64 -8.957542945608457e-07
65 -9.222356495978691e-07
66 -8.329266956834893e-07
67 -9.39679042715359e-07
68 -9.942966323189047e-07
69 -8.607783635036158e-07
70 -7.939756308557041e-07
71 -9.645363190976883e-07
72 -1.0020331152428935e-06
73 -9.459252611750766e-07
74 -9.450441169455573e-07
75 -9.059008017428035e-07
76 -8.96504403138228e-07
77 -8.243517866398852e-07
78 -8.762534211279577e-07
79 -8.320378986955037e-07
80 -8.337589946599648e-07
81 -9.513919957584069e-07
82 -9.355622155338973e-07
83 -8.533214589171892e-07
84 -9.5482669985807e-07
85 -9.258021365278173e-07
86 -8.851047478401446e-07
87 -8.995555641457101e-07
88 -1.0113507433106725e-06
89 -9.216708868613137e-07
90 -9.465423076773332e-07
91 -9.88192142357759e-07
92 -8.461369521903373e-07
93 -8.005456263148255e-07
94 -9.23371837058828e-07
95 -9.0915321833788e-07
96 -8.488581582628007e-07
97 -9.725040170157572e-07
98 -9.071140381781422e-07
99 -9.048088417754602e-07
100 -8.457338694881811e-07
101 -7.778406495202049e-07
102 -9.076576477626041e-07
103 -9.520641358571765e-07
104 -8.782559887395571e-07
105 -9.789873856743684e-07
106 -9.104105092419254e-07
107 -8.425810506250207e-07
108 -9.668885668897952e-07
109 -8.665807877256302e-07
110 -7.273978132911999e-07
111 -8.53204766970009e-07
112 -9.267262684290833e-07
113 -9.573090439015808e-07
114 -1.0056455195638853e-06
115 -9.160283119614294e-07
116 -9.08571119301388e-07
117 -9.253721090603233e-07
118 -8.439081998142103e-07
119 -9.258679301017835e-07
120 -9.594046055371588e-07
121 -9.06638006789383e-07
122 -9.28369329993646e-07
123 -1.030730827933805e-06
124 -1.0261207365912382e-06
125 -9.452373491254089e-07
126 -9.715121231788635e-07
127 -9.18702392086784e-07
128 -8.999819332784927e-07
129 -9.018574568625278e-07
130 -8.658485923167984e-07
131 -9.716140267922286e-07
132 -9.375902139112572e-07
133 -9.21347771179316e-07
134 -9.816265114531876e-07
135 -9.259535566949674e-07
136 -1.0202541309687463e-06
137 -9.003327641373409e-07
138 -8.87562919885239e-07
139 -1.001559145385261e-06
140 -9.436126563832578e-07
141 -8.196480890980869e-07
142 -8.911110086915061e-07
143 -9.218833760576428e-07
144 -9.89616336895637e-07
145 -9.954217975848655e-07
146 -9.651997737962967e-07
147 -8.744953631218079e-07
148 -7.735531947498937e-07
149 -1.0028859437951017e-06
150 -1.005780795684912e-06
151 -8.717248073573355e-07
152 -8.714086206375457e-07
153 -9.593334780168426e-07
154 -8.813400039953788e-07
155 -9.790481472358518e-07
156 -8.166561738616111e-07
157 -8.31082178940201e-07
158 -9.533166931711387e-07
159 -9.027538106113024e-07
160 -9.669425487224304e-07
161 -9.026218980094894e-07
162 -9.89785999934139e-07
163 -8.075662485699116e-07
164 -8.92657327399095e-07
165 -9.251903733626629e-07
166 -9.258028996088632e-07
167 -8.548259668470841e-07
168 -1.0351300580392456e-06
169 -9.128230481753009e-07
170 -8.375787964812918e-07
171 -9.498341479296995e-07
172 -9.59225144981316e-07
173 -8.967713576028743e-07
174 -9.389434566380089e-07
175 -9.446875552736597e-07
176 -9.276954822139946e-07
177 -8.421568159611221e-07
178 -9.117077254672599e-07
179 -8.508537553019277e-07
180 -9.439796323354381e-07
181 -9.240751271542328e-07
182 -1.006374844481133e-06
183 -1.025766353055448e-06
184 -9.363691481829534e-07
185 -9.120662436895028e-07
186 -9.515987144986475e-07
187 -8.84575890154987e-07
188 -8.367468482424348e-07
189 -9.701265897328676e-07
190 -8.862922803319543e-07
191 -8.975595057295001e-07
192 -9.469294417054283e-07
193 -1.0274557379227017e-06
194 -8.714178327359046e-07
195 -9.693389566493103e-07
196 -9.390963307840059e-07
197 -9.122278798280202e-07
198 -9.08856202757036e-07
199 -9.365313529377383e-07
200 -9.672999489836512e-07
201 -1.0166904181609808e-06
202 -9.982517514530104e-07
203 -1.0237195605627692e-06
204 -7.766984454151874e-07
205 -9.389295369434708e-07
206 -1.004943510007167e-06
207 -9.692803983158084e-07
208 -7.938107314625637e-07
209 -9.446315452364553e-07
210 -8.615835139816913e-07
211 -8.494388113738423e-07
212 -8.911719810958937e-07
213 -9.82885478433689e-07
214 -9.201701660966199e-07
215 -9.818298517375002e-07
216 -9.647239945866381e-07
217 -8.916441332021441e-07
218 -8.078900814902336e-07
219 -1.0531155736370022e-06
220 -8.665414731285893e-07
221 -9.500293782723565e-07
222 -8.99041367565646e-07
223 -7.779151268343268e-07
224 -9.119057166743015e-07
225 -8.809855050579931e-07
226 -9.707766529727444e-07
227 -8.621958896280325e-07
228 -1.001366498812667e-06
229 -8.556724955442863e-07
230 -9.336692549470478e-07
231 -9.244536736265966e-07
232 -8.164368597743773e-07
233 -8.820806026277972e-07
234 -1.0392310993174535e-06
235 -8.87590256939845e-07
236 -9.187923616426728e-07
237 -9.118341538529023e-07
238 -8.132451298276983e-07
239 -8.38664456962555e-07
240 -8.602759889888499e-07
241 -9.87256212664603e-07
242 -9.272225088241065e-07
243 -9.833358249513757e-07
244 -9.631966646070468e-07
245 -9.721003262560308e-07
246 -9.011592324963762e-07
247 -8.407625236978338e-07
248 -8.711846398392246e-07
249 -9.422405000297301e-07
250 -8.116898940222064e-07
251 -9.372169939248003e-07
252 -9.952622288787442e-07
253 -8.929349136486424e-07
254 -1.025843937582196e-06
255 -8.129497076421996e-07
256 -9.89570736014212e-07
257 -9.065908714874477e-07
258 -9.230810525864693e-07
259 -8.148288819688451e-07
260 -9.863939459118906e-07
261 -9.873645290207384e-07
262 -9.319271189698496e-07
263 -8.583470642153302e-07
264 -8.768954009974539e-07
265 -8.989770582519709e-07
266 -8.477987231391215e-07
267 -9.598741508598165e-07
268 -8.782146336516648e-07
269 -9.023024372334952e-07
270 -9.381763125338384e-07
271 -9.37679360148768e-07
272 -9.332428985376143e-07
273 -1.0506041461538641e-06
274 -8.826339837353613e-07
275 -9.020159615875327e-07
276 -8.766726916173106e-07
277 -9.477449483224982e-07
278 -8.179325537434909e-07
279 -7.878603688158091e-07
280 -8.754427441574656e-07
281 -8.745643471006749e-07
282 -8.9381338763472e-07
283 -8.766386526437264e-07
284 -9.328516177228603e-07
285 -7.979586599369052e-07
286 -8.929386333373936e-07
287 -8.539736199970086e-07
288 -9.017772234050253e-07
289 -8.737836930383907e-07
290 -9.318936746805576e-07
291 -8.932044203997932e-07
292 -8.932465648129797e-07
293 -9.228974887193245e-07
294 -8.349707382139173e-07
295 -9.546463463241e-07
296 -7.950139286500006e-07
297 -8.440803137214218e-07
298 -8.861803972320583e-07
299 -8.967373364979657e-07
