0 1.9047225115071238e-07
1 2.0252187087848074e-07
2 1.760509784707859e-07
3 1.477945208901387e-07
4 1.7345500738081785e-07
5 1.5999409302396303e-07
6 1.9337057777049433e-07
7 1.7791572637223893e-07
8 1.893992958509285e-07
9 1.7758590913602672e-07
10 1.9168643158666681e-07
11 1.7869919991115637e-07
12 1.6327860139518266e-07
13 2.062543459774189e-07
14 1.939062449149072e-07
15 1.7729019788558488e-07
16 1.7584999960676853e-07
17 2.0271823040921132e-07
18 1.8101543046557212e-07
19 1.8295832962402235e-07
20 1.724887424762945e-07
21 1.7023521289992914e-07
22 1.93412664167613e-07
23 1.9682806533629889e-07
24 1.8164285075416075e-07
25 1.8149684687219157e-07
26 1.7956777107995213e-07
27 1.9967789497499817e-07
28 1.7803394025006785e-07
29 1.626483790229657e-07
30 2.0749989145906687e-07
31 1.762237253364241e-07
32 1.991808938865774e-07
33 2.0146528547559527e-07
34 2.0579837955970256e-07
35 1.636540685984001e-07
36 1.6384513054915175e-07
37 1.9627832130419167e-07
38 2.0787916101875247e-07
39 1.9074607103063022e-07
40 1.9329871154803797e-07
41 2.0473167835793064e-07
42 1.8288266087871997e-07
43 1.7491989168195621e-07
44 1.7928897884411488e-07
45 1.7429059347579256e-07
46 2.1804491809125603e-07
47 1.9530413716554807e-07
48 1.8472313826818024e-07
49 1.8476299006171785e-07
50 1.9752700215832367e-07
51 2.0161100213553467e-07
52 1.929010644989278e-07
53 1.6134787943142605e-07
54 1.814120387094336e-07
55 1.8035553887667335e-07
56 1.6119529501165503e-07
57 1.797462954842992e-07
58 1.8139273179240485e-07
59 2.0230426089021037e-07
60 1.8265241003756244e-07
61 2.1670688863829862e-07
62 1.737376961694908e-07
63 2.0212447545438346e-07
64 1.9174066582429601e-07
65 1.811586657191522e-07
66 1.8226721148910848e-07
67 1.8557246603728503e-07
68 1.8282626671736354e-07
69 1.974285299644772e-07
70 1.7095822413492052e-07
71 1.6151850715218645e-07
72 1.6083686297730161e-07
73 2.162967898046402e-07
74 1.9224421661039261e-07
75 1.9263119782358856e-07
76 1.8387963980912932e-07
77 1.680302087069076e-07
78 1.8290795134378944e-07
79 1.6943715546786867e-07
80 1.7048836211199938e-07
81 1.9990411362740578e-07
82 1.4807553846919228e-07
83 1.686058368035734e-07
84 1.8408535789702147e-07
85 1.74886182321876e-07
86 1.728493686385835e-07
87 1.7443999462698188e-07
88 1.8507877989528654e-07
89 1.9631907544777558e-07
90 1.7240695739063777e-07
91 1.946259474777914e-07
92 1.4806664826332832e-07
93 1.839405868143217e-07
94 1.8287367903595388e-07
95 1.786222166629422e-07
96 1.6629587015738963e-07
97 1.885946124569301e-07
98 1.5728081744824604e-07
99 1.7577429673667634e-07
100 1.9008275618631428e-07
101 2.0527505294211347e-07
102 1.7400160416864939e-07
103 1.795705146290596e-07
104 1.688470056809338e-07
105 1.648310394331491e-07
106 1.6381304198462125e-07
107 1.6158349266522546e-07
108 1.5156852787783173e-07
109 1.8428157188502543e-07
110 1.5931442993436058e-07
111 1.8345502568520578e-07
112 1.8621453101728013e-07
113 1.794042020739514e-07
114 1.6559523097067515e-07
115 1.6640792658176606e-07
116 1.8371766303070778e-07
117 2.0680044138036794e-07
118 1.8803968720455336e-07
119 1.7731242311655488e-07
120 1.7468130497416528e-07
121 1.674345303011842e-07
122 1.7171335411381098e-07
123 1.9749173049306471e-07
124 1.6725110625108395e-07
125 1.5016918673845792e-07
126 2.129287682791723e-07
127 1.736263407557634e-07
128 1.9202867462865045e-07
129 1.9373772595099176e-07
130 1.8135693315757563e-07
131 2.0299622585944134e-07
132 1.70098133994204e-07
133 1.5249215855724988e-07
134 1.9206938289349372e-07
135 1.8877464196888673e-07
136 1.764311693854452e-07
137 1.9090214059569885e-07
138 1.7658675058655773e-07
139 1.8154855119617904e-07
140 1.6598025937407775e-07
141 1.6481269700740023e-07
142 1.8239045428335413e-07
143 1.8095916431918013e-07
144 1.9076253956622633e-07
145 1.8443467042063414e-07
146 1.9230362128770014e-07
147 1.7360291338459001e-07
148 1.7921367962467397e-07
149 1.777243560216774e-07
150 1.803080969553607e-07
151 1.7511326263054727e-07
152 1.683638382287206e-07
153 1.8035930166676225e-07
154 1.8932720044941837e-07
155 1.7989792430456735e-07
156 1.7182689781275997e-07
157 1.8947840705134496e-07
158 1.7676732155740018e-07
159 1.86566094119828e-07
160 1.859195930481331e-07
161 1.9723263645021154e-07
162 1.704319686861544e-07
163 1.9434229550626695e-07
164 1.7601076896896194e-07
165 1.5628819461661457e-07
166 1.6508136121224296e-07
167 1.598499808574446e-07
168 2.1366134092472367e-07
169 1.7775015931193808e-07
170 1.768763364426784e-07
171 1.6621106575518853e-07
172 1.7050388974743542e-07
173 1.6030299152128046e-07
174 1.8770136261445725e-07
175 2.2545146042303681e-07
176 1.607124345574734e-07
177 1.8776163518271206e-07
178 1.7861668862817406e-07
179 1.6787752703781782e-07
180 1.9072822408351422e-07
181 1.7284295958768212e-07
182 1.5250323598721132e-07
183 1.999288781042594e-07
184 1.797140474241876e-07
185 2.0662399632762096e-07
186 1.8492975864755285e-07
187 1.8339641361786384e-07
188 1.691257884196692e-07
189 1.9055952614326393e-07
190 1.717975836049046e-07
191 1.696445485291519e-07
192 1.8071905440278537e-07
193 1.7650671884100137e-07
194 1.9153927392130648e-07
195 1.6194641717167914e-07
196 1.9016758407563563e-07
197 1.4554235847452741e-07
198 1.7483109416470305e-07
199 1.798224715068778e-07
200 1.5751990521615653e-07
201 1.743407555738818e-07
202 1.794443094068703e-07
203 1.9297374408061497e-07
204 1.7215925014555261e-07
205 1.613859469785689e-07
206 1.6726613619697614e-07
207 2.1510017172852885e-07
208 1.6390832620224045e-07
209 1.5873813878134292e-07
210 1.6715117591585672e-07
211 1.6606911170412195e-07
212 1.7766450286477015e-07
213 1.7963212794903714e-07
214 1.977636471891233e-07
215 1.6516157484488635e-07
216 1.5409361640213703e-07
217 1.9106413957237761e-07
218 2.0069650571374643e-07
219 1.8833284970133902e-07
220 1.6968397784094458e-07
221 1.7995230831735958e-07
222 2.0213798985254294e-07
223 1.459949562188053e-07
224 1.8287269679692222e-07
225 2.1497656965926584e-07
226 1.7261409120056448e-07
227 1.8224699311262627e-07
228 1.8044570565266121e-07
229 1.789932489089301e-07
230 1.8809796629047397e-07
231 1.8962447829540286e-07
232 1.9493706508182719e-07
233 1.7076200121457794e-07
234 1.6985903716196852e-07
235 1.721887417164015e-07
236 2.0628834241885226e-07
237 1.7695226438233057e-07
238 1.718158379273278e-07
239 1.9061894435004584e-07
240 2.0208443498483963e-07
241 1.8079971864707013e-07
242 1.9663490510654866e-07
243 1.8753822061443876e-07
244 1.670273974137738e-07
245 1.9592161238904816e-07
246 1.9738584283219963e-07
247 1.78253658150338e-07
248 1.7156945470386775e-07
249 1.7118180400472918e-07
250 1.9405020444840735e-07
251 1.941058232251398e-07
252 1.9990181322539218e-07
253 1.823590243234522e-07
254 1.8947339623894932e-07
255 1.549322618894541e-07
256 1.947907287392e-07
257 1.7900263468745287e-07
258 1.8552822885288308e-07
259 1.584560628056284e-07
260 1.6904771899641952e-07
261 1.746441505176788e-07
262 1.9586840781848257e-07
263 1.726382443539205e-07
264 1.7325204510546667e-07
265 1.8372656416017898e-07
266 1.9200295056479178e-07
267 1.938400668722313e-07
268 1.7101794178090059e-07
269 1.8917887787123398e-07
270 1.8121784533534997e-07
271 1.809920406180158e-07
272 1.7501397566106567e-07
273 1.745880912831396e-07
274 1.7318108707969534e-07
275 1.6716279995964287e-07
276 1.6028530701280532e-07
277 1.8063770100548658e-07
278 1.698294132004527e-07
279 1.8092308963715564e-07
280 1.7350554431194292e-07
281 2.159724667889637e-07
282 1.947435581361615e-07
283 1.4799756244416573e-07
284 1.8271508669245875e-07
285 1.9038464701882243e-07
286 1.5944565952912202e-07
287 1.8567089194352996e-07
288 1.6933733733949375e-07
289 1.9878205882357515e-07
290 1.978410345858037e-07
291 1.692458442304267e-07
292 1.7635482403279269e-07
293 1.945245458330011e-07
294 1.6888582049425148e-07
295 1.8858034565224728e-07
296 1.7087725882378707e-07
297 1.8740655029181443e-07
298 1.6349566004312118e-07
299 1.8523749643166824e-07
