0 -6.961140154319852e-07
1 -8.460176867463445e-07
2 -7.919747320894758e-07
3 -9.319136752561667e-07
4 -9.618783774939236e-07
5 -7.080825687894149e-07
6 -9.906812464379131e-07
7 -8.353864524295779e-07
8 -7.55629254974493e-07
9 -5.602025599213722e-07
10 -7.205611486727114e-07
11 -7.363635790645393e-07
12 -8.715031157364212e-07
13 -8.55198347844664e-07
14 -7.53334818750517e-07
15 -8.651149523670166e-07
16 -8.346950513440984e-07
17 -8.302542354625973e-07
18 -6.316385661565406e-07
19 -5.821199502807042e-07
20 -8.430196839063037e-07
21 -8.956834855354024e-07
22 -7.185789861176746e-07
23 -5.928061650220732e-07
24 -8.146420941962992e-07
25 -9.475360650962532e-07
26 -8.195676259360383e-07
27 -6.12319781047853e-07
28 -7.492622990920553e-07
29 -7.63523483711371e-07
30 -8.86398369128151e-07
31 -8.032136030352406e-07
32 -5.987597571831984e-07
33 -8.312633078059095e-07
34 -8.871395367655714e-07
35 -6.878637224273878e-07
36 -8.283565540084007e-07
37 -9.216730401869421e-07
38 -7.225835571268086e-07
39 -8.643439787085748e-07
40 -8.562702383923361e-07
41 -8.70196874035638e-07
42 -7.328419621215147e-07
43 -9.264702468310807e-07
44 -6.944353965296428e-07
45 -6.487074177490712e-07
46 -8.384078846783897e-07
47 -6.679378800170242e-07
48 -6.214820235051323e-07
49 -7.675413693581587e-07
50 -6.651744236786997e-07
51 -7.529018582123637e-07
52 -9.458241003611984e-07
53 -8.525143345280502e-07
54 -8.206960251554782e-07
55 -7.778892584609924e-07
56 -8.958759305825512e-07
57 -6.558439044765697e-07
58 -6.912826335980338e-07
59 -8.784580808288833e-07
60 -5.210729200821117e-07
61 -6.786122044525408e-07
62 -8.297820837870316e-07
63 -8.465259629370557e-07
64 -8.845607690567254e-07
65 -6.247430479387888e-07
66 -7.706757690680457e-07
67 -7.748530330240563e-07
68 -5.588070068533897e-07
69 -6.407135392013074e-07
70 -8.559156222596218e-07
71 -7.70362226146228e-07
72 -6.382452673468592e-07
73 -7.991108771177037e-07
74 -8.294331689662013e-07
75 -7.745305404661175e-07
76 -5.309521383201966e-07
77 -7.230942782068784e-07
78 -8.295097256842062e-07
79 -8.970644251913908e-07
80 -8.832750675905865e-07
81 -6.348541774983676e-07
82 -6.38971650881732e-07
83 -8.759074026547232e-07
84 -8.965635631463964e-07
85 -7.23088090414197e-07
86 -7.80384283539135e-07
87 -8.084456974888412e-07
88 -7.348493562259958e-07
89 -6.717353644020307e-07
90 -9.107458713124315e-07
91 -7.571004403645971e-07
92 -8.038389321517016e-07
93 -7.628949163284992e-07
94 -8.734744746250803e-07
95 -8.446463834043532e-07
96 -7.01946109041861e-07
97 -9.015662563456971e-07
98 -6.607917458460125e-07
99 -8.628319481315093e-07
100 -7.694511025942889e-07
101 -6.488600127877362e-07
102 -7.483826657208662e-07
103 -8.114750726126936e-07
104 -7.59348355936029e-07
105 -8.680824913361587e-07
106 -7.702188516583463e-07
107 -8.596717571040247e-07
108 -7.858545624158249e-07
109 -8.09056966120765e-07
110 -7.447191464380119e-07
111 -7.702687571769322e-07
112 -8.948987678617992e-07
113 -7.847036634690851e-07
114 -6.77463595495263e-07
115 -6.260161500668047e-07
116 -9.181279640637544e-07
117 -8.36037002459428e-07
118 -8.238054191360952e-07
119 -6.453862463446261e-07
120 -5.786826163647478e-07
121 -7.896472215457856e-07
122 -9.085748751391992e-07
123 -6.626950526302615e-07
124 -7.411919584513587e-07
125 -7.854828528664432e-07
126 -8.510853411647638e-07
127 -8.528979605058938e-07
128 -8.526326008526785e-07
129 -6.886336370728614e-07
130 -7.973414952456469e-07
131 -6.6312237793639e-07
132 -6.948567381025811e-07
133 -5.846149809646686e-07
134 -8.397250810873779e-07
135 -9.69459977934017e-07
136 -6.909445142446461e-07
137 -6.610186533587584e-07
138 -6.183132174820532e-07
139 -8.360371564156087e-07
140 -5.668938687631276e-07
141 -6.887903808075501e-07
142 -8.757296633531083e-07
143 -8.469731209360388e-07
144 -6.94303891635705e-07
145 -1.0242487159768465e-06
146 -9.182519648786818e-07
147 -6.898250001101837e-07
148 -7.003302438467288e-07
149 -7.109498897227504e-07
150 -8.709500978302538e-07
151 -8.683170280122299e-07
152 -8.343873583635798e-07
153 -8.771748769579103e-07
154 -8.578617205007749e-07
155 -7.878578319966518e-07
156 -7.369670883569391e-07
157 -8.57164222374836e-07
158 -7.987780634357018e-07
159 -7.559373417938396e-07
160 -8.432091670686968e-07
161 -8.099210921559864e-07
162 -8.70370673962351e-07
163 -9.018813281037273e-07
164 -8.364273765227951e-07
165 -7.525198944694669e-07
166 -6.101916016761625e-07
167 -7.222285359313085e-07
168 -8.529817321485823e-07
169 -6.660225172156819e-07
170 -9.37199352033555e-07
171 -6.984824639570998e-07
172 -7.842994682664888e-07
173 -1.0556648910686157e-06
174 -7.951002499776539e-07
175 -8.259242931796516e-07
176 -9.89505317216024e-07
177 -5.614906820953985e-07
178 -6.126452365582662e-07
179 -6.403274460545461e-07
180 -8.245069923649438e-07
181 -8.538998645318993e-07
182 -6.954041766238155e-07
183 -5.195248594957727e-07
184 -8.595164300176405e-07
185 -8.722597924197259e-07
186 -1.0215371240886126e-06
187 -7.937461183786676e-07
188 -6.613414130143217e-07
189 -7.086677387854451e-07
190 -7.995975871625225e-07
191 -7.229780746206667e-07
192 -8.333927785306825e-07
193 -9.266198674371046e-07
194 -7.882599110913471e-07
195 -1.0129757354113629e-06
196 -7.630355371542706e-07
197 -7.77221115265857e-07
198 -7.571743293314299e-07
199 -1.0073824347132874e-06
200 -8.822132454404765e-07
201 -9.158976261124934e-07
202 -8.328263958841319e-07
203 -7.549747870337161e-07
204 -7.865366150166239e-07
205 -9.511154738991362e-07
206 -8.706050842375537e-07
207 -6.430116347799958e-07
208 -7.602590968994055e-07
209 -8.587343338351117e-07
210 -7.904263307689744e-07
211 -7.609116548794883e-07
212 -7.63301945193722e-07
213 -8.655696292398687e-07
214 -6.835899659444021e-07
215 -8.804463147784404e-07
216 -9.529521429301936e-07
217 -8.76992482830403e-07
218 -9.057964123256674e-07
219 -7.395161820928415e-07
220 -9.296164844458594e-07
221 -7.72467540879484e-07
222 -8.95734458951012e-07
223 -8.144568322893415e-07
224 -7.535163693644282e-07
225 -8.183605784081764e-07
226 -9.155954278834675e-07
227 -8.403351414978165e-07
228 -7.920595642917868e-07
229 -9.070054086508968e-07
230 -7.567980644927923e-07
231 -5.687914412908562e-07
232 -1.0225169855083856e-06
233 -8.030468902533438e-07
234 -8.343875992040097e-07
235 -5.631456304022067e-07
236 -8.428540771096776e-07
237 -6.778587997080485e-07
238 -1.053007590309491e-06
239 -6.066940415543711e-07
240 -8.824186745176431e-07
241 -7.158735816634284e-07
242 -7.473119598518552e-07
243 -6.784862814183094e-07
244 -9.512816318104671e-07
245 -7.466627186871399e-07
246 -6.955445366319105e-07
247 -8.828854656794068e-07
248 -9.260683766014705e-07
249 -8.846670942463587e-07
250 -9.018104757497783e-07
251 -6.736947920778819e-07
252 -6.830742386573719e-07
253 -1.0734448046596575e-06
254 -7.293116178715936e-07
255 -6.504033982152738e-07
256 -7.596879368521762e-07
257 -8.073704098293924e-07
258 -1.0048114388697604e-06
259 -9.405170112079929e-07
260 -7.35218696495602e-07
261 -8.301820336715107e-07
262 -6.971047344493728e-07
263 -9.707708436161676e-07
264 -8.360171513733723e-07
265 -8.339792278951256e-07
266 -8.502572040368675e-07
267 -5.660550694322324e-07
268 -8.286045918390204e-07
269 -1.0108287223864183e-06
270 -9.327049060497288e-07
271 -7.402515255383256e-07
272 -9.160317357731414e-07
273 -9.253594638556754e-07
274 -6.932322330825859e-07
275 -7.126850801415141e-07
276 -8.87337752423616e-07
277 -7.650666044183088e-07
278 -7.634567300450077e-07
279 -7.707002619270932e-07
280 -7.961378178875835e-07
281 -7.258936382445117e-07
282 -8.885214726913534e-07
283 -7.62178768373313e-07
284 -6.511352835088011e-07
285 -7.497918055823057e-07
286 -7.95162716492134e-07
287 -7.649007540752637e-07
288 -8.247947343496416e-07
289 -8.161606643512607e-07
290 -7.585270610261803e-07
291 -8.743629710192432e-07
292 -7.457161095183555e-07
293 -9.282755348134812e-07
294 -7.495947235307102e-07
295 -8.417803696309567e-07
296 -7.167281969103761e-07
297 -8.74288036369415e-07
298 -8.568577085431847e-07
299 -8.171065532894945e-07
