0 1.1350536689708626e-06
1 1.1603587129136547e-06
2 1.1552820150267415e-06
3 1.185553124914872e-06
4 1.175683978151457e-06
5 1.1584068848097736e-06
6 1.1485098091396056e-06
7 1.2379449750076426e-06
8 1.1590786874361073e-06
9 1.156812593061966e-06
10 1.1841586162951817e-06
11 1.1505188687022967e-06
12 1.1474156864676625e-06
13 1.16337862236002e-06
14 1.1728240587560144e-06
15 1.1839311760872345e-06
16 1.189402798431899e-06
17 1.168706802826254e-06
18 1.156987892577183e-06
19 1.1062379822095706e-06
20 1.1600950246901136e-06
21 1.1938896172734477e-06
22 1.1607215712484421e-06
23 1.1523904194707045e-06
24 1.1521873615471582e-06
25 1.183854159772261e-06
26 1.1681260297859375e-06
27 1.1301651683344847e-06
28 1.2003450155152149e-06
29 1.1843165414787274e-06
30 1.1785466807649673e-06
31 1.1740490572935482e-06
32 1.1424595189915471e-06
33 1.1749175150134946e-06
34 1.2032575985842017e-06
35 1.1742702963144935e-06
36 1.160188762129739e-06
37 1.1510322118912397e-06
38 1.1525048886481212e-06
39 1.1595328658369126e-06
40 1.1902546848195901e-06
41 1.1772068160314792e-06
42 1.144278482792517e-06
43 1.179251771481913e-06
44 1.1676270784116733e-06
45 1.1738983870068263e-06
46 1.1727749523224837e-06
47 1.118363810127341e-06
48 1.1294218326727605e-06
49 1.1241722697066921e-06
50 1.1777626444873107e-06
51 1.134303403313657e-06
52 1.135890642779941e-06
53 1.158642101607722e-06
54 1.1456614694600373e-06
55 1.2017210776474792e-06
56 1.1594191425742363e-06
57 1.1873879839978366e-06
58 1.1646526984027764e-06
59 1.1892821958587382e-06
60 1.1271008800258925e-06
61 1.188849372969409e-06
62 1.1772542520543613e-06
63 1.1475028846986757e-06
64 1.1960131497850126e-06
65 1.1942381152367406e-06
66 1.1801647740669176e-06
67 1.2139229441439998e-06
68 1.1107938497521382e-06
69 1.1259181498416272e-06
70 1.2069697031830747e-06
71 1.180173743425592e-06
72 1.1349900935331883e-06
73 1.210907452666252e-06
74 1.1514047642928507e-06
75 1.1835862245167276e-06
76 1.1552056650583975e-06
77 1.1557481432796107e-06
78 1.2090011709453123e-06
79 1.1405839774092138e-06
80 1.1599622755977335e-06
81 1.1545161269241326e-06
82 1.1449653005973405e-06
83 1.1740834999381318e-06
84 1.1834877776201008e-06
85 1.157134504503202e-06
86 1.1468614214474955e-06
87 1.1343292404220948e-06
88 1.1319903991771128e-06
89 1.1392393153154478e-06
90 1.1548993477512342e-06
91 1.1413972344536703e-06
92 1.1920957602407584e-06
93 1.2063687914202454e-06
94 1.1686021228458164e-06
95 1.1567645229238456e-06
96 1.1243041584752732e-06
97 1.1886007651008016e-06
98 1.2158745250626592e-06
99 1.1623822743226407e-06
100 1.1672990255185425e-06
101 1.1778946753783097e-06
102 1.1268559418006328e-06
103 1.1577661510595986e-06
104 1.1528275426491628e-06
105 1.1663433525957597e-06
106 1.1572942161532078e-06
107 1.1599045919425087e-06
108 1.1798107694637875e-06
109 1.1365288647795159e-06
110 1.104799799390365e-06
111 1.16155831333247e-06
112 1.2282332381936616e-06
113 1.1825990302449935e-06
114 1.1660017384493244e-06
115 1.114543983546021e-06
116 1.2021061847144133e-06
117 1.1924975634763046e-06
118 1.1955433471914233e-06
119 1.1464189441224656e-06
120 1.14767640397686e-06
121 1.1816096936312722e-06
122 1.140698224896379e-06
123 1.1288616453769451e-06
124 1.141672602785406e-06
125 1.1646462840105549e-06
126 1.1835028820035538e-06
127 1.2271234677628114e-06
128 1.127623799638988e-06
129 1.1535990042761116e-06
130 1.174941869262134e-06
131 1.2100896307100158e-06
132 1.143613023103535e-06
133 1.2172921574746646e-06
134 1.1508968623274986e-06
135 1.0910274768063467e-06
136 1.16055322461207e-06
137 1.1909166149915417e-06
138 1.169049900470603e-06
139 1.1795540860661963e-06
140 1.1180237222379299e-06
141 1.1156768167349702e-06
142 1.1837933348157496e-06
143 1.1449090737120737e-06
144 1.1866326473403947e-06
145 1.1630003671545959e-06
146 1.1568693981977922e-06
147 1.1997898387625248e-06
148 1.1624182785631703e-06
149 1.098380187179133e-06
150 1.1942129555643965e-06
151 1.172135369203157e-06
152 1.1708463896537507e-06
153 1.1668484269435586e-06
154 1.1667343082403006e-06
155 1.180421433373068e-06
156 1.1562345521823472e-06
157 1.1243674492811503e-06
158 1.1635555043455781e-06
159 1.1076066572926335e-06
160 1.1116922121784506e-06
161 1.2038101499739806e-06
162 1.157585014028931e-06
163 1.194285276543771e-06
164 1.1450027389922608e-06
165 1.205504422213477e-06
166 1.16293834037655e-06
167 1.2068299860942428e-06
168 1.1572793796635656e-06
169 1.1457932240132083e-06
170 1.146655379323537e-06
171 1.1755954374809755e-06
172 1.1933846705196223e-06
173 1.2164388540282704e-06
174 1.2022689251438702e-06
175 1.148437389894002e-06
176 1.1206457070606537e-06
177 1.1622294643722473e-06
178 1.1280464862190814e-06
179 1.180394179166916e-06
180 1.172807153066906e-06
181 1.1616611716922967e-06
182 1.1388416799733797e-06
183 1.1021711622005012e-06
184 1.1361552657253173e-06
185 1.1856225301134786e-06
186 1.1708895128777046e-06
187 1.1781224567569242e-06
188 1.1362264730196057e-06
189 1.1947131533018264e-06
190 1.149201936692173e-06
191 1.1160136709247531e-06
192 1.1488700641072866e-06
193 1.143342533848147e-06
194 1.1943891227305577e-06
195 1.2353631929897668e-06
196 1.2174969616266287e-06
197 1.179217991331225e-06
198 1.1859691733213864e-06
199 1.1877823620607114e-06
200 1.1323365076433642e-06
201 1.21681369588922e-06
202 1.1655404915633802e-06
203 1.1647118870388999e-06
204 1.1328863148918805e-06
205 1.1830495094615098e-06
206 1.1519093623660106e-06
207 1.1899023343913102e-06
208 1.123932690573704e-06
209 1.159302194645189e-06
210 1.208835544793984e-06
211 1.1649204180200391e-06
212 1.165373626729473e-06
213 1.1605243607289741e-06
214 1.1850945818295403e-06
215 1.1959720643367184e-06
216 1.1823447549769454e-06
217 1.1998328685700194e-06
218 1.194765213671218e-06
219 1.1950193287351687e-06
220 1.1937078996392654e-06
221 1.1692809615194292e-06
222 1.1765904508258124e-06
223 1.13598755645707e-06
224 1.148230732073229e-06
225 1.212247093632833e-06
226 1.236377977468638e-06
227 1.1574953140731772e-06
228 1.1539316440547697e-06
229 1.148643798704986e-06
230 1.1370693745971971e-06
231 1.1201347244656208e-06
232 1.1831899639145087e-06
233 1.2216246166538324e-06
234 1.1371188657832857e-06
235 1.1595446653800974e-06
236 1.1828135012291608e-06
237 1.1757884249961334e-06
238 1.1380266734184688e-06
239 1.1416186745969985e-06
240 1.1970985900244285e-06
241 1.2106137717658728e-06
242 1.1498753517033286e-06
243 1.1807197296724767e-06
244 1.238164283620863e-06
245 1.179432413354617e-06
246 1.1607111834529527e-06
247 1.1783870661867931e-06
248 1.207153451736627e-06
249 1.1432390132616503e-06
250 1.1652512088518345e-06
251 1.1011863025389889e-06
252 1.157937640399577e-06
253 1.2522335353278291e-06
254 1.1530401086885995e-06
255 1.1157847055453502e-06
256 1.1081699197939806e-06
257 1.1998844305486626e-06
258 1.1985726159094664e-06
259 1.2172984937289683e-06
260 1.1331995081672449e-06
261 1.1534509624344788e-06
262 1.1686053305692847e-06
263 1.1739537284320838e-06
264 1.1807635711579662e-06
265 1.1979521124688583e-06
266 1.193125211745586e-06
267 1.165765731163732e-06
268 1.154263982253957e-06
269 1.111325983076806e-06
270 1.1828530218879197e-06
271 1.2019435841402608e-06
272 1.1707999742347433e-06
273 1.1946519573081793e-06
274 1.1597483738295253e-06
275 1.19080943059816e-06
276 1.1855970698487206e-06
277 1.1906784933021622e-06
278 1.1764776915709874e-06
279 1.184777949070376e-06
280 1.157677797560354e-06
281 1.1437258691005317e-06
282 1.1739014241630608e-06
283 1.2063856625275955e-06
284 1.1437828551980817e-06
285 1.1680503522376042e-06
286 1.1980329459204432e-06
287 1.135778274025759e-06
288 1.1882066557352646e-06
289 1.0962601172784933e-06
290 1.1469664152978475e-06
291 1.2072428298106979e-06
292 1.1992069874148875e-06
293 1.1088576942554517e-06
294 1.0779662706011576e-06
295 1.1673711767081027e-06
296 1.1509844065274172e-06
297 1.2502129829801988e-06
298 1.1949449077457968e-06
299 1.1517573667658443e-06
