0 -4.664339649591805e-06
1 -4.5293820908663794e-06
2 -4.507405752975326e-06
3 -4.505717676946824e-06
4 -4.5261341240866585e-06
5 -4.548376693445533e-06
6 -4.531336653508258e-06
7 -4.326719246146633e-06
8 -4.5770544123070494e-06
9 -4.64870984890783e-06
10 -4.67822702339571e-06
11 -4.592958019177777e-06
12 -4.595339476046669e-06
13 -4.556345461133562e-06
14 -4.483240744434258e-06
15 -4.472378138309407e-06
16 -4.409215217974641e-06
17 -4.5541568925645325e-06
18 -4.607347929725997e-06
19 -4.740278563383582e-06
20 -4.538298122132146e-06
21 -4.547237739337557e-06
22 -4.443796268764316e-06
23 -4.547469971529772e-06
24 -4.6232873782871925e-06
25 -4.448093841367104e-06
26 -4.510742902396914e-06
27 -4.691010968839683e-06
28 -4.491356994977174e-06
29 -4.50376679251972e-06
30 -4.44705744086081e-06
31 -4.4556081884061335e-06
32 -4.562129213971408e-06
33 -4.477902247641938e-06
34 -4.405660592001808e-06
35 -4.548572997654027e-06
36 -4.460372965106429e-06
37 -4.4743517264155996e-06
38 -4.574934301535143e-06
39 -4.542420755790059e-06
40 -4.539834379877823e-06
41 -4.519961553685251e-06
42 -4.601898540203971e-06
43 -4.468310982453301e-06
44 -4.6240534063717095e-06
45 -4.669067902928596e-06
46 -4.440664234525745e-06
47 -4.6554771972281304e-06
48 -4.680025342882294e-06
49 -4.619242303446818e-06
50 -4.719266580199883e-06
51 -4.6363015070466525e-06
52 -4.465350996555603e-06
53 -4.492024286559001e-06
54 -4.5737776177246085e-06
55 -4.42221150403309e-06
56 -4.492616699402171e-06
57 -4.4910425701831e-06
58 -4.5091364681400504e-06
59 -4.48887580111626e-06
60 -4.7409863881740095e-06
61 -4.56259168070807e-06
62 -4.4603129174598004e-06
63 -4.574414220647437e-06
64 -4.561974104206241e-06
65 -4.506856213497196e-06
66 -4.586017478503234e-06
67 -4.4965244493841906e-06
68 -4.7075338246859655e-06
69 -4.570734333361697e-06
70 -4.465868257594636e-06
71 -4.454247434413854e-06
72 -4.592402938791919e-06
73 -4.469218259686665e-06
74 -4.571643249663518e-06
75 -4.480012956819319e-06
76 -4.611858686431199e-06
77 -4.5351547641926865e-06
78 -4.464311332901439e-06
79 -4.544607224553152e-06
80 -4.510470526357664e-06
81 -4.509258534575229e-06
82 -4.654043844319343e-06
83 -4.487465604258648e-06
84 -4.472286101674316e-06
85 -4.485229063448809e-06
86 -4.511622012876149e-06
87 -4.5636836878208425e-06
88 -4.624318809191359e-06
89 -4.532093033040911e-06
90 -4.5664582572845115e-06
91 -4.639969444446664e-06
92 -4.539844580465402e-06
93 -4.456133664771628e-06
94 -4.50096260590142e-06
95 -4.581609310836385e-06
96 -4.590995457276339e-06
97 -4.454217622896454e-06
98 -4.488613837803386e-06
99 -4.5832514090244674e-06
100 -4.591729766592492e-06
101 -4.631708552819053e-06
102 -4.641250627622835e-06
103 -4.466111785758499e-06
104 -4.586099905924644e-06
105 -4.4629311684356685e-06
106 -4.507254783850407e-06
107 -4.504414988392962e-06
108 -4.526582075009876e-06
109 -4.564681600605091e-06
110 -4.681434382078548e-06
111 -4.45598609117813e-06
112 -4.414566631748276e-06
113 -4.453386154636101e-06
114 -4.605984802953518e-06
115 -4.635192354595913e-06
116 -4.355360573878899e-06
117 -4.326912740818067e-06
118 -4.465040420006192e-06
119 -4.6318534697899854e-06
120 -4.666032716077082e-06
121 -4.44900424928231e-06
122 -4.476050724663227e-06
123 -4.562098055241537e-06
124 -4.5305306955083664e-06
125 -4.551299205092348e-06
126 -4.435590864025242e-06
127 -4.478669827152e-06
128 -4.518882867510856e-06
129 -4.606011448289953e-06
130 -4.620945778978316e-06
131 -4.414499424464484e-06
132 -4.650052297026274e-06
133 -4.559848441955355e-06
134 -4.5760608920936904e-06
135 -4.642518612164584e-06
136 -4.526398647812747e-06
137 -4.542059600757229e-06
138 -4.448500972812341e-06
139 -4.441903833762747e-06
140 -4.649531225941915e-06
141 -4.600418258988859e-06
142 -4.550753028801028e-06
143 -4.526138839701486e-06
144 -4.499261346308486e-06
145 -4.539139714363171e-06
146 -4.598972717930475e-06
147 -4.460764967664774e-06
148 -4.558402351598335e-06
149 -4.574024585728255e-06
150 -4.505411504839148e-06
151 -4.44541568123996e-06
152 -4.433559024172061e-06
153 -4.567673422171799e-06
154 -4.526886417407706e-06
155 -4.530036885974964e-06
156 -4.514476743698624e-06
157 -4.536624763099363e-06
158 -4.4587950958967225e-06
159 -4.668243071574149e-06
160 -4.551485623073392e-06
161 -4.44912428835603e-06
162 -4.597139202144581e-06
163 -4.41859212780375e-06
164 -4.599298966873622e-06
165 -4.398164189386608e-06
166 -4.577183864728175e-06
167 -4.382076973684208e-06
168 -4.533705259586694e-06
169 -4.5054589865172995e-06
170 -4.538658299413267e-06
171 -4.602725243743242e-06
172 -4.5547065103045845e-06
173 -4.4936417516764295e-06
174 -4.475305411471528e-06
175 -4.639257608765554e-06
176 -4.471107252970105e-06
177 -4.644686228313586e-06
178 -4.668219487272203e-06
179 -4.5330011186447315e-06
180 -4.606549336567723e-06
181 -4.5120515302568955e-06
182 -4.635662934286237e-06
183 -4.733902097868859e-06
184 -4.458542497013365e-06
185 -4.5121239677095355e-06
186 -4.601231943372886e-06
187 -4.583913380267908e-06
188 -4.656791460294152e-06
189 -4.545653634957423e-06
190 -4.621613710890967e-06
191 -4.625562744882965e-06
192 -4.644935230014804e-06
193 -4.617013543536333e-06
194 -4.579868829821762e-06
195 -4.34002980576215e-06
196 -4.424989482600914e-06
197 -4.536336950717032e-06
198 -4.660828271354604e-06
199 -4.485734815335477e-06
200 -4.558980954557886e-06
201 -4.390899542178773e-06
202 -4.5451131346005e-06
203 -4.529780203969918e-06
204 -4.677842392862064e-06
205 -4.639707939268841e-06
206 -4.571689748510987e-06
207 -4.589050814539026e-06
208 -4.617515190485063e-06
209 -4.513377286576121e-06
210 -4.448888654578286e-06
211 -4.473694864269905e-06
212 -4.540777263393958e-06
213 -4.538722105381598e-06
214 -4.510421344646328e-06
215 -4.472089078270235e-06
216 -4.562662140118119e-06
217 -4.465225424693386e-06
218 -4.461472594720679e-06
219 -4.4784466824961825e-06
220 -4.441052684833157e-06
221 -4.519099224904358e-06
222 -4.527947873901957e-06
223 -4.577031089324187e-06
224 -4.611485748095351e-06
225 -4.429764852038314e-06
226 -4.46257975548583e-06
227 -4.461648042518005e-06
228 -4.529571812962158e-06
229 -4.54752883994718e-06
230 -4.635581103462796e-06
231 -4.671953139274787e-06
232 -4.380129176061439e-06
233 -4.51427925562405e-06
234 -4.613746984060174e-06
235 -4.578711695956098e-06
236 -4.496973579210032e-06
237 -4.538619039059997e-06
238 -4.4889544947142834e-06
239 -4.676153499222175e-06
240 -4.4793037566284266e-06
241 -4.467686672665852e-06
242 -4.523117102169713e-06
243 -4.561219143995279e-06
244 -4.4728536073629705e-06
245 -4.593419276793439e-06
246 -4.614098706446107e-06
247 -4.481404400358799e-06
248 -4.358379944750982e-06
249 -4.559035961144483e-06
250 -4.45141418185973e-06
251 -4.532755355275952e-06
252 -4.639401876587367e-06
253 -4.2345432118718044e-06
254 -4.609363868812454e-06
255 -4.585750627258369e-06
256 -4.640303044073572e-06
257 -4.509427039933831e-06
258 -4.423472002370151e-06
259 -4.416101361437573e-06
260 -4.5600903287119035e-06
261 -4.577459801822721e-06
262 -4.526600317799403e-06
263 -4.478248262383437e-06
264 -4.376734305778221e-06
265 -4.4604473260903425e-06
266 -4.460466519787997e-06
267 -4.598056589381383e-06
268 -4.486635306408013e-06
269 -4.609686659464762e-06
270 -4.49481575941697e-06
271 -4.521874402932738e-06
272 -4.410333218261927e-06
273 -4.550770121820683e-06
274 -4.599151912012379e-06
275 -4.603011950737248e-06
276 -4.574281848474866e-06
277 -4.450802685857557e-06
278 -4.514712047614254e-06
279 -4.432752897128861e-06
280 -4.536892126110353e-06
281 -4.6049137533694105e-06
282 -4.519263312438358e-06
283 -4.5595033094877175e-06
284 -4.686771225291849e-06
285 -4.504346919240694e-06
286 -4.483310407530553e-06
287 -4.5695859223414e-06
288 -4.504283422921722e-06
289 -4.640873808423015e-06
290 -4.6608478649645515e-06
291 -4.519718717682686e-06
292 -4.515371320189525e-06
293 -4.573680213136852e-06
294 -4.745401289579775e-06
295 -4.554688128863006e-06
296 -4.477149145351423e-06
297 -4.391994541704854e-06
298 -4.515219981377442e-06
299 -4.51002055276194e-06
