0 8.70032399782485e-07
1 6.543935127296097e-07
2 7.10848313447755e-07
3 5.634161804250301e-07
4 5.581878922015717e-07
5 8.077900744700399e-07
6 5.392952379685696e-07
7 5.540171010968919e-07
8 7.742592554668523e-07
9 9.756782804950137e-07
10 8.249800303445529e-07
11 8.0028560342436e-07
12 6.802917438090249e-07
13 6.762225262859554e-07
14 7.215925375358852e-07
15 6.102164257548205e-07
16 6.114345860408291e-07
17 6.868289841282168e-07
18 8.814069119376624e-07
19 1.031645012980437e-06
20 6.656699316286898e-07
21 5.999358925800801e-07
22 7.505657618778144e-07
23 9.198478363988595e-07
24 7.338915330623056e-07
25 5.228154724589592e-07
26 6.729302814578389e-07
27 9.59703233290668e-07
28 7.11066393328646e-07
29 7.16689024146825e-07
30 5.830459051821105e-07
31 6.788787969412246e-07
32 9.270824410574188e-07
33 6.448888151595319e-07
34 5.463257506283014e-07
35 8.06250436835007e-07
36 6.506475919807672e-07
37 5.694818468212935e-07
38 7.97993201616404e-07
39 6.470689301073425e-07
40 6.374158730089211e-07
41 6.207032532052067e-07
42 8.11004218094439e-07
43 5.586808428750475e-07
44 8.363616426679588e-07
45 8.901313517945056e-07
46 6.35366819700645e-07
47 9.012068997637948e-07
48 9.373047016971092e-07
49 7.923148924652085e-07
50 8.983798887024051e-07
51 8.091534647366695e-07
52 5.605788307695732e-07
53 6.499642173384068e-07
54 7.155274398667235e-07
55 6.652313290406571e-07
56 5.930829569958713e-07
57 8.145622387164127e-07
58 7.973162115744768e-07
59 6.040452738447607e-07
60 1.0635124237988983e-06
61 8.122827450414169e-07
62 6.388760699120957e-07
63 6.97567047969005e-07
64 6.191811836645382e-07
65 8.34369564427979e-07
66 7.313532467782245e-07
67 6.929066834584394e-07
68 1.0329125831735716e-06
69 8.947077427214477e-07
70 5.943503330011167e-07
71 6.899643229943394e-07
72 9.011160515980863e-07
73 6.572232606221988e-07
74 7.016575932092808e-07
75 6.934685166968745e-07
76 9.865353630053874e-07
77 7.889302228676169e-07
78 6.187348116311356e-07
79 6.326204135414135e-07
80 6.340863849739686e-07
81 8.585886397842139e-07
82 9.11106691897116e-07
83 6.160057291815906e-07
84 5.853007971762668e-07
85 7.610537463174227e-07
86 7.301186779018433e-07
87 7.320683095055497e-07
88 8.377148342993507e-07
89 8.373417896893269e-07
90 6.302912620984887e-07
91 7.979341547874147e-07
92 6.83385744083246e-07
93 6.89489997605266e-07
94 6.18334095712224e-07
95 6.866869630953664e-07
96 8.413447953330918e-07
97 5.761313233348587e-07
98 7.90073083877007e-07
99 6.632714509556841e-07
100 7.47804834473605e-07
101 8.759969487229374e-07
102 8.165665382590539e-07
103 6.782478280622972e-07
104 7.776900985874705e-07
105 6.108040783412525e-07
106 7.250763576453053e-07
107 6.379697049462311e-07
108 7.099198159780897e-07
109 7.215766473864378e-07
110 8.584574408757742e-07
111 7.135919831183651e-07
112 5.277922809648144e-07
113 6.797870225071654e-07
114 8.481735187562264e-07
115 9.39410836932384e-07
116 4.982274100452293e-07
117 5.872516552625229e-07
118 6.382395776651916e-07
119 8.87322585493958e-07
120 9.754687548711179e-07
121 6.643150761667526e-07
122 5.963107018646766e-07
123 8.671050384497536e-07
124 7.789641705105363e-07
125 7.304124519883962e-07
126 6.160844887582625e-07
127 6.040932548069364e-07
128 6.792886721455694e-07
129 8.461071329589081e-07
130 7.333325639111309e-07
131 7.592418177907412e-07
132 8.675544533418754e-07
133 8.820722946745131e-07
134 6.926250916667218e-07
135 6.239126117166122e-07
136 7.995837532496227e-07
137 8.186384343113623e-07
138 8.489431401247332e-07
139 6.33202101293536e-07
140 9.986343726113069e-07
141 8.62620422556293e-07
142 6.241568584967454e-07
143 6.742757909935415e-07
144 7.869370580888124e-07
145 4.964412232133133e-07
146 6.230157258853479e-07
147 7.606412456487258e-07
148 8.207224278256108e-07
149 8.483686034413122e-07
150 6.16940758827188e-07
151 6.106302884471158e-07
152 6.364139673632826e-07
153 6.388181695852628e-07
154 6.452913915623213e-07
155 7.10577762119019e-07
156 7.647583527113837e-07
157 6.678043153435289e-07
158 6.811376655585474e-07
159 8.407055404023371e-07
160 7.102623576731835e-07
161 6.438328166250139e-07
162 6.641892692242223e-07
163 5.42526723739024e-07
164 7.03127050998072e-07
165 6.769061940432901e-07
166 9.068372133332894e-07
167 6.969477908376215e-07
168 6.554145803091541e-07
169 8.325371368731418e-07
170 6.008561884488897e-07
171 8.18093021381262e-07
172 7.165943820403433e-07
173 4.149468330730746e-07
174 6.632440760628782e-07
175 7.372165950372172e-07
176 5.307524350281193e-07
177 9.68531890869287e-07
178 9.531016295222556e-07
179 8.472443598345423e-07
180 7.049451923383419e-07
181 6.464159632492015e-07
182 8.530258645256627e-07
183 1.0724251551138855e-06
184 6.458162472112245e-07
185 6.192608037470635e-07
186 5.164773319351214e-07
187 7.235660185918806e-07
188 8.972691685176578e-07
189 7.773837318939948e-07
190 7.368106286878048e-07
191 8.341610249456212e-07
192 7.274346600162513e-07
193 6.205648833899258e-07
194 7.145946892645312e-07
195 3.798462323305657e-07
196 6.70750813334832e-07
197 7.062017271593607e-07
198 7.796727497122447e-07
199 4.872069332254121e-07
200 6.60436128674495e-07
201 5.155479993504659e-07
202 6.818820486450408e-07
203 7.536710261047094e-07
204 7.977591493119128e-07
205 5.890021551050825e-07
206 6.584166915725067e-07
207 8.587065730946971e-07
208 8.005979664576517e-07
209 6.463324739052726e-07
210 6.490105881263176e-07
211 7.33810122955106e-07
212 7.387307933112828e-07
213 6.557544640970414e-07
214 7.864409541210611e-07
215 5.960546090091717e-07
216 5.606671391913811e-07
217 5.746070491348267e-07
218 5.629980816621598e-07
219 7.213094435816647e-07
220 5.308420620436083e-07
221 7.228509951824542e-07
222 5.999726942031846e-07
223 7.228611028649306e-07
224 7.966133487254307e-07
225 6.076767363060488e-07
226 5.198794142341266e-07
227 6.511277585567638e-07
228 7.191453445545266e-07
229 6.24528268376488e-07
230 8.028326547035287e-07
231 1.0026452870747708e-06
232 4.3773251991350616e-07
233 6.62829023004566e-07
234 7.312043764611088e-07
235 9.470859415373517e-07
236 6.41381942060993e-07
237 8.126263499421383e-07
238 4.6934686979707254e-07
239 9.637007259261665e-07
240 5.883720527035317e-07
241 7.328794571354652e-07
242 7.591822924604951e-07
243 8.12046948937941e-07
244 4.959365014003071e-07
245 7.613519630472468e-07
246 8.363515827852436e-07
247 6.060211438089525e-07
248 4.979851061456513e-07
249 6.503197633871135e-07
250 5.808190284987938e-07
251 8.603541648062395e-07
252 8.66972343871694e-07
253 2.8504438036789454e-07
254 8.1630155473853e-07
255 8.84098099411888e-07
256 8.164753122775078e-07
257 6.806452160177243e-07
258 4.4730705531322247e-07
259 4.97622780138589e-07
260 7.944863882049636e-07
261 7.029528403249167e-07
262 8.00915833566672e-07
263 5.111944878477472e-07
264 5.965817018048118e-07
265 6.18264915569775e-07
266 6.158028373749972e-07
267 9.345106960821789e-07
268 6.675834873753822e-07
269 5.654363511836578e-07
270 5.606952619244765e-07
271 7.293519121352132e-07
272 5.547297649275745e-07
273 5.699505624177025e-07
274 8.276173680655045e-07
275 8.013999825961787e-07
276 6.217974475331259e-07
277 6.798121292964369e-07
278 7.216566255598739e-07
279 6.901238708498444e-07
280 7.204545096731794e-07
281 8.079695757925904e-07
282 6.115584250798961e-07
283 7.223654383268586e-07
284 9.006130442653434e-07
285 7.391061912602779e-07
286 6.700062479953221e-07
287 7.627182994005615e-07
288 6.569304146133206e-07
289 7.802474742124591e-07
290 8.007534551587735e-07
291 5.956908232621667e-07
292 7.15185980745072e-07
293 6.35330751982696e-07
294 8.920662240680896e-07
295 6.760779122027816e-07
296 7.631127404206906e-07
297 5.260939671939881e-07
298 6.20600199717874e-07
299 6.905099723594375e-07
