0 -4.305336823041262e-06
1 -4.210155236397099e-06
2 -4.1827312542614256e-06
3 -4.207763227350701e-06
4 -4.2414009255414e-06
5 -4.204535087183898e-06
6 -4.252085449642903e-06
7 -4.019132319508373e-06
8 -4.239986632780319e-06
9 -4.254952359155501e-06
10 -4.318070344804365e-06
11 -4.250641436871304e-06
12 -4.283739687426586e-06
13 -4.244971415056945e-06
14 -4.146512244716325e-06
15 -4.164390933291288e-06
16 -4.099013444043537e-06
17 -4.2332188436364566e-06
18 -4.2307248428179654e-06
19 -4.359354976905377e-06
20 -4.2201015263600105e-06
21 -4.232920572796207e-06
22 -4.108282820569796e-06
23 -4.177277831886707e-06
24 -4.293432577819227e-06
25 -4.1612729120799805e-06
26 -4.188377741821505e-06
27 -4.309058492753912e-06
28 -4.149408785372027e-06
29 -4.1677457812153495e-06
30 -4.146551384812629e-06
31 -4.139780760718367e-06
32 -4.1958584227072345e-06
33 -4.158484493608862e-06
34 -4.101587888899765e-06
35 -4.1912932176023356e-06
36 -4.144913349895838e-06
37 -4.180036103305886e-06
38 -4.226896579906154e-06
39 -4.227410335411576e-06
40 -4.217401313806969e-06
41 -4.2065662433964454e-06
42 -4.256084734371797e-06
43 -4.176125667619124e-06
44 -4.262056813541536e-06
45 -4.29290452561817e-06
46 -4.130133422156538e-06
47 -4.292873710789724e-06
48 -4.298812257819625e-06
49 -4.283569592302932e-06
50 -4.344484218500619e-06
51 -4.294683156448734e-06
52 -4.180764383669208e-06
53 -4.183822511374055e-06
54 -4.251333245388503e-06
55 -4.096714152000277e-06
56 -4.186885005956501e-06
57 -4.1337875307071315e-06
58 -4.159322111509331e-06
59 -4.181408882341473e-06
60 -4.336199114579076e-06
61 -4.198976470879293e-06
62 -4.141876657598288e-06
63 -4.259407269643235e-06
64 -4.2486481947681195e-06
65 -4.13474790244648e-06
66 -4.239163118125907e-06
67 -4.163039676110543e-06
68 -4.320750872183941e-06
69 -4.211728324472654e-06
70 -4.147389945534861e-06
71 -4.123659352051665e-06
72 -4.229499017483571e-06
73 -4.141116175328451e-06
74 -4.24895308743349e-06
75 -4.147149810688827e-06
76 -4.215821174287689e-06
77 -4.194229244397719e-06
78 -4.140420433025753e-06
79 -4.240955535749828e-06
80 -4.209634815015761e-06
81 -4.148428697657614e-06
82 -4.281458387733204e-06
83 -4.181747101727174e-06
84 -4.171362429505761e-06
85 -4.145451818263063e-06
86 -4.186146153356048e-06
87 -4.241601877915194e-06
88 -4.2882881943864285e-06
89 -4.178199887466311e-06
90 -4.269743157723167e-06
91 -4.292850882110133e-06
92 -4.208619586132032e-06
93 -4.1234051375002124e-06
94 -4.1919927505856776e-06
95 -4.261407412524659e-06
96 -4.241186922517297e-06
97 -4.157894147562737e-06
98 -4.1284894494635546e-06
99 -4.2614693418062825e-06
100 -4.249888925716612e-06
101 -4.259581832506052e-06
102 -4.297975541913856e-06
103 -4.151413408765711e-06
104 -4.250812590393114e-06
105 -4.157712841830684e-06
106 -4.173601348832997e-06
107 -4.192616203888397e-06
108 -4.197801841078585e-06
109 -4.239242246484843e-06
110 -4.34044219969441e-06
111 -4.133784246639435e-06
112 -4.107702950117881e-06
113 -4.127371185726032e-06
114 -4.245326394689439e-06
115 -4.267414349284362e-06
116 -4.063424458866747e-06
117 -4.028445187121115e-06
118 -4.144189120901279e-06
119 -4.257250015223424e-06
120 -4.279732407475352e-06
121 -4.119845801610972e-06
122 -4.183295507676781e-06
123 -4.204838606634055e-06
124 -4.196725084411814e-06
125 -4.221244481399229e-06
126 -4.128741392404904e-06
127 -4.163123687183166e-06
128 -4.2127437784060055e-06
129 -4.249773091343562e-06
130 -4.280628000862186e-06
131 -4.058228481040044e-06
132 -4.296086645070804e-06
133 -4.172096669897391e-06
134 -4.2563565441760214e-06
135 -4.350406776855052e-06
136 -4.1728801892236365e-06
137 -4.177363926242953e-06
138 -4.094336010730467e-06
139 -4.131926569705007e-06
140 -4.268365942588112e-06
141 -4.248929333857153e-06
142 -4.23123459067154e-06
143 -4.2146125061907075e-06
144 -4.1516928276495615e-06
145 -4.260474674513257e-06
146 -4.291322764630289e-06
147 -4.111667337208987e-06
148 -4.2106524116139765e-06
149 -4.234137422308583e-06
150 -4.1956973390636555e-06
151 -4.142984662138015e-06
152 -4.126145960751496e-06
153 -4.253273712296596e-06
154 -4.212052433779059e-06
155 -4.199150423410218e-06
156 -4.175896935119594e-06
157 -4.220689194919694e-06
158 -4.140865043161833e-06
159 -4.332576070476539e-06
160 -4.2426771992588355e-06
161 -4.127734795748203e-06
162 -4.278366779421615e-06
163 -4.117339394468945e-06
164 -4.275899294469559e-06
165 -4.068073147109445e-06
166 -4.206621204383728e-06
167 -4.045986622963284e-06
168 -4.216997992073915e-06
169 -4.153394078514188e-06
170 -4.251533847085233e-06
171 -4.244662929058628e-06
172 -4.219618830253035e-06
173 -4.214819680877384e-06
174 -4.145975198016536e-06
175 -4.312465869194683e-06
176 -4.199803042346675e-06
177 -4.253392774278614e-06
178 -4.293839338172074e-06
179 -4.168522250108421e-06
180 -4.2756419027038996e-06
181 -4.199516154454941e-06
182 -4.2764616232774895e-06
183 -4.330669637619312e-06
184 -4.157454886365692e-06
185 -4.2027507442310925e-06
186 -4.312523046284312e-06
187 -4.250929045346363e-06
188 -4.28815545762732e-06
189 -4.191140957759545e-06
190 -4.281728264376971e-06
191 -4.276572409592679e-06
192 -4.316870928077823e-06
193 -4.306129609755899e-06
194 -4.23991438753502e-06
195 -4.060742534491137e-06
196 -4.095553143076213e-06
197 -4.195500411602605e-06
198 -4.30886930156583e-06
199 -4.210823470859799e-06
200 -4.255200234021298e-06
201 -4.096507845866523e-06
202 -4.225005392567122e-06
203 -4.197361269985959e-06
204 -4.342101952897167e-06
205 -4.3330505681341636e-06
206 -4.256186464677719e-06
207 -4.216303692206868e-06
208 -4.280780317411431e-06
209 -4.202067307561799e-06
210 -4.118659665360037e-06
211 -4.151179286601449e-06
212 -4.203647163609899e-06
213 -4.229901760937748e-06
214 -4.152580139819917e-06
215 -4.167842077033464e-06
216 -4.262891933676869e-06
217 -4.1511967359353885e-06
218 -4.160223423897439e-06
219 -4.139970971070018e-06
220 -4.147720577697682e-06
221 -4.187229329228095e-06
222 -4.2183958627060025e-06
223 -4.251059251775728e-06
224 -4.271419704638702e-06
225 -4.103154285011532e-06
226 -4.1542613499063156e-06
227 -4.15422690172982e-06
228 -4.202427173394458e-06
229 -4.2482289510760304e-06
230 -4.294244038052513e-06
231 -4.287115938395132e-06
232 -4.11961562996789e-06
233 -4.18206524417962e-06
234 -4.295292180762596e-06
235 -4.194100313015961e-06
236 -4.178998943455261e-06
237 -4.180240507447729e-06
238 -4.227559599073779e-06
239 -4.300067589731781e-06
240 -4.1705712820898415e-06
241 -4.121243917799697e-06
242 -4.188012911950777e-06
243 -4.1984693422967585e-06
244 -4.171816456970544e-06
245 -4.2424708241974574e-06
246 -4.2552155158304624e-06
247 -4.179768216533954e-06
248 -4.071030297150149e-06
249 -4.2525177300934355e-06
250 -4.1582692474158335e-06
251 -4.186417633526178e-06
252 -4.282334697228034e-06
253 -3.984833891397787e-06
254 -4.268679348817741e-06
255 -4.220641222174798e-06
256 -4.30295253377345e-06
257 -4.185608894310585e-06
258 -4.145231695501213e-06
259 -4.1246407928608676e-06
260 -4.22242964143658e-06
261 -4.255100506392173e-06
262 -4.1783751720590905e-06
263 -4.189720809712576e-06
264 -4.066834605614214e-06
265 -4.139799222463146e-06
266 -4.1475415957398535e-06
267 -4.206369434577544e-06
268 -4.171934342683365e-06
269 -4.329285153618456e-06
270 -4.199565965984083e-06
271 -4.171838447604336e-06
272 -4.125579570842529e-06
273 -4.241717742423253e-06
274 -4.239489180926336e-06
275 -4.24681275707364e-06
276 -4.254903504462988e-06
277 -4.114776063672337e-06
278 -4.1771143846181704e-06
279 -4.106414251736588e-06
280 -4.211112304742366e-06
281 -4.25344617656989e-06
282 -4.210790951814303e-06
283 -4.213369997348759e-06
284 -4.3078636286187835e-06
285 -4.166419169528963e-06
286 -4.156287609250969e-06
287 -4.232525442121354e-06
288 -4.181692178449042e-06
289 -4.321604026015975e-06
290 -4.315559581464877e-06
291 -4.199935758864606e-06
292 -4.163354344357222e-06
293 -4.281064344632799e-06
294 -4.401610088274609e-06
295 -4.2359092811156e-06
296 -4.135898809020186e-06
297 -4.079664003360723e-06
298 -4.195547734885783e-06
299 -4.192763048244309e-06
