0 1.5833243015683334e-06
1 1.6200470711769292e-06
2 1.5877997790990071e-06
3 1.703197450958837e-06
4 1.6811534563256082e-06
5 1.5329405148550965e-06
6 1.7052906540057693e-06
7 1.5569597837647689e-06
8 1.5760664788035317e-06
9 1.5144590755604308e-06
10 1.5611544384032555e-06
11 1.5624675701047904e-06
12 1.6689616082097742e-06
13 1.6269328543479774e-06
14 1.5706805567752827e-06
15 1.6028350758100271e-06
16 1.5865907334065262e-06
17 1.638059464535199e-06
18 1.5108905344363513e-06
19 1.4734815119266662e-06
20 1.6270258434242325e-06
21 1.6719108264865816e-06
22 1.5276690410041812e-06
23 1.476544893848408e-06
24 1.611440946376197e-06
25 1.6613998495366124e-06
26 1.6112096123064678e-06
27 1.5359136841901871e-06
28 1.5466685009371427e-06
29 1.5640695124419644e-06
30 1.6396883540915459e-06
31 1.583761476336358e-06
32 1.4590897655709895e-06
33 1.620669445545613e-06
34 1.6213611445045815e-06
35 1.5417334331096866e-06
36 1.630551567542397e-06
37 1.6612753629057091e-06
38 1.5564165333063138e-06
39 1.6577883510697312e-06
40 1.6622758927738685e-06
41 1.626093483522663e-06
42 1.5925010901170817e-06
43 1.6776855986129032e-06
44 1.560205860665164e-06
45 1.5068906178300094e-06
46 1.6300945047180258e-06
47 1.5468132533959892e-06
48 1.5108707678093257e-06
49 1.600316565133286e-06
50 1.5338592314724024e-06
51 1.5988865301610003e-06
52 1.6866653114947788e-06
53 1.6232071602084314e-06
54 1.6329316303388382e-06
55 1.5438047286185066e-06
56 1.656172332168444e-06
57 1.4837074423459846e-06
58 1.5195052496545815e-06
59 1.6571342262632551e-06
60 1.4533911956251932e-06
61 1.5310584350276985e-06
62 1.6338505579203147e-06
63 1.6532790843139594e-06
64 1.6332453023102077e-06
65 1.491703784800865e-06
66 1.6025579505024212e-06
67 1.5543169703510372e-06
68 1.478441074610492e-06
69 1.5053312700195232e-06
70 1.6326862824984038e-06
71 1.5593988897496766e-06
72 1.4984289911191212e-06
73 1.591548922731096e-06
74 1.6414090877177381e-06
75 1.5844145259870768e-06
76 1.4332047370570286e-06
77 1.5481880289760795e-06
78 1.5993506264081989e-06
79 1.6857007078758678e-06
80 1.6449649937610994e-06
81 1.5160352577141363e-06
82 1.5221076970016982e-06
83 1.6437733685619377e-06
84 1.6598817583525032e-06
85 1.551475004466524e-06
86 1.590281355015486e-06
87 1.6083612621199983e-06
88 1.548565098887719e-06
89 1.5337217388101124e-06
90 1.6400243571910302e-06
91 1.6359794556714688e-06
92 1.5739190780110066e-06
93 1.5474774753293302e-06
94 1.6223894164373035e-06
95 1.616602645191561e-06
96 1.5638298100572752e-06
97 1.6515071667117912e-06
98 1.4764627083484143e-06
99 1.6918419542940934e-06
100 1.5747707761233752e-06
101 1.5093117196320386e-06
102 1.5831977109883948e-06
103 1.6062426186186299e-06
104 1.5662788420271259e-06
105 1.6051821968841098e-06
106 1.6154768390275127e-06
107 1.647558489309035e-06
108 1.5691435381012413e-06
109 1.606077157369753e-06
110 1.6015224891656758e-06
111 1.5843372153871303e-06
112 1.6345919135353195e-06
113 1.5826815846935932e-06
114 1.5262379136497788e-06
115 1.524683647585976e-06
116 1.6362384786958676e-06
117 1.579450264621912e-06
118 1.5970141160282596e-06
119 1.5608818429295746e-06
120 1.5037328539501676e-06
121 1.5917182666727817e-06
122 1.6628720321836913e-06
123 1.5581092066427916e-06
124 1.5553796902196341e-06
125 1.5992861970521915e-06
126 1.615790890198126e-06
127 1.5865917257139665e-06
128 1.6604607319467857e-06
129 1.5262339934601147e-06
130 1.6412603329793977e-06
131 1.506213033817232e-06
132 1.5313593518344944e-06
133 1.4650078505846101e-06
134 1.6285061220973331e-06
135 1.7585674090521417e-06
136 1.5308358078867088e-06
137 1.5053797536466291e-06
138 1.4412827868222544e-06
139 1.5972272755988007e-06
140 1.4664534043429687e-06
141 1.5308963639910091e-06
142 1.6792805719604872e-06
143 1.6173430640929815e-06
144 1.535175206256115e-06
145 1.7650381615971213e-06
146 1.717748365383921e-06
147 1.4927154727875737e-06
148 1.5530910638393733e-06
149 1.5542057458590242e-06
150 1.6168750341481622e-06
151 1.6153276502294355e-06
152 1.5958914352022552e-06
153 1.6521383003021433e-06
154 1.6261487796947572e-06
155 1.5952809479493795e-06
156 1.581189951690008e-06
157 1.6862040350742405e-06
158 1.5595297371512338e-06
159 1.5804654956863991e-06
160 1.6636400702343422e-06
161 1.5665096482190171e-06
162 1.6591370022923313e-06
163 1.6477519974674129e-06
164 1.6313469289208412e-06
165 1.5484923592063501e-06
166 1.4737584450393516e-06
167 1.5122366336084768e-06
168 1.6450630170823633e-06
169 1.5311389735386332e-06
170 1.675856368302968e-06
171 1.542748711564994e-06
172 1.5807065939735873e-06
173 1.7874517182568534e-06
174 1.5852450195018425e-06
175 1.6527632538251237e-06
176 1.7097407937541026e-06
177 1.4497515950054347e-06
178 1.4898402485973882e-06
179 1.469107568282411e-06
180 1.6585922725865953e-06
181 1.6343847005160971e-06
182 1.5766721296805284e-06
183 1.4767756266457115e-06
184 1.6544979136805157e-06
185 1.6183969087689253e-06
186 1.7911663240069553e-06
187 1.5836340930225976e-06
188 1.5759869678187387e-06
189 1.557490778115414e-06
190 1.6442922121703093e-06
191 1.5613666664872165e-06
192 1.6645573381143121e-06
193 1.7348790199197824e-06
194 1.5884722374057505e-06
195 1.7363657458950836e-06
196 1.5253906148667738e-06
197 1.5884011428021438e-06
198 1.5622705298329104e-06
199 1.710250598138408e-06
200 1.6463280138343303e-06
201 1.6419513168709548e-06
202 1.6138309867335624e-06
203 1.5630868563771847e-06
204 1.6092332871257418e-06
205 1.679856881792039e-06
206 1.6651115269721542e-06
207 1.5160848404207073e-06
208 1.5866255408472992e-06
209 1.635395259178554e-06
210 1.5656563524285796e-06
211 1.5319102805125578e-06
212 1.5589544261883629e-06
213 1.660557033853208e-06
214 1.5088400134142671e-06
215 1.6481851657802542e-06
216 1.7125577644203192e-06
217 1.6313950842955966e-06
218 1.6573193569628845e-06
219 1.5291898511832592e-06
220 1.6615047563616373e-06
221 1.5780576617094926e-06
222 1.6636529404717785e-06
223 1.6479133915933541e-06
224 1.5904714546075874e-06
225 1.6057769884119912e-06
226 1.6514822503205947e-06
227 1.608029209527621e-06
228 1.6044030494845937e-06
229 1.6656763793895813e-06
230 1.5853100732584898e-06
231 1.482897881232714e-06
232 1.6980165122189142e-06
233 1.588348942262036e-06
234 1.6249643009222334e-06
235 1.448587716045297e-06
236 1.6154529853750669e-06
237 1.5436711460795598e-06
238 1.7706818480936658e-06
239 1.4971841320245863e-06
240 1.6588697923783076e-06
241 1.5343660084706772e-06
242 1.557106291696444e-06
243 1.529539550780467e-06
244 1.6998222819372922e-06
245 1.5737635599912883e-06
246 1.5668265102746138e-06
247 1.6217956461961861e-06
248 1.6318385282495679e-06
249 1.6553349205718918e-06
250 1.6207704103332188e-06
251 1.5152557082258653e-06
252 1.5163637300056996e-06
253 1.6912317951981456e-06
254 1.5222062519539598e-06
255 1.5593890432569602e-06
256 1.5750506137984277e-06
257 1.590735681749145e-06
258 1.7018678774888174e-06
259 1.6502090424362358e-06
260 1.542983840685125e-06
261 1.6120758184882227e-06
262 1.5254885204544422e-06
263 1.7155989566057994e-06
264 1.5915547029930442e-06
265 1.6037743261733705e-06
266 1.6065510038464288e-06
267 1.4615352029563804e-06
268 1.6071919720616754e-06
269 1.7650293102651347e-06
270 1.695722490970762e-06
271 1.5758071010275155e-06
272 1.6277251348356622e-06
273 1.7002075023824432e-06
274 1.551387539661574e-06
275 1.5533746144435895e-06
276 1.7039034313423823e-06
277 1.5710318077595672e-06
278 1.584243564757902e-06
279 1.574719328230117e-06
280 1.6260911035958474e-06
281 1.5900881798681552e-06
282 1.6506664785503024e-06
283 1.567376199639827e-06
284 1.5455566184220084e-06
285 1.5821863128569e-06
286 1.561794786292705e-06
287 1.6024775635317427e-06
288 1.6166652598640081e-06
289 1.6307841026857613e-06
290 1.5772259706400394e-06
291 1.6476106738383364e-06
292 1.6138312764172375e-06
293 1.683215158066836e-06
294 1.6324133413051134e-06
295 1.6295559550690023e-06
296 1.5487805228042037e-06
297 1.6447806388073914e-06
298 1.640181339224647e-06
299 1.5836213799956867e-06
