0 -3.5110854670703957e-06
1 -3.4812336629608222e-06
2 -3.4461767995446785e-06
3 -3.508001573127925e-06
4 -3.55134201529643e-06
5 -3.4370381613473993e-06
6 -3.5697581346657663e-06
7 -3.3223568252469433e-06
8 -3.4800215270406173e-06
9 -3.4206039211303775e-06
10 -3.523249637430483e-06
11 -3.4824060633700746e-06
12 -3.5548918331185126e-06
13 -3.518918283622646e-06
14 -3.399515822570904e-06
15 -3.452669352230021e-06
16 -3.390283220945955e-06
17 -3.4971527545091664e-06
18 -3.423043052378305e-06
19 -3.5243691661206347e-06
20 -3.490028633746575e-06
21 -3.5114888081991775e-06
22 -3.3624573805294574e-06
23 -3.3770431623423306e-06
24 -3.540276166491974e-06
25 -3.478152283259514e-06
26 -3.4560521373303786e-06
27 -3.4848600240979904e-06
28 -3.396398541174857e-06
29 -3.419436582709043e-06
30 -3.446235419875937e-06
31 -3.4171712016272746e-06
32 -3.3967376255151625e-06
33 -3.4346476694652114e-06
34 -3.4047188958226535e-06
35 -3.412125911561197e-06
36 -3.4258221795492072e-06
37 -3.485846167953615e-06
38 -3.4556571631149665e-06
39 -3.5022260946287438e-06
40 -3.4863753818616952e-06
41 -3.485508458930309e-06
42 -3.4846543584473144e-06
43 -3.484272804234191e-06
44 -3.470926690460974e-06
45 -3.478923408453237e-06
46 -3.4184374924228628e-06
47 -3.494034527054511e-06
48 -3.477597749975695e-06
49 -3.5210699973631776e-06
50 -3.526732006411845e-06
51 -3.523712668891849e-06
52 -3.498683012860012e-06
53 -3.468380894042624e-06
54 -3.5111170484303153e-06
55 -3.36803698916192e-06
56 -3.4792443189326435e-06
57 -3.3579007915087675e-06
58 -3.3914060506176395e-06
59 -3.4695407838624284e-06
60 -3.4764201036340123e-06
61 -3.412364373556311e-06
62 -3.4206955383804472e-06
63 -3.5277667972059786e-06
64 -3.52325664561685e-06
65 -3.342208661591269e-06
66 -3.473302281866698e-06
67 -3.418010262998797e-06
68 -3.4830632109470535e-06
69 -3.4227981037109504e-06
70 -3.4281805872001827e-06
71 -3.3868876079151845e-06
72 -3.4346501579092584e-06
73 -3.4071984441438817e-06
74 -3.5100504540841342e-06
75 -3.405608283319666e-06
76 -3.380821286446049e-06
77 -3.4330912015357093e-06
78 -3.414050126674615e-06
79 -3.5281494609310586e-06
80 -3.500984585407609e-06
81 -3.3655805562036265e-06
82 -3.47130388922002e-06
83 -3.4715394799319004e-06
84 -3.4691105466739433e-06
85 -3.3919600942085947e-06
86 -3.446904388754315e-06
87 -3.5017924682153004e-06
88 -3.51976584644283e-06
89 -3.402313352975716e-06
90 -3.5591405016318516e-06
91 -3.518927557605501e-06
92 -3.4633246195794637e-06
93 -3.382919108496699e-06
94 -3.4773761225989988e-06
95 -3.5247150116545136e-06
96 -3.4643928968755897e-06
97 -3.4618053444966865e-06
98 -3.350659990417314e-06
99 -3.5263603167878692e-06
100 -3.4863112336959993e-06
101 -3.4533889010081198e-06
102 -3.5248381160508735e-06
103 -3.4293690587308526e-06
104 -3.4912526657251225e-06
105 -3.4499603182551584e-06
106 -3.428261757789657e-06
107 -3.4739882855317134e-06
108 -3.4536098477353916e-06
109 -3.496789423063579e-06
110 -3.5634797715578197e-06
111 -3.4021924174192404e-06
112 -3.408218525761796e-06
113 -3.3957070493378022e-06
114 -3.4545418934540625e-06
115 -3.462154577152105e-06
116 -3.3857313159260207e-06
117 -3.338948624607421e-06
118 -3.419365042757082e-06
119 -3.4501192407154164e-06
120 -3.450409910485511e-06
121 -3.38754308684713e-06
122 -3.4883715242842757e-06
123 -3.4219413657623714e-06
124 -3.4438235249693404e-06
125 -3.4734344100997912e-06
126 -3.421346888408541e-06
127 -3.4427342567067557e-06
128 -3.4957618424746602e-06
129 -3.4639876391259423e-06
130 -3.518460885717332e-06
131 -3.294410415538704e-06
132 -3.5062785300483622e-06
133 -3.355711451931948e-06
134 -3.5198977050383198e-06
135 -3.642967477068622e-06
136 -3.39993543383381e-06
137 -3.389867329260067e-06
138 -3.320616247014945e-06
139 -3.419223394535083e-06
140 -3.443563880094323e-06
141 -3.4680432971179967e-06
142 -3.5034152963864874e-06
143 -3.491854940999731e-06
144 -3.3863672484599305e-06
145 -3.582097345701346e-06
146 -3.570965747041385e-06
147 -3.3494972759832386e-06
148 -3.4386251300370487e-06
149 -3.4682415162367206e-06
150 -3.479100429532999e-06
151 -3.439956335191889e-06
152 -3.4160357524307434e-06
153 -3.5260781177303717e-06
154 -3.4879400046082035e-06
155 -3.4540521782285905e-06
156 -3.4213204538163896e-06
157 -3.4963671023339385e-06
158 -3.415731228574203e-06
159 -3.5618619822033803e-06
160 -3.5184754447130587e-06
161 -3.4024786075026705e-06
162 -3.544187423398552e-06
163 -3.423006247613905e-06
164 -3.5334355419208743e-06
165 -3.335971094193708e-06
166 -3.403941189505856e-06
167 -3.3079856775764944e-06
168 -3.4902892878237574e-06
169 -3.3813880738239286e-06
170 -3.5551607494302975e-06
171 -3.458573983567217e-06
172 -3.4674207102074765e-06
173 -3.5463825285987165e-06
174 -3.4097287392318015e-06
175 -3.5609508091795774e-06
176 -3.5317472150774305e-06
177 -3.420770490972616e-06
178 -3.4766021465260704e-06
179 -3.3799810418893634e-06
180 -3.5251885043669816e-06
181 -3.47819668078722e-06
182 -3.485998598012679e-06
183 -3.4734608061998386e-06
184 -3.4533145829568916e-06
185 -3.485403812237953e-06
186 -3.6187106694891605e-06
187 -3.497109879139633e-06
188 -3.484179757017745e-06
189 -3.4168282422544947e-06
190 -3.520531218349626e-06
191 -3.4987241877943393e-06
192 -3.564865658386619e-06
193 -3.583100021445232e-06
194 -3.4816886041547036e-06
195 -3.4068000055709668e-06
196 -3.3607970550536605e-06
197 -3.441447787415916e-06
198 -3.5270498492828655e-06
199 -3.5388591866864695e-06
200 -3.5380020057104703e-06
201 -3.411809549595793e-06
202 -3.491533713652741e-06
203 -3.446447528814516e-06
204 -3.5737907333223783e-06
205 -3.6111314438192438e-06
206 -3.5279855150442914e-06
207 -3.414923225909852e-06
208 -3.5168735132744803e-06
209 -3.482478518889829e-06
210 -3.3844490724291965e-06
211 -3.415482794493824e-06
212 -3.449678314081642e-06
213 -3.509126396105206e-06
214 -3.3778441586978467e-06
215 -3.4605273696009667e-06
216 -3.5568347556587553e-06
217 -3.4381987671644568e-06
218 -3.460418396190679e-06
219 -3.3889488929632304e-06
220 -3.4589541227991045e-06
221 -3.4407096939157848e-06
222 -3.5025900420641194e-06
223 -3.5074802647046622e-06
224 -3.5050759121925602e-06
225 -3.3782536280021394e-06
226 -3.449650793368231e-06
227 -3.4418372791425803e-06
228 -3.4611136417321274e-06
229 -3.5386710266309284e-06
230 -3.5240848543080356e-06
231 -3.4572662388824284e-06
232 -3.474332683439285e-06
233 -3.439017203126682e-06
234 -3.5543194475940068e-06
235 -3.3757950880959543e-06
236 -3.4550195391978624e-06
237 -3.400381401917811e-06
238 -3.5720282913429667e-06
239 -3.4800456667919313e-06
240 -3.459814304414336e-06
241 -3.363424472348335e-06
242 -3.4358134938062287e-06
243 -3.4123778258272247e-06
244 -3.4762445853220852e-06
245 -3.469575342577212e-06
246 -3.4676116994280323e-06
247 -3.473563281078371e-06
248 -3.3969771226081176e-06
249 -3.5338589963560046e-06
250 -3.464594700323141e-06
251 -3.4165333073949452e-06
252 -3.489961841911216e-06
253 -3.3724823944836137e-06
254 -3.497339105741093e-06
255 -3.427923489784967e-06
256 -3.5359142089446825e-06
257 -3.4501534428702915e-06
258 -3.4796565152678914e-06
259 -3.4414589977154364e-06
260 -3.461722523057108e-06
261 -3.5157588284818254e-06
262 -3.4095605994770657e-06
263 -3.505388643042905e-06
264 -3.3636926611105425e-06
265 -3.416816523471045e-06
266 -3.4324821713605938e-06
267 -3.380678341918691e-06
268 -3.449809222197099e-06
269 -3.6391724975601182e-06
270 -3.503116556228342e-06
271 -3.408564852424346e-06
272 -3.4449758241724254e-06
273 -3.5269806478948777e-06
274 -3.4530548914873992e-06
275 -3.4639495134378766e-06
276 -3.525503428728857e-06
277 -3.373607205250123e-06
278 -3.426276924769549e-06
279 -3.3757091915428563e-06
280 -3.469961282698705e-06
281 -3.476730179192073e-06
282 -3.4964416863213244e-06
283 -3.4498395712344787e-06
284 -3.4910220766611293e-06
285 -3.4153767996857216e-06
286 -3.4200889363114394e-06
287 -3.475511527590717e-06
288 -3.4503491524665007e-06
289 -3.574471682559085e-06
290 -3.5388946430017286e-06
291 -3.4748910117481343e-06
292 -3.4004663139843954e-06
293 -3.576397523552645e-06
294 -3.615420277724553e-06
295 -3.5030647672769698e-06
296 -3.381789404542285e-06
297 -3.375953533417663e-06
298 -3.468869528023184e-06
299 -3.4640075320256774e-06
