0 -2.2646087907313513e-06
1 -2.3220542608958283e-06
2 -2.277279177914381e-06
3 -2.3815761303499705e-06
4 -2.425167507627045e-06
5 -2.2290057934224872e-06
6 -2.4514054280004952e-06
7 -2.222255771958349e-06
8 -2.277693001484743e-06
9 -2.139658452662335e-06
10 -2.2792764675966816e-06
11 -2.2693386275751257e-06
12 -2.3814772658606884e-06
13 -2.3523421050411286e-06
14 -2.2275674723082923e-06
15 -2.315778395695258e-06
16 -2.2644078204329387e-06
17 -2.324388412154619e-06
18 -2.176357918487142e-06
19 -2.2181847128495497e-06
20 -2.3264841993024476e-06
21 -2.361996601340415e-06
22 -2.1912916281661872e-06
23 -2.1358899139439266e-06
24 -2.3414866392359773e-06
25 -2.3729662457548692e-06
26 -2.29443656517645e-06
27 -2.206139891881217e-06
28 -2.220494113790985e-06
29 -2.2436021167051423e-06
30 -2.3236078260181446e-06
31 -2.2669197261331574e-06
32 -2.151683799888331e-06
33 -2.2876336060213826e-06
34 -2.2967194823279573e-06
35 -2.199948399329281e-06
36 -2.28303037738138e-06
37 -2.365783079120711e-06
38 -2.2452762115674038e-06
39 -2.3442662711939353e-06
40 -2.3278382625098944e-06
41 -2.3358348734196247e-06
42 -2.269041223295956e-06
43 -2.366817518753457e-06
44 -2.2375116693458377e-06
45 -2.217010463974692e-06
46 -2.2846225438220898e-06
47 -2.2420542642307443e-06
48 -2.2051261531311294e-06
49 -2.3092261965687576e-06
50 -2.2533502779087175e-06
51 -2.3023050982209384e-06
52 -2.388896397947451e-06
53 -2.321709726214926e-06
54 -2.3296209761562606e-06
55 -2.221436232746801e-06
56 -2.3468426975874685e-06
57 -2.1535267978911192e-06
58 -2.1922846140489298e-06
59 -2.3317489330828335e-06
60 -2.153795423133192e-06
61 -2.1936104942545624e-06
62 -2.278740383790849e-06
63 -2.353582747726005e-06
64 -2.363885741029811e-06
65 -2.124859605767531e-06
66 -2.274875156196501e-06
67 -2.246968839129299e-06
68 -2.180994236205346e-06
69 -2.1885043337002314e-06
70 -2.2923755242920117e-06
71 -2.228812153930992e-06
72 -2.193052537442285e-06
73 -2.252832480651876e-06
74 -2.3323905054091128e-06
75 -2.2407092725958544e-06
76 -2.1022482052871016e-06
77 -2.234494327472893e-06
78 -2.2707785975347646e-06
79 -2.3789122601800125e-06
80 -2.3572939223952697e-06
81 -2.149721837298924e-06
82 -2.2110483710542528e-06
83 -2.333583105142092e-06
84 -2.3420167440651224e-06
85 -2.2096724195568816e-06
86 -2.2729189934004404e-06
87 -2.3198580276161452e-06
88 -2.29457742996734e-06
89 -2.1904084560606505e-06
90 -2.4046190738651805e-06
91 -2.2994977403754897e-06
92 -2.287528224907897e-06
93 -2.221214969278023e-06
94 -2.3346441589036503e-06
95 -2.3480645606669036e-06
96 -2.242728536701833e-06
97 -2.3413202991938253e-06
98 -2.148377524911061e-06
99 -2.3562419214427144e-06
100 -2.2844590721887423e-06
101 -2.2029962145075772e-06
102 -2.300805697045918e-06
103 -2.2784317547532785e-06
104 -2.286759155400715e-06
105 -2.3171021454061204e-06
106 -2.254120100156894e-06
107 -2.326308087892002e-06
108 -2.2757482859170667e-06
109 -2.3151475127683534e-06
110 -2.3250599846711263e-06
111 -2.241864767786522e-06
112 -2.299848716526251e-06
113 -2.2418933939210464e-06
114 -2.2204093534153196e-06
115 -2.203707915001515e-06
116 -2.302459156475364e-06
117 -2.2383973851375816e-06
118 -2.2736477050200457e-06
119 -2.2002522366744837e-06
120 -2.168389699887627e-06
121 -2.2377315052744395e-06
122 -2.3632066837726807e-06
123 -2.1983159209821266e-06
124 -2.251800649951374e-06
125 -2.2883037422716384e-06
126 -2.2921348875009786e-06
127 -2.300057009518706e-06
128 -2.3406017976817075e-06
129 -2.2332289033783438e-06
130 -2.3166899963624745e-06
131 -2.1176586037558413e-06
132 -2.2623214845848575e-06
133 -2.109589370957974e-06
134 -2.3432967349477616e-06
135 -2.4847953968242615e-06
136 -2.1956767236241476e-06
137 -2.171611299018668e-06
138 -2.1165006829309325e-06
139 -2.2832164816200696e-06
140 -2.162374951583347e-06
141 -2.2391793441910992e-06
142 -2.3474770631339725e-06
143 -2.333019202682043e-06
144 -2.190445465634469e-06
145 -2.4725330831849347e-06
146 -2.4114918722420954e-06
147 -2.164573347945452e-06
148 -2.2259312853760628e-06
149 -2.2540413076289037e-06
150 -2.333546649306103e-06
151 -2.3128868689466272e-06
152 -2.2816694561574688e-06
153 -2.363312592110981e-06
154 -2.3326593976358805e-06
155 -2.2768823721225154e-06
156 -2.234158573730509e-06
157 -2.339801598628745e-06
158 -2.26324098772687e-06
159 -2.3299361563232267e-06
160 -2.3501974151315586e-06
161 -2.2570193375050602e-06
162 -2.37111681067556e-06
163 -2.3155535971107504e-06
164 -2.3487982143977217e-06
165 -2.18951175567443e-06
166 -2.1584553126488953e-06
167 -2.1577443974169483e-06
168 -2.331761169523527e-06
169 -2.1758048256954704e-06
170 -2.4173086541537547e-06
171 -2.231797902080911e-06
172 -2.281269868967985e-06
173 -2.4620061350807754e-06
174 -2.2521358474954526e-06
175 -2.3603489587870906e-06
176 -2.432173005345449e-06
177 -2.140291013601046e-06
178 -2.202807747438126e-06
179 -2.1580104334082275e-06
180 -2.335294350054741e-06
181 -2.3258154393928857e-06
182 -2.2488657188337033e-06
183 -2.153086850008967e-06
184 -2.319699624761113e-06
185 -2.337867531151628e-06
186 -2.4898801936628796e-06
187 -2.3038068074702406e-06
188 -2.2306989781365404e-06
189 -2.211863373295224e-06
190 -2.319775975760811e-06
191 -2.272784544260343e-06
192 -2.365300495304884e-06
193 -2.4219414902572587e-06
194 -2.2895873611282783e-06
195 -2.3585421409515275e-06
196 -2.2080056075744844e-06
197 -2.26059097829595e-06
198 -2.299740986941176e-06
199 -2.439352461309088e-06
200 -2.378683969014193e-06
201 -2.3162883360921434e-06
202 -2.3228555619751584e-06
203 -2.258197896325225e-06
204 -2.348763067911256e-06
205 -2.4479207340428102e-06
206 -2.363017962173709e-06
207 -2.1769954959882473e-06
208 -2.303463634578066e-06
209 -2.3314658449701803e-06
210 -2.2338939518449125e-06
211 -2.2458673479482464e-06
212 -2.2619071613099034e-06
213 -2.351249344863244e-06
214 -2.176958223220203e-06
215 -2.3280748880093336e-06
216 -2.418866578813175e-06
217 -2.309079681329473e-06
218 -2.3400365107695016e-06
219 -2.2126857811614716e-06
220 -2.351486051972803e-06
221 -2.261930324981515e-06
222 -2.358516681721106e-06
223 -2.3239306577327767e-06
224 -2.291824537300709e-06
225 -2.243193669593609e-06
226 -2.3323592061252177e-06
227 -2.3009158368204845e-06
228 -2.285427015965607e-06
229 -2.390374135252493e-06
230 -2.304141432609997e-06
231 -2.1702389439645045e-06
232 -2.4124866774536395e-06
233 -2.271173097445129e-06
234 -2.3636746587305914e-06
235 -2.1170085750276765e-06
236 -2.305223498019245e-06
237 -2.1883320226369482e-06
238 -2.485912023795884e-06
239 -2.2020963346855166e-06
240 -2.3267561134984753e-06
241 -2.1845441916128126e-06
242 -2.2482727459355808e-06
243 -2.193641429196259e-06
244 -2.3668283743300067e-06
245 -2.2613337183707344e-06
246 -2.237220791448509e-06
247 -2.338565762757239e-06
248 -2.3143454677597465e-06
249 -2.3759446972647823e-06
250 -2.3443864607643117e-06
251 -2.2043601030345494e-06
252 -2.2457192818868235e-06
253 -2.3726817109246793e-06
254 -2.2751627619840902e-06
255 -2.1941992848732046e-06
256 -2.3152327250324366e-06
257 -2.2844558627986933e-06
258 -2.400947782636606e-06
259 -2.3449538726316028e-06
260 -2.2583663596216276e-06
261 -2.336243829534615e-06
262 -2.206009844840496e-06
263 -2.3993861073542876e-06
264 -2.249700201707578e-06
265 -2.2757534828368447e-06
266 -2.295803119259496e-06
267 -2.1175235412068863e-06
268 -2.298229456516421e-06
269 -2.5030402262665715e-06
270 -2.379886506647779e-06
271 -2.221721206055791e-06
272 -2.341493823565069e-06
273 -2.3851870704092054e-06
274 -2.2269011990762758e-06
275 -2.241560979247438e-06
276 -2.365675190746934e-06
277 -2.2155737225711507e-06
278 -2.2472466465272016e-06
279 -2.2243591829573253e-06
280 -2.2928061076272932e-06
281 -2.258716503452018e-06
282 -2.353023004512165e-06
283 -2.2564556911454197e-06
284 -2.2256729110451187e-06
285 -2.235659484549265e-06
286 -2.2589934242172976e-06
287 -2.2795181400672007e-06
288 -2.2922743057078213e-06
289 -2.3694963855672315e-06
290 -2.3113585677446565e-06
291 -2.327662077744704e-06
292 -2.2182387882195377e-06
293 -2.4264598308372846e-06
294 -2.3588936871380503e-06
295 -2.3337942068824384e-06
296 -2.2004356375740077e-06
297 -2.2684504248647932e-06
298 -2.317265256077945e-06
299 -2.3010459170234832e-06
