0 2.347728178813527e-06
1 2.198489024540267e-06
2 2.21352499666018e-06
3 2.1956114375012496e-06
4 2.2156703551982938e-06
5 2.227379929219033e-06
6 2.2507078999823713e-06
7 1.953032030423011e-06
8 2.2565562872203705e-06
9 2.297464861151178e-06
10 2.257684185808e-06
11 2.2686806552155985e-06
12 2.3060938579374053e-06
13 2.2518764478006755e-06
14 2.1623782377086942e-06
15 2.1311505474090867e-06
16 2.086811458855538e-06
17 2.2347293626458804e-06
18 2.231438322484664e-06
19 2.4186577247349482e-06
20 2.2154590774746776e-06
21 2.178067370470695e-06
22 2.152915136041573e-06
23 2.24030720908971e-06
24 2.2850556765448955e-06
25 2.1223913015310095e-06
26 2.1866920154494464e-06
27 2.3659156199036843e-06
28 2.1064465872765753e-06
29 2.1551989797748534e-06
30 2.1363739291384164e-06
31 2.1683938393149303e-06
32 2.2546342196886498e-06
33 2.1615074708588725e-06
34 2.0599593867770066e-06
35 2.19287838118798e-06
36 2.1826359325948594e-06
37 2.186225769325018e-06
38 2.2454961705057085e-06
39 2.2283739092416227e-06
40 2.1892673052284344e-06
41 2.165975960948502e-06
42 2.307714474524754e-06
43 2.1677488181601573e-06
44 2.2635149966215153e-06
45 2.2541881385786475e-06
46 2.1704669478721605e-06
47 2.356466016098065e-06
48 2.3247821908323146e-06
49 2.32770958100199e-06
50 2.294055874413795e-06
51 2.3296768607548713e-06
52 2.2349480813371566e-06
53 2.210773606900442e-06
54 2.2797559756069946e-06
55 2.0741764916538844e-06
56 2.185531192075023e-06
57 2.13357437810408e-06
58 2.183050956125153e-06
59 2.1635755458230124e-06
60 2.3688831736569254e-06
61 2.1786022878320342e-06
62 2.1582167550897756e-06
63 2.2987749288435047e-06
64 2.1683460261937604e-06
65 2.1237180407102285e-06
66 2.1995715886877517e-06
67 2.109095145582167e-06
68 2.392485696188979e-06
69 2.2907817291019204e-06
70 2.094043081703299e-06
71 2.121627583376873e-06
72 2.288281243030259e-06
73 2.1044623361383206e-06
74 2.2734561334354956e-06
75 2.1414957270821758e-06
76 2.2364994835753976e-06
77 2.230889762170329e-06
78 2.0852750620268168e-06
79 2.2750164899451298e-06
80 2.2359728367307052e-06
81 2.217074223056641e-06
82 2.3018077067454927e-06
83 2.1865408752107006e-06
84 2.1634542048428016e-06
85 2.185813636692713e-06
86 2.236262728572804e-06
87 2.290651587818821e-06
88 2.3322039168921257e-06
89 2.2451131491039577e-06
90 2.2520519623780935e-06
91 2.3374871198284495e-06
92 2.1429284239803425e-06
93 2.0910661362269012e-06
94 2.1740296377413246e-06
95 2.2478229245526746e-06
96 2.3113732872749916e-06
97 2.1488483476510526e-06
98 2.076247100554412e-06
99 2.273177640075299e-06
100 2.2194343237121713e-06
101 2.232314935968648e-06
102 2.33388765293527e-06
103 2.194477032321011e-06
104 2.26305802025447e-06
105 2.1488360814007774e-06
106 2.2227789432358327e-06
107 2.2061215590068875e-06
108 2.170701377833486e-06
109 2.2692300024932912e-06
110 2.421915135370505e-06
111 2.1861990877401947e-06
112 2.026640559565814e-06
113 2.1361963116043816e-06
114 2.242008493526461e-06
115 2.358446689787497e-06
116 2.0307635616593194e-06
117 2.0539193244817578e-06
118 2.118884943417122e-06
119 2.290140192523299e-06
120 2.3194733443806798e-06
121 2.1238406563411912e-06
122 2.222135919533128e-06
123 2.3025081296614507e-06
124 2.249300789832443e-06
125 2.2334814933889054e-06
126 2.1378341189791633e-06
127 2.0701775047280848e-06
128 2.2944470560749095e-06
129 2.2633366472236333e-06
130 2.26276685520287e-06
131 2.058581436977905e-06
132 2.3093521821605172e-06
133 2.1147018804013724e-06
134 2.2614999211453893e-06
135 2.412606063159027e-06
136 2.191357166280737e-06
137 2.149052050003533e-06
138 2.1318352131315533e-06
139 2.1383796917055677e-06
140 2.3425043567473026e-06
141 2.3171314771827477e-06
142 2.2064151566369604e-06
143 2.248492303403284e-06
144 2.1647304559442573e-06
145 2.2427612431432054e-06
146 2.2915561664512257e-06
147 2.086974349464606e-06
148 2.2515392863579353e-06
149 2.3543339962270346e-06
150 2.1489566572327468e-06
151 2.1614500601240455e-06
152 2.142406265360939e-06
153 2.2173298250690196e-06
154 2.202355396679009e-06
155 2.1948440945848443e-06
156 2.2295655872391305e-06
157 2.2984529853208164e-06
158 2.1555130760390177e-06
159 2.3909002828008318e-06
160 2.341804802754775e-06
161 2.0896841621432003e-06
162 2.26574667328475e-06
163 2.088925448907244e-06
164 2.273548761621167e-06
165 2.061677421990308e-06
166 2.2305897298776746e-06
167 2.0368776273007058e-06
168 2.2269419761725665e-06
169 2.2280778304919887e-06
170 2.263558143815266e-06
171 2.2195246442729103e-06
172 2.1824776576192307e-06
173 2.1335562715673538e-06
174 2.106367728331978e-06
175 2.326972198572601e-06
176 2.2583843194304954e-06
177 2.2453020808846876e-06
178 2.32810207122472e-06
179 2.1638658960762513e-06
180 2.2592496868985003e-06
181 2.2026919857932008e-06
182 2.3145075950887146e-06
183 2.408279431814105e-06
184 2.2502249190075127e-06
185 2.157499298353652e-06
186 2.2800176318743814e-06
187 2.20766194416765e-06
188 2.3455046175227514e-06
189 2.1694065452825866e-06
190 2.2887391986143258e-06
191 2.326742512852342e-06
192 2.324251330698549e-06
193 2.315410909373056e-06
194 2.182835335173104e-06
195 1.9954695154448603e-06
196 2.0375471161876786e-06
197 2.166167229915137e-06
198 2.2331325407137804e-06
199 2.165658130076693e-06
200 2.28453155304799e-06
201 2.051223199890762e-06
202 2.2248228022681657e-06
203 2.2120997003987977e-06
204 2.360659513312716e-06
205 2.2339964243208987e-06
206 2.26504914699373e-06
207 2.1994641895818365e-06
208 2.329979207446571e-06
209 2.215691474096459e-06
210 2.064852485108577e-06
211 2.1791204146340975e-06
212 2.195127781778271e-06
213 2.246423001459088e-06
214 2.134903276950808e-06
215 2.144892232326399e-06
216 2.216196008858572e-06
217 2.0928926807828944e-06
218 2.1330781414053207e-06
219 2.1019217218341217e-06
220 2.1098214983371314e-06
221 2.1878648144216055e-06
222 2.1848285357602333e-06
223 2.300066546469599e-06
224 2.3046328087240496e-06
225 2.051803799390061e-06
226 2.0385952751371094e-06
227 2.1918718253766636e-06
228 2.2349638646675996e-06
229 2.258298967871129e-06
230 2.3179628023507466e-06
231 2.358914561719332e-06
232 2.111681724375351e-06
233 2.1029567805392618e-06
234 2.327921111880169e-06
235 2.2261871944821162e-06
236 2.1651686100097454e-06
237 2.1905790371600586e-06
238 2.260334837202869e-06
239 2.3370740309444566e-06
240 2.1376804550569573e-06
241 2.089439088475661e-06
242 2.2170558300270928e-06
243 2.176620629226438e-06
244 2.073491718514426e-06
245 2.20510360576552e-06
246 2.2714682652668414e-06
247 2.1613047922130296e-06
248 2.038181883373476e-06
249 2.2704679695570714e-06
250 2.150628550011262e-06
251 2.304068566650706e-06
252 2.275804762936166e-06
253 1.8894090711072778e-06
254 2.257521290621873e-06
255 2.3190629176116256e-06
256 2.355523864311069e-06
257 2.1602803234527245e-06
258 2.093418702218024e-06
259 2.0500401741188825e-06
260 2.2600846279886425e-06
261 2.26021463165744e-06
262 2.1964062397546396e-06
263 2.1686176085995462e-06
264 2.078883888706111e-06
265 2.096366020183296e-06
266 2.122799908634987e-06
267 2.2043049276805685e-06
268 2.202088067203327e-06
269 2.3674937880433364e-06
270 2.1880225280791654e-06
271 2.1409384343079244e-06
272 2.134369225230791e-06
273 2.181919372583127e-06
274 2.2455633519962677e-06
275 2.2106179975320464e-06
276 2.225990469215171e-06
277 2.0956650111170866e-06
278 2.1765721751445708e-06
279 2.1384053188682327e-06
280 2.2531577838737117e-06
281 2.2867479454113304e-06
282 2.1970511005853465e-06
283 2.14293989179916e-06
284 2.3088208439469754e-06
285 2.196749428133523e-06
286 2.105856696934866e-06
287 2.276268401535827e-06
288 2.159581204567323e-06
289 2.40925738983943e-06
290 2.3003066049718306e-06
291 2.1222433506671686e-06
292 2.1447559393900766e-06
293 2.3388214669552267e-06
294 2.5141226864674213e-06
295 2.229382741965054e-06
296 2.181910277345544e-06
297 1.987406191642421e-06
298 2.143006663711549e-06
299 2.210949168452804e-06
