0 1.3009312459165594e-06
1 1.3521381685548448e-06
2 1.3287930926923345e-06
3 1.414818539556655e-06
4 1.3895388622816143e-06
5 1.3009229964753353e-06
6 1.3792260888738628e-06
7 1.40029398215629e-06
8 1.320481228069988e-06
9 1.2891366542488005e-06
10 1.3322436794226829e-06
11 1.3065978915113883e-06
12 1.3571564587561039e-06
13 1.348681779550641e-06
14 1.3404382385480847e-06
15 1.3647105159594998e-06
16 1.3673460201446032e-06
17 1.365544065638471e-06
18 1.2917513392344499e-06
19 1.2099454371157551e-06
20 1.3544704173283066e-06
21 1.4081462155872633e-06
22 1.3081018871527912e-06
23 1.2671488752330908e-06
24 1.3294883992939203e-06
25 1.3993208086452078e-06
26 1.3557547216893516e-06
27 1.2708958111502771e-06
28 1.3523733170468429e-06
29 1.3440878807919318e-06
30 1.3842122493710187e-06
31 1.3432463816767424e-06
32 1.246042765046703e-06
33 1.3685588806010417e-06
34 1.397228689525031e-06
35 1.3243149000338938e-06
36 1.3623528083973565e-06
37 1.3691983718447844e-06
38 1.3078454944140378e-06
39 1.3712559283481141e-06
40 1.400197947621423e-06
41 1.3701113360496095e-06
42 1.3144851743975556e-06
43 1.4012701000174705e-06
44 1.3197889310088824e-06
45 1.2945251160694634e-06
46 1.3692754633060838e-06
47 1.2661026191925724e-06
48 1.259407915140153e-06
49 1.3036987914149223e-06
50 1.3094519391382548e-06
51 1.3102673862830185e-06
52 1.3637391205643135e-06
53 1.3492548306091395e-06
54 1.341160829954262e-06
55 1.353064687547926e-06
56 1.3723923284132347e-06
57 1.305995702274562e-06
58 1.3036358231272683e-06
59 1.3980539748799827e-06
60 1.2225205572386978e-06
61 1.328775951973201e-06
62 1.3782508776046725e-06
63 1.3488973885991316e-06
64 1.387598707956244e-06
65 1.3187519781477105e-06
66 1.3607954409756885e-06
67 1.3622747824064679e-06
68 1.221962471495764e-06
69 1.2559002629644482e-06
70 1.4066763002557436e-06
71 1.3436327864948234e-06
72 1.258062743777679e-06
73 1.384157435473464e-06
74 1.348869891906237e-06
75 1.3587302943815257e-06
76 1.2472092973973064e-06
77 1.3056424084906141e-06
78 1.387775786430943e-06
79 1.3669607562708705e-06
80 1.3571147696291456e-06
81 1.2934461543539457e-06
82 1.2799471403888575e-06
83 1.3743332170531895e-06
84 1.3943940502958592e-06
85 1.31684869288046e-06
86 1.3226772987404936e-06
87 1.3154816658109369e-06
88 1.2756100803646244e-06
89 1.2883178546761525e-06
90 1.3493429014082708e-06
91 1.3349196828370091e-06
92 1.356629433394956e-06
93 1.356810468515983e-06
94 1.360015919152996e-06
95 1.3402510807689917e-06
96 1.2853641340756362e-06
97 1.3943430361380763e-06
98 1.3285312153854723e-06
99 1.385886387324284e-06
100 1.3300418381839295e-06
101 1.302028113667605e-06
102 1.2935146240898953e-06
103 1.3445400099784115e-06
104 1.309398555216178e-06
105 1.3517161497700126e-06
106 1.3485118097289348e-06
107 1.3677501324547036e-06
108 1.342353543989582e-06
109 1.3184051317123626e-06
110 1.276764471014383e-06
111 1.337443914136799e-06
112 1.428844243939685e-06
113 1.3564488216867133e-06
114 1.3016523736417588e-06
115 1.2523013250599235e-06
116 1.4094916248598104e-06
117 1.3676048858022265e-06
118 1.3721769449523562e-06
119 1.3086581624720493e-06
120 1.27148350042768e-06
121 1.3617282475837655e-06
122 1.3588147685921368e-06
123 1.2892189780300778e-06
124 1.2979543823335122e-06
125 1.3401771254023769e-06
126 1.3718734595929401e-06
127 1.39306775911101e-06
128 1.3413501866785533e-06
129 1.2882800632579897e-06
130 1.3703334457368307e-06
131 1.3445584202059113e-06
132 1.2790581609516701e-06
133 1.3238035432412375e-06
134 1.3423841980831406e-06
135 1.3564384961798373e-06
136 1.307149519129172e-06
137 1.320475079701298e-06
138 1.2690268587454515e-06
139 1.3576704099432534e-06
140 1.224876371324467e-06
141 1.2581709971549293e-06
142 1.401465957204555e-06
143 1.3297841280416954e-06
144 1.3314448250755932e-06
145 1.4282470048508878e-06
146 1.392812659067043e-06
147 1.3235939845751548e-06
148 1.3124635775874117e-06
149 1.251732039383932e-06
150 1.3783833369865555e-06
151 1.3571347015536964e-06
152 1.3529000005461563e-06
153 1.374461603697039e-06
154 1.3569306548017356e-06
155 1.3534932185766996e-06
156 1.3258125430119505e-06
157 1.3536400767541667e-06
158 1.323860177487438e-06
159 1.2704231113654642e-06
160 1.3272469648952614e-06
161 1.3636108138667122e-06
162 1.3633024537670506e-06
163 1.4051788055270876e-06
164 1.3405791306095031e-06
165 1.362529781621771e-06
166 1.2718474157441125e-06
167 1.3462728915195753e-06
168 1.3599266398346886e-06
169 1.2929406158524235e-06
170 1.363776823276247e-06
171 1.3213529939854515e-06
172 1.3546618473936676e-06
173 1.4910371464695498e-06
174 1.3760321443494531e-06
175 1.3482596215661507e-06
176 1.3632559338813004e-06
177 1.2598782182490186e-06
178 1.2452941076669305e-06
179 1.2867301157020056e-06
180 1.3799836356481762e-06
181 1.3613090044269104e-06
182 1.304519253995116e-06
183 1.2159600350205756e-06
184 1.3465382792233886e-06
185 1.3725622197164934e-06
186 1.4434563013556054e-06
187 1.3443671710255785e-06
188 1.2997935249827997e-06
189 1.3498726654675148e-06
190 1.3501802315417013e-06
191 1.2746144096419986e-06
192 1.3573760702629422e-06
193 1.390504160415397e-06
194 1.3611949923044146e-06
195 1.4932627762646207e-06
196 1.3609443509860634e-06
197 1.354075284097525e-06
198 1.3337945263203295e-06
199 1.4214909250377775e-06
200 1.3353662909018892e-06
201 1.4192767289432637e-06
202 1.346896850828933e-06
203 1.323597038055083e-06
204 1.3066224319255727e-06
205 1.3931776503021376e-06
206 1.3638937022992993e-06
207 1.3188399303373681e-06
208 1.2925749038408488e-06
209 1.3562161582136825e-06
210 1.372947644563716e-06
211 1.3061913601846226e-06
212 1.322521185928424e-06
213 1.3709059387935297e-06
214 1.3185595991736793e-06
215 1.3996195555730572e-06
216 1.4153044675958926e-06
217 1.398769948930217e-06
218 1.403092506773557e-06
219 1.3401820153771245e-06
220 1.4083537228233228e-06
221 1.3389394003373575e-06
222 1.3901139210937668e-06
223 1.3404436363481693e-06
224 1.3153573094589707e-06
225 1.4022825444587282e-06
226 1.442422988633936e-06
227 1.342166730164204e-06
228 1.3358828619558688e-06
229 1.3610291149278296e-06
230 1.3028294177720846e-06
231 1.2333321351142407e-06
232 1.415995696816146e-06
233 1.3901343004261708e-06
234 1.3194397308668926e-06
235 1.2571014023283979e-06
236 1.367402566946073e-06
237 1.3282459641124404e-06
238 1.408811255203816e-06
239 1.2576818774947029e-06
240 1.408706984068465e-06
241 1.3562857561795045e-06
242 1.3099872392097607e-06
243 1.3245191328025221e-06
244 1.4659617665470342e-06
245 1.3419067039564142e-06
246 1.3190380221409455e-06
247 1.3672265122196522e-06
248 1.4071131176959253e-06
249 1.3500538528243453e-06
250 1.3593771293426975e-06
251 1.2394265199592935e-06
252 1.285007091768101e-06
253 1.4864327671742745e-06
254 1.2857504289362223e-06
255 1.2800465141754194e-06
256 1.271590100482503e-06
257 1.3659875677794836e-06
258 1.43223197706975e-06
259 1.4245133589407932e-06
260 1.2833559384645905e-06
261 1.3323844266541811e-06
262 1.3071287586205813e-06
263 1.4182807200041422e-06
264 1.3636174570014201e-06
265 1.3826302477062836e-06
266 1.3744072882141866e-06
267 1.274171775730256e-06
268 1.3392576858186124e-06
269 1.3748706480985855e-06
270 1.4104918711049992e-06
271 1.367568950542057e-06
272 1.3664357445587565e-06
273 1.4231000465195257e-06
274 1.3127270245868241e-06
275 1.3375851496140213e-06
276 1.4160194142041402e-06
277 1.362341592016396e-06
278 1.3489604574747448e-06
279 1.3510429136992013e-06
280 1.348187141582808e-06
281 1.3177774146626624e-06
282 1.3758027073419934e-06
283 1.3642240022044424e-06
284 1.2931891803147116e-06
285 1.338543795322715e-06
286 1.3574579613346053e-06
287 1.3184339768709402e-06
288 1.375705709222321e-06
289 1.2861000565856969e-06
290 1.3078933738430244e-06
291 1.4110681719463698e-06
292 1.390035650047735e-06
293 1.3306277029863183e-06
294 1.2641635659914343e-06
295 1.3586432249488816e-06
296 1.3129972076239061e-06
297 1.4592601434714131e-06
298 1.397702767144294e-06
299 1.321977123687747e-06
