0 -1.6882880191125913e-05
1 -1.6771152371841696e-05
2 -1.6993848034021168e-05
3 -1.6922560452604798e-05
4 -1.680816152011321e-05
5 -1.7063223838210587e-05
6 -1.766945522880816e-05
7 -1.7717826845207808e-05
8 -1.669881042474276e-05
9 -1.7195897740998416e-05
10 -1.682101932034626e-05
11 -1.7137758690771658e-05
12 -1.6587617303578922e-05
13 -1.7461550027970263e-05
14 -1.6777882930941903e-05
15 -1.710493504837915e-05
16 -1.71062888401353e-05
17 -1.7019329472795777e-05
18 -1.7285081427443304e-05
19 -1.7639816808719266e-05
20 -1.754626746551925e-05
21 -1.6508215685487867e-05
22 -1.6816450106964595e-05
23 -1.7015582547744332e-05
24 -1.7253217443696142e-05
25 -1.762449442996582e-05
26 -1.7339545511027776e-05
27 -1.6624479821664594e-05
28 -1.663709760858799e-05
29 -1.729903586483174e-05
30 -1.7954163786133112e-05
31 -1.70645630941887e-05
32 -1.6847042511002764e-05
33 -1.723610108570096e-05
34 -1.7542740445413986e-05
35 -1.717267804409567e-05
36 -1.644745773158368e-05
37 -1.688729725414735e-05
38 -1.710892039219935e-05
39 -1.666830167347788e-05
40 -1.693341203298997e-05
41 -1.694374530240017e-05
42 -1.733717363058235e-05
43 -1.665469589909787e-05
44 -1.718880074030856e-05
45 -1.6750774561874502e-05
46 -1.7172413018612066e-05
47 -1.7086088752445333e-05
48 -1.668204376127096e-05
49 -1.732416997366317e-05
50 -1.7600141044972706e-05
51 -1.7048895804379904e-05
52 -1.732248585800684e-05
53 -1.7418985790998556e-05
54 -1.6184989875253044e-05
55 -1.7153583973233482e-05
56 -1.7287387438483865e-05
57 -1.730965209688121e-05
58 -1.6854520442968024e-05
59 -1.7414005931128452e-05
60 -1.6916061499721655e-05
61 -1.728428330070088e-05
62 -1.754390270379834e-05
63 -1.6767564530822233e-05
64 -1.671248860310801e-05
65 -1.729128118468783e-05
66 -1.765549126906199e-05
67 -1.749865781670819e-05
68 -1.7329877018632636e-05
69 -1.7248430592138807e-05
70 -1.648348087330811e-05
71 -1.6893839899409972e-05
72 -1.6834570434992545e-05
73 -1.7081777095123514e-05
74 -1.6984574880260416e-05
75 -1.7056791116184712e-05
76 -1.734870067266626e-05
77 -1.758497904237622e-05
78 -1.674401050650034e-05
79 -1.6746788581254592e-05
80 -1.7319771688950708e-05
81 -1.6709472177945898e-05
82 -1.734392872634834e-05
83 -1.7768657735962453e-05
84 -1.7068070896296998e-05
85 -1.7449774818756883e-05
86 -1.745714134006782e-05
87 -1.7319380285355223e-05
88 -1.6849653035959893e-05
89 -1.7430200385025468e-05
90 -1.7540251056282197e-05
91 -1.65846256390442e-05
92 -1.7508234018115442e-05
93 -1.714523751940031e-05
94 -1.6605831835830355e-05
95 -1.683776196611906e-05
96 -1.7010449247833783e-05
97 -1.6239793771863135e-05
98 -1.6783848599407993e-05
99 -1.683545679858379e-05
100 -1.7171476189816835e-05
101 -1.706776850043432e-05
102 -1.6317717781932083e-05
103 -1.718004801444273e-05
104 -1.7569955003086378e-05
105 -1.763275473401444e-05
106 -1.6443807030920364e-05
107 -1.7136766060387403e-05
108 -1.7018177323451555e-05
109 -1.6683566705382548e-05
110 -1.6893088678284506e-05
111 -1.6449369983136814e-05
112 -1.7343232203951667e-05
113 -1.696999322447803e-05
114 -1.6565937876638797e-05
115 -1.6530427801313525e-05
116 -1.706094219198549e-05
117 -1.7103183033672005e-05
118 -1.738458729897722e-05
119 -1.69760800084435e-05
120 -1.6408255116438682e-05
121 -1.7441958276736437e-05
122 -1.70358807720635e-05
123 -1.7222314846304405e-05
124 -1.6818450632987513e-05
125 -1.6424533142239192e-05
126 -1.7773597211677224e-05
127 -1.736461174496109e-05
128 -1.6895215428049348e-05
129 -1.664828102165587e-05
130 -1.658414160951413e-05
131 -1.7540625981746525e-05
132 -1.7479271450035338e-05
133 -1.7062336754651393e-05
134 -1.7080388906395205e-05
135 -1.7025665264726527e-05
136 -1.7439848129720172e-05
137 -1.709105407932655e-05
138 -1.7572991863986296e-05
139 -1.622199613793195e-05
140 -1.7364239053793347e-05
141 -1.6900957566657346e-05
142 -1.7039314100305584e-05
143 -1.6813714021776783e-05
144 -1.6904168942411794e-05
145 -1.7064236857065358e-05
146 -1.6970778032282628e-05
147 -1.678898380639091e-05
148 -1.710296959890359e-05
149 -1.7476699913592995e-05
150 -1.7222128658434864e-05
151 -1.6403850760217803e-05
152 -1.751752420757854e-05
153 -1.695426671348632e-05
154 -1.697832076272672e-05
155 -1.6689914910657305e-05
156 -1.7178541856504084e-05
157 -1.764022032993889e-05
158 -1.706881154314968e-05
159 -1.745599427951133e-05
160 -1.678374590636869e-05
161 -1.6708292324341176e-05
162 -1.6843310900385312e-05
163 -1.727847455552752e-05
164 -1.7011506128768172e-05
165 -1.7622511542016545e-05
166 -1.7162298197747527e-05
167 -1.63990733267025e-05
168 -1.653115798963487e-05
169 -1.6918295497012133e-05
170 -1.6877662302885774e-05
171 -1.6961050180234336e-05
172 -1.7090396355476483e-05
173 -1.6886400004264565e-05
174 -1.7167899729356902e-05
175 -1.7027770241050565e-05
176 -1.7156801539721558e-05
177 -1.7460277624361968e-05
178 -1.752179164372003e-05
179 -1.7256806377371413e-05
180 -1.7689741479958988e-05
181 -1.696506500878929e-05
182 -1.6668140614248944e-05
183 -1.6900954035568913e-05
184 -1.7883994259631635e-05
185 -1.7153585827066673e-05
186 -1.7170141703123644e-05
187 -1.790016948837387e-05
188 -1.7190293178279058e-05
189 -1.704825377107733e-05
190 -1.7206844974822063e-05
191 -1.765898249985997e-05
192 -1.6604535284373466e-05
193 -1.6346931395758522e-05
194 -1.7081583384064623e-05
195 -1.6725731164806726e-05
196 -1.7863052898556634e-05
197 -1.686356982118778e-05
198 -1.701541772417826e-05
199 -1.7174794080008073e-05
200 -1.677919398160139e-05
201 -1.7587247196059096e-05
202 -1.7622028011293807e-05
203 -1.7062794500113357e-05
204 -1.708903338030031e-05
205 -1.7758274194284175e-05
206 -1.735574811943535e-05
207 -1.6945303477196648e-05
208 -1.705425384254158e-05
209 -1.6937315666070185e-05
210 -1.6490692852154006e-05
211 -1.7251051847207918e-05
212 -1.7140476724134945e-05
213 -1.712987310323327e-05
214 -1.7815028582903342e-05
215 -1.7145228620072373e-05
216 -1.707060982035553e-05
217 -1.716968266988564e-05
218 -1.7225976567601804e-05
219 -1.6688798353905988e-05
220 -1.6590147098872788e-05
221 -1.726346467762568e-05
222 -1.7021782552654335e-05
223 -1.6645119417194233e-05
224 -1.689243369474844e-05
225 -1.6917799244250224e-05
226 -1.6453553321178857e-05
227 -1.7570733304004256e-05
228 -1.6979696036618883e-05
229 -1.712127822028279e-05
230 -1.708606285792205e-05
231 -1.7061368744214482e-05
232 -1.699093894531286e-05
233 -1.7058704580299508e-05
234 -1.7479300527415328e-05
235 -1.7331405968194748e-05
236 -1.728398864516695e-05
237 -1.7105147485631848e-05
238 -1.7488495377684236e-05
239 -1.7278325546558965e-05
240 -1.6221982765315947e-05
241 -1.7136225087358206e-05
242 -1.6993638212094414e-05
243 -1.73617263512685e-05
244 -1.678809615725452e-05
245 -1.7039422336368403e-05
246 -1.6821628839140557e-05
247 -1.7111561119548686e-05
248 -1.62458908044984e-05
249 -1.7631408620847687e-05
250 -1.7361953964376845e-05
251 -1.701334771786562e-05
252 -1.726722200160494e-05
253 -1.732203613768207e-05
254 -1.658060169051641e-05
255 -1.68222194682637e-05
256 -1.7468285214963907e-05
257 -1.718152919089843e-05
258 -1.753753162215765e-05
259 -1.7210734887316436e-05
260 -1.713858143166843e-05
261 -1.732133147177513e-05
262 -1.7380508627688208e-05
263 -1.79750486927587e-05
264 -1.6965405314930715e-05
265 -1.6362259107118648e-05
266 -1.728575270899562e-05
267 -1.7788390900985324e-05
268 -1.72649627414165e-05
269 -1.6921200431004313e-05
270 -1.7091163624950777e-05
271 -1.6889439731998878e-05
272 -1.728296944243911e-05
273 -1.7110942971690384e-05
274 -1.710562745824764e-05
275 -1.6790525902839286e-05
276 -1.680097347367038e-05
277 -1.6590710403690645e-05
278 -1.627513473108206e-05
279 -1.7337243935307697e-05
280 -1.6558170206638896e-05
281 -1.6851878730579012e-05
282 -1.7401719736905093e-05
283 -1.735336500693072e-05
284 -1.788926782309546e-05
285 -1.6550737775449033e-05
286 -1.668901410556801e-05
287 -1.7402800698544425e-05
288 -1.65089927528741e-05
289 -1.6929122228606268e-05
290 -1.7288679858446386e-05
291 -1.6657779996833374e-05
292 -1.7841677582176308e-05
293 -1.6235184201722424e-05
294 -1.6828789960045507e-05
295 -1.760536225091073e-05
296 -1.7241968191798594e-05
297 -1.750396901388464e-05
298 -1.6962533550517737e-05
299 -1.657551536171381e-05
