0 4.5542519024601327e-07
1 6.950379626897947e-07
2 3.305205499142092e-07
3 2.9362171401615044e-08
4 3.534386606430989e-07
5 8.744628522734145e-08
6 -4.459286002766267e-07
7 -5.692773233318153e-07
8 6.966739313140425e-07
9 4.0281077728882633e-07
10 4.904949176605251e-07
11 6.02818439944273e-08
12 9.007949914092899e-08
13 -2.1630433897883213e-07
14 1.8588848515928064e-07
15 1.627390020664636e-08
16 3.200792015783483e-07
17 3.2841883913975334e-07
18 -3.853435523191129e-07
19 -6.220434596835898e-07
20 -1.3763283276072754e-07
21 6.703152427110898e-07
22 8.707101451260716e-09
23 4.003335685114125e-07
24 -5.248390516594706e-07
25 -2.4503943118193334e-07
26 -1.6595957800619855e-07
27 5.93982426281683e-07
28 5.453997789159866e-07
29 2.201590313975124e-07
30 -9.128883765878147e-07
31 -2.723026900482667e-09
32 2.9097039160015996e-07
33 4.025335851927851e-07
34 -2.2052282282693626e-07
35 2.582422893532143e-07
36 7.924190346608819e-07
37 3.843223506730714e-07
38 -3.034363451919751e-07
39 2.434919257199233e-07
40 2.7359094505360505e-07
41 1.9068623744430063e-07
42 -1.3768779891329863e-07
43 8.753366984548112e-07
44 -4.14096635309872e-08
45 5.859977111017537e-07
46 4.2013274032935926e-07
47 3.408322988340641e-07
48 7.57622713746127e-07
49 -5.145799853478649e-08
50 -5.927175884878652e-07
51 -1.1933470762751898e-07
52 -4.742748542941033e-08
53 2.913341460067769e-07
54 1.1064320267612019e-06
55 1.553142957274765e-07
56 -5.352738800217033e-07
57 4.5233536906269073e-07
58 2.738183495200155e-07
59 1.0781942186646159e-07
60 2.497094614191267e-07
61 -3.9115140495376213e-07
62 -4.328237969293097e-07
63 6.55464993640975e-08
64 5.004017379995404e-07
65 -5.265010511683239e-07
66 -5.903532709194156e-07
67 9.809093137142871e-09
68 -1.7087507040758622e-08
69 3.5163063687210704e-07
70 6.312035238190926e-07
71 5.1123668672328e-07
72 2.1144750148638263e-08
73 1.4154899327480332e-07
74 4.6977130360447084e-07
75 -1.2788188399941832e-08
76 9.75606367912399e-08
77 -2.4678247104095855e-07
78 3.5922430180590213e-07
79 4.6134756905940725e-08
80 -4.8996169219905643e-08
81 9.72293624310671e-08
82 1.8486997841979616e-07
83 -1.3710330643896522e-07
84 1.911166820622066e-07
85 -3.258225863703774e-08
86 -5.175833223471939e-07
87 2.47958861258526e-07
88 1.1333250892763517e-07
89 -1.0049703911267497e-07
90 -6.085232256618872e-07
91 5.379659542557342e-07
92 -5.511127679420887e-07
93 2.1414912270969589e-07
94 6.641685814934144e-07
95 4.381710961203076e-07
96 1.689367033896803e-07
97 1.0289582382483193e-06
98 4.7238568083733914e-07
99 2.512900627762799e-07
100 -1.0269373916218481e-07
101 -2.0281288832988928e-07
102 1.0607857108251068e-06
103 2.135484458974798e-07
104 -8.112991784841475e-07
105 -4.986772236304857e-07
106 4.2572527618767577e-07
107 6.136707359805549e-07
108 4.067746027422536e-07
109 3.5441741943412437e-07
110 2.846424344827427e-07
111 8.205517396836049e-07
112 -1.585311194289226e-08
113 3.0914456112352287e-07
114 2.8601012224743238e-08
115 5.076355912659971e-07
116 8.244115781267002e-08
117 1.0002908243639149e-07
118 1.0026319983714229e-07
119 9.278129069961663e-08
120 6.91625910142336e-07
121 -3.104104006306811e-07
122 3.482065397751197e-09
123 -2.857280034917074e-07
124 5.796288955345384e-08
125 6.49682896340587e-07
126 -5.053833454915602e-07
127 -2.7660938210121956e-07
128 1.8210414377723247e-07
129 5.623169277407245e-07
130 1.0356695916470468e-08
131 -1.5163075468977313e-07
132 -2.725707370729206e-07
133 -1.5953834472717584e-07
134 -2.0374031595898315e-07
135 -1.9084738849443184e-07
136 -1.3322759693310293e-07
137 1.1274767355972124e-07
138 -7.58056175969596e-07
139 1.1539709260754743e-06
140 -1.3792978793674436e-07
141 4.77594833296887e-07
142 4.0625749958313916e-07
143 4.413300957373043e-07
144 8.723893787525323e-08
145 2.652475637349841e-07
146 1.1384297836261571e-07
147 3.767650664716189e-07
148 -7.980928801696732e-08
149 -2.7473127652495246e-08
150 4.3182127735773726e-07
151 5.524296675922783e-07
152 1.0614644138196206e-07
153 4.2838050764525426e-07
154 2.508731328638426e-07
155 3.651319729145156e-07
156 -1.6603175379334788e-07
157 9.112598719111564e-08
158 -2.2343217824494276e-07
159 -2.893398578238867e-07
160 6.200963788802701e-07
161 4.288372861167671e-08
162 1.7498191153558893e-07
163 -2.979111109486635e-08
164 -1.5398057648015633e-08
165 -1.991802846906624e-07
166 2.7210839716630764e-07
167 6.428351575262891e-07
168 8.104720857317193e-07
169 3.9506625377737393e-07
170 4.143388672559331e-07
171 4.391312089377525e-09
172 1.2370843467198453e-07
173 5.586968185373568e-07
174 -2.6276448593903276e-07
175 -9.45435937278362e-08
176 -2.9014287643991697e-07
177 -6.405462273454085e-07
178 -1.19611724376884e-07
179 -2.730996325682013e-07
180 -8.305713068693618e-07
181 -1.655185966606506e-07
182 5.945640155058694e-07
183 3.056581409104099e-07
184 -4.275337077811213e-07
185 3.8652171537099654e-08
186 -7.940530371765855e-08
187 -1.9353788135372926e-07
188 -3.3494472589366936e-07
189 3.0891319588524787e-07
190 -4.4925414761708133e-07
191 -1.5318803249492658e-07
192 9.180015879818232e-07
193 6.462378632431959e-07
194 5.270086217158825e-09
195 6.022904511389981e-07
196 -5.925042304521232e-07
197 2.5634983557696965e-07
198 -9.081168809603473e-08
199 3.4707261077467896e-07
200 3.612180667277675e-07
201 -2.85476924244669e-07
202 -3.1798603718481415e-07
203 8.160186759919295e-08
204 3.47722545426752e-07
205 -2.3422162268030727e-07
206 -1.821577837710529e-07
207 4.96080714320405e-07
208 1.97133647017087e-07
209 2.7784669594268625e-07
210 4.251000751567538e-07
211 -2.4130743576075385e-07
212 9.132715805704072e-08
213 3.657339127283067e-07
214 -2.5702578312297756e-07
215 -1.3922628287413932e-07
216 1.3638387074266032e-07
217 2.230973250087786e-07
218 -2.0994725579601233e-07
219 2.199376186998763e-07
220 2.0335759832304467e-07
221 1.8185380541204023e-07
222 -1.7101358938312975e-07
223 5.785654003127751e-07
224 2.30060023832835e-07
225 6.548114217991238e-07
226 1.0145789136611853e-06
227 -4.1757193215809284e-07
228 1.3765375580691385e-07
229 1.6807932938203884e-07
230 8.624287572316748e-08
231 -2.608741569840377e-07
232 1.500094006401297e-07
233 7.080988338568481e-07
234 -4.660307013030031e-08
235 -2.2058674300654617e-07
236 1.9940318210770167e-07
237 5.733855439316941e-07
238 -2.1109082589466192e-07
239 -4.075547301236978e-07
240 7.964693573226024e-07
241 -4.057131556679237e-08
242 1.4072654064501195e-07
243 -6.397178681941473e-07
244 8.567988889987162e-07
245 -7.682533218075008e-08
246 3.932082851109804e-07
247 5.248065784417441e-07
248 9.421921386266461e-07
249 7.398803818566473e-08
250 -4.149735367970695e-09
251 1.0473229648559896e-07
252 -3.3477981597182356e-07
253 -5.42959666772111e-07
254 4.929778665047602e-07
255 2.7294246793829536e-07
256 -4.1512818635195434e-07
257 -1.8030691499399436e-07
258 -5.750879619788371e-07
259 -2.4589862910057796e-07
260 -1.9380090576559483e-07
261 4.2487141929345777e-07
262 5.638357214834823e-08
263 -9.583786037873847e-07
264 5.30575293625399e-07
265 2.350636477030381e-07
266 -1.1484607552273905e-07
267 -3.379914241349955e-07
268 -2.7633167015269936e-08
269 9.773499762811036e-08
270 2.7514422576695603e-07
271 5.597792687386901e-07
272 -2.5597919785590413e-07
273 5.2823222438762346e-08
274 4.340043403998559e-08
275 3.183215775852147e-07
276 3.472833265202058e-07
277 2.204997292226624e-07
278 1.11765665096062e-06
279 -5.113917161126731e-07
280 2.2950207707429768e-07
281 2.380908744338527e-07
282 3.3846043517027324e-08
283 -3.8991456773503383e-07
284 -3.329804146187061e-07
285 6.651945349026667e-07
286 5.436718824004367e-07
287 -2.0347879242745876e-07
288 9.520346029212931e-07
289 6.277000939180741e-07
290 7.136005762524663e-08
291 9.64107390288468e-07
292 -1.1057255098498835e-07
293 6.734505438504952e-07
294 2.9254864592443695e-07
295 -1.3784195669574563e-07
296 9.965375234908491e-08
297 -2.488360371312302e-07
298 6.918432231723831e-07
299 -7.127136228930952e-08
