0 -1.959207500700526e-06
1 -2.0508136922505943e-06
2 -2.10111474030843e-06
3 -2.115501820639559e-06
4 -2.189335096034963e-06
5 -2.019879510774965e-06
6 -1.9069020132242504e-06
7 -2.0308605422126118e-06
8 -2.136854558466314e-06
9 -1.948235947764044e-06
10 -2.1250986346576805e-06
11 -2.0147100757724883e-06
12 -2.2513210997558413e-06
13 -1.8220747482646372e-06
14 -2.136344807698791e-06
15 -1.9866000240386233e-06
16 -2.042570148634811e-06
17 -1.9009885010404085e-06
18 -1.911249878866657e-06
19 -1.7149253116427376e-06
20 -1.8470133991581487e-06
21 -2.0496538153544336e-06
22 -2.1839876892811665e-06
23 -2.006477136033477e-06
24 -2.0356916920040143e-06
25 -1.774678189223135e-06
26 -2.0580313834735893e-06
27 -2.2966003819391014e-06
28 -2.2079623459265566e-06
29 -1.843384930905936e-06
30 -1.858032129930673e-06
31 -1.9959310093804147e-06
32 -2.0355473383806695e-06
33 -1.9646551781622206e-06
34 -1.7519011980617555e-06
35 -1.9456543399219423e-06
36 -2.312707114021892e-06
37 -1.888176535552191e-06
38 -1.932907754828503e-06
39 -2.140170245364351e-06
40 -2.0874347994274753e-06
41 -1.9701464761180497e-06
42 -1.9193031464580557e-06
43 -2.048959931100393e-06
44 -2.0315893974307867e-06
45 -2.1284976791937586e-06
46 -2.0001167868628037e-06
47 -1.9192162937115465e-06
48 -2.1117458969652267e-06
49 -1.8902273371509356e-06
50 -1.8865719018417321e-06
51 -1.998246119932956e-06
52 -1.9580293637024936e-06
53 -1.9849859255795485e-06
54 -2.289555601649518e-06
55 -2.0199345221720006e-06
56 -1.916989034192729e-06
57 -1.9069053000405168e-06
58 -2.1317428066300925e-06
59 -1.917039975610006e-06
60 -2.042299377149376e-06
61 -1.910789611225623e-06
62 -1.985302393932424e-06
63 -2.0989556716069897e-06
64 -2.1559157161711255e-06
65 -1.8574820336757493e-06
66 -1.7901149938073671e-06
67 -1.8078968749656652e-06
68 -2.0172125167436564e-06
69 -1.9257735859907957e-06
70 -2.3017020602593613e-06
71 -2.1205967302572467e-06
72 -2.0798890572857082e-06
73 -1.97288787781287e-06
74 -1.9251809903349715e-06
75 -2.099687994182448e-06
76 -1.9447099542865797e-06
77 -1.8495077924211549e-06
78 -2.0670343004754847e-06
79 -2.1587958821501926e-06
80 -1.9729191602819885e-06
81 -2.0817768719613512e-06
82 -1.8389093673360776e-06
83 -1.6925858977701574e-06
84 -1.933450085495259e-06
85 -1.854653030868503e-06
86 -1.923916090110453e-06
87 -1.9503447006313577e-06
88 -2.096734425477304e-06
89 -1.8351242809265683e-06
90 -1.9618404142363106e-06
91 -2.1206096308068405e-06
92 -1.910009425210559e-06
93 -2.070315398610612e-06
94 -2.211478166106325e-06
95 -2.0881188819084002e-06
96 -2.0525000407953855e-06
97 -2.2584247673356986e-06
98 -2.1665703586803855e-06
99 -2.0510364331641e-06
100 -2.061899491607614e-06
101 -1.989177198964292e-06
102 -2.2411714102170205e-06
103 -1.9942177082484608e-06
104 -1.9185702804472604e-06
105 -1.8485977407739986e-06
106 -2.2330977503387877e-06
107 -1.847061077100566e-06
108 -2.1347000818376494e-06
109 -2.2723257604708416e-06
110 -1.9833870808728476e-06
111 -2.2216602612670093e-06
112 -1.888190321734884e-06
113 -2.1001352285129817e-06
114 -2.189878415465945e-06
115 -2.3429920186619905e-06
116 -1.9949790953865245e-06
117 -2.0390322918627274e-06
118 -1.8089427641586208e-06
119 -2.008080093109379e-06
120 -2.0918943516279426e-06
121 -1.8266309124208048e-06
122 -1.999309289728302e-06
123 -2.042475413730519e-06
124 -2.1432660699723603e-06
125 -2.2008619806594983e-06
126 -1.8698509967982201e-06
127 -1.9762479690199096e-06
128 -2.136777030861621e-06
129 -2.1392586938311227e-06
130 -2.2452818104432182e-06
131 -1.8396417146568625e-06
132 -1.8746182602357123e-06
133 -2.0110672078264516e-06
134 -2.0227572014006623e-06
135 -2.133042768643973e-06
136 -1.862568837298833e-06
137 -1.9431603701238005e-06
138 -1.866903196544643e-06
139 -2.2790095601700055e-06
140 -2.070577292912399e-06
141 -2.0512722593784035e-06
142 -2.046317995173964e-06
143 -2.190504701745595e-06
144 -2.1126689659745043e-06
145 -1.9060896717693255e-06
146 -2.0184061357578437e-06
147 -2.1365064594485565e-06
148 -2.1706498965745418e-06
149 -1.8559450947501836e-06
150 -1.928625382698949e-06
151 -2.1334237479272707e-06
152 -1.954852769627505e-06
153 -2.022515164783507e-06
154 -2.0639420324739504e-06
155 -2.1144239494409306e-06
156 -2.056062778899699e-06
157 -1.7192586995980806e-06
158 -1.980431577352041e-06
159 -1.9121680702917797e-06
160 -2.066625632029667e-06
161 -2.1148133626639417e-06
162 -2.036767819850922e-06
163 -1.8755695496845988e-06
164 -2.0649027934130965e-06
165 -1.7692761952865228e-06
166 -2.076117086080326e-06
167 -2.2560981371164948e-06
168 -2.2031528960271937e-06
169 -1.9846661270171065e-06
170 -2.074514699404332e-06
171 -2.1347371948938287e-06
172 -1.952622352880565e-06
173 -2.075366003841734e-06
174 -2.113316468527339e-06
175 -2.0676030420165346e-06
176 -2.058693454000336e-06
177 -1.923398400006114e-06
178 -1.8924987948158333e-06
179 -1.955960514687032e-06
180 -1.87426382535133e-06
181 -2.1497369730120864e-06
182 -2.231950546272134e-06
183 -2.1307384967755113e-06
184 -1.7386630656085258e-06
185 -1.9526515823931964e-06
186 -1.956414014983776e-06
187 -1.763092982600146e-06
188 -2.0332837472975763e-06
189 -2.0359529615806436e-06
190 -2.002829479440931e-06
191 -1.7599660094782074e-06
192 -2.0555675030739576e-06
193 -2.325626361131135e-06
194 -2.1577410426963133e-06
195 -2.069615305706753e-06
196 -1.770253790169527e-06
197 -2.0516958063702923e-06
198 -2.0990713352199247e-06
199 -2.1346458521095363e-06
200 -2.0177667049761605e-06
201 -1.9318024448329043e-06
202 -1.8689695787479593e-06
203 -2.103591978998758e-06
204 -1.88827870549691e-06
205 -1.6647104769140108e-06
206 -1.95884537992774e-06
207 -2.0092432679978024e-06
208 -2.094268763893693e-06
209 -2.0348540181753575e-06
210 -2.2500622208700045e-06
211 -1.996613711463778e-06
212 -1.999533461661788e-06
213 -1.9250492322324695e-06
214 -1.9239039548382806e-06
215 -1.917820108919582e-06
216 -1.991256706422976e-06
217 -2.1122807288534908e-06
218 -2.0924665217149825e-06
219 -2.0008290012192943e-06
220 -2.094607661536479e-06
221 -1.933111665179049e-06
222 -2.02378650726565e-06
223 -2.184680565361078e-06
224 -2.0333195166987032e-06
225 -2.136663250473698e-06
226 -2.1004825966379594e-06
227 -1.7316875823868706e-06
228 -2.0550586209257997e-06
229 -1.9243418898541423e-06
230 -2.010637490223978e-06
231 -2.0719672297428363e-06
232 -2.0085628992508623e-06
233 -1.9646069154141733e-06
234 -1.7662512292248374e-06
235 -1.927970863603144e-06
236 -1.8612429062069802e-06
237 -1.902742853154954e-06
238 -1.8804837324429003e-06
239 -1.944924752456204e-06
240 -2.1384560240954484e-06
241 -1.963953821891431e-06
242 -1.951391202226308e-06
243 -1.853321657284745e-06
244 -2.0627449650280395e-06
245 -2.0414039671250654e-06
246 -2.1710796549538793e-06
247 -2.011667184031456e-06
248 -2.2340406996315e-06
249 -1.791984664014388e-06
250 -1.8730065105583366e-06
251 -2.0273583474061998e-06
252 -1.992158998768515e-06
253 -1.8618802743364022e-06
254 -2.1764770383705415e-06
255 -2.128976407137736e-06
256 -1.928917681683779e-06
257 -2.007545457256397e-06
258 -1.9516627424064556e-06
259 -2.057750884148477e-06
260 -2.019926262358199e-06
261 -1.8639950582375438e-06
262 -1.9288290991998353e-06
263 -1.7596850503569778e-06
264 -1.923811525322062e-06
265 -2.2761329769742737e-06
266 -1.9621904062695934e-06
267 -1.8005531085756456e-06
268 -1.9440065492014756e-06
269 -2.0453623572976233e-06
270 -1.900049383883512e-06
271 -2.001337344982529e-06
272 -1.9201180168304148e-06
273 -1.9714756480078633e-06
274 -2.0181479928764705e-06
275 -2.031431267215692e-06
276 -2.090323725352366e-06
277 -2.185848660156968e-06
278 -2.2321481778706753e-06
279 -2.043439022143842e-06
280 -2.3005095805645753e-06
281 -2.0524392463512907e-06
282 -1.8896428651927892e-06
283 -1.8956813306222306e-06
284 -1.751635671757644e-06
285 -2.146168679011456e-06
286 -2.136815659763059e-06
287 -1.966416485766859e-06
288 -2.1426375943388473e-06
289 -1.976637466960617e-06
290 -1.893114236198651e-06
291 -2.0117178993638646e-06
292 -1.6792070891791294e-06
293 -2.3052155423452115e-06
294 -2.1550674479507188e-06
295 -1.7882954481844125e-06
296 -1.9461455344321487e-06
297 -1.9212905698225127e-06
298 -2.1017460784729237e-06
299 -2.2302082993167653e-06
