0 -2.923659653566721e-06
1 -2.8894239226313042e-06
2 -3.0099616307565524e-06
3 -3.0355751494620062e-06
4 -3.067347677257448e-06
5 -3.0099413531787123e-06
6 -3.0111913217226426e-06
7 -3.0871592468306188e-06
8 -3.0125225429806793e-06
9 -2.8840530522674384e-06
10 -2.998267794044777e-06
11 -2.973537183422918e-06
12 -3.1973500136052465e-06
13 -2.910116248159437e-06
14 -3.098665597250931e-06
15 -2.972894524601652e-06
16 -2.9431960839777627e-06
17 -2.8718783695071192e-06
18 -2.9828867831141164e-06
19 -2.964436950881286e-06
20 -2.868417129802229e-06
21 -2.950827473292058e-06
22 -3.041094429944127e-06
23 -2.8924301320753415e-06
24 -3.143858747066587e-06
25 -2.8706086983472874e-06
26 -3.0793494854842823e-06
27 -3.0645916975546945e-06
28 -3.0469790351228427e-06
29 -2.839892850843482e-06
30 -3.07144523695785e-06
31 -3.0298381140923242e-06
32 -2.9650455126981228e-06
33 -2.8847090068870133e-06
34 -2.85683262415591e-06
35 -2.8969941260511485e-06
36 -3.109682769640547e-06
37 -2.8428378180858166e-06
38 -2.9970803435036636e-06
39 -3.0654732079417825e-06
40 -3.022967060822281e-06
41 -2.9561131250241515e-06
42 -2.925018563363963e-06
43 -2.905544164076828e-06
44 -3.061490792711989e-06
45 -3.0116481449391277e-06
46 -2.934055149708282e-06
47 -2.8594864921927593e-06
48 -2.973801829244062e-06
49 -2.902222043840629e-06
50 -3.0218216737992024e-06
51 -2.9459835643065174e-06
52 -3.0008105642851053e-06
53 -2.901488746525087e-06
54 -3.0250972331681683e-06
55 -2.9867592450350703e-06
56 -3.0932932350815263e-06
57 -2.84179665300677e-06
58 -3.06330490087628e-06
59 -2.8943904952425586e-06
60 -3.0047694314442334e-06
61 -3.0094728638625486e-06
62 -3.0627997977449597e-06
63 -3.101967736985109e-06
64 -2.9678884070883857e-06
65 -3.039512600483505e-06
66 -2.9796907543750198e-06
67 -2.863740475687149e-06
68 -3.0244212196187718e-06
69 -2.8862109631403377e-06
70 -3.0977159577868273e-06
71 -3.006662100826811e-06
72 -3.0223376561054934e-06
73 -2.9001609796485403e-06
74 -2.848810010136337e-06
75 -3.070979825773102e-06
76 -2.939350009426456e-06
77 -2.940956874604951e-06
78 -3.0134510000537554e-06
79 -3.120183914121325e-06
80 -2.954673459314047e-06
81 -3.0655046538853565e-06
82 -2.8439624774654717e-06
83 -2.7719694571259457e-06
84 -2.937633199070654e-06
85 -2.92054617029648e-06
86 -3.0084633687767845e-06
87 -2.8619363327381606e-06
88 -3.0826433832438827e-06
89 -2.919037059284186e-06
90 -3.085017595383323e-06
91 -2.9736246946010353e-06
92 -3.0573590677088823e-06
93 -2.9315890167318775e-06
94 -3.028808900195158e-06
95 -2.941674359753175e-06
96 -2.9822156340320185e-06
97 -3.0408531564122606e-06
98 -3.056937887965183e-06
99 -3.0276268607647154e-06
100 -3.050702812841708e-06
101 -3.0374894255097476e-06
102 -3.0392224861040983e-06
103 -3.018813025105939e-06
104 -3.120971254594775e-06
105 -2.9793096611389e-06
106 -3.097837597262436e-06
107 -2.7563708077496983e-06
108 -3.032023018361e-06
109 -3.1597264455671835e-06
110 -2.9556115180437062e-06
111 -2.982800725851821e-06
112 -2.8467654452044944e-06
113 -2.991499257318892e-06
114 -3.119987829184961e-06
115 -3.1696619737125977e-06
116 -2.988562595917531e-06
117 -3.0589616572792773e-06
118 -2.846581615620026e-06
119 -3.0450726340361856e-06
120 -3.029776538336529e-06
121 -2.943082605244806e-06
122 -3.0689404520391424e-06
123 -3.0645219430549717e-06
124 -3.0608294038463363e-06
125 -3.055566975454116e-06
126 -3.0166820596217655e-06
127 -2.985600063058509e-06
128 -3.071285561004914e-06
129 -2.9852537289312957e-06
130 -3.200148476855147e-06
131 -2.8875267085418772e-06
132 -2.9934722504251844e-06
133 -3.011341594874668e-06
134 -3.09398865981718e-06
135 -3.1406160761607875e-06
136 -2.9280172349608994e-06
137 -2.9101624055025277e-06
138 -3.019388604410207e-06
139 -2.9649350741073654e-06
140 -3.1073345352233595e-06
141 -2.9950782461218224e-06
142 -2.9474700798627786e-06
143 -3.026496554517221e-06
144 -3.0416289909770213e-06
145 -2.899614340980097e-06
146 -2.9853292356309975e-06
147 -3.0134112763516496e-06
148 -3.1623709842839146e-06
149 -2.870686210899923e-06
150 -2.895288349952194e-06
151 -3.0353246102632884e-06
152 -2.951633112643193e-06
153 -2.9060663856120863e-06
154 -3.028565012049328e-06
155 -3.0667926464105707e-06
156 -3.0801742264485116e-06
157 -2.7434269392721325e-06
158 -3.0548648015822863e-06
159 -2.996629205915673e-06
160 -2.9656291867942702e-06
161 -3.143173248143544e-06
162 -2.9770164644488483e-06
163 -2.923691040878363e-06
164 -3.0728365585064536e-06
165 -2.862730519991912e-06
166 -2.9543708531111245e-06
167 -3.1172360534206757e-06
168 -2.9507838377491662e-06
169 -2.93857968903066e-06
170 -2.9452485336345018e-06
171 -3.129278444671553e-06
172 -2.9584612861773747e-06
173 -2.9186992075436515e-06
174 -3.1502736921381545e-06
175 -3.0352024989633743e-06
176 -3.1083759749193997e-06
177 -3.0885685059932833e-06
178 -2.931401217918055e-06
179 -3.017006374318201e-06
180 -3.0840898986254235e-06
181 -3.1264052750194974e-06
182 -3.0217780697263693e-06
183 -3.05260920072978e-06
184 -2.889329087556142e-06
185 -2.9904394443367953e-06
186 -2.977424628130278e-06
187 -2.8280384811810046e-06
188 -3.0665610770209257e-06
189 -3.001177825571802e-06
190 -3.125088367106136e-06
191 -2.783794168639313e-06
192 -2.891519954548465e-06
193 -3.0894318944898513e-06
194 -3.107901880836803e-06
195 -2.9284482365529146e-06
196 -2.908859062366002e-06
197 -2.9636672428460102e-06
198 -3.1732577495910665e-06
199 -2.9736733840157697e-06
200 -2.9819403283318476e-06
201 -2.9456368875918426e-06
202 -2.9454499758493232e-06
203 -3.0528446366083534e-06
204 -2.8568876222196195e-06
205 -2.814802132769906e-06
206 -3.023805460350841e-06
207 -2.917015610396163e-06
208 -2.9938077836658615e-06
209 -2.9613319900414446e-06
210 -3.100203564497983e-06
211 -3.0165940748084383e-06
212 -2.940278557798873e-06
213 -2.8746883579362935e-06
214 -2.983164433822698e-06
215 -2.993366356406273e-06
216 -2.9961721005876226e-06
217 -3.0401087276462293e-06
218 -3.1091679827996833e-06
219 -3.019520878854755e-06
220 -3.0310046160378383e-06
221 -2.911452262354758e-06
222 -3.067029730612267e-06
223 -3.0078104361947125e-06
224 -2.9832673561348236e-06
225 -2.96296077043806e-06
226 -2.8589815529493783e-06
227 -2.9731907645829003e-06
228 -2.9778020877020693e-06
229 -2.9203163529681953e-06
230 -3.0243755972143918e-06
231 -3.100474716433613e-06
232 -3.0010962410283046e-06
233 -2.8173541253537653e-06
234 -2.8217836996578406e-06
235 -3.0395869312276814e-06
236 -2.8899053925082872e-06
237 -2.785843075044871e-06
238 -2.917185956942808e-06
239 -2.99228182632213e-06
240 -2.9288613982592374e-06
241 -2.979486523436439e-06
242 -2.9787188398382698e-06
243 -3.0425151199293116e-06
244 -2.9120262600401902e-06
245 -3.0047125730754253e-06
246 -3.146920522654975e-06
247 -2.8896074524922356e-06
248 -3.038043786228526e-06
249 -2.7973578783939444e-06
250 -2.856953938369869e-06
251 -2.9977761147083164e-06
252 -3.093320883885138e-06
253 -3.0093286110578857e-06
254 -3.0594342336001244e-06
255 -3.0364390963760693e-06
256 -3.047099476913869e-06
257 -3.06297652104455e-06
258 -3.052022521507819e-06
259 -3.1190338843345003e-06
260 -3.055768635653591e-06
261 -2.816471690127175e-06
262 -2.8823454042519507e-06
263 -2.914615357805303e-06
264 -2.8452571357623057e-06
265 -3.1970957816304713e-06
266 -3.037983564800791e-06
267 -2.9177997101872157e-06
268 -2.8637704542551574e-06
269 -3.0565519488380238e-06
270 -2.879288511450133e-06
271 -2.903636975193805e-06
272 -2.9852956502494967e-06
273 -2.983350367342053e-06
274 -2.9595819974177493e-06
275 -2.9682758230929353e-06
276 -2.9708841586030863e-06
277 -3.112588114451677e-06
278 -2.981986526682224e-06
279 -3.0893772460678976e-06
280 -3.137259911581786e-06
281 -2.9490605050444625e-06
282 -2.90370938497481e-06
283 -2.96351082268116e-06
284 -2.9411254018282176e-06
285 -2.99195884919076e-06
286 -3.035587193291231e-06
287 -2.997924382065262e-06
288 -2.9421814668927353e-06
289 -2.8714545275379988e-06
290 -2.9542725066546098e-06
291 -2.8026325034495864e-06
292 -2.8204190042426496e-06
293 -3.0831833601919963e-06
294 -3.0750897677842147e-06
295 -2.894837879527215e-06
296 -2.948497679515698e-06
297 -2.9307190916013325e-06
298 -2.9430574619797804e-06
299 -3.216145570288277e-06
