0 -1.218048736161002e-05
1 -1.2430248364307827e-05
2 -1.2227595624132188e-05
3 -1.1904751344691206e-05
4 -1.2041378544924104e-05
5 -1.2028403861630345e-05
6 -1.2064587999089489e-05
7 -1.204190790888128e-05
8 -1.2253129325183872e-05
9 -1.2508964448268665e-05
10 -1.2220995399414458e-05
11 -1.2138205718941666e-05
12 -1.152740846334969e-05
13 -1.2140185575371106e-05
14 -1.1792782709000611e-05
15 -1.204877124169274e-05
16 -1.2340213394696352e-05
17 -1.2263122958438798e-05
18 -1.1831142500077543e-05
19 -1.180605655403226e-05
20 -1.2395946329865667e-05
21 -1.2083243865500311e-05
22 -1.1844840854122482e-05
23 -1.238828348623026e-05
24 -1.1563516048368313e-05
25 -1.2327259635139992e-05
26 -1.201631823491211e-05
27 -1.2160300477299052e-05
28 -1.2094893810695814e-05
29 -1.2450360904644099e-05
30 -1.1851113934667931e-05
31 -1.1898898972232679e-05
32 -1.207730254199395e-05
33 -1.2584360862103124e-05
34 -1.220716198766564e-05
35 -1.2357947277260158e-05
36 -1.2086323791328362e-05
37 -1.2230463561017795e-05
38 -1.1768571520486601e-05
39 -1.1810636606328508e-05
40 -1.2082241163459168e-05
41 -1.2054090112310544e-05
42 -1.2163030844231693e-05
43 -1.2442881580994722e-05
44 -1.1982389085125457e-05
45 -1.2203045129845624e-05
46 -1.2460036959129134e-05
47 -1.2363223675391815e-05
48 -1.2308312596566577e-05
49 -1.2212922640088993e-05
50 -1.186679090231076e-05
51 -1.196842112179422e-05
52 -1.211814082924671e-05
53 -1.2630594298345258e-05
54 -1.2171661059375569e-05
55 -1.2196459370627943e-05
56 -1.1553417498456252e-05
57 -1.2692201285357478e-05
58 -1.2011064392374176e-05
59 -1.2423497947694858e-05
60 -1.2069452391038073e-05
61 -1.1787384952548217e-05
62 -1.1947256367014056e-05
63 -1.1679360641191118e-05
64 -1.222832765811736e-05
65 -1.1592459475084735e-05
66 -1.1892211236962926e-05
67 -1.239025542386678e-05
68 -1.2170949915692741e-05
69 -1.2496822454312791e-05
70 -1.1998816921374677e-05
71 -1.227641162563503e-05
72 -1.1817464604443797e-05
73 -1.2223679405737767e-05
74 -1.2407375666221072e-05
75 -1.1945494203228012e-05
76 -1.2341193956890605e-05
77 -1.2207903596372424e-05
78 -1.1967726822738899e-05
79 -1.1683760777866465e-05
80 -1.2223228340145731e-05
81 -1.1696158426440345e-05
82 -1.2440598853280712e-05
83 -1.2582419179232694e-05
84 -1.2116122743624593e-05
85 -1.2263901708874312e-05
86 -1.185284205417791e-05
87 -1.257287833856444e-05
88 -1.1819139893131e-05
89 -1.2188907524116136e-05
90 -1.1757948652169266e-05
91 -1.2071928854105829e-05
92 -1.1803812043733104e-05
93 -1.2388815267543586e-05
94 -1.2184636643224091e-05
95 -1.226853953740938e-05
96 -1.21318746701247e-05
97 -1.2150610389106049e-05
98 -1.2122424082428942e-05
99 -1.1928602926887119e-05
100 -1.1959687467302925e-05
101 -1.1737650466479527e-05
102 -1.2203858664506482e-05
103 -1.2170273816872993e-05
104 -1.1578536287003651e-05
105 -1.198348582248409e-05
106 -1.1762714979859626e-05
107 -1.2723145188684283e-05
108 -1.227900134398124e-05
109 -1.1879243356452917e-05
110 -1.2075975464730169e-05
111 -1.2233393836718019e-05
112 -1.2369096657264603e-05
113 -1.221457362626629e-05
114 -1.1530259797159098e-05
115 -1.1868482781431044e-05
116 -1.2008809844714736e-05
117 -1.2016397800822895e-05
118 -1.2383966356669756e-05
119 -1.188707794615398e-05
120 -1.1913193080892054e-05
121 -1.2017563717185423e-05
122 -1.1813922871103226e-05
123 -1.1813604639891032e-05
124 -1.182456813326738e-05
125 -1.1968449380330671e-05
126 -1.2073921809473352e-05
127 -1.2039579345179136e-05
128 -1.1974324543504122e-05
129 -1.2159172517448552e-05
130 -1.1460743857435606e-05
131 -1.2316850034902976e-05
132 -1.201176629559683e-05
133 -1.1835760583197466e-05
134 -1.1694631037865335e-05
135 -1.1678104562579756e-05
136 -1.217335143058235e-05
137 -1.2170503588773154e-05
138 -1.1728624179616788e-05
139 -1.2363036024690228e-05
140 -1.2011069134019971e-05
141 -1.2191147436157264e-05
142 -1.2349553587104452e-05
143 -1.2186206640540997e-05
144 -1.1922150566067703e-05
145 -1.2221627264487715e-05
146 -1.2026511407879626e-05
147 -1.2104050273853698e-05
148 -1.1839512889752073e-05
149 -1.2379648951927345e-05
150 -1.2509777633686988e-05
151 -1.183955014083379e-05
152 -1.248615801667042e-05
153 -1.2328443956282367e-05
154 -1.2075135256347347e-05
155 -1.1886200676291168e-05
156 -1.1871149520765327e-05
157 -1.2701381895902416e-05
158 -1.1700504803111275e-05
159 -1.2013176844591913e-05
160 -1.2282606464000559e-05
161 -1.1546034579379601e-05
162 -1.198341916793016e-05
163 -1.210538406292096e-05
164 -1.1840350112666494e-05
165 -1.2327165571970945e-05
166 -1.239516402135699e-05
167 -1.1895829675283314e-05
168 -1.234179341593144e-05
169 -1.21879819904481e-05
170 -1.2267451050618968e-05
171 -1.1790762984584462e-05
172 -1.2096149842194543e-05
173 -1.2436222116881634e-05
174 -1.1727747781137792e-05
175 -1.1904724530820365e-05
176 -1.1729276302763437e-05
177 -1.1648049494467365e-05
178 -1.2281503526838012e-05
179 -1.186794773056619e-05
180 -1.1670400472148834e-05
181 -1.1696399752326813e-05
182 -1.2217674510518025e-05
183 -1.2058697959577157e-05
184 -1.2308282137277501e-05
185 -1.2032689859933016e-05
186 -1.2008165794752563e-05
187 -1.25969948698474e-05
188 -1.1757043425989771e-05
189 -1.2220196552678343e-05
190 -1.1569785146256177e-05
191 -1.2520563954831695e-05
192 -1.2421554223920438e-05
193 -1.1953186371521811e-05
194 -1.195004790430124e-05
195 -1.2280131654410976e-05
196 -1.2171336334843964e-05
197 -1.2096066394456924e-05
198 -1.1697587110966658e-05
199 -1.2498020519393198e-05
200 -1.2000540777877085e-05
201 -1.2246858896891713e-05
202 -1.2206059333806595e-05
203 -1.2037956636922498e-05
204 -1.2333644775659248e-05
205 -1.2362878854318484e-05
206 -1.2001168630083998e-05
207 -1.2355348738831244e-05
208 -1.220428878826342e-05
209 -1.213791805420829e-05
210 -1.1841197913979519e-05
211 -1.191325901974515e-05
212 -1.2185836195653843e-05
213 -1.2429468785313472e-05
214 -1.2411058267007539e-05
215 -1.1870824708919625e-05
216 -1.2072724589502691e-05
217 -1.2256704706773278e-05
218 -1.1870731962768603e-05
219 -1.1770547879549745e-05
220 -1.1739004237399062e-05
221 -1.235588103984877e-05
222 -1.1714027207937097e-05
223 -1.2139261423090386e-05
224 -1.2036082628418789e-05
225 -1.2471368221934416e-05
226 -1.2489856349071495e-05
227 -1.1906325180622673e-05
228 -1.2077749323037726e-05
229 -1.2177324203556195e-05
230 -1.2036156088001266e-05
231 -1.166961519782034e-05
232 -1.2010353433429484e-05
233 -1.2734414831420512e-05
234 -1.2376375521021755e-05
235 -1.1913393592665627e-05
236 -1.2360148152585806e-05
237 -1.2671886217899227e-05
238 -1.2214618275155606e-05
239 -1.1828768126478985e-05
240 -1.2036220448811406e-05
241 -1.2004211971086106e-05
242 -1.1995158246944755e-05
243 -1.1560697830721842e-05
244 -1.252879096729389e-05
245 -1.1920709119468628e-05
246 -1.1938077960387242e-05
247 -1.2565877532186603e-05
248 -1.2052623068422129e-05
249 -1.2679661212650832e-05
250 -1.2335361730862979e-05
251 -1.2020089990458472e-05
252 -1.1735456731375946e-05
253 -1.1659399160811942e-05
254 -1.1981978500066854e-05
255 -1.2008672622521373e-05
256 -1.1886713160561812e-05
257 -1.180849226403318e-05
258 -1.1828632012224183e-05
259 -1.1768611569527757e-05
260 -1.1828103753108453e-05
261 -1.2652537941631651e-05
262 -1.2422215690676749e-05
263 -1.2006007679804009e-05
264 -1.2412196855753326e-05
265 -1.1462843420877896e-05
266 -1.1965647607504357e-05
267 -1.2304779877324789e-05
268 -1.2295358166228584e-05
269 -1.1862458070418135e-05
270 -1.2300714990743809e-05
271 -1.235486478559181e-05
272 -1.1927977567604686e-05
273 -1.2051956686491554e-05
274 -1.2129297986510718e-05
275 -1.2047681593693876e-05
276 -1.2093194363257572e-05
277 -1.1697210653641989e-05
278 -1.229502646444305e-05
279 -1.1737306493940087e-05
280 -1.1748558019368433e-05
281 -1.2105801396222737e-05
282 -1.2341852393754375e-05
283 -1.1893810441686549e-05
284 -1.2298078437683532e-05
285 -1.212994138989047e-05
286 -1.2086093734597135e-05
287 -1.2100851657958255e-05
288 -1.2365789273907512e-05
289 -1.2479708707376153e-05
290 -1.218788126214251e-05
291 -1.2614488795614998e-05
292 -1.2579046577191125e-05
293 -1.1866998678471103e-05
294 -1.2004228357691896e-05
295 -1.2289804920688015e-05
296 -1.2248007216935596e-05
297 -1.2200894844706562e-05
298 -1.2575619526881189e-05
299 -1.134800991428663e-05
