0 -1.8360720809953603e-06
1 -1.80471452888365e-06
2 -1.81834289985735e-06
3 -1.7896724305060244e-06
4 -1.8077761372193337e-06
5 -1.8391125134638974e-06
6 -1.8535954169091548e-06
7 -1.8325044065840346e-06
8 -1.8385292239824279e-06
9 -1.8316193089816959e-06
10 -1.8047290168735759e-06
11 -1.8262489041830772e-06
12 -1.8284146339007242e-06
13 -1.863252669094156e-06
14 -1.8366920107394252e-06
15 -1.8240974445484795e-06
16 -1.801126453133426e-06
17 -1.8275717301501455e-06
18 -1.8323017458150224e-06
19 -1.9028479213898049e-06
20 -1.841940122641687e-06
21 -1.8299213796061425e-06
22 -1.7508935539496781e-06
23 -1.809857465693175e-06
24 -1.8675103798263164e-06
25 -1.8781895687861801e-06
26 -1.8527273125618245e-06
27 -1.7664863193704824e-06
28 -1.8040983921068849e-06
29 -1.8372768459213382e-06
30 -1.8840820397413066e-06
31 -1.8484811370027489e-06
32 -1.8179029521570152e-06
33 -1.8395262241163234e-06
34 -1.8407376545289302e-06
35 -1.8274481997661996e-06
36 -1.8060279299338792e-06
37 -1.814763782639771e-06
38 -1.8551157418289162e-06
39 -1.825341576856711e-06
40 -1.821692806790369e-06
41 -1.8501916598072114e-06
42 -1.8140410355326315e-06
43 -1.8384865415405384e-06
44 -1.8626057698651379e-06
45 -1.820412098028574e-06
46 -1.8332141010347149e-06
47 -1.8101253094069494e-06
48 -1.827869181066257e-06
49 -1.8312803231576386e-06
50 -1.8555972308967142e-06
51 -1.790128022499071e-06
52 -1.8548640884390877e-06
53 -1.8163698490495841e-06
54 -1.7774300684222687e-06
55 -1.831146610278514e-06
56 -1.8905678637405911e-06
57 -1.8407735699880266e-06
58 -1.8345062993631974e-06
59 -1.8322699957109308e-06
60 -1.841836924451577e-06
61 -1.8555166753444994e-06
62 -1.8490821000470606e-06
63 -1.849538361001215e-06
64 -1.7857558610844549e-06
65 -1.8865250348384087e-06
66 -1.8890306898361732e-06
67 -1.858421278153128e-06
68 -1.8490840499326469e-06
69 -1.833655022766281e-06
70 -1.7888941510942002e-06
71 -1.8246012619586195e-06
72 -1.7966710892204396e-06
73 -1.7909240790969932e-06
74 -1.8216998801189923e-06
75 -1.8360395276123021e-06
76 -1.8478146630604797e-06
77 -1.8640432020077062e-06
78 -1.8431133693037023e-06
79 -1.8355115254240739e-06
80 -1.828329471264518e-06
81 -1.8300724979217444e-06
82 -1.8379219531230368e-06
83 -1.8377562240404194e-06
84 -1.8470939961825152e-06
85 -1.8541182411492406e-06
86 -1.826344682171878e-06
87 -1.8046779688325772e-06
88 -1.8448093061792012e-06
89 -1.8606605648402219e-06
90 -1.8550113388687908e-06
91 -1.787316646717595e-06
92 -1.884415879409275e-06
93 -1.785708276885034e-06
94 -1.8046566549973247e-06
95 -1.7951373018959892e-06
96 -1.815460723277315e-06
97 -1.8241796727880697e-06
98 -1.8299960248073486e-06
99 -1.8463487709443847e-06
100 -1.8181645867406148e-06
101 -1.8411643593534677e-06
102 -1.8173068596311274e-06
103 -1.8739605666017842e-06
104 -1.8874909297708076e-06
105 -1.8483588084028923e-06
106 -1.8078385233789136e-06
107 -1.8184471868944677e-06
108 -1.830137019759893e-06
109 -1.8278106065314122e-06
110 -1.8356558113819214e-06
111 -1.7651547777599307e-06
112 -1.8081237825436452e-06
113 -1.8018784478342577e-06
114 -1.8074025028772642e-06
115 -1.795449116539598e-06
116 -1.8218800411055996e-06
117 -1.8760178571850443e-06
118 -1.857756294898303e-06
119 -1.8643665252749538e-06
120 -1.8685441206546876e-06
121 -1.864247625309111e-06
122 -1.8672724037138366e-06
123 -1.8159000059245013e-06
124 -1.7932141430731978e-06
125 -1.8213871770422985e-06
126 -1.8859063861104214e-06
127 -1.821529725787297e-06
128 -1.8356829944782087e-06
129 -1.799967666905062e-06
130 -1.8324079622978391e-06
131 -1.8407418923230827e-06
132 -1.8736947292234056e-06
133 -1.8094129145193803e-06
134 -1.8540470773919032e-06
135 -1.829520695852698e-06
136 -1.848244062391116e-06
137 -1.8196095889555774e-06
138 -1.8513189264893792e-06
139 -1.7617642524740623e-06
140 -1.8597612775777669e-06
141 -1.841006954265544e-06
142 -1.8193213916318125e-06
143 -1.7840304963348405e-06
144 -1.8026875838960754e-06
145 -1.8342978166695764e-06
146 -1.8260274075903284e-06
147 -1.795555840223666e-06
148 -1.8626446913208573e-06
149 -1.829587930620045e-06
150 -1.8400258856354335e-06
151 -1.8204836010178295e-06
152 -1.8479951545363372e-06
153 -1.8030014324649076e-06
154 -1.8424451464467747e-06
155 -1.841589224895484e-06
156 -1.8422342713136316e-06
157 -1.8343901579137899e-06
158 -1.8531760224350814e-06
159 -1.8572994521099685e-06
160 -1.8379995980832598e-06
161 -1.8621885587487258e-06
162 -1.8129632299287487e-06
163 -1.833743923212058e-06
164 -1.8427552218402563e-06
165 -1.8630288822793652e-06
166 -1.7981737254006185e-06
167 -1.8277234144178233e-06
168 -1.7601611687606121e-06
169 -1.8405468620265748e-06
170 -1.7940795791221382e-06
171 -1.839129012575733e-06
172 -1.8435351048370383e-06
173 -1.7916941961020654e-06
174 -1.8550867820777298e-06
175 -1.822933021334212e-06
176 -1.84450586718158e-06
177 -1.876987076513974e-06
178 -1.8397477794036262e-06
179 -1.8427770102711763e-06
180 -1.8946525246919524e-06
181 -1.821322055701564e-06
182 -1.7785899657640457e-06
183 -1.8109356437760193e-06
184 -1.8744860240150182e-06
185 -1.8518247598626414e-06
186 -1.8345565016773911e-06
187 -1.8335533846228043e-06
188 -1.829605512111888e-06
189 -1.854695448320257e-06
190 -1.8752798165253172e-06
191 -1.8212184597595198e-06
192 -1.8143088692815519e-06
193 -1.7734238374029389e-06
194 -1.831757565429677e-06
195 -1.8108719064915445e-06
196 -1.8498331632459167e-06
197 -1.8092907766550652e-06
198 -1.9002479940275502e-06
199 -1.7888985539596888e-06
200 -1.8392391924112343e-06
201 -1.8146648295034279e-06
202 -1.8541759537258476e-06
203 -1.8259535302401918e-06
204 -1.8263767445331712e-06
205 -1.8776869613444719e-06
206 -1.8596103058838577e-06
207 -1.824150325572303e-06
208 -1.8045575682145675e-06
209 -1.8100864181928257e-06
210 -1.8004552616698629e-06
211 -1.8214098660693214e-06
212 -1.8042774321113689e-06
213 -1.8343659299188623e-06
214 -1.854251670839382e-06
215 -1.8664395941684982e-06
216 -1.8467941142942722e-06
217 -1.8258654040735812e-06
218 -1.8392743854176142e-06
219 -1.8721180123938576e-06
220 -1.8119507208494971e-06
221 -1.8318872788893115e-06
222 -1.8500518500018621e-06
223 -1.7781434949015452e-06
224 -1.8161209632400243e-06
225 -1.783250147201402e-06
226 -1.7837116859612194e-06
227 -1.9314336087773698e-06
228 -1.8082487386846346e-06
229 -1.8356461595151615e-06
230 -1.8654015675625282e-06
231 -1.8278756269109047e-06
232 -1.8424985909520294e-06
233 -1.803866507009559e-06
234 -1.8443723922501397e-06
235 -1.882630207684117e-06
236 -1.8615576024684251e-06
237 -1.8075713469034958e-06
238 -1.8346620755120492e-06
239 -1.8181804352937187e-06
240 -1.7695978292142524e-06
241 -1.8409065489405906e-06
242 -1.860895773358594e-06
243 -1.8847427763776766e-06
244 -1.815855958320584e-06
245 -1.805664135909629e-06
246 -1.8690970439556065e-06
247 -1.8048732301411463e-06
248 -1.8018995803190426e-06
249 -1.83739565905361e-06
250 -1.8071693842608927e-06
251 -1.8258014013762913e-06
252 -1.8693936142910672e-06
253 -1.850624135135547e-06
254 -1.826038431620903e-06
255 -1.808259995816848e-06
256 -1.8659466082232975e-06
257 -1.8386215045789959e-06
258 -1.837545376681421e-06
259 -1.855924167884909e-06
260 -1.8491720543309649e-06
261 -1.8310655558152502e-06
262 -1.8139690435668134e-06
263 -1.8234433026799808e-06
264 -1.8109517222306027e-06
265 -1.8294960508779546e-06
266 -1.8702663808172722e-06
267 -1.8701463386956767e-06
268 -1.7750401574899326e-06
269 -1.84709797046354e-06
270 -1.8404700255959019e-06
271 -1.813378670970397e-06
272 -1.8367821903901922e-06
273 -1.8472013616229707e-06
274 -1.8005337068610963e-06
275 -1.8312394008388556e-06
276 -1.7819132091632592e-06
277 -1.8296382611604964e-06
278 -1.7835410919620213e-06
279 -1.8198571176776712e-06
280 -1.7787381148991125e-06
281 -1.7996459852431204e-06
282 -1.8478238224392312e-06
283 -1.8269461139233791e-06
284 -1.912344535019022e-06
285 -1.7987869522665652e-06
286 -1.831205476379458e-06
287 -1.841224129502087e-06
288 -1.8001236767172095e-06
289 -1.8242943224074794e-06
290 -1.8802231418768407e-06
291 -1.784841414632798e-06
292 -1.8890636469879878e-06
293 -1.7789900323678872e-06
294 -1.8330263329820935e-06
295 -1.8587318899362923e-06
296 -1.8440992085357133e-06
297 -1.8117331288302194e-06
298 -1.827345163961024e-06
299 -1.8294942210707024e-06
