0 -3.3917671786459506e-07
1 -3.510886673349856e-07
2 -3.416741935924311e-07
3 -3.4071045131168836e-07
4 -3.509782627075274e-07
5 -3.4488598903302785e-07
6 -3.362938021109495e-07
7 -3.4801768578472704e-07
8 -3.5609888250549046e-07
9 -3.5295545602593973e-07
10 -3.3352383285557264e-07
11 -3.5646098817958823e-07
12 -3.369137099996138e-07
13 -3.5518443425934214e-07
14 -3.424901491110597e-07
15 -3.4777832067733255e-07
16 -3.413776387156089e-07
17 -3.4616385271149044e-07
18 -3.394371853292109e-07
19 -3.3864498641162874e-07
20 -3.527303030764674e-07
21 -3.403910889238445e-07
22 -3.4542408560148156e-07
23 -3.551407214018253e-07
24 -3.476991014905574e-07
25 -3.502246225681114e-07
26 -3.464049965350731e-07
27 -3.408674431520402e-07
28 -3.4445673806341627e-07
29 -3.5167217537209673e-07
30 -3.3755177036406695e-07
31 -3.381627103234844e-07
32 -3.4583248503179416e-07
33 -3.6328494971553374e-07
34 -3.334723344257612e-07
35 -3.485247569832353e-07
36 -3.4289653997210554e-07
37 -3.322724214762285e-07
38 -3.454499080892929e-07
39 -3.5073916106033967e-07
40 -3.319611239539686e-07
41 -3.465565588749176e-07
42 -3.365576891675334e-07
43 -3.454046749376115e-07
44 -3.4407711353669734e-07
45 -3.355207363655746e-07
46 -3.44869351251425e-07
47 -3.3802511908128884e-07
48 -3.5377404662322803e-07
49 -3.3906847975918813e-07
50 -3.418707806872891e-07
51 -3.402557160531484e-07
52 -3.3325359093701643e-07
53 -3.4760075846750825e-07
54 -3.3792009850312887e-07
55 -3.3450323907780975e-07
56 -3.396197230754563e-07
57 -3.5195054595278527e-07
58 -3.5431706916701533e-07
59 -3.5252212615301133e-07
60 -3.3343777469555966e-07
61 -3.393192785128264e-07
62 -3.538544244520671e-07
63 -3.314045439376089e-07
64 -3.5342629450200055e-07
65 -3.3468502857717117e-07
66 -3.388601322216284e-07
67 -3.464702648289559e-07
68 -3.4257956958579085e-07
69 -3.3722480015893794e-07
70 -3.485655689969627e-07
71 -3.523635087160938e-07
72 -3.4222999116778466e-07
73 -3.3908480849631733e-07
74 -3.462464170472389e-07
75 -3.476175680184081e-07
76 -3.533541163680113e-07
77 -3.3811575859063235e-07
78 -3.4967359878589317e-07
79 -3.3848005602070994e-07
80 -3.569652019207597e-07
81 -3.3445275342024943e-07
82 -3.4908800416851553e-07
83 -3.3661911161889914e-07
84 -3.5010556512883467e-07
85 -3.3422038363601967e-07
86 -3.379722221559445e-07
87 -3.419716064251204e-07
88 -3.395984874152485e-07
89 -3.3970277549099425e-07
90 -3.4758308956403773e-07
91 -3.368973681743059e-07
92 -3.345995895614637e-07
93 -3.5882597004500533e-07
94 -3.5068119251501387e-07
95 -3.5844720677273737e-07
96 -3.3974807124609907e-07
97 -3.559764594661522e-07
98 -3.459329330689271e-07
99 -3.462149990121148e-07
100 -3.2329006367797824e-07
101 -3.4790646971786243e-07
102 -3.455496006175373e-07
103 -3.459261564059185e-07
104 -3.380836651475289e-07
105 -3.3796273666168426e-07
106 -3.4661680973788903e-07
107 -3.4819144030910967e-07
108 -3.4967688030950335e-07
109 -3.4699896424487937e-07
110 -3.44161610218706e-07
111 -3.3755859847182314e-07
112 -3.5338089504683544e-07
113 -3.3668429226106003e-07
114 -3.4279432659490643e-07
115 -3.4265877594398643e-07
116 -3.295060330767245e-07
117 -3.564266840006779e-07
118 -3.4282606938202757e-07
119 -3.3863752307782855e-07
120 -3.4763712682574003e-07
121 -3.3832024973099936e-07
122 -3.365011918413195e-07
123 -3.378268107237636e-07
124 -3.445772598324008e-07
125 -3.348951818173022e-07
126 -3.503440653420067e-07
127 -3.4681995646882387e-07
128 -3.54692941239149e-07
129 -3.4509854207617054e-07
130 -3.452829457620885e-07
131 -3.373494057185594e-07
132 -3.3988272997861935e-07
133 -3.2803528232968857e-07
134 -3.2958706472609884e-07
135 -3.3874807141234096e-07
136 -3.463455130792694e-07
137 -3.453553262835908e-07
138 -3.4323402746474345e-07
139 -3.434325836051842e-07
140 -3.4281904197757153e-07
141 -3.4027539788267737e-07
142 -3.5583190123355403e-07
143 -3.52316665203994e-07
144 -3.4046431272839936e-07
145 -3.394119838687259e-07
146 -3.2558882724610365e-07
147 -3.2493551421400243e-07
148 -3.5185680891306604e-07
149 -3.4469406527166843e-07
150 -3.427529602430927e-07
151 -3.28921735259393e-07
152 -3.395566356976387e-07
153 -3.5258480063921833e-07
154 -3.41354653794432e-07
155 -3.36971462700878e-07
156 -3.4900697768633287e-07
157 -3.5817606410204276e-07
158 -3.4123266922935e-07
159 -3.4913895007818317e-07
160 -3.483624042714383e-07
161 -3.4023087341262015e-07
162 -3.4326266831185515e-07
163 -3.402217139196072e-07
164 -3.364542442592096e-07
165 -3.510087194167236e-07
166 -3.4452786670995487e-07
167 -3.3496472121270993e-07
168 -3.4721729751997214e-07
169 -3.481731012139897e-07
170 -3.41516055899274e-07
171 -3.387409591716344e-07
172 -3.4062961439571863e-07
173 -3.3946956537711783e-07
174 -3.4706696059861336e-07
175 -3.5564593939804987e-07
176 -3.3304485424477887e-07
177 -3.3760747680564027e-07
178 -3.3801436794028943e-07
179 -3.4088428602216775e-07
180 -3.500821108833393e-07
181 -3.4455198282578114e-07
182 -3.487947396445722e-07
183 -3.302949544422458e-07
184 -3.4486108689597197e-07
185 -3.3559918461880973e-07
186 -3.345596071033696e-07
187 -3.4090788822399465e-07
188 -3.390310249411521e-07
189 -3.465617153652225e-07
190 -3.3878647848552136e-07
191 -3.4198668031720953e-07
192 -3.540238514570994e-07
193 -3.3601524651255655e-07
194 -3.433460871923778e-07
195 -3.5800008671693647e-07
196 -3.3760268926121847e-07
197 -3.399906202591414e-07
198 -3.379515410810467e-07
199 -3.5727780866076804e-07
200 -3.455793683188784e-07
201 -3.475993207358825e-07
202 -3.464887981215405e-07
203 -3.2664191378416915e-07
204 -3.4328796505261374e-07
205 -3.42177301677724e-07
206 -3.487636096439517e-07
207 -3.365210919282907e-07
208 -3.433646476695732e-07
209 -3.465270641971143e-07
210 -3.4487607716508425e-07
211 -3.4545060198608513e-07
212 -3.4172081747511366e-07
213 -3.478708979279649e-07
214 -3.40813565404799e-07
215 -3.4050985518274707e-07
216 -3.416202046088641e-07
217 -3.4129192621537327e-07
218 -3.441157058925039e-07
219 -3.5395560720222946e-07
220 -3.3671502275327345e-07
221 -3.4269195824466104e-07
222 -3.319517828871082e-07
223 -3.5099139781031225e-07
224 -3.3862671242010324e-07
225 -3.4272782299862684e-07
226 -3.506167842804921e-07
227 -3.45478458051835e-07
228 -3.463369219374688e-07
229 -3.482623612933735e-07
230 -3.465142956958436e-07
231 -3.333729560148324e-07
232 -3.402498670134055e-07
233 -3.556590125758506e-07
234 -3.5004983924319156e-07
235 -3.4091074426934917e-07
236 -3.497801772846826e-07
237 -3.6239494481564e-07
238 -3.4316731223686266e-07
239 -3.426375859746218e-07
240 -3.377504349608202e-07
241 -3.421477929724136e-07
242 -3.489936195554634e-07
243 -3.4603544867023626e-07
244 -3.3521172429594855e-07
245 -3.439743561297484e-07
246 -3.3469563382309875e-07
247 -3.3416843384567665e-07
248 -3.386678721744914e-07
249 -3.4692753693429037e-07
250 -3.4265726728831896e-07
251 -3.4412106985834375e-07
252 -3.4543081444032603e-07
253 -3.3180682493555665e-07
254 -3.46633837801064e-07
255 -3.494369096677297e-07
256 -3.32558713478982e-07
257 -3.3716556681281626e-07
258 -3.3542743942561823e-07
259 -3.364161592741153e-07
260 -3.4203066934269766e-07
261 -3.348734995877246e-07
262 -3.5447904706619517e-07
263 -3.3431215803002316e-07
264 -3.364807611770212e-07
265 -3.434056749521251e-07
266 -3.516963191373843e-07
267 -3.4879093609480315e-07
268 -3.509021811420727e-07
269 -3.3131229943066707e-07
270 -3.420894474907972e-07
271 -3.436156739870188e-07
272 -3.3984780120000913e-07
273 -3.427831750640564e-07
274 -3.488405338602941e-07
275 -3.4612528194794715e-07
276 -3.4775859512422074e-07
277 -3.422821712843518e-07
278 -3.5156052157316193e-07
279 -3.326782219979693e-07
280 -3.416368487557384e-07
281 -3.436989148736335e-07
282 -3.472248415671976e-07
283 -3.418962745259654e-07
284 -3.451115902157469e-07
285 -3.392386782527216e-07
286 -3.3818713082254174e-07
287 -3.450990731354497e-07
288 -3.5122876556587494e-07
289 -3.5065872126168533e-07
290 -3.536298817453164e-07
291 -3.5012776322255315e-07
292 -3.4462940124797126e-07
293 -3.481672026466737e-07
294 -3.4478664156047476e-07
295 -3.4358186691094757e-07
296 -3.353802620929299e-07
297 -3.4765563917612837e-07
298 -3.588031998059476e-07
299 -3.2932395839858485e-07
