0 -1.7160433889323625e-05
1 -1.722439236057444e-05
2 -1.722213645625345e-05
3 -1.6968340506245464e-05
4 -1.699694976659847e-05
5 -1.714776963351088e-05
6 -1.751051860647629e-05
7 -1.749912192593045e-05
8 -1.7085714988293994e-05
9 -1.752360244372515e-05
10 -1.712230832482581e-05
11 -1.7244029509124568e-05
12 -1.655690032345056e-05
13 -1.7449173577394278e-05
14 -1.683949458362958e-05
15 -1.717756103061913e-05
16 -1.735395242372418e-05
17 -1.7280021729825185e-05
18 -1.7143509811293714e-05
19 -1.7366902321699207e-05
20 -1.7636321644608993e-05
21 -1.6882389771573126e-05
22 -1.6852492444389696e-05
23 -1.7330647303709127e-05
24 -1.6959073356714683e-05
25 -1.7651970897047543e-05
26 -1.7284854824130754e-05
27 -1.6950185688871098e-05
28 -1.6933076437142523e-05
29 -1.7550892898391838e-05
30 -1.7539144121248057e-05
31 -1.7076413591732714e-05
32 -1.70512283362994e-05
33 -1.7584216396878515e-05
34 -1.7545722630298277e-05
35 -1.7411751243274006e-05
36 -1.682609242539667e-05
37 -1.7184895739207298e-05
38 -1.7004193755756656e-05
39 -1.6780641752385044e-05
40 -1.7105090681000777e-05
41 -1.7098525542869942e-05
42 -1.737552978041823e-05
43 -1.7182604986702048e-05
44 -1.7191204751480597e-05
45 -1.7081293372884533e-05
46 -1.7481846379138617e-05
47 -1.737161940337052e-05
48 -1.7111416893177294e-05
49 -1.7405278101009e-05
50 -1.7348594793284203e-05
51 -1.7075124192284842e-05
52 -1.735492726988373e-05
53 -1.7711298719615698e-05
54 -1.673679753446119e-05
55 -1.729909153030948e-05
56 -1.699523462923958e-05
57 -1.770078602673243e-05
58 -1.701251286595262e-05
59 -1.7585514483984717e-05
60 -1.7090619986098834e-05
61 -1.71228896197942e-05
62 -1.7359715128037717e-05
63 -1.6767817981300933e-05
64 -1.7045424272783495e-05
65 -1.7023418296167235e-05
66 -1.7411220324810564e-05
67 -1.7630863915172997e-05
68 -1.7381180325103162e-05
69 -1.7550515041354332e-05
70 -1.678132399078695e-05
71 -1.720160573800719e-05
72 -1.6871844596928096e-05
73 -1.726439126724616e-05
74 -1.7342351660446288e-05
75 -1.707795171379542e-05
76 -1.7500863134306343e-05
77 -1.7559654826699706e-05
78 -1.6933924208208196e-05
79 -1.6743663185529532e-05
80 -1.739710498900968e-05
81 -1.67416734908428e-05
82 -1.7572460750362414e-05
83 -1.7900113359005005e-05
84 -1.721659180950332e-05
85 -1.752733685982467e-05
86 -1.7251446097526098e-05
87 -1.7613787316219597e-05
88 -1.6896898041960178e-05
89 -1.7468552083695433e-05
90 -1.7242907961872007e-05
91 -1.6896301554278126e-05
92 -1.7260964498750124e-05
93 -1.7385238839837777e-05
94 -1.6971202857702798e-05
95 -1.7150889031452365e-05
96 -1.716823400306762e-05
97 -1.675676191701987e-05
98 -1.7042525599968426e-05
99 -1.6964252231173064e-05
100 -1.7154461645511252e-05
101 -1.696957666075991e-05
102 -1.6844666052124038e-05
103 -1.731924422473552e-05
104 -1.7157713512363005e-05
105 -1.7446723937989246e-05
106 -1.661947443588988e-05
107 -1.7629607501009184e-05
108 -1.726909394534739e-05
109 -1.682752189897052e-05
110 -1.708889107217635e-05
111 -1.69107799945218e-05
112 -1.749751841809165e-05
113 -1.7195258011686913e-05
114 -1.6538213205549905e-05
115 -1.67304609108745e-05
116 -1.7139640959930683e-05
117 -1.7169891142697972e-05
118 -1.7561191534895088e-05
119 -1.7026242201657767e-05
120 -1.6729230753873473e-05
121 -1.7365465614801923e-05
122 -1.7019997800645843e-05
123 -1.7093221146747304e-05
124 -1.6861192318986464e-05
125 -1.6745854121506936e-05
126 -1.758122033806689e-05
127 -1.7303424092092326e-05
128 -1.7005095592482552e-05
129 -1.6982744936838822e-05
130 -1.6509480104311925e-05
131 -1.7595750586333497e-05
132 -1.7386475161178032e-05
133 -1.7017101942150193e-05
134 -1.695739953503578e-05
135 -1.6898359323916426e-05
136 -1.7459268883313018e-05
137 -1.7245094823830267e-05
138 -1.724225120005483e-05
139 -1.6859032089105935e-05
140 -1.7304900700856325e-05
141 -1.7170214886514283e-05
142 -1.732572081004669e-05
143 -1.7083165680028516e-05
144 -1.697479467200315e-05
145 -1.728285902351142e-05
146 -1.7086650492230158e-05
147 -1.7026426593768698e-05
148 -1.7038136666789514e-05
149 -1.75974311710321e-05
150 -1.755285083169859e-05
151 -1.6665481408788688e-05
152 -1.7686529227578973e-05
153 -1.7262844619631927e-05
154 -1.7131124985130158e-05
155 -1.6857751094966392e-05
156 -1.710809846973498e-05
157 -1.7899014457420144e-05
158 -1.695452155382333e-05
159 -1.7361224925672548e-05
160 -1.7154105339374087e-05
161 -1.665884781862357e-05
162 -1.6987328505873883e-05
163 -1.7330888227073003e-05
164 -1.7001450970179255e-05
165 -1.765747581499074e-05
166 -1.7406697223816505e-05
167 -1.6689306531339627e-05
168 -1.701843117506009e-05
169 -1.7173639196858993e-05
170 -1.717744921569672e-05
171 -1.6938813509901396e-05
172 -1.7212320965870578e-05
173 -1.728806697101184e-05
174 -1.7008510319107055e-05
175 -1.702908267387715e-05
176 -1.700894773926995e-05
177 -1.713912069214128e-05
178 -1.7563736606475036e-05
179 -1.7155298300186833e-05
180 -1.7280986131985315e-05
181 -1.6865934353139437e-05
182 -1.701593925215571e-05
183 -1.7071420482619694e-05
184 -1.7795892215052112e-05
185 -1.721297337201428e-05
186 -1.719302698281276e-05
187 -1.7976757767622097e-05
188 -1.703556124050058e-05
189 -1.726184614752363e-05
190 -1.6947676657348285e-05
191 -1.777933957514301e-05
192 -1.714327349860506e-05
193 -1.6667112571592566e-05
194 -1.7089684431972373e-05
195 -1.7106494980729766e-05
196 -1.768626926004138e-05
197 -1.7063431758304553e-05
198 -1.6924545058300973e-05
199 -1.747164504065139e-05
200 -1.69822488617265e-05
201 -1.7560100887872676e-05
202 -1.756929414499897e-05
203 -1.7138674201019985e-05
204 -1.7365107485554535e-05
205 -1.7773044776295885e-05
206 -1.729924804972965e-05
207 -1.7285505741015193e-05
208 -1.7229810726873097e-05
209 -1.713911463864769e-05
210 -1.6689156829405703e-05
211 -1.717062596930103e-05
212 -1.7274416836342164e-05
213 -1.7437353853989027e-05
214 -1.7803153277457765e-05
215 -1.710509943553394e-05
216 -1.7187213792692002e-05
217 -1.733787163667428e-05
218 -1.712939339626361e-05
219 -1.6792278023174142e-05
220 -1.6695301723629122e-05
221 -1.7464882658932846e-05
222 -1.692794967636007e-05
223 -1.696735074109944e-05
224 -1.7055834290879317e-05
225 -1.733137569322155e-05
226 -1.708106041614137e-05
227 -1.7398483926917715e-05
228 -1.7113213789798026e-05
229 -1.7280567853181283e-05
230 -1.716932264828154e-05
231 -1.6915758146741177e-05
232 -1.7100302149890742e-05
233 -1.7582187036363663e-05
234 -1.760787410112227e-05
235 -1.7242237489327488e-05
236 -1.74954033326501e-05
237 -1.7568892690106706e-05
238 -1.749559727551307e-05
239 -1.7130676419716185e-05
240 -1.66692147264018e-05
241 -1.717205137495289e-05
242 -1.7102091142997368e-05
243 -1.703747474842505e-05
244 -1.7312913037863552e-05
245 -1.7049967093159673e-05
246 -1.6972040832634328e-05
247 -1.7503745743133426e-05
248 -1.6706073002570157e-05
249 -1.7871157361245676e-05
250 -1.749914651866745e-05
251 -1.711054752876454e-05
252 -1.708779866831855e-05
253 -1.7072310264530148e-05
254 -1.683968098935483e-05
255 -1.6988851247990822e-05
256 -1.7292295737183907e-05
257 -1.7083093870679024e-05
258 -1.728123822313125e-05
259 -1.7070197527499932e-05
260 -1.7059442026650932e-05
261 -1.7690273900706676e-05
262 -1.7554778805878415e-05
263 -1.7627652530859352e-05
264 -1.7341710425405816e-05
265 -1.639153947560783e-05
266 -1.7247432399036067e-05
267 -1.7735752676465637e-05
268 -1.73977220641709e-05
269 -1.6973003277192213e-05
270 -1.7339646923838004e-05
271 -1.7259493499216093e-05
272 -1.7210547543342737e-05
273 -1.7192505898452325e-05
274 -1.721663351675965e-05
275 -1.7003489884599022e-05
276 -1.7029283570372573e-05
277 -1.6666173011927704e-05
278 -1.6868586048836784e-05
279 -1.7098621196112166e-05
280 -1.6654281625578062e-05
281 -1.705689230517151e-05
282 -1.7533444856273264e-05
283 -1.7220367212437285e-05
284 -1.780958216153812e-05
285 -1.6919788611899245e-05
286 -1.6975815457643437e-05
287 -1.7374975746081562e-05
288 -1.7046453270759006e-05
289 -1.735738637519511e-05
290 -1.7391705992518657e-05
291 -1.7281954847102044e-05
292 -1.7957201890052386e-05
293 -1.6557113023572205e-05
294 -1.699041250141032e-05
295 -1.7639686607842022e-05
296 -1.738679562417496e-05
297 -1.7487001779039488e-05
298 -1.7420487280194787e-05
299 -1.644217597500288e-05
