0 -8.61735148872989e-07
1 -8.590326431830648e-07
2 -8.478103847690875e-07
3 -8.32474065975857e-07
4 -8.482920539274862e-07
5 -8.588432808456535e-07
6 -8.53958492943007e-07
7 -8.473769227387846e-07
8 -8.695667580268033e-07
9 -8.70955954443266e-07
10 -8.384941169423316e-07
11 -8.620693372090453e-07
12 -8.37989570832804e-07
13 -8.80468828033755e-07
14 -8.508847695796981e-07
15 -8.542492902003565e-07
16 -8.444694766231562e-07
17 -8.634225352708222e-07
18 -8.474055276688528e-07
19 -8.779473786300546e-07
20 -8.729073937971026e-07
21 -8.611924979611246e-07
22 -8.175508694244928e-07
23 -8.63068323363523e-07
24 -8.598097617123402e-07
25 -8.857317004265067e-07
26 -8.593473756033842e-07
27 -8.26072084406686e-07
28 -8.452900093802974e-07
29 -8.722578661469754e-07
30 -8.618514339514116e-07
31 -8.566048474530235e-07
32 -8.542403372621762e-07
33 -8.827514073814317e-07
34 -8.577035136902912e-07
35 -8.642996193627244e-07
36 -8.435264958762407e-07
37 -8.527316719609772e-07
38 -8.616643556710801e-07
39 -8.545691063903152e-07
40 -8.432432188411914e-07
41 -8.684991293931168e-07
42 -8.455238853602306e-07
43 -8.717211840446302e-07
44 -8.648232897614054e-07
45 -8.484551053860851e-07
46 -8.631269362985111e-07
47 -8.534586920168997e-07
48 -8.678360310721061e-07
49 -8.575035042547076e-07
50 -8.573485565354054e-07
51 -8.362377179957441e-07
52 -8.566381032272238e-07
53 -8.593894334623745e-07
54 -8.345127055141585e-07
55 -8.499270356963568e-07
56 -8.686489545834375e-07
57 -8.758991458211884e-07
58 -8.611227281435299e-07
59 -8.685740141002109e-07
60 -8.541741803594926e-07
61 -8.57653690276274e-07
62 -8.619105256192125e-07
63 -8.485409083778137e-07
64 -8.480071163936044e-07
65 -8.656598919716358e-07
66 -8.735806839391646e-07
67 -8.766917935311716e-07
68 -8.586555325965024e-07
69 -8.607592457410685e-07
70 -8.37820038431238e-07
71 -8.60064049146157e-07
72 -8.368779161554362e-07
73 -8.391698111084995e-07
74 -8.634266034471243e-07
75 -8.559374927138202e-07
76 -8.717783523870063e-07
77 -8.675576076508414e-07
78 -8.660300880126401e-07
79 -8.464918126969325e-07
80 -8.635080545167334e-07
81 -8.435636281261811e-07
82 -8.717151763830123e-07
83 -8.625322192783618e-07
84 -8.705821562840971e-07
85 -8.626869135385808e-07
86 -8.432627594324333e-07
87 -8.50720491506925e-07
88 -8.522390918488668e-07
89 -8.667451280900134e-07
90 -8.560110325361191e-07
91 -8.359562650156132e-07
92 -8.659174695587923e-07
93 -8.526005739622132e-07
94 -8.522133775494155e-07
95 -8.560185193510222e-07
96 -8.485513431170526e-07
97 -8.6608534099134e-07
98 -8.5561883345541e-07
99 -8.627551214709314e-07
100 -8.309642966173515e-07
101 -8.568429743779994e-07
102 -8.558603159525483e-07
103 -8.75775906499759e-07
104 -8.61128284814656e-07
105 -8.537249534128007e-07
106 -8.45651897963324e-07
107 -8.70961764549838e-07
108 -8.599052890907407e-07
109 -8.482573613443865e-07
110 -8.605109512577497e-07
111 -8.290931816367984e-07
112 -8.611338167665555e-07
113 -8.383516327593354e-07
114 -8.3796757805811e-07
115 -8.321448309137645e-07
116 -8.427301505103706e-07
117 -8.812069697440369e-07
118 -8.755622723053512e-07
119 -8.637614778883091e-07
120 -8.768544786791169e-07
121 -8.648562486173688e-07
122 -8.609401819916383e-07
123 -8.382600998732128e-07
124 -8.339169446911402e-07
125 -8.469592159261163e-07
126 -8.776065259015001e-07
127 -8.500327663523642e-07
128 -8.607364850237079e-07
129 -8.472719086140073e-07
130 -8.434564045779001e-07
131 -8.595947008594581e-07
132 -8.67971177841444e-07
133 -8.330113391532729e-07
134 -8.470744964344966e-07
135 -8.401403655301022e-07
136 -8.671522046344611e-07
137 -8.570002783863395e-07
138 -8.569057501012285e-07
139 -8.339392730457222e-07
140 -8.590986200929981e-07
141 -8.599770878526152e-07
142 -8.628792871869871e-07
143 -8.412290704256263e-07
144 -8.379191883574329e-07
145 -8.598424580387579e-07
146 -8.418194158241037e-07
147 -8.300556147564523e-07
148 -8.64846164446703e-07
149 -8.612884338091696e-07
150 -8.665654246822026e-07
151 -8.420365455306137e-07
152 -8.612706564175473e-07
153 -8.570703032790917e-07
154 -8.57970800101598e-07
155 -8.53899643023304e-07
156 -8.563244995273704e-07
157 -8.81627027582248e-07
158 -8.578466920058926e-07
159 -8.652754086847522e-07
160 -8.679515007551046e-07
161 -8.578831121669485e-07
162 -8.493666922952825e-07
163 -8.565611348566277e-07
164 -8.513557409642157e-07
165 -8.791703018742836e-07
166 -8.453042810458184e-07
167 -8.457947375647733e-07
168 -8.346856068799339e-07
169 -8.677346249863512e-07
170 -8.43633381662568e-07
171 -8.45348763819325e-07
172 -8.606242171119471e-07
173 -8.442618921005222e-07
174 -8.552499626071619e-07
175 -8.556941061289457e-07
176 -8.455417642733674e-07
177 -8.588480549465564e-07
178 -8.576470785048472e-07
179 -8.550740695295758e-07
180 -8.737713295022019e-07
181 -8.41707851478235e-07
182 -8.390245086666061e-07
183 -8.345831620373935e-07
184 -8.758463634558713e-07
185 -8.588674886472367e-07
186 -8.50259825896314e-07
187 -8.610423521523972e-07
188 -8.4273375613487e-07
189 -8.691897448333715e-07
190 -8.594582737607096e-07
191 -8.610405842935773e-07
192 -8.680678543071694e-07
193 -8.257068517439032e-07
194 -8.496029464597167e-07
195 -8.647229014101718e-07
196 -8.598976492409436e-07
197 -8.471002571665178e-07
198 -8.69483501962361e-07
199 -8.50510838404488e-07
200 -8.643445607602569e-07
201 -8.496101673148146e-07
202 -8.679067058404342e-07
203 -8.394238231143407e-07
204 -8.630622344648941e-07
205 -8.81971386192799e-07
206 -8.665312767532038e-07
207 -8.551184480926086e-07
208 -8.443785223561504e-07
209 -8.509025303921045e-07
210 -8.39575158552543e-07
211 -8.477997921107817e-07
212 -8.469332001171325e-07
213 -8.680643548776943e-07
214 -8.614212327841704e-07
215 -8.66651459302088e-07
216 -8.602803625586644e-07
217 -8.492823584399031e-07
218 -8.49652628224028e-07
219 -8.793602038995787e-07
220 -8.424459434776836e-07
221 -8.587976616552614e-07
222 -8.501831648315514e-07
223 -8.393942951662076e-07
224 -8.45670429116396e-07
225 -8.378908079952606e-07
226 -8.561451919404449e-07
227 -8.980710210471099e-07
228 -8.493714008703293e-07
229 -8.658794429122441e-07
230 -8.720209983825757e-07
231 -8.384716138200132e-07
232 -8.580929285852419e-07
233 -8.672015298097849e-07
234 -8.745399976642868e-07
235 -8.704812581213156e-07
236 -8.801366104670903e-07
237 -8.734854354462188e-07
238 -8.578081152284826e-07
239 -8.452847662331702e-07
240 -8.357708452921048e-07
241 -8.593329221890616e-07
242 -8.740177912504399e-07
243 -8.717149280905338e-07
244 -8.546820023552517e-07
245 -8.437879789912821e-07
246 -8.586081886191097e-07
247 -8.480032321555147e-07
248 -8.440782595397314e-07
249 -8.72617105836207e-07
250 -8.509533710941026e-07
251 -8.537387381411262e-07
252 -8.649701721050934e-07
253 -8.490227002525832e-07
254 -8.542974903057236e-07
255 -8.486023275953581e-07
256 -8.55450512468117e-07
257 -8.463161300920119e-07
258 -8.435878512251491e-07
259 -8.513920467068145e-07
260 -8.554920935387505e-07
261 -8.633942066371726e-07
262 -8.616140586250745e-07
263 -8.422757269220038e-07
264 -8.523224811221846e-07
265 -8.44543838466604e-07
266 -8.741424985095994e-07
267 -8.774772191805153e-07
268 -8.423007356606778e-07
269 -8.51060119479126e-07
270 -8.663296415474275e-07
271 -8.568317090929968e-07
272 -8.520069924787895e-07
273 -8.612559614897931e-07
274 -8.455232683871809e-07
275 -8.603966134602487e-07
276 -8.417833009677433e-07
277 -8.486689676007285e-07
278 -8.490552289361738e-07
279 -8.31780934929378e-07
280 -8.252643257040424e-07
281 -8.455153720121132e-07
282 -8.700382435802681e-07
283 -8.496844354467608e-07
284 -8.903629263297214e-07
285 -8.431389998430391e-07
286 -8.544567965381639e-07
287 -8.585794076887795e-07
288 -8.572578780256456e-07
289 -8.686299235062462e-07
290 -8.859051279094429e-07
291 -8.575475904197585e-07
292 -8.886133787982649e-07
293 -8.356149370024243e-07
294 -8.539182013406867e-07
295 -8.714609584837283e-07
296 -8.579513506423263e-07
297 -8.512741906545073e-07
298 -8.738259950024663e-07
299 -8.311877280754501e-07
