0 -2.861693610794879e-06
1 -2.800226500452403e-06
2 -2.8780373739300377e-06
3 -2.867069336586055e-06
4 -2.8861739424980818e-06
5 -2.9049414456395863e-06
6 -2.9383702826904162e-06
7 -2.9471408060813454e-06
8 -2.886241641829402e-06
9 -2.8362111692146655e-06
10 -2.8573815317962207e-06
11 -2.8722376645180945e-06
12 -2.970528737170067e-06
13 -2.8939650401877427e-06
14 -2.9364264284057725e-06
15 -2.8772601612045595e-06
16 -2.834041373790207e-06
17 -2.8336521814618415e-06
18 -2.901952715585566e-06
19 -2.978175827933256e-06
20 -2.849790183296884e-06
21 -2.8568837375107108e-06
22 -2.8279754384063182e-06
23 -2.8119141324756087e-06
24 -3.002697346824031e-06
25 -2.8905043461347972e-06
26 -2.950734475309379e-06
27 -2.837088230167381e-06
28 -2.8687640545356274e-06
29 -2.8324155618800064e-06
30 -3.005082141986006e-06
31 -2.9291644471014226e-06
32 -2.858683823278357e-06
33 -2.8376025043550664e-06
34 -2.86252410194456e-06
35 -2.840407561674979e-06
36 -2.8912534204876946e-06
37 -2.8096466456035464e-06
38 -2.9212760444452787e-06
39 -2.904453912856029e-06
40 -2.890712954402598e-06
41 -2.887118797464435e-06
42 -2.853896192235884e-06
43 -2.836325848137742e-06
44 -2.952069721819875e-06
45 -2.8761717867742987e-06
46 -2.8604109369155224e-06
47 -2.8107886878051946e-06
48 -2.8589331610494898e-06
49 -2.85574652564246e-06
50 -2.9478983101681587e-06
51 -2.8318205932565347e-06
52 -2.9248751991999744e-06
53 -2.8304955659928015e-06
54 -2.822957948535395e-06
55 -2.887415216352392e-06
56 -3.0104428862542237e-06
57 -2.8254451060955746e-06
58 -2.914356742010013e-06
59 -2.846266202100948e-06
60 -2.9017469543324943e-06
61 -2.934667099634954e-06
62 -2.9496643028265045e-06
63 -2.954977800677573e-06
64 -2.8138456353013363e-06
65 -2.985239983686509e-06
66 -2.962281508720461e-06
67 -2.867704435334471e-06
68 -2.923709576783879e-06
69 -2.8458918908068647e-06
70 -2.871050175025717e-06
71 -2.8756660034740368e-06
72 -2.8697961633766e-06
73 -2.812062551476611e-06
74 -2.8108358258701545e-06
75 -2.9249845329613406e-06
76 -2.8817608154500755e-06
77 -2.9123417713601263e-06
78 -2.899470440951672e-06
79 -2.9434491683484225e-06
80 -2.8708048830932098e-06
81 -2.9219119160001977e-06
82 -2.8355533180681767e-06
83 -2.8209352687074805e-06
84 -2.8802452483274204e-06
85 -2.8940181399876273e-06
86 -2.911955670043477e-06
87 -2.804117134528951e-06
88 -2.94072954584317e-06
89 -2.900045030573984e-06
90 -2.9719546676130995e-06
91 -2.827875066243254e-06
92 -2.9858102064704254e-06
93 -2.8070914661002294e-06
94 -2.8565648262286307e-06
95 -2.8170572572445185e-06
96 -2.8650448639018558e-06
97 -2.868979504297281e-06
98 -2.9021120419163186e-06
99 -2.914486047427511e-06
100 -2.9102083253002077e-06
101 -2.9264582062421825e-06
102 -2.8699637333718573e-06
103 -2.942005005252742e-06
104 -3.026393368030276e-06
105 -2.9251394787233467e-06
106 -2.894792556669511e-06
107 -2.7669012349314107e-06
108 -2.8920985019717325e-06
109 -2.9437770318397306e-06
110 -2.8762419140426844e-06
111 -2.80039373981744e-06
112 -2.803599399511603e-06
113 -2.8546279616541507e-06
114 -2.9149905139247845e-06
115 -2.91409013188797e-06
116 -2.885772676598925e-06
117 -2.956892090614829e-06
118 -2.8558509931913236e-06
119 -2.9480878147355747e-06
120 -2.924646821259297e-06
121 -2.9175320123887573e-06
122 -2.967565746425931e-06
123 -2.9174127263199184e-06
124 -2.8799779155455413e-06
125 -2.888117350096177e-06
126 -2.9693897666890493e-06
127 -2.8835482560079402e-06
128 -2.9177049766889536e-06
129 -2.8401856803281804e-06
130 -2.9739713654839667e-06
131 -2.8646934516680586e-06
132 -2.9469889352428754e-06
133 -2.8862592716379907e-06
134 -2.9685856977450696e-06
135 -2.957862576226573e-06
136 -2.889551063326256e-06
137 -2.8422488119627383e-06
138 -2.944840245711241e-06
139 -2.7762799606388625e-06
140 -2.972410366436509e-06
141 -2.8938826012657585e-06
142 -2.847200939728134e-06
143 -2.8451749256013518e-06
144 -2.881224259931722e-06
145 -2.8563031515281667e-06
146 -2.8825473789871077e-06
147 -2.8576955715128487e-06
148 -2.985998357039983e-06
149 -2.8428724445147177e-06
150 -2.8561109699453717e-06
151 -2.8881420663046073e-06
152 -2.892074792530648e-06
153 -2.812917562971795e-06
154 -2.9122000199315334e-06
155 -2.9258616343736095e-06
156 -2.943688279982595e-06
157 -2.7926704676766926e-06
158 -2.948886862172525e-06
159 -2.9288106024729247e-06
160 -2.869619727764746e-06
161 -2.985411896029452e-06
162 -2.8619131901659705e-06
163 -2.8750295282348657e-06
164 -2.9381674750854164e-06
165 -2.8764751392498227e-06
166 -2.832093124553327e-06
167 -2.9221419355023546e-06
168 -2.779251456185479e-06
169 -2.867940507026485e-06
170 -2.82416335630217e-06
171 -2.959837236568099e-06
172 -2.8891171030562497e-06
173 -2.8076332866516337e-06
174 -2.984916165315159e-06
175 -2.897691328643949e-06
176 -2.963197482901849e-06
177 -2.997785140598706e-06
178 -2.8816886018714473e-06
179 -2.922718413061651e-06
180 -3.0141550481266347e-06
181 -2.9385928341367596e-06
182 -2.8301812030729784e-06
183 -2.8950554405077985e-06
184 -2.9078952069852987e-06
185 -2.9161208822392297e-06
186 -2.8940912458932113e-06
187 -2.8383444672172805e-06
188 -2.929059352652312e-06
189 -2.909721925474437e-06
190 -3.0038959548841856e-06
191 -2.7997330451767482e-06
192 -2.8078191250846557e-06
193 -2.8505587003779075e-06
194 -2.9338327565839458e-06
195 -2.8237683405627343e-06
196 -2.8955988662289756e-06
197 -2.8488268497278495e-06
198 -3.0365279595148456e-06
199 -2.8266286500820963e-06
200 -2.887476067785481e-06
201 -2.8639480484301212e-06
202 -2.9030546951486266e-06
203 -2.908467008124731e-06
204 -2.8255615662150403e-06
205 -2.8769014239659798e-06
206 -2.9390339816720225e-06
207 -2.8405828190008055e-06
208 -2.8570221052890012e-06
209 -2.8515544287970832e-06
210 -2.8901277436884493e-06
211 -2.899135654967478e-06
212 -2.839975367613613e-06
213 -2.836723599410516e-06
214 -2.9209584354894713e-06
215 -2.9315137091224355e-06
216 -2.9091619948836006e-06
217 -2.9002577389744168e-06
218 -2.9536186124964788e-06
219 -2.9349078455210168e-06
220 -2.883313006716692e-06
221 -2.8572308902679135e-06
222 -2.9460902055815093e-06
223 -2.8300915535893727e-06
224 -2.87107590698965e-06
225 -2.8196195342647977e-06
226 -2.7572522701997297e-06
227 -3.0008493546778333e-06
228 -2.854567885935543e-06
229 -2.8640939792299768e-06
230 -2.934210567868704e-06
231 -2.9427712395741295e-06
232 -2.904601891360216e-06
233 -2.7729824324325617e-06
234 -2.8386811161580146e-06
235 -2.9721991384315884e-06
236 -2.8775418339237347e-06
237 -2.765027754390789e-06
238 -2.86955283746813e-06
239 -2.8905148338590367e-06
240 -2.782324900458463e-06
241 -2.8966664895145306e-06
242 -2.9130187194964445e-06
243 -2.9842815768732406e-06
244 -2.825000250521915e-06
245 -2.8717488700529023e-06
246 -2.9880001235795617e-06
247 -2.8112581566484934e-06
248 -2.8586756639074494e-06
249 -2.816212000118914e-06
250 -2.814719944354943e-06
251 -2.8859749810891906e-06
252 -2.9819027172189565e-06
253 -2.941783046635617e-06
254 -2.8979769869949763e-06
255 -2.8792168092360683e-06
256 -2.96561011946756e-06
257 -2.940789263544825e-06
258 -2.9425185114014543e-06
259 -2.978185742683602e-06
260 -2.9391520775090845e-06
261 -2.811366852483963e-06
262 -2.8239588475280068e-06
263 -2.880983113949799e-06
264 -2.8032122799465634e-06
265 -2.9649602867710453e-06
266 -2.9547671685059175e-06
267 -2.9104960077327847e-06
268 -2.780271046998182e-06
269 -2.937076213840715e-06
270 -2.8478765200773644e-06
271 -2.8263338820164725e-06
272 -2.9069784925262766e-06
273 -2.90346694757949e-06
274 -2.846585835015357e-06
275 -2.8703061877974645e-06
276 -2.8264278606149214e-06
277 -2.9287602896704004e-06
278 -2.8112729141549917e-06
279 -2.935727087895172e-06
280 -2.88724737413281e-06
281 -2.8318738233375375e-06
282 -2.8692206963310557e-06
283 -2.888159183322186e-06
284 -2.966247514312307e-06
285 -2.84366305103114e-06
286 -2.89549048985705e-06
287 -2.909056072853708e-06
288 -2.8140186468103164e-06
289 -2.817872149606475e-06
290 -2.9229642334024164e-06
291 -2.7400403400542663e-06
292 -2.890703097025121e-06
293 -2.8532495311607375e-06
294 -2.9169690977471587e-06
295 -2.8924150601452806e-06
296 -2.8872510491001664e-06
297 -2.8529001952689493e-06
298 -2.841012058660116e-06
299 -2.9866992833396676e-06
