0 2.3848020919206433e-05
1 2.4063622035985657e-05
2 2.3921636661659245e-05
3 2.3501593393791214e-05
4 2.3837331186355737e-05
5 2.3657712675337236e-05
6 2.362910948384077e-05
7 2.3608567979435557e-05
8 2.4059491060157684e-05
9 2.4080864011306707e-05
10 2.3931553738950477e-05
11 2.3692517325293005e-05
12 2.3353705226382423e-05
13 2.3592710338108227e-05
14 2.3608633276293728e-05
15 2.3573358146664262e-05
16 2.399548107756121e-05
17 2.3768884156492574e-05
18 2.3263315855336312e-05
19 2.326001792961376e-05
20 2.3768541417480727e-05
21 2.3724092530403863e-05
22 2.3399885622652986e-05
23 2.39502688662279e-05
24 2.323282646703391e-05
25 2.36754580414803e-05
26 2.37537808842711e-05
27 2.3974813829793257e-05
28 2.3871455562412235e-05
29 2.390652531760003e-05
30 2.337709223441474e-05
31 2.3564949726639644e-05
32 2.3649978274553314e-05
33 2.4145198493221358e-05
34 2.360027896116014e-05
35 2.3902780705103842e-05
36 2.4058606598173143e-05
37 2.366337830760836e-05
38 2.3173626513805475e-05
39 2.3530441588656233e-05
40 2.377436403673976e-05
41 2.3623008151124077e-05
42 2.3572659107593225e-05
43 2.414299362307965e-05
44 2.3680421006001278e-05
45 2.398227163891544e-05
46 2.4128113502435935e-05
47 2.3876943267965865e-05
48 2.410427118916772e-05
49 2.367755766253863e-05
50 2.3372639095924205e-05
51 2.3342955311159908e-05
52 2.3755720303410507e-05
53 2.4220151257266717e-05
54 2.4097298713288168e-05
55 2.383833386823529e-05
56 2.312646371475443e-05
57 2.4232444387983905e-05
58 2.3727043342710756e-05
59 2.402073975901298e-05
60 2.3684682208921674e-05
61 2.3269500049555386e-05
62 2.3590262199591496e-05
63 2.3388530386627467e-05
64 2.3821173781440438e-05
65 2.3101670962119955e-05
66 2.3375835301042204e-05
67 2.386818860190967e-05
68 2.3853275090391516e-05
69 2.4053139422346947e-05
70 2.391007401054711e-05
71 2.4044920438435037e-05
72 2.334302074342192e-05
73 2.3647288002207324e-05
74 2.391457585102709e-05
75 2.360178623166946e-05
76 2.3928733953381604e-05
77 2.3708618242001953e-05
78 2.370844976360091e-05
79 2.338139577938758e-05
80 2.3741978262694282e-05
81 2.3351228607729535e-05
82 2.390562750566123e-05
83 2.3838981486534046e-05
84 2.3742823007346766e-05
85 2.3795864487631835e-05
86 2.3282687166935233e-05
87 2.399334143481585e-05
88 2.3543727321475363e-05
89 2.3713540626009463e-05
90 2.3371731165573125e-05
91 2.3706650003410657e-05
92 2.3356848495112202e-05
93 2.386123196111626e-05
94 2.4008082195700964e-05
95 2.3819792165265337e-05
96 2.3687408315905313e-05
97 2.4069976565371693e-05
98 2.392313876051431e-05
99 2.366813202427703e-05
100 2.357299260015038e-05
101 2.3325170434715316e-05
102 2.4165350705033756e-05
103 2.396103457955022e-05
104 2.3104398934200013e-05
105 2.3460346883014997e-05
106 2.358929292587647e-05
107 2.4147659626642795e-05
108 2.409574941844025e-05
109 2.3767676648219414e-05
110 2.3671427722405814e-05
111 2.3968468651125833e-05
112 2.3673877699924054e-05
113 2.3845818951555167e-05
114 2.3193283571080157e-05
115 2.3843722856718966e-05
116 2.3603880550820126e-05
117 2.377269242837444e-05
118 2.3888249045618996e-05
119 2.3571489691207006e-05
120 2.3778881514737858e-05
121 2.343918319355633e-05
122 2.3550304566923666e-05
123 2.3405049006984028e-05
124 2.3430917364299322e-05
125 2.3783469023554582e-05
126 2.367313157335543e-05
127 2.353875438153367e-05
128 2.371211404188133e-05
129 2.3826177914179447e-05
130 2.3268634315826178e-05
131 2.3728175580826558e-05
132 2.36213208494262e-05
133 2.33426376026631e-05
134 2.336588998719025e-05
135 2.3401903414514392e-05
136 2.368272608419833e-05
137 2.3640039898502675e-05
138 2.310085138466756e-05
139 2.4171888255286747e-05
140 2.380794239658546e-05
141 2.3991694837254643e-05
142 2.4040592010994823e-05
143 2.3911505158057707e-05
144 2.3547941406173468e-05
145 2.3740791863522524e-05
146 2.3592444478196755e-05
147 2.3751639516347962e-05
148 2.3702471381152977e-05
149 2.3819322837209938e-05
150 2.4112725619807993e-05
151 2.3568945868197773e-05
152 2.4135820339230724e-05
153 2.3928796556508113e-05
154 2.3818159265254147e-05
155 2.366769027099073e-05
156 2.3537285208143163e-05
157 2.399143029284472e-05
158 2.327149386178654e-05
159 2.3617768559526097e-05
160 2.4003705192307147e-05
161 2.334379332695261e-05
162 2.3483228060091826e-05
163 2.363267719061329e-05
164 2.3544550400419374e-05
165 2.3734406525531652e-05
166 2.401514461223765e-05
167 2.3769651273974365e-05
168 2.4005658027848046e-05
169 2.3855812691646026e-05
170 2.381884662711238e-05
171 2.357123696874843e-05
172 2.367333660473962e-05
173 2.3959820088012678e-05
174 2.3512830433097953e-05
175 2.342164895078372e-05
176 2.3340704891469342e-05
177 2.3205876555443866e-05
178 2.3819047217876886e-05
179 2.3404451005645887e-05
180 2.323376428022276e-05
181 2.3366491869497914e-05
182 2.395745394147048e-05
183 2.382568131655757e-05
184 2.3753155164695784e-05
185 2.36685187416256e-05
186 2.3521227932500908e-05
187 2.401256345043674e-05
188 2.3343506906742245e-05
189 2.392280835455682e-05
190 2.3227721119830085e-05
191 2.3790300573140698e-05
192 2.4125382326207972e-05
193 2.3756495006201608e-05
194 2.3747559312169196e-05
195 2.3916638652100232e-05
196 2.3545056009747925e-05
197 2.3631584559955872e-05
198 2.351903949240963e-05
199 2.4107007371178332e-05
200 2.368630118893812e-05
201 2.369947974659195e-05
202 2.367497936232054e-05
203 2.3741322230979907e-05
204 2.386125184373368e-05
205 2.3799833886127952e-05
206 2.3661810810239495e-05
207 2.39785097393258e-05
208 2.381796073118069e-05
209 2.3739296265293142e-05
210 2.3612609198446907e-05
211 2.3467506136074096e-05
212 2.3718201378121578e-05
213 2.395840740687619e-05
214 2.400431058451309e-05
215 2.3443618859287775e-05
216 2.368185632170884e-05
217 2.401193633831156e-05
218 2.355814165399873e-05
219 2.3422491878717208e-05
220 2.3311671684926582e-05
221 2.3897245582165913e-05
222 2.3357930653901223e-05
223 2.3871122685186333e-05
224 2.3604333372642486e-05
225 2.4204949387621714e-05
226 2.4067602611752936e-05
227 2.345005967230266e-05
228 2.3644259933211334e-05
229 2.374762891281616e-05
230 2.3687120974573243e-05
231 2.3289231292260552e-05
232 2.3659967845305214e-05
233 2.4251081063430286e-05
234 2.3716177772310335e-05
235 2.3563258190871065e-05
236 2.3877591775848825e-05
237 2.4108069813788512e-05
238 2.3635643536450057e-05
239 2.3229857937284177e-05
240 2.3586651434372443e-05
241 2.3546278889534694e-05
242 2.3603291575729707e-05
243 2.305380794201253e-05
244 2.4239186169780204e-05
245 2.3427170300397412e-05
246 2.392032478092928e-05
247 2.4167747223964047e-05
248 2.393169616980494e-05
249 2.4028395372253367e-05
250 2.3711339420318146e-05
251 2.3623102193751248e-05
252 2.3395585695278595e-05
253 2.3091182180095828e-05
254 2.3721862436269917e-05
255 2.366143543283412e-05
256 2.3474147321957875e-05
257 2.3512146203630482e-05
258 2.337230708773822e-05
259 2.349497809035671e-05
260 2.3430408487565118e-05
261 2.4195462399532182e-05
262 2.3860160369466376e-05
263 2.319757768415462e-05
264 2.3958819764020514e-05
265 2.3298930913528744e-05
266 2.364795663091163e-05
267 2.3798071487256017e-05
268 2.362835570374711e-05
269 2.3541045676894643e-05
270 2.3781997437085652e-05
271 2.3959522199225924e-05
272 2.3392134725492104e-05
273 2.3625360096920332e-05
274 2.3591161430630397e-05
275 2.3623102540554912e-05
276 2.3683696595265333e-05
277 2.3440471181573487e-05
278 2.41224175536404e-05
279 2.329234798564411e-05
280 2.3473943060745327e-05
281 2.357513535259715e-05
282 2.3868576282244437e-05
283 2.3327727463559435e-05
284 2.392990488005955e-05
285 2.3827847385532858e-05
286 2.3880364044552856e-05
287 2.364528933650462e-05
288 2.4124117753210467e-05
289 2.4097261269599495e-05
290 2.3805788818868213e-05
291 2.4159308707606716e-05
292 2.3976678346451397e-05
293 2.364629612103178e-05
294 2.3764259275351234e-05
295 2.376569334260573e-05
296 2.3778567915513717e-05
297 2.3656866070737796e-05
298 2.430990562996852e-05
299 2.3129356828027045e-05
