0 -5.822400577604568e-06
1 -6.156362807775736e-06
2 -5.907431786982639e-06
3 -5.6613339064108155e-06
4 -5.832497381932134e-06
5 -5.66437857749543e-06
6 -5.4664427110596814e-06
7 -5.496943845354445e-06
8 -6.018069268874031e-06
9 -6.041092378508768e-06
10 -5.964700431180223e-06
11 -5.7615739123507236e-06
12 -5.439695777217401e-06
13 -5.5703400145380035e-06
14 -5.5764104080024066e-06
15 -5.670745144406578e-06
16 -5.965319524386635e-06
17 -5.84950906016817e-06
18 -5.390630243246741e-06
19 -5.134184038236681e-06
20 -5.812131163544885e-06
21 -5.889073368354401e-06
22 -5.691574865525981e-06
23 -6.03285587611378e-06
24 -5.184206977381755e-06
25 -5.679469738535441e-06
26 -5.585997694391192e-06
27 -6.059662272403674e-06
28 -5.944138975837284e-06
29 -5.914964871265955e-06
30 -5.157322244684874e-06
31 -5.525280565659771e-06
32 -5.794866797829426e-06
33 -6.112599309314844e-06
34 -5.574058649241263e-06
35 -5.917621250410034e-06
36 -6.0194268980299e-06
37 -5.86078260955415e-06
38 -5.3962578375820545e-06
39 -5.643473047438561e-06
40 -5.781011149358628e-06
41 -5.710861995917586e-06
42 -5.686473310582917e-06
43 -6.179093299332881e-06
44 -5.5787218088549146e-06
45 -5.957281631919341e-06
46 -6.0144427005874765e-06
47 -5.9376880717604835e-06
48 -6.068289507042077e-06
49 -5.720705303443625e-06
50 -5.301574111446906e-06
51 -5.652518174653224e-06
52 -5.634172030991349e-06
53 -6.109331504052694e-06
54 -6.175611334681784e-06
55 -5.794891655151861e-06
56 -5.096465664322449e-06
57 -6.1602227247463095e-06
58 -5.756734936140469e-06
59 -5.895118334197084e-06
60 -5.754518199794636e-06
61 -5.338178783849916e-06
62 -5.4327114347106e-06
63 -5.456444886977048e-06
64 -6.048708570120595e-06
65 -5.113575633647618e-06
66 -5.257186927402908e-06
67 -5.77692152740261e-06
68 -5.711916442153958e-06
69 -5.9978583191705695e-06
70 -5.943273716389917e-06
71 -5.984540417832267e-06
72 -5.589112458913672e-06
73 -5.851530219990078e-06
74 -6.011667315535532e-06
75 -5.6319814773141e-06
76 -5.839358373633494e-06
77 -5.598850658956797e-06
78 -5.723636842504931e-06
79 -5.5067775267867195e-06
80 -5.769458390632659e-06
81 -5.492775497336873e-06
82 -5.887747754170592e-06
83 -5.835332998989693e-06
84 -5.706252065815797e-06
85 -5.6847302345060295e-06
86 -5.360378123247122e-06
87 -6.087320967713616e-06
88 -5.562521283579398e-06
89 -5.6176825253238635e-06
90 -5.248905454426777e-06
91 -5.908547300227153e-06
92 -5.2723923894328905e-06
93 -6.034182120928089e-06
94 -6.037796185998737e-06
95 -6.010420336173275e-06
96 -5.807931534331796e-06
97 -6.121110906000424e-06
98 -5.892495788236255e-06
99 -5.647741309579448e-06
100 -5.594174959218623e-06
101 -5.38856717530172e-06
102 -6.124149058934594e-06
103 -5.7208151261303155e-06
104 -5.042304178233124e-06
105 -5.378644030569784e-06
106 -5.7084062436935406e-06
107 -6.223323547615972e-06
108 -5.955443054208275e-06
109 -5.741179311879289e-06
110 -5.744031563145302e-06
111 -6.1445279289468455e-06
112 -5.881476512675063e-06
113 -5.913557733627362e-06
114 -5.448903249884044e-06
115 -5.81184072960015e-06
116 -5.6356262437206585e-06
117 -5.631750597421812e-06
118 -5.811982556913336e-06
119 -5.534940448608152e-06
120 -5.761569884544632e-06
121 -5.457864300817508e-06
122 -5.436817500103347e-06
123 -5.438175004157071e-06
124 -5.626899033601121e-06
125 -5.878181466910295e-06
126 -5.419660692624674e-06
127 -5.595445099096356e-06
128 -5.72198803268057e-06
129 -5.976237622458507e-06
130 -5.384100756937644e-06
131 -5.723179013447288e-06
132 -5.448635736559866e-06
133 -5.502888408695555e-06
134 -5.339338968681148e-06
135 -5.4008716447373315e-06
136 -5.617429796516638e-06
137 -5.776936147531903e-06
138 -5.185464474996035e-06
139 -6.361400360699215e-06
140 -5.5622040025501096e-06
141 -5.859010840741071e-06
142 -5.990118057625324e-06
143 -5.974783286853834e-06
144 -5.672374844835364e-06
145 -5.791198583701174e-06
146 -5.703542067781095e-06
147 -5.878746754806893e-06
148 -5.537787215383471e-06
149 -5.810530141202484e-06
150 -6.005442172940648e-06
151 -5.732160017677508e-06
152 -5.916904669363585e-06
153 -5.9982218381202755e-06
154 -5.744044705168004e-06
155 -5.669745842641178e-06
156 -5.4997671771057505e-06
157 -6.000154799533463e-06
158 -5.3379781925122026e-06
159 -5.487952310732702e-06
160 -5.995502705581189e-06
161 -5.3463862154960494e-06
162 -5.714672847534646e-06
163 -5.607169186362995e-06
164 -5.520968807762219e-06
165 -5.671907288520707e-06
166 -6.023778228700577e-06
167 -5.828587357371383e-06
168 -6.22118511141592e-06
169 -5.83996086169596e-06
170 -5.984420835516446e-06
171 -5.513907690188916e-06
172 -5.689461722415481e-06
173 -6.134697618108e-06
174 -5.3928912528870134e-06
175 -5.606582201435795e-06
176 -5.374370763457236e-06
177 -5.146266209272789e-06
178 -5.711084825177398e-06
179 -5.437878608226813e-06
180 -5.079239579364305e-06
181 -5.45707853519781e-06
182 -6.071703977826808e-06
183 -5.7827870047973475e-06
184 -5.5547591992652175e-06
185 -5.602113305336618e-06
186 -5.596012942005335e-06
187 -5.836788944853654e-06
188 -5.39931913798606e-06
189 -5.842421872145552e-06
190 -5.180894424605853e-06
191 -5.866168396048627e-06
192 -6.179281054640558e-06
193 -5.965460202328681e-06
194 -5.653142501891497e-06
195 -6.0361591664921645e-06
196 -5.464529862988393e-06
197 -5.823912640211917e-06
198 -5.375391867497569e-06
199 -6.137757891850328e-06
200 -5.716759162706725e-06
201 -5.696941835816938e-06
202 -5.605599624272918e-06
203 -5.717782735459472e-06
204 -5.886837153579626e-06
205 -5.609176427436709e-06
206 -5.519550258607513e-06
207 -6.00254915319848e-06
208 -5.884186887129443e-06
209 -5.82257230477958e-06
210 -5.775189250868756e-06
211 -5.5089818915372355e-06
212 -5.803818809134822e-06
213 -5.982076490295988e-06
214 -5.745774850960261e-06
215 -5.450265032446555e-06
216 -5.6819241549871025e-06
217 -5.8809986829646665e-06
218 -5.500896116682272e-06
219 -5.521438997426755e-06
220 -5.586094341800774e-06
221 -5.874944722150425e-06
222 -5.391522943941574e-06
223 -5.976604487106598e-06
224 -5.734057718408674e-06
225 -6.170169853697512e-06
226 -6.332990866986043e-06
227 -5.239167512864877e-06
228 -5.7773808669847484e-06
229 -5.7474462199663344e-06
230 -5.65243116050597e-06
231 -5.361699045500097e-06
232 -5.66201389068086e-06
233 -6.3067464715698895e-06
234 -5.7643461268912615e-06
235 -5.41839873273821e-06
236 -5.82637139313837e-06
237 -6.218914463408114e-06
238 -5.6696626483456125e-06
239 -5.411649478945832e-06
240 -6.003830818002181e-06
241 -5.6057562760313605e-06
242 -5.616044442483154e-06
243 -5.069611736222508e-06
244 -6.216123170796736e-06
245 -5.607774722330299e-06
246 -5.674373860069047e-06
247 -6.151731173013769e-06
248 -6.0138787202429155e-06
249 -6.014705118516005e-06
250 -5.8230037996319915e-06
251 -5.682564733223695e-06
252 -5.307050768408666e-06
253 -5.18251171811769e-06
254 -5.833731908154776e-06
255 -5.77355228414207e-06
256 -5.364536623619353e-06
257 -5.4126127075411745e-06
258 -5.318906023808648e-06
259 -5.383457364166013e-06
260 -5.463498232649992e-06
261 -6.100045207410934e-06
262 -5.923205200152735e-06
263 -5.301186753265101e-06
264 -6.013558368810281e-06
265 -5.459159414013415e-06
266 -5.495857984937756e-06
267 -5.605591675265169e-06
268 -5.872363957666526e-06
269 -5.5510930905931215e-06
270 -5.863630218878305e-06
271 -6.010870413588912e-06
272 -5.4693856003057365e-06
273 -5.651632727553059e-06
274 -5.770828827553967e-06
275 -5.7805170974372524e-06
276 -5.8516791455169665e-06
277 -5.576931456054319e-06
278 -6.2350518406226256e-06
279 -5.345500770705237e-06
280 -5.705247343647009e-06
281 -5.846350229911855e-06
282 -5.805538480453841e-06
283 -5.423469700645765e-06
284 -5.51904858550104e-06
285 -5.968927515391149e-06
286 -5.869623142206472e-06
287 -5.616205150550861e-06
288 -6.1949648460783825e-06
289 -6.107720586999351e-06
290 -5.673591467514132e-06
291 -6.346271374628625e-06
292 -5.773174084254982e-06
293 -5.907583308661536e-06
294 -5.77022367819157e-06
295 -5.627285957674693e-06
296 -5.7822551097678915e-06
297 -5.677864087045944e-06
298 -6.239228903573621e-06
299 -5.2675051893747325e-06
