0 -2.677292071492993e-05
1 -2.6602258178548632e-05
2 -2.4278813132505685e-05
3 -2.6929715215095847e-05
4 -2.699980425603648e-05
5 -2.6207805219321354e-05
6 -2.7898230576031958e-05
7 -2.5598146534225652e-05
8 -2.790763658256285e-05
9 -2.7538984335052805e-05
10 -2.5775099061199222e-05
11 -2.73901072692668e-05
12 -2.560982973301602e-05
13 -2.7015115439680592e-05
14 -2.7638617164355864e-05
15 -2.8025044002260894e-05
16 -2.6304599537604073e-05
17 -2.6519865240831644e-05
18 -2.622924317830492e-05
19 -2.6590624775202068e-05
20 -2.6008604354715763e-05
21 -2.6687756981945555e-05
22 -2.7089880249058757e-05
23 -2.860858701929646e-05
24 -2.4731078024269043e-05
25 -2.7913496937832096e-05
26 -2.6997090926182324e-05
27 -2.9128783315156855e-05
28 -2.675450835879656e-05
29 -2.6605955035424896e-05
30 -2.6208923884301108e-05
31 -2.740099153708916e-05
32 -2.8533777664159488e-05
33 -2.723568829176413e-05
34 -2.6517046695824755e-05
35 -2.6575977023763477e-05
36 -2.685984864804198e-05
37 -2.6996620228152566e-05
38 -2.8009983777922758e-05
39 -2.9062384641369046e-05
40 -2.750255120528853e-05
41 -2.6909848403757105e-05
42 -2.7597990148934015e-05
43 -2.4924176164841917e-05
44 -2.762017837752994e-05
45 -2.6712060999577064e-05
46 -2.6793670597687476e-05
47 -2.6380461815902273e-05
48 -2.7052271306375624e-05
49 -2.7257577847157975e-05
50 -2.5917131837893815e-05
51 -2.650873578329781e-05
52 -2.743982482836974e-05
53 -2.6296700646073678e-05
54 -2.7718786969177502e-05
55 -2.6773820143826383e-05
56 -2.7009133493664912e-05
57 -2.5431941036611825e-05
58 -2.8374635970510636e-05
59 -2.6058406920712668e-05
60 -2.5511894808455637e-05
61 -2.7871790229490515e-05
62 -2.531306448365239e-05
63 -2.5637658814466897e-05
64 -2.7958629734242416e-05
65 -2.7757218100549633e-05
66 -2.55964322878551e-05
67 -3.054920721012233e-05
68 -2.399798904167111e-05
69 -2.5888018524801996e-05
70 -2.608187669867647e-05
71 -2.5571994432745655e-05
72 -2.564769593509272e-05
73 -2.8768658468279014e-05
74 -2.7033603906125167e-05
75 -2.801953493998003e-05
76 -2.56452957384223e-05
77 -2.8513551974580653e-05
78 -2.5551167213649343e-05
79 -2.6579925422361972e-05
80 -2.7524273445155515e-05
81 -2.5987862162968758e-05
82 -2.820722253386733e-05
83 -2.6624868987157573e-05
84 -2.4424832156276018e-05
85 -2.6739607750814795e-05
86 -2.6851778761607126e-05
87 -2.592520293462023e-05
88 -2.581839048873173e-05
89 -2.626813973771267e-05
90 -2.473172196029061e-05
91 -2.6276506239614828e-05
92 -2.6021488991058942e-05
93 -2.797763724593651e-05
94 -2.8097508132650603e-05
95 -2.712167306180097e-05
96 -2.8450073563123665e-05
97 -2.685807893567618e-05
98 -2.628409317732943e-05
99 -2.6666505759765463e-05
100 -2.66830309493232e-05
101 -2.594073250468326e-05
102 -2.8023576165812952e-05
103 -2.4747749566536416e-05
104 -2.6585780530391277e-05
105 -2.7283895669985183e-05
106 -2.6871029868166145e-05
107 -2.8211301490585435e-05
108 -2.7991713574294915e-05
109 -2.7437865182607304e-05
110 -2.5853833427565688e-05
111 -2.6132551937728306e-05
112 -2.6963509569972307e-05
113 -2.597245415705584e-05
114 -2.59760614394517e-05
115 -2.8098340941443983e-05
116 -2.438178684251493e-05
117 -2.8616469297482787e-05
118 -2.7736934625887924e-05
119 -2.9230486138092228e-05
120 -2.9646646610250587e-05
121 -2.675313051040125e-05
122 -2.6164001539081226e-05
123 -2.573675473184217e-05
124 -2.7452129712804663e-05
125 -2.6765190985980264e-05
126 -2.548873069566369e-05
127 -2.5359178861672664e-05
128 -2.7479210558189732e-05
129 -2.5642213736441092e-05
130 -2.917207062333642e-05
131 -2.6913257567516934e-05
132 -2.72924080130039e-05
133 -2.561841071232485e-05
134 -2.6712586893484533e-05
135 -2.7116679890506635e-05
136 -2.5753181379940603e-05
137 -2.541929032659601e-05
138 -2.5925360778011012e-05
139 -2.6240944654596513e-05
140 -2.763516406539045e-05
141 -2.874925779297544e-05
142 -2.541037226194999e-05
143 -2.5912044954170593e-05
144 -2.7978759150966735e-05
145 -2.8223431372945875e-05
146 -2.7334465654832e-05
147 -2.727864774347744e-05
148 -2.6051357052926672e-05
149 -2.6253329629487454e-05
150 -2.6987473885111813e-05
151 -2.6847317386913618e-05
152 -2.6458897589791728e-05
153 -2.7076545839288878e-05
154 -2.6294371944355014e-05
155 -2.6952265402619744e-05
156 -2.596816210295594e-05
157 -2.7256655873553454e-05
158 -2.4679215883142094e-05
159 -2.695483738935527e-05
160 -2.618100782199072e-05
161 -2.501168044895728e-05
162 -2.7898330961134596e-05
163 -2.5543955941106312e-05
164 -2.4577251086069683e-05
165 -2.5932379901194435e-05
166 -2.803847933908739e-05
167 -2.6251754174934214e-05
168 -2.7443464288506836e-05
169 -2.6989049222997886e-05
170 -2.605864222412476e-05
171 -2.5615531854962684e-05
172 -2.6499711197642575e-05
173 -2.7814343118863957e-05
174 -2.6171300120957983e-05
175 -2.7080155145132372e-05
176 -2.6609868944868133e-05
177 -2.5597747300489084e-05
178 -2.851497809832661e-05
179 -2.478082077714911e-05
180 -2.7315555177050923e-05
181 -2.7360132063808093e-05
182 -2.667685163766783e-05
183 -2.579045844422974e-05
184 -2.6581020215391937e-05
185 -2.772957444715577e-05
186 -2.623679340572668e-05
187 -2.7175956935281205e-05
188 -2.7642473932288946e-05
189 -2.9450571139643135e-05
190 -2.4561926898350378e-05
191 -2.8211701705762145e-05
192 -2.5952437199309323e-05
193 -2.9105957546807802e-05
194 -2.555942532241008e-05
195 -2.6681021280152642e-05
196 -2.765465982983626e-05
197 -2.6423910647414756e-05
198 -2.6681239860661648e-05
199 -2.675446900768633e-05
200 -2.583822534710243e-05
201 -2.7833762253123423e-05
202 -2.8053401281179957e-05
203 -2.746632658750981e-05
204 -2.6825961901893086e-05
205 -2.7578316175791944e-05
206 -2.772520781084174e-05
207 -2.679068759664891e-05
208 -2.7188568365782954e-05
209 -2.8043120771097e-05
210 -2.6894585349288395e-05
211 -2.6674421315720846e-05
212 -2.4810869501488467e-05
213 -2.7650425254829527e-05
214 -2.8277975052190322e-05
215 -2.6410891975248877e-05
216 -2.8056388847224307e-05
217 -2.7401180358630975e-05
218 -2.6907466013975e-05
219 -2.6562443621550638e-05
220 -2.8152184767557212e-05
221 -2.7613391187027305e-05
222 -2.812161203108456e-05
223 -2.7131408713047152e-05
224 -2.626462881436249e-05
225 -2.6798342772996683e-05
226 -2.657460255511688e-05
227 -2.7412549321670682e-05
228 -2.7410866545966876e-05
229 -2.5965087238969557e-05
230 -2.7366054771080654e-05
231 -2.4756408466352564e-05
232 -2.7846719139790127e-05
233 -2.7782794384462506e-05
234 -2.5898270342021316e-05
235 -2.854784242070025e-05
236 -2.8067265835380158e-05
237 -2.682713823004218e-05
238 -2.7350967545528947e-05
239 -2.6627421748962252e-05
240 -2.6951835325161597e-05
241 -2.4730344924800306e-05
242 -2.7111090154726802e-05
243 -2.6856678873018322e-05
244 -2.669705190472491e-05
245 -2.567947497836852e-05
246 -2.7854332218963983e-05
247 -2.6589117547005162e-05
248 -2.6828131343378608e-05
249 -2.5163221075632647e-05
250 -2.542687700014962e-05
251 -2.6457574050000017e-05
252 -2.814613881546369e-05
253 -2.64906018517915e-05
254 -2.7098803656614564e-05
255 -2.6423585846952596e-05
256 -2.6252442862840633e-05
257 -2.533607908514541e-05
258 -2.7262650667524174e-05
259 -2.6731427173504816e-05
260 -2.644657280230491e-05
261 -2.755627781703531e-05
262 -2.694814331645015e-05
263 -2.7634238858965752e-05
264 -2.637385001868763e-05
265 -2.734075348191015e-05
266 -2.719339572333616e-05
267 -2.6130534654399613e-05
268 -2.6878776679324722e-05
269 -2.637916255315979e-05
270 -2.6807272560826186e-05
271 -2.7421128974348434e-05
272 -2.704855818210236e-05
273 -2.6254759356181114e-05
274 -2.5403959137950378e-05
275 -2.800580029436515e-05
276 -2.4577628770327476e-05
277 -2.5517940032866892e-05
278 -2.9314076496347943e-05
279 -2.7603567977511177e-05
280 -2.6094236291584336e-05
281 -2.6981804492129782e-05
282 -2.6062618642978004e-05
283 -2.5283032230057007e-05
284 -2.5920570027273727e-05
285 -2.6022102163104324e-05
286 -2.821346715017815e-05
287 -2.7590852428612775e-05
288 -2.89277504410719e-05
289 -2.823640838584103e-05
290 -2.7214460574657698e-05
291 -2.7097056848907975e-05
292 -2.758920879183601e-05
293 -2.459894013088195e-05
294 -2.79767517408282e-05
295 -2.7002276581822075e-05
296 -2.649425032809772e-05
297 -2.7465808334982492e-05
298 -2.8652274445100085e-05
299 -2.6399696382350252e-05
