0 8.247105617047998e-06
1 8.308331313802445e-06
2 8.405013828930133e-06
3 8.311780897024057e-06
4 8.322119318816078e-06
5 8.269048702353582e-06
6 8.246778588643751e-06
7 8.363503034742713e-06
8 8.005462289413624e-06
9 8.172387154393682e-06
10 8.451559497327101e-06
11 8.293370284868202e-06
12 8.463296780147998e-06
13 8.440601658491827e-06
14 8.157238121014416e-06
15 8.192103387710205e-06
16 8.407539841376541e-06
17 8.290513717767998e-06
18 8.574383849999518e-06
19 8.168790516683733e-06
20 8.477169015573288e-06
21 8.074448994840017e-06
22 8.230516314031037e-06
23 8.157939417346776e-06
24 8.506840660586719e-06
25 8.271754575992477e-06
26 8.291271007632147e-06
27 8.174172918232237e-06
28 8.259678256929267e-06
29 8.193914214776418e-06
30 8.416404182319355e-06
31 8.121434810349734e-06
32 8.208951655953615e-06
33 8.259495352944396e-06
34 8.425799920692874e-06
35 8.290941400050726e-06
36 8.236006056324164e-06
37 8.271104627935218e-06
38 8.378671446552975e-06
39 8.205937553552352e-06
40 8.1642300100852e-06
41 8.29783967570701e-06
42 8.330043503569145e-06
43 8.40815035765643e-06
44 8.28074532777925e-06
45 8.389197641096562e-06
46 8.270318138812712e-06
47 8.35602977454287e-06
48 8.35211886208929e-06
49 8.285993194464447e-06
50 8.409994412497266e-06
51 8.164371744608263e-06
52 8.250731070923221e-06
53 8.329304284088863e-06
54 8.308059035708148e-06
55 8.39381258398027e-06
56 8.36328609225297e-06
57 8.333389772852152e-06
58 8.102597392192532e-06
59 8.442426591724591e-06
60 8.474891778539696e-06
61 8.18603146139908e-06
62 8.50175885099542e-06
63 8.549597564133269e-06
64 8.186337807909237e-06
65 8.259415590543743e-06
66 8.436604701174852e-06
67 8.057026411401345e-06
68 8.36390245474549e-06
69 8.40148657397078e-06
70 8.297175110879258e-06
71 8.299408211561238e-06
72 8.36123414577888e-06
73 8.210189901553947e-06
74 8.172365507307776e-06
75 8.237931600207378e-06
76 8.511593425119427e-06
77 8.262946768034327e-06
78 8.219346533603616e-06
79 8.232141475847727e-06
80 8.068370220614097e-06
81 8.240977534883888e-06
82 8.161746639169311e-06
83 8.273797482347834e-06
84 8.501891164667899e-06
85 8.249853812672532e-06
86 8.345436524006055e-06
87 8.426558836396373e-06
88 8.256098061644125e-06
89 8.303534656714563e-06
90 8.270995282863252e-06
91 8.344148924113376e-06
92 8.416864520259797e-06
93 8.194958387286917e-06
94 8.17473615260246e-06
95 8.289808538985113e-06
96 7.9818895468364e-06
97 8.211618926977745e-06
98 8.281359135907009e-06
99 8.324942218337437e-06
100 8.378028026241045e-06
101 8.363271768487425e-06
102 8.10798970233191e-06
103 8.498224524597206e-06
104 8.15785433805418e-06
105 8.320757017941062e-06
106 8.576477713942821e-06
107 8.13993668183181e-06
108 8.296340341962676e-06
109 8.263659872910612e-06
110 8.398013278794749e-06
111 8.332811240536357e-06
112 8.030332036396122e-06
113 8.305807626419254e-06
114 8.431903061699756e-06
115 8.18738718521693e-06
116 8.475478362002465e-06
117 8.195220815386635e-06
118 8.21525644388439e-06
119 8.080331552988808e-06
120 7.92860342789486e-06
121 8.304072542545093e-06
122 8.274552479906785e-06
123 8.276576194855524e-06
124 8.118558671095204e-06
125 8.163257037294104e-06
126 8.381163149297896e-06
127 8.379353148531232e-06
128 8.207863193230608e-06
129 8.182342213974439e-06
130 8.159255936210335e-06
131 8.307551511417153e-06
132 8.286041594477777e-06
133 8.388989718854223e-06
134 8.327186785087758e-06
135 8.452135964906837e-06
136 8.361273951679755e-06
137 8.286575377761613e-06
138 8.43479137006298e-06
139 8.458613140615732e-06
140 8.106184079956463e-06
141 8.064192303508576e-06
142 8.433218818139205e-06
143 8.232134423812178e-06
144 8.163652109296508e-06
145 8.213731029244184e-06
146 8.227573042002243e-06
147 8.322510915532208e-06
148 8.440639887739084e-06
149 8.458795409412786e-06
150 8.149923404421633e-06
151 8.294503665962871e-06
152 8.324528526424214e-06
153 8.373650505578786e-06
154 8.173891777829436e-06
155 8.523378032664964e-06
156 8.404216718439507e-06
157 8.321075834986003e-06
158 8.497290284130924e-06
159 8.30413961301329e-06
160 8.454775843594318e-06
161 8.49977692813438e-06
162 8.251385665118552e-06
163 8.456864247575642e-06
164 8.350531769398619e-06
165 8.472371183536665e-06
166 8.15197595752263e-06
167 8.296352572609566e-06
168 8.239888705876927e-06
169 8.143932858824689e-06
170 8.464776838536231e-06
171 8.503502836286494e-06
172 8.35707456429253e-06
173 8.340347054212467e-06
174 8.29638265090501e-06
175 8.293601245372386e-06
176 8.302207545658988e-06
177 8.319557197638733e-06
178 8.159844272787401e-06
179 8.456478585699438e-06
180 8.164083641902798e-06
181 8.223701941754079e-06
182 8.251211135036301e-06
183 8.339768339054438e-06
184 8.238248353151857e-06
185 8.255801509144138e-06
186 8.333430207285983e-06
187 8.347054288733902e-06
188 8.17956787559296e-06
189 8.11147389120767e-06
190 8.384356310996592e-06
191 8.17014054080951e-06
192 8.331767444233073e-06
193 8.235980532758353e-06
194 8.28798298757177e-06
195 8.299194530945166e-06
196 8.286567157443304e-06
197 8.267480650872524e-06
198 8.356988611890128e-06
199 8.318931121508964e-06
200 8.405170649704152e-06
201 8.105640145388855e-06
202 8.137424529718027e-06
203 8.294438583944074e-06
204 8.27307702824626e-06
205 8.211094675871072e-06
206 8.333048577380426e-06
207 8.10249178415985e-06
208 8.36931612774084e-06
209 8.217887296380366e-06
210 8.164242616456688e-06
211 8.298134044337793e-06
212 8.36916282916524e-06
213 8.20373763943457e-06
214 8.170916138968498e-06
215 8.305458761251343e-06
216 8.275735313262732e-06
217 8.158958079983977e-06
218 8.231304798593816e-06
219 8.265588619467798e-06
220 8.127898126370072e-06
221 8.107443956767132e-06
222 8.28151152379996e-06
223 8.184986802028324e-06
224 8.320410259642593e-06
225 8.38709697636914e-06
226 8.331111084952782e-06
227 8.286930455691022e-06
228 8.105085917918142e-06
229 8.061657455739491e-06
230 8.265082104303231e-06
231 8.435738375117916e-06
232 8.074778843961405e-06
233 8.282281752518838e-06
234 8.265352253587667e-06
235 8.251291114792536e-06
236 8.050346238957766e-06
237 8.309783470679791e-06
238 8.258801064880807e-06
239 8.31256294942948e-06
240 8.363069850764966e-06
241 8.390955720487013e-06
242 8.144565779252315e-06
243 8.247202059208743e-06
244 8.261424256021674e-06
245 8.365198326465699e-06
246 8.24724918792459e-06
247 8.374217699912306e-06
248 8.385144606545392e-06
249 8.571034667941894e-06
250 8.338775284486792e-06
251 8.36576139732868e-06
252 8.149967938904842e-06
253 8.362214515544126e-06
254 8.378756262688903e-06
255 8.305465355381587e-06
256 8.523520580901562e-06
257 8.324847869037698e-06
258 8.302159339329953e-06
259 8.297268550083962e-06
260 8.260505874689817e-06
261 8.200124471852316e-06
262 8.210137788293448e-06
263 8.145259306672857e-06
264 8.36864942873852e-06
265 8.292365511295573e-06
266 8.27973465515708e-06
267 8.328734409592656e-06
268 8.212340233684217e-06
269 8.357489768091763e-06
270 8.106743380067716e-06
271 8.156500334885932e-06
272 8.18475638776085e-06
273 8.229345044603455e-06
274 8.348638012796647e-06
275 8.198575192990263e-06
276 8.454261450783382e-06
277 8.311251702857002e-06
278 8.110281785326218e-06
279 8.248271316141449e-06
280 8.354487513511118e-06
281 8.315295189566596e-06
282 8.402133651209264e-06
283 8.364241360005985e-06
284 8.420633462264901e-06
285 8.340323397954876e-06
286 8.201180497096917e-06
287 8.421294157364668e-06
288 8.184312989782119e-06
289 8.30142795942283e-06
290 8.281130687383476e-06
291 8.234906302048947e-06
292 8.126847260330159e-06
293 8.573356249859176e-06
294 8.205814437930969e-06
295 8.180098481860314e-06
296 8.196835243292743e-06
297 8.290006799613134e-06
298 8.200578704430784e-06
299 8.20798370123386e-06
