0 1.6292675955782168e-05
1 1.6013989599099877e-05
2 1.7219949737178044e-05
3 1.6088158452328453e-05
4 1.6305151027931586e-05
5 1.6659789328897502e-05
6 1.6441533716580897e-05
7 1.708973398019692e-05
8 1.7230680471375732e-05
9 1.6819799879469483e-05
10 1.6571721116006725e-05
11 1.6957427768691438e-05
12 1.702930164387996e-05
13 1.6652096964221675e-05
14 1.6688007084805944e-05
15 1.6489943659483787e-05
16 1.6638615874559287e-05
17 1.67583475086132e-05
18 1.6311550475552955e-05
19 1.6138241352421234e-05
20 1.6503892720391548e-05
21 1.7113591567708377e-05
22 1.649827434718432e-05
23 1.643085535087058e-05
24 1.6902365166579407e-05
25 1.683021535735724e-05
26 1.7014208857933024e-05
27 1.592945393435577e-05
28 1.6950144972861507e-05
29 1.610503749717871e-05
30 1.6725941695992997e-05
31 1.7058140997194082e-05
32 1.6649628804924402e-05
33 1.6814270524414016e-05
34 1.6603098896529197e-05
35 1.7275634906800575e-05
36 1.6804817830515305e-05
37 1.673515681141444e-05
38 1.6242213059638625e-05
39 1.6463367205479807e-05
40 1.6672047503664714e-05
41 1.7197137936364694e-05
42 1.7146085764320404e-05
43 1.7013969963733706e-05
44 1.6448102533668763e-05
45 1.6448564450622357e-05
46 1.7166138141447982e-05
47 1.7038485995850336e-05
48 1.6651083964483204e-05
49 1.6435399107005766e-05
50 1.6852519516561786e-05
51 1.703436560099504e-05
52 1.659639784852002e-05
53 1.6677455710756935e-05
54 1.710910700854518e-05
55 1.6668823968063213e-05
56 1.6912865706479305e-05
57 1.632100026805095e-05
58 1.637095135508227e-05
59 1.689628156046727e-05
60 1.706351922974833e-05
61 1.65459065171034e-05
62 1.6589902855838455e-05
63 1.6754323710973092e-05
64 1.6718278053755728e-05
65 1.6564027820903004e-05
66 1.659136056778966e-05
67 1.630000461391886e-05
68 1.729152159451196e-05
69 1.675640566776631e-05
70 1.718646844900455e-05
71 1.652216619205603e-05
72 1.7021643283241872e-05
73 1.6319159209784442e-05
74 1.749620486015894e-05
75 1.631189530318927e-05
76 1.6520743807795634e-05
77 1.689764118886977e-05
78 1.69600220924459e-05
79 1.6340515632239617e-05
80 1.7069128896121792e-05
81 1.646038448063172e-05
82 1.6595805216059983e-05
83 1.6652239940303587e-05
84 1.672176830984521e-05
85 1.65483676594787e-05
86 1.7045911131488904e-05
87 1.6879977105761884e-05
88 1.685520352622489e-05
89 1.7532387776066866e-05
90 1.7118722357108318e-05
91 1.7246171204739934e-05
92 1.7341457979232878e-05
93 1.6503560027531003e-05
94 1.6727461184115556e-05
95 1.6757488430972516e-05
96 1.6588421490095753e-05
97 1.659393951765131e-05
98 1.6622020056500807e-05
99 1.617857732306538e-05
100 1.7284808987786397e-05
101 1.6537442426644756e-05
102 1.660619255682896e-05
103 1.6831246676978217e-05
104 1.6573359265276293e-05
105 1.6128456329734608e-05
106 1.634340127470181e-05
107 1.772949691607886e-05
108 1.5803912214038547e-05
109 1.6546348565706e-05
110 1.715304909021411e-05
111 1.6955854361651138e-05
112 1.6661584392576362e-05
113 1.6516412951294147e-05
114 1.6719717724934003e-05
115 1.658882793454102e-05
116 1.6757989710970275e-05
117 1.6525438370205308e-05
118 1.6387179214413862e-05
119 1.6234096942852807e-05
120 1.6682032471825214e-05
121 1.6718505873688698e-05
122 1.6375509900238716e-05
123 1.665485987335104e-05
124 1.674047205942053e-05
125 1.7164423648681417e-05
126 1.770613578924585e-05
127 1.7370682648761586e-05
128 1.680179426413017e-05
129 1.7170678245028086e-05
130 1.6896153126348694e-05
131 1.6922075786897403e-05
132 1.6790008700187608e-05
133 1.667681674651383e-05
134 1.664616749578037e-05
135 1.612577508114949e-05
136 1.686770303541556e-05
137 1.6674542526611577e-05
138 1.7327947056041074e-05
139 1.7156534158152944e-05
140 1.637808819865908e-05
141 1.720720158378323e-05
142 1.6973602194843136e-05
143 1.7372764160726015e-05
144 1.5663998368245418e-05
145 1.666512661536673e-05
146 1.668312168742843e-05
147 1.652792164523637e-05
148 1.6528819583202014e-05
149 1.6626247924994492e-05
150 1.5953116467994863e-05
151 1.6748841496253226e-05
152 1.6624509133990696e-05
153 1.6312765019967194e-05
154 1.6872111701090235e-05
155 1.5766036316829987e-05
156 1.645898074391359e-05
157 1.6733043763045316e-05
158 1.7152399088013722e-05
159 1.6341053201182925e-05
160 1.6673294430552904e-05
161 1.647329188496192e-05
162 1.699583977864328e-05
163 1.6786505732759363e-05
164 1.7328462714241015e-05
165 1.6785837286422794e-05
166 1.7246305884839082e-05
167 1.699309414867256e-05
168 1.6353349677121803e-05
169 1.6654802790872966e-05
170 1.711153367794137e-05
171 1.705656297775935e-05
172 1.7123436756469683e-05
173 1.58942772601173e-05
174 1.6840614000404768e-05
175 1.6616722161017402e-05
176 1.6833507563259647e-05
177 1.6336507506098318e-05
178 1.5932610003573738e-05
179 1.6819538636543035e-05
180 1.6628352437815627e-05
181 1.6886743943330232e-05
182 1.662674219365584e-05
183 1.6565635612160017e-05
184 1.657565836087728e-05
185 1.6407063573366932e-05
186 1.7382270908159303e-05
187 1.6561220198152033e-05
188 1.6814733440409194e-05
189 1.619125279274651e-05
190 1.6858932970535995e-05
191 1.6956025982519825e-05
192 1.6797125976831098e-05
193 1.633089969549851e-05
194 1.6767792707729137e-05
195 1.650096237523301e-05
196 1.675278927980826e-05
197 1.69550462043511e-05
198 1.611716038611783e-05
199 1.6738460542163173e-05
200 1.71707075738356e-05
201 1.6681229700596788e-05
202 1.6255488747229895e-05
203 1.6742716110292826e-05
204 1.6812098863500368e-05
205 1.677078793766918e-05
206 1.6854011302645263e-05
207 1.7079386922374406e-05
208 1.664882881697437e-05
209 1.6492280696138842e-05
210 1.657089643398263e-05
211 1.6517595665855885e-05
212 1.7003312290730344e-05
213 1.6659544806793243e-05
214 1.6888169234541377e-05
215 1.669921953684774e-05
216 1.6870707671745696e-05
217 1.7020790406770514e-05
218 1.6837771220985618e-05
219 1.6770847780834e-05
220 1.6578757951660968e-05
221 1.671194267934137e-05
222 1.670443377603924e-05
223 1.6386980028524796e-05
224 1.6796744113212657e-05
225 1.6722424007218225e-05
226 1.637337694655994e-05
227 1.6657729668968184e-05
228 1.7300491042002277e-05
229 1.6941075635145302e-05
230 1.6879054695000826e-05
231 1.6443843588912305e-05
232 1.6156867261068996e-05
233 1.6406211864992366e-05
234 1.6799277612687785e-05
235 1.5940986985682775e-05
236 1.6422777263016095e-05
237 1.6265722280699146e-05
238 1.7034998219545373e-05
239 1.6851571316664335e-05
240 1.6869739029818225e-05
241 1.6880258905596626e-05
242 1.6714640903243785e-05
243 1.6943567177427566e-05
244 1.6916547481223922e-05
245 1.6281144321642343e-05
246 1.639173361831011e-05
247 1.6752388203445028e-05
248 1.669295189243413e-05
249 1.6801397038910542e-05
250 1.6634972138968094e-05
251 1.6629390022922507e-05
252 1.6441811955137214e-05
253 1.5944919630804808e-05
254 1.657672301462484e-05
255 1.605347758704942e-05
256 1.6487060572282504e-05
257 1.6773448194550192e-05
258 1.6652003604422813e-05
259 1.6634670766744798e-05
260 1.6511436004876207e-05
261 1.675459670152048e-05
262 1.637842845030962e-05
263 1.66243596447891e-05
264 1.6508938810606496e-05
265 1.6991105493740215e-05
266 1.719248549155045e-05
267 1.6387306123605286e-05
268 1.6343333078008797e-05
269 1.6265313944792805e-05
270 1.7360190399080518e-05
271 1.732921032136697e-05
272 1.6727856087547055e-05
273 1.6644181128382707e-05
274 1.6461190510646155e-05
275 1.696342915909639e-05
276 1.6786601263372588e-05
277 1.6780726948063593e-05
278 1.6227915825234512e-05
279 1.6492888589644866e-05
280 1.656936678685735e-05
281 1.634655455363977e-05
282 1.658239447446421e-05
283 1.7346008228575173e-05
284 1.6148580203699882e-05
285 1.6546552902471068e-05
286 1.5841324138756834e-05
287 1.6441929778473174e-05
288 1.591081373344906e-05
289 1.6384928452802163e-05
290 1.717786882198936e-05
291 1.6521086334461125e-05
292 1.646459968240353e-05
293 1.6611717853152698e-05
294 1.701453091730432e-05
295 1.6963110571032134e-05
296 1.7058103940449992e-05
297 1.679239273354253e-05
298 1.6944393739165376e-05
299 1.6923746282988725e-05
