0 3.916889419407794e-05
1 3.9176373453133366e-05
2 3.757735163219948e-05
3 3.905234478333055e-05
4 3.9765927044540976e-05
5 3.822174917288232e-05
6 3.863910937591608e-05
7 3.737341365416551e-05
8 3.709816647725447e-05
9 3.7918197756299236e-05
10 3.805060261324303e-05
11 3.743654260489252e-05
12 3.738917508235353e-05
13 3.897645285238642e-05
14 3.811672327736449e-05
15 3.8944004613883635e-05
16 3.8229771309140766e-05
17 3.7634336904854416e-05
18 3.9910060398058905e-05
19 3.904765165913863e-05
20 3.926364506876384e-05
21 3.71088277139969e-05
22 3.8803923949176467e-05
23 3.9138816977320136e-05
24 3.794762876752073e-05
25 3.781816403179213e-05
26 3.758989391003441e-05
27 4.0001530381853046e-05
28 3.791921135928354e-05
29 3.944135581619989e-05
30 3.7712855495953884e-05
31 3.7036667949500244e-05
32 3.832939812611415e-05
33 3.802194948343413e-05
34 3.857338419986141e-05
35 3.666340117938704e-05
36 3.7800681136990185e-05
37 3.84074457732251e-05
38 3.972569332861192e-05
39 3.9014634881746076e-05
40 3.813387866937968e-05
41 3.7262564973864435e-05
42 3.784519760825662e-05
43 3.745577843777347e-05
44 3.845098071642986e-05
45 3.917362861799827e-05
46 3.713054609889072e-05
47 3.758139656252003e-05
48 3.82599111577815e-05
49 3.9286372915283075e-05
50 3.7773709849981576e-05
51 3.766396636912448e-05
52 3.8806041797544315e-05
53 3.808636338977724e-05
54 3.765973306259863e-05
55 3.848011660539686e-05
56 3.7774061308818205e-05
57 3.8924231016959884e-05
58 3.920825126206759e-05
59 3.7921091358091134e-05
60 3.807067472005496e-05
61 3.906095556651281e-05
62 3.8349302366822046e-05
63 3.796434954675734e-05
64 3.85566818190431e-05
65 3.911797469378053e-05
66 3.827568081960779e-05
67 3.88241962010843e-05
68 3.6567093634417356e-05
69 3.7910855991885935e-05
70 3.738446554698899e-05
71 3.833270037070642e-05
72 3.75600829443223e-05
73 3.94445020965816e-05
74 3.6426270483374434e-05
75 3.915842580242346e-05
76 3.879917637523157e-05
77 3.810723962244811e-05
78 3.70562046671755e-05
79 3.889599790145256e-05
80 3.7418366528854495e-05
81 3.879725581260023e-05
82 3.84151565326296e-05
83 3.827092309658031e-05
84 3.831926239503571e-05
85 3.8607194359682474e-05
86 3.756697333553893e-05
87 3.805839227983992e-05
88 3.796187385595501e-05
89 3.562357061513363e-05
90 3.693227551015066e-05
91 3.7404381573860456e-05
92 3.639714772128597e-05
93 3.890033382003034e-05
94 3.804260391072827e-05
95 3.747415796156737e-05
96 3.8174771942530525e-05
97 3.890914377013749e-05
98 3.8977013419555285e-05
99 3.912895100297229e-05
100 3.715896793914095e-05
101 3.800751741837993e-05
102 3.8109229638214955e-05
103 3.818587225164484e-05
104 3.87875358799815e-05
105 3.958868767790956e-05
106 3.923777708608699e-05
107 3.608015948849338e-05
108 4.027058760948391e-05
109 3.829059821767035e-05
110 3.729300660865397e-05
111 3.797620174186194e-05
112 3.785206805644256e-05
113 3.866450189856667e-05
114 3.790114161846738e-05
115 3.8181094022461873e-05
116 3.838368340025207e-05
117 3.9308010225367506e-05
118 3.953591279187379e-05
119 3.957102794807e-05
120 3.856520579461389e-05
121 3.848019159507033e-05
122 3.922889940218671e-05
123 3.8630828510689296e-05
124 3.8055191575868004e-05
125 3.6835628105593845e-05
126 3.567699505328781e-05
127 3.677292870076185e-05
128 3.7732576398485294e-05
129 3.7057529782812795e-05
130 3.786409774422694e-05
131 3.7165924624638946e-05
132 3.80312152657967e-05
133 3.843748911362322e-05
134 3.846602560255405e-05
135 3.958010665884919e-05
136 3.679653973067325e-05
137 3.84424848012496e-05
138 3.7046339498518136e-05
139 3.694620577111877e-05
140 3.874387943658781e-05
141 3.696494972246453e-05
142 3.792467987696355e-05
143 3.6620724318702407e-05
144 4.0678754991352544e-05
145 3.8830189738850065e-05
146 3.857685067485585e-05
147 3.878957063730022e-05
148 3.863480298674008e-05
149 3.807908559056351e-05
150 4.0003337800777e-05
151 3.843366945691195e-05
152 3.912059128362508e-05
153 3.9666467412593455e-05
154 3.7828564919402006e-05
155 4.064865806377851e-05
156 3.933570501193107e-05
157 3.865434007680349e-05
158 3.686707124826454e-05
159 3.869351618320868e-05
160 3.8492518506597985e-05
161 3.9353375022928084e-05
162 3.7993832823072055e-05
163 3.8215118452679535e-05
164 3.695017752663419e-05
165 3.803950005086243e-05
166 3.688534124996553e-05
167 3.796834119049382e-05
168 3.941035673739274e-05
169 3.8401524870796376e-05
170 3.6774080263948195e-05
171 3.714271322849387e-05
172 3.701102816329237e-05
173 4.02749604302273e-05
174 3.7575766081837085e-05
175 3.926656356743017e-05
176 3.830586559624114e-05
177 3.8541360413841576e-05
178 3.977498984830822e-05
179 3.748406515680447e-05
180 3.817442128677642e-05
181 3.800884050225836e-05
182 3.85058144830683e-05
183 3.8574675924570696e-05
184 3.861864280033863e-05
185 3.9378227928854794e-05
186 3.696760276689554e-05
187 3.86374090437695e-05
188 3.825849787194951e-05
189 3.9400223815502504e-05
190 3.737624980302907e-05
191 3.784247907286624e-05
192 3.8031514167539575e-05
193 3.9518513630957045e-05
194 3.8248091718542704e-05
195 3.8564569315434014e-05
196 3.8468832226338765e-05
197 3.763377105321187e-05
198 3.958800932930854e-05
199 3.835421916107406e-05
200 3.730411164393605e-05
201 3.858607962671438e-05
202 3.9522114445640755e-05
203 3.8406176213534275e-05
204 3.847642393098609e-05
205 3.8278177171287734e-05
206 3.798539009714593e-05
207 3.7288594223601124e-05
208 3.81249654788972e-05
209 3.853722019971185e-05
210 3.8804120639138724e-05
211 3.8540758687678003e-05
212 3.704684697430471e-05
213 3.806607888852779e-05
214 3.753364547290297e-05
215 3.759136663467716e-05
216 3.780753822794495e-05
217 3.719885713403186e-05
218 3.800374404831587e-05
219 3.8284587645348e-05
220 3.883367012073571e-05
221 3.8338592925929584e-05
222 3.867676311376591e-05
223 3.890136281292826e-05
224 3.873041647136191e-05
225 3.8413311128013774e-05
226 3.9474052328183455e-05
227 3.828986684602556e-05
228 3.65323972156212e-05
229 3.788183137778381e-05
230 3.76510221970579e-05
231 3.88657612865164e-05
232 3.913664055343259e-05
233 3.844326386852621e-05
234 3.877987238160133e-05
235 4.026502320675237e-05
236 3.8934559405354786e-05
237 3.958327955955955e-05
238 3.776147340370825e-05
239 3.815180373072743e-05
240 3.765478754065876e-05
241 3.756348516671477e-05
242 3.90381983819729e-05
243 3.7786060081421575e-05
244 3.790782292625689e-05
245 3.897573002984912e-05
246 3.8832786903994816e-05
247 3.854680309666599e-05
248 3.7687381230711327e-05
249 3.7820365879380565e-05
250 3.8349633771885675e-05
251 3.842682236452896e-05
252 3.875271774155522e-05
253 3.9983605253553236e-05
254 3.829566275915432e-05
255 3.970952079882021e-05
256 3.9161299737071534e-05
257 3.7479342701227766e-05
258 3.827827562378688e-05
259 3.802137490062475e-05
260 3.8384552631883665e-05
261 3.8158481087066285e-05
262 3.9059608796081466e-05
263 3.848455991571727e-05
264 3.900741270298126e-05
265 3.7717243681990884e-05
266 3.690194304787034e-05
267 3.9110921620554514e-05
268 3.875885995440013e-05
269 3.9060684020584046e-05
270 3.706167490524898e-05
271 3.676402323034139e-05
272 3.7795628647521354e-05
273 3.825482816726897e-05
274 3.909902488930816e-05
275 3.717010801095993e-05
276 3.798041634581693e-05
277 3.7741831000890235e-05
278 3.93542244872213e-05
279 3.919796353893155e-05
280 3.8115429304542894e-05
281 3.916133479422879e-05
282 3.913305905155696e-05
283 3.615694033396411e-05
284 3.955654981818966e-05
285 3.834645379943687e-05
286 3.994711860831764e-05
287 3.866433145027677e-05
288 4.007952348453243e-05
289 3.919627320674111e-05
290 3.6798773962557444e-05
291 3.845829907165649e-05
292 3.904237533034804e-05
293 3.888244921844767e-05
294 3.769496646102794e-05
295 3.7365698660077856e-05
296 3.6886777653307945e-05
297 3.779793552329363e-05
298 3.7749927394744875e-05
299 3.7140811255558025e-05
