0 1.7568423736667555e-05
1 1.7061998149576093e-05
2 1.7541110221016772e-05
3 1.724700256346784e-05
4 1.740917573078078e-05
5 1.7785934692365512e-05
6 1.7823291482556735e-05
7 1.7729199830135897e-05
8 1.9168005551996285e-05
9 1.8326095870820147e-05
10 1.7152516781441493e-05
11 1.8281825332106484e-05
12 1.7553328423277353e-05
13 1.7539402893505043e-05
14 1.833880904871192e-05
15 1.8088570606401894e-05
16 1.7334396337550633e-05
17 1.7764580681640333e-05
18 1.6719462189133923e-05
19 1.7463857958477048e-05
20 1.6995303872621943e-05
21 1.8680895577185725e-05
22 1.7819883303639924e-05
23 1.8232821394588628e-05
24 1.7118783316190748e-05
25 1.8239264251482234e-05
26 1.8210163976253915e-05
27 1.7769077079241738e-05
28 1.8140135723692917e-05
29 1.7286936387960708e-05
30 1.750132688275219e-05
31 1.8714718785800537e-05
32 1.8448710695295962e-05
33 1.8084796284139095e-05
34 1.7485899960367818e-05
35 1.8441587870327692e-05
36 1.814922477456957e-05
37 1.799760700248104e-05
38 1.7525153282198734e-05
39 1.8217418302681114e-05
40 1.8197338796510393e-05
41 1.8412893800940035e-05
42 1.833447492525279e-05
43 1.7463293130465917e-05
44 1.7775562967416596e-05
45 1.734902080535375e-05
46 1.8385100562527673e-05
47 1.806710817089842e-05
48 1.7678241934518906e-05
49 1.7635565767150075e-05
50 1.7601119005397435e-05
51 1.8385950365706935e-05
52 1.8024777212886035e-05
53 1.7504727026688757e-05
54 1.842960736975772e-05
55 1.7575328145471977e-05
56 1.796696424607943e-05
57 1.7026194823798918e-05
58 1.815802188967102e-05
59 1.763743386537701e-05
60 1.758010742236991e-05
61 1.8051876025453123e-05
62 1.6937849769546946e-05
63 1.714407095163009e-05
64 1.8385263079924505e-05
65 1.7977850881708605e-05
66 1.7153967692676238e-05
67 1.8793880814720526e-05
68 1.7659012820970032e-05
69 1.7563706202793005e-05
70 1.8129491925780626e-05
71 1.730743306543042e-05
72 1.7714239350329775e-05
73 1.8056426600591164e-05
74 1.901564113047419e-05
75 1.786448828073054e-05
76 1.6926618579819064e-05
77 1.851061711304735e-05
78 1.794103535614387e-05
79 1.7507466802586765e-05
80 1.8792558181730443e-05
81 1.7431060745138252e-05
82 1.8330884833661994e-05
83 1.778657801126563e-05
84 1.6880015490432038e-05
85 1.7747233496562534e-05
86 1.8150560462172173e-05
87 1.7636945821696386e-05
88 1.785260398682979e-05
89 1.862426108329935e-05
90 1.7884015892101197e-05
91 1.8165803915544583e-05
92 1.8089968164775535e-05
93 1.817890697390847e-05
94 1.8439191403428335e-05
95 1.807242083476468e-05
96 1.8726544954996022e-05
97 1.794687271107077e-05
98 1.7639086395450972e-05
99 1.7163619553650602e-05
100 1.8357991321524825e-05
101 1.7403329548146915e-05
102 1.8339474334272366e-05
103 1.7102147637006732e-05
104 1.785333500600043e-05
105 1.7213194261609118e-05
106 1.6842413051462512e-05
107 1.9511126576270177e-05
108 1.7211559142066945e-05
109 1.787997571033942e-05
110 1.78084993564255e-05
111 1.7914745547285615e-05
112 1.8296861633801016e-05
113 1.727118316409768e-05
114 1.7336798114012503e-05
115 1.8192062787191497e-05
116 1.7008064267323397e-05
117 1.8256920802799206e-05
118 1.796346509441893e-05
119 1.8378726771973514e-05
120 1.9223679708397228e-05
121 1.7751248973704944e-05
122 1.7463322726000863e-05
123 1.7455713208203658e-05
124 1.8366213032275654e-05
125 1.8633085462244133e-05
126 1.839553688150129e-05
127 1.8069914818858693e-05
128 1.8318732049759397e-05
129 1.8200916317043308e-05
130 1.887503966555254e-05
131 1.8296206936776873e-05
132 1.8110800635513285e-05
133 1.72294773813666e-05
134 1.7656646317747702e-05
135 1.6994056387075246e-05
136 1.765745483573543e-05
137 1.749486551602408e-05
138 1.8137828806851142e-05
139 1.7899821730081348e-05
140 1.8065266887400354e-05
141 1.9291460581727104e-05
142 1.748529754177851e-05
143 1.8412168496888584e-05
144 1.7301818608750267e-05
145 1.8253024844297968e-05
146 1.7955629389790485e-05
147 1.7768974918582184e-05
148 1.717447954358846e-05
149 1.7301793358214308e-05
150 1.7405606986136856e-05
151 1.7814986481778222e-05
152 1.75353658677442e-05
153 1.7332434015680274e-05
154 1.8138140016208444e-05
155 1.6530675942682787e-05
156 1.710049758579468e-05
157 1.7978163850491866e-05
158 1.7449425913859508e-05
159 1.738006594922219e-05
160 1.7316868447269205e-05
161 1.671537693378836e-05
162 1.8523111681149292e-05
163 1.7261726031154694e-05
164 1.775364448979057e-05
165 1.727402016317298e-05
166 1.9057352662028134e-05
167 1.791502103807327e-05
168 1.7671642329106924e-05
169 1.8005133137178492e-05
170 1.771961788258677e-05
171 1.7546673457671138e-05
172 1.8067480227524347e-05
173 1.713999625885897e-05
174 1.7876083479903362e-05
175 1.76957562573368e-05
176 1.7830446549187964e-05
177 1.7202057203789315e-05
178 1.7667542018922894e-05
179 1.718968751716783e-05
180 1.815994121131843e-05
181 1.8305801282814445e-05
182 1.790825538789259e-05
183 1.739546527178825e-05
184 1.769551066330298e-05
185 1.7848257090161262e-05
186 1.8318250969335645e-05
187 1.7672274871365265e-05
188 1.8423238595101792e-05
189 1.8330286220894746e-05
190 1.7371296080556252e-05
191 1.871287498000541e-05
192 1.7620033519444982e-05
193 1.8164937966799995e-05
194 1.75626107362175e-05
195 1.761560875702619e-05
196 1.8188043490878246e-05
197 1.8136432670794087e-05
198 1.7037771761422547e-05
199 1.7775064249986575e-05
200 1.793113224708079e-05
201 1.8426048361165322e-05
202 1.805968502787127e-05
203 1.8003031306568496e-05
204 1.8010368410043475e-05
205 1.8327816838445725e-05
206 1.82222847526428e-05
207 1.856139872321002e-05
208 1.776869381654857e-05
209 1.8110032227196278e-05
210 1.7915603188320615e-05
211 1.7534652146685377e-05
212 1.7557526433329832e-05
213 1.8102310163288693e-05
214 1.8731083379601303e-05
215 1.771232789399708e-05
216 1.8397964897492744e-05
217 1.8638834416337576e-05
218 1.806432736544359e-05
219 1.7972796889571305e-05
220 1.8353744887888894e-05
221 1.8250306564219783e-05
222 1.815812431564842e-05
223 1.786730983704083e-05
224 1.7789938122355218e-05
225 1.7683336206601272e-05
226 1.725008474950415e-05
227 1.7833474459676632e-05
228 1.9120110202240914e-05
229 1.82091091350079e-05
230 1.8250287509981405e-05
231 1.6779718687120517e-05
232 1.8003589699747665e-05
233 1.780766754975495e-05
234 1.762432511785579e-05
235 1.756510431798766e-05
236 1.8316000193860023e-05
237 1.7343565919085763e-05
238 1.8457766937797967e-05
239 1.800661510292797e-05
240 1.782518168123126e-05
241 1.7352942449584457e-05
242 1.8172773283024885e-05
243 1.836207876117698e-05
244 1.8043347040570824e-05
245 1.7006317181224674e-05
246 1.7878805915782427e-05
247 1.762317790227153e-05
248 1.773374835084121e-05
249 1.6947729059233786e-05
250 1.736952351056848e-05
251 1.7565745487634306e-05
252 1.820203501699505e-05
253 1.687773900373825e-05
254 1.759871874805526e-05
255 1.703529315076835e-05
256 1.6999835936924212e-05
257 1.746565572501086e-05
258 1.784468502544572e-05
259 1.7769550566668647e-05
260 1.7661765170913876e-05
261 1.8312344350163123e-05
262 1.7608054600566386e-05
263 1.831490316753302e-05
264 1.7359767586382873e-05
265 1.83065163068699e-05
266 1.8446059405512423e-05
267 1.7178000239566085e-05
268 1.7619331215993575e-05
269 1.711433992587724e-05
270 1.890346955441115e-05
271 1.8955821608058156e-05
272 1.8170812443138214e-05
273 1.774745805254766e-05
274 1.7022249340189247e-05
275 1.8635347377678164e-05
276 1.7073592681682456e-05
277 1.756191965072035e-05
278 1.829354005813169e-05
279 1.7847748882019616e-05
280 1.7405384832052086e-05
281 1.7399803783892042e-05
282 1.7371508252416215e-05
283 1.8035308910324508e-05
284 1.6826058021613885e-05
285 1.7399814674995145e-05
286 1.756015291772774e-05
287 1.7582334293275826e-05
288 1.771690684893604e-05
289 1.7797082070111767e-05
290 1.8567751886590153e-05
291 1.779890702061926e-05
292 1.8065522785563565e-05
293 1.6669507785690902e-05
294 1.8606623623161572e-05
295 1.8391659017592244e-05
296 1.8345312187637993e-05
297 1.8076641929141002e-05
298 1.878750627404771e-05
299 1.8186615926923276e-05
