0 8.698893206930968e-07
1 9.412326152968985e-07
2 3.6140392103078636e-06
3 4.2291075944192734e-07
4 1.0807638593226687e-06
5 1.1968283150108925e-06
6 -6.762897446740525e-07
7 1.8481907348708657e-06
8 -1.3748605765574719e-06
9 -5.645165759544995e-07
10 1.7293990518142462e-06
11 -4.0355121833413185e-07
12 1.799836367425177e-06
13 9.646209959602835e-07
14 -7.035839049596436e-07
15 -7.63959799814586e-07
16 1.3285386110029537e-06
17 6.294422838865088e-07
18 2.2986880016489934e-06
19 8.467828634895453e-07
20 2.4014722943474316e-06
21 6.044633669392548e-08
22 4.4520342873009114e-07
23 -1.204271361898541e-06
24 3.2514312299769322e-06
25 -9.563544463515462e-07
26 8.37264902925263e-08
27 -1.7355407415333743e-06
28 5.35101413379578e-07
29 1.1619861049750845e-06
30 1.1283849731504446e-06
31 -9.421022002045728e-07
32 -1.6708609777800936e-06
33 -7.149992126787843e-08
34 1.0663619018025684e-06
35 1.0964794497079537e-07
36 1.827807026704152e-07
37 4.319821505741499e-07
38 -2.1114478152611837e-07
39 -1.8616101629658038e-06
40 -4.814428163025861e-07
41 9.033704702751831e-08
42 -2.2073823372728838e-07
43 2.6478372420543906e-06
44 -5.448400321984043e-07
45 1.1696638219237785e-06
46 1.4055626981576835e-07
47 7.199243089000193e-07
48 3.092990112301034e-07
49 4.3664059764075673e-07
50 1.5173251967907006e-06
51 6.654688035498067e-07
52 1.2012843580838596e-08
53 1.1310611477483725e-06
54 -6.135123666164762e-07
55 7.955434565132096e-07
56 1.7852432038711072e-07
57 2.5197989682107804e-06
58 -1.0100930437460784e-06
59 1.5084531337510459e-06
60 2.3679165812249518e-06
61 -3.479665090694565e-07
62 2.5349268139957756e-06
63 1.994223417920482e-06
64 -6.993729049232417e-07
65 -1.4317538207976278e-07
66 2.090048549587271e-06
67 -4.096232265603047e-06
68 3.322464963970435e-06
69 1.5063423064626238e-06
70 1.1809170945650753e-06
71 2.053251741641902e-06
72 1.7756413232105496e-06
73 -1.2905312714728428e-06
74 -6.382692856820367e-07
75 -6.686662052864181e-07
76 2.378495375254282e-06
77 -1.459622767508325e-06
78 1.3923209930005713e-06
79 1.0157587981701597e-06
80 -7.902188337973906e-07
81 1.7474667462282918e-06
82 -1.1915888468952483e-06
83 7.340517857650521e-07
84 3.6548660688121217e-06
85 8.166306332129978e-07
86 3.098785318153815e-07
87 1.6413638969385887e-06
88 1.6006787640509747e-06
89 -1.5902163824963476e-07
90 2.43704329997895e-06
91 1.0716587086126377e-06
92 7.589965335743837e-07
93 -7.492078214142491e-07
94 -1.2914390314756097e-06
95 -3.0847897287639084e-07
96 -1.8466843436339577e-06
97 7.884530249988322e-07
98 1.6801994050133527e-06
99 1.1168672560725487e-06
100 3.511950113484064e-07
101 1.231729375798919e-06
102 -1.2248953655602008e-06
103 3.3149858897664873e-06
104 1.082600604794503e-06
105 6.083278678042967e-07
106 1.1820157620485471e-06
107 -2.1146659079878208e-06
108 -8.30696975851997e-08
109 -2.6490720574439996e-07
110 1.573495476394115e-06
111 1.3308789546365297e-06
112 -1.186531332376677e-07
113 1.8420277592103946e-06
114 1.4959278230201193e-06
115 -1.1313776096773533e-06
116 3.7303445465545407e-06
117 -1.2106920548938917e-06
118 -6.318726167174492e-08
119 -2.0179173072589727e-06
120 -3.0597958816687517e-06
121 8.526486941642729e-07
122 1.7620588596111383e-06
123 2.1560726471648233e-06
124 -4.0175011054889517e-07
125 -1.194753456810875e-07
126 1.1840810433009097e-06
127 1.7228542863063138e-06
128 -7.183312753193291e-07
129 1.511911990251511e-06
130 -2.572182936141619e-06
131 -3.620601739759939e-07
132 -2.3814866346653825e-07
133 2.3722533847575838e-06
134 8.217754734637141e-07
135 8.767463641127164e-07
136 1.006792942879237e-06
137 2.3861947242039486e-06
138 1.288396160937347e-06
139 7.777719066529425e-07
140 -4.667847518609828e-07
141 -2.5899351646010877e-06
142 2.3450840572788054e-06
143 9.867623338445792e-07
144 1.3320054095989817e-08
145 -9.60007611511956e-07
146 1.7076730142092878e-07
147 2.0354025445974738e-07
148 1.740166571619974e-06
149 1.224956833056151e-06
150 8.982690189733661e-07
151 7.7702592360095e-07
152 1.6617004933735099e-06
153 1.0346126324193333e-06
154 8.666406325308336e-07
155 1.5113555030574817e-06
156 2.359819154239735e-06
157 3.101671770086931e-07
158 2.657766219368017e-06
159 5.633432704214605e-07
160 1.587585184702942e-06
161 3.6685108064936145e-06
162 -8.357148069945128e-07
163 2.190716630181976e-06
164 2.9750201920563725e-06
165 1.7381638760519409e-06
166 -1.8038255189244973e-06
167 1.2731164711173427e-06
168 3.9317263525800306e-07
169 4.1618202361009554e-07
170 9.848234154551735e-07
171 1.7743072308271028e-06
172 4.3889110826709445e-07
173 1.0388028618108427e-07
174 9.944177469623319e-07
175 9.194105222452883e-07
176 1.0733465783249089e-06
177 1.9425025934436505e-06
178 -1.1406445687979106e-06
179 2.659485296413735e-06
180 -3.132133602825343e-07
181 -1.9925170859934573e-07
182 6.84256450124197e-07
183 1.8542855111732132e-06
184 1.0928433507579071e-06
185 2.691050176074123e-08
186 9.068121108162629e-07
187 3.1598707785026517e-07
188 -4.206595201102366e-07
189 -2.4251604480732914e-06
190 2.882030823251299e-06
191 -1.3516094059241365e-06
192 1.5286192764780301e-06
193 -1.7197645327013694e-06
194 2.188349613511461e-06
195 8.176701493892497e-07
196 -4.394934162585692e-07
197 5.962677662924032e-07
198 1.2758250493704901e-06
199 7.111894277920372e-07
200 1.5348659053331546e-06
201 -5.95371447521359e-07
202 -6.345911555472503e-07
203 -1.648085010736653e-07
204 7.441546485015943e-07
205 -4.5139265398098587e-07
206 -6.792356238525616e-07
207 9.951748629217402e-08
208 -2.303349106605089e-08
209 -1.0052672318919627e-06
210 7.547328753526975e-07
211 8.113832454723384e-07
212 2.3921340902766377e-06
213 -7.814563067255944e-07
214 -1.7766529033120516e-06
215 5.282938762217128e-07
216 -1.24610868325478e-06
217 -8.595226642452824e-07
218 3.212810502878925e-07
219 8.779275680281584e-07
220 -9.120306677675166e-07
221 -3.43583242858781e-07
222 -7.612223387071877e-07
223 1.3507025434543073e-07
224 1.6998820437239694e-06
225 8.321629687381735e-07
226 1.592897723426136e-06
227 -4.018670875836177e-08
228 -1.1575633278709953e-06
229 1.3726928942490305e-06
230 -4.851165352838561e-07
231 3.4164846552208225e-06
232 -7.452749417179254e-07
233 -6.822027350014481e-07
234 2.1880466311188344e-06
235 -6.39974710124434e-07
236 -8.591627606601703e-07
237 1.2087965744374362e-06
238 -3.291567934315907e-07
239 6.383080498304476e-07
240 2.5166302861036844e-07
241 2.855851822236423e-06
242 6.492717375711703e-07
243 2.2068392941417e-07
244 6.649270566661604e-07
245 2.246823620682781e-06
246 -5.064314015498521e-07
247 1.0915934902695282e-06
248 1.7340212981128815e-07
249 2.5870888237881836e-06
250 2.2210485104642765e-06
251 1.1511139968938968e-06
252 -1.0438586137505061e-06
253 1.7335035084112648e-06
254 2.5498427976145386e-07
255 1.592693094936105e-06
256 1.930481022783679e-06
257 2.0059840127557346e-06
258 9.222829852537193e-08
259 4.2252544164701257e-07
260 9.33415805603766e-07
261 -5.28514616973282e-07
262 6.818939869999549e-07
263 -5.024375648265984e-07
264 1.6214875404656843e-06
265 -3.6789437246863715e-07
266 -4.967178337764564e-07
267 1.87608646998158e-06
268 5.591357322500008e-07
269 1.5195191168788233e-06
270 1.550243295398531e-08
271 -7.92928725769119e-07
272 -1.8824122146784785e-07
273 1.2240443953888881e-06
274 2.831969029402588e-06
275 -1.6057132743955574e-06
276 3.3372780191986222e-06
277 1.932629336428212e-06
278 -2.2224937459238114e-06
279 1.1357900023260409e-07
280 1.2920102478650634e-06
281 8.3328172222508e-07
282 2.1725035799784344e-06
283 1.5265822320554811e-06
284 2.2087591131245017e-06
285 1.438876493784445e-06
286 -7.350705212157225e-07
287 -1.9842998798566393e-07
288 -1.368031489440735e-06
289 -6.792836799988049e-07
290 -6.333794727321422e-07
291 1.9811525422047346e-07
292 -5.570070308232628e-08
293 3.852541270480383e-06
294 -1.0396806911588321e-06
295 -1.821964959840073e-07
296 1.328368190483593e-07
297 -4.605393328977571e-07
298 -1.984140382024981e-06
299 4.1914243611172606e-07
