0 3.0489141915493746e-05
1 3.0251393738523287e-05
2 2.800341885636743e-05
3 3.0400116476397118e-05
4 3.0673750456975665e-05
5 2.9677884696480355e-05
6 3.0500377877652728e-05
7 2.8480236144676016e-05
8 3.0161378815355533e-05
9 3.014868466116183e-05
10 2.891866811927013e-05
11 2.9624008171697774e-05
12 2.8426639153569702e-05
13 2.9939981725259848e-05
14 3.046813197241866e-05
15 3.096873909741266e-05
16 2.9183426948470828e-05
17 2.9245455894295665e-05
18 2.988549048650306e-05
19 3.0453646497824755e-05
20 2.9451995766055335e-05
21 2.9551133729195854e-05
22 3.0367021685657233e-05
23 3.134046656787916e-05
24 2.8203353037629855e-05
25 3.005886738639727e-05
26 2.953257162140255e-05
27 3.20520726437715e-05
28 2.964274126210844e-05
29 3.0483245996453042e-05
30 2.9000061591484663e-05
31 2.9820024198175706e-05
32 3.0945879314370173e-05
33 2.9908546825339027e-05
34 2.9709273663781726e-05
35 2.8896485736199004e-05
36 2.9808550940982556e-05
37 3.0055963630291972e-05
38 3.108050936809701e-05
39 3.133730028005197e-05
40 3.0291086961936775e-05
41 2.9339950354025616e-05
42 2.972515555864091e-05
43 2.821388522035049e-05
44 3.0330234586863626e-05
45 3.0087767599692286e-05
46 2.923481760678333e-05
47 2.9296529497045004e-05
48 2.972626176816288e-05
49 3.057786004059601e-05
50 2.8957079254224966e-05
51 2.9610119866084905e-05
52 3.057649011283375e-05
53 2.9261425924301298e-05
54 2.9812255032688427e-05
55 2.969100200326734e-05
56 2.950121892286561e-05
57 2.944663112679301e-05
58 3.132044244761186e-05
59 2.903164813649897e-05
60 2.878629048377615e-05
61 3.0849914540631846e-05
62 2.874270078649469e-05
63 2.864747260530417e-05
64 3.075383900028134e-05
65 3.077617486359326e-05
66 2.89828216684813e-05
67 3.2372376996273474e-05
68 2.7432503084985848e-05
69 2.91106953885929e-05
70 2.8936917283009832e-05
71 2.9227340062861086e-05
72 2.8694938777799828e-05
73 3.150188000388822e-05
74 2.92345537924573e-05
75 3.1034829338762786e-05
76 2.9109610205224947e-05
77 3.054341503072352e-05
78 2.8704513178883955e-05
79 3.0151679609784925e-05
80 3.0053385582137615e-05
81 2.9765002499027536e-05
82 3.081672025775943e-05
83 2.9784830626031313e-05
84 2.832944677556356e-05
85 3.0033442355895893e-05
86 2.9385437350246527e-05
87 2.9144673484864392e-05
88 2.9285279052255853e-05
89 2.8222444236245166e-05
90 2.8242596541564147e-05
91 2.8940084454258573e-05
92 2.8198135991014677e-05
93 3.102217133793009e-05
94 3.05897592218104e-05
95 2.962289585977579e-05
96 3.116565278972711e-05
97 3.0417354579707843e-05
98 2.9950019087401808e-05
99 3.0099568407966614e-05
100 2.9109737445206017e-05
101 2.9297690446860022e-05
102 3.061784424703439e-05
103 2.8411488869888798e-05
104 3.016518746706288e-05
105 3.059607566915021e-05
106 2.9706760883013828e-05
107 2.9510233782479968e-05
108 3.149459943606744e-05
109 3.016728458983145e-05
110 2.849600120590041e-05
111 2.933285738694967e-05
112 3.013331404445628e-05
113 2.9425826572571443e-05
114 2.888786135360878e-05
115 3.050727941921548e-05
116 2.8463104686013444e-05
117 3.14094346817508e-05
118 3.1203926811608334e-05
119 3.212193499661387e-05
120 3.205633464609278e-05
121 2.976670082674162e-05
122 3.0183253971991162e-05
123 2.939946925290499e-05
124 3.031630418757406e-05
125 2.93305527724663e-05
126 2.7583082158699996e-05
127 2.8228761733893947e-05
128 3.0093769934729455e-05
129 2.8713338659799095e-05
130 3.0953092512969765e-05
131 2.956984326430431e-05
132 3.0013663008726712e-05
133 2.8968389286752805e-05
134 2.9778269292533075e-05
135 3.0344080273853123e-05
136 2.8445301481247833e-05
137 2.9274683901534225e-05
138 2.8609816446153533e-05
139 2.854688071115257e-05
140 3.084259743428466e-05
141 3.0477569303450627e-05
142 2.865628548231123e-05
143 2.8550390550089826e-05
144 3.1960308168907716e-05
145 3.091687057581575e-05
146 3.0191855966340165e-05
147 3.035352938904764e-05
148 2.9360772927534056e-05
149 2.911971427311623e-05
150 3.119258371803289e-05
151 2.978030505660093e-05
152 2.9921809473067613e-05
153 3.051864040426489e-05
154 2.9602768028848587e-05
155 3.086645695339927e-05
156 2.966518065115938e-05
157 3.0227307280012274e-05
158 2.770853873559223e-05
159 2.995858458372485e-05
160 2.929051448878834e-05
161 2.9053374589891726e-05
162 3.0302035457639705e-05
163 2.885217701039918e-05
164 2.7785147432124254e-05
165 2.880126633083155e-05
166 3.0074616911306897e-05
167 2.9260465590012078e-05
168 3.07403933482054e-05
169 3.0087466927189172e-05
170 2.823685465463722e-05
171 2.823717176987771e-05
172 2.8837686544139635e-05
173 3.133322589447982e-05
174 2.9177619399861234e-05
175 3.032199115920801e-05
176 2.958233996328903e-05
177 2.9486386449893277e-05
178 3.168439564794908e-05
179 2.817720795455553e-05
180 3.0308713881891306e-05
181 3.0059521173375264e-05
182 3.0131400336112032e-05
183 2.9491520835544892e-05
184 2.9887856924336957e-05
185 3.0922435658248226e-05
186 2.871441603452042e-05
187 3.0079487890540998e-05
188 3.0441195667826006e-05
189 3.2092495797760754e-05
190 2.8212700556265244e-05
191 3.0499255310295827e-05
192 2.9169635106347475e-05
193 3.17435286406531e-05
194 2.91471857087972e-05
195 2.99459222049219e-05
196 3.047124083789381e-05
197 2.947538509998365e-05
198 3.0322166207906273e-05
199 2.9742575105748303e-05
200 2.8631405665084167e-05
201 3.08179341904404e-05
202 3.1535901901218255e-05
203 3.017856043725174e-05
204 2.9981025887895854e-05
205 3.045046872315739e-05
206 3.012296953482841e-05
207 2.9567479409011943e-05
208 2.982657438267225e-05
209 3.077225641228435e-05
210 3.0291754187469487e-05
211 2.9814442741249393e-05
212 2.8123463631497724e-05
213 3.02329614199289e-05
214 3.0480648901206615e-05
215 2.9265397660771125e-05
216 3.0257464960842223e-05
217 2.9871698080069156e-05
218 2.976246759365806e-05
219 2.984477752843017e-05
220 3.106423369770703e-05
221 3.035544232842583e-05
222 3.062914685336077e-05
223 3.0676127595749486e-05
224 2.9747619229655855e-05
225 2.9690092915992556e-05
226 3.011758114415523e-05
227 2.9946443313137567e-05
228 2.9700586304766666e-05
229 2.948892232479208e-05
230 2.9845760403955283e-05
231 2.888096002873205e-05
232 3.1331028286617076e-05
233 3.0420375246794904e-05
234 2.950154259299155e-05
235 3.178782941623881e-05
236 3.1240512710411804e-05
237 3.0480297647296492e-05
238 2.99675663741675e-05
239 2.9800840710808088e-05
240 2.927444925379856e-05
241 2.826661796464375e-05
242 3.0589094067282184e-05
243 2.9875973653391898e-05
244 2.951629191608669e-05
245 2.9553907210455555e-05
246 3.070613417309555e-05
247 2.964649035326941e-05
248 2.9433768237468697e-05
249 2.8175417191680396e-05
250 2.919480911003692e-05
251 2.9606857623950797e-05
252 3.104570475369446e-05
253 3.0509330692352044e-05
254 2.978454184085039e-05
255 3.0416772185793617e-05
256 2.9536009632546113e-05
257 2.857030119453377e-05
258 2.993695553932679e-05
259 2.969609703008884e-05
260 2.9842752300321363e-05
261 3.0387780190378183e-05
262 3.037704362065275e-05
263 3.0716493801327657e-05
264 2.9803991731955203e-05
265 2.982455993713631e-05
266 2.922725306677014e-05
267 2.9743346009562327e-05
268 3.0243017480423503e-05
269 2.983494203692479e-05
270 2.9516365594140617e-05
271 2.9555987994657658e-05
272 2.995191387037929e-05
273 2.9619805954705527e-05
274 2.9325078729562926e-05
275 3.004161013477566e-05
276 2.827289314547268e-05
277 2.8852767882781633e-05
278 3.1949454632532936e-05
279 3.0696525071262774e-05
280 2.9279007989775588e-05
281 3.0248662323468357e-05
282 2.9733795216294338e-05
283 2.7814853249888047e-05
284 2.991878591327423e-05
285 2.945003033447147e-05
286 3.174061370094155e-05
287 3.0243633864364247e-05
288 3.1991065146298376e-05
289 3.089975662252224e-05
290 2.9335030940070557e-05
291 3.0124898569256764e-05
292 3.085567960538759e-05
293 2.8572957497593437e-05
294 3.017705963664286e-05
295 2.9645110955299315e-05
296 2.9142153364331552e-05
297 2.9832282235554316e-05
298 3.0661696614429664e-05
299 2.9223597044516356e-05
