0 3.8706864953822154e-05
1 3.8801464530558046e-05
2 3.9040886911039394e-05
3 3.838443738465589e-05
4 3.9481636903018346e-05
5 3.8070707857519934e-05
6 3.75514865028258e-05
7 3.7932029989634544e-05
8 3.563279215514127e-05
9 3.688970965427066e-05
10 3.8418055527124406e-05
11 3.6643127189196574e-05
12 3.79336533832252e-05
13 3.890924364275177e-05
14 3.689133333549631e-05
15 3.765451974211694e-05
16 3.843115266709779e-05
17 3.7385359784936675e-05
18 4.0501335605528574e-05
19 3.851110668164819e-05
20 3.999992217959854e-05
21 3.6402611840922126e-05
22 3.82098974385657e-05
23 3.760240451762784e-05
24 3.9254450293257794e-05
25 3.669680593408511e-05
26 3.703935490983613e-05
27 3.8051562037461146e-05
28 3.75490910993912e-05
29 3.913361800237238e-05
30 3.7780512390276266e-05
31 3.579956104578408e-05
32 3.6593076266607355e-05
33 3.731420621026333e-05
34 3.846490007889103e-05
35 3.621008798806895e-05
36 3.7141793319427344e-05
37 3.789985091977841e-05
38 3.8774324487999674e-05
39 3.722337213876871e-05
40 3.709336165276652e-05
41 3.675032790412491e-05
42 3.724300012493498e-05
43 3.841298444363853e-05
44 3.741237742968742e-05
45 3.906408108988677e-05
46 3.664716831497772e-05
47 3.732796321793104e-05
48 3.783523973571357e-05
49 3.870377143423483e-05
50 3.8023441011060046e-05
51 3.729129210897056e-05
52 3.796703718726769e-05
53 3.8122522426503206e-05
54 3.67973510458927e-05
55 3.82966014572206e-05
56 3.731042378853626e-05
57 3.9501004378359945e-05
58 3.774367185806968e-05
59 3.820132088562179e-05
60 3.883223953714849e-05
61 3.804837084068735e-05
62 3.917678176754581e-05
63 3.857692025123624e-05
64 3.7354542826824175e-05
65 3.8231312826346574e-05
66 3.880310286598335e-05
67 3.5629726956723795e-05
68 3.792441763572738e-05
69 3.8087491529e-05
70 3.748308540196297e-05
71 3.872222866294869e-05
72 3.8001084946513105e-05
73 3.785916408097551e-05
74 3.549989036905474e-05
75 3.7906768483119045e-05
76 3.951689987834236e-05
77 3.6679009937972766e-05
78 3.717872573600406e-05
79 3.859557549742373e-05
80 3.626303993433235e-05
81 3.8930479339344125e-05
82 3.6938713391600396e-05
83 3.793605753414493e-05
84 3.9749475096125007e-05
85 3.826847469451907e-05
86 3.71722908891924e-05
87 3.833216208360861e-05
88 3.811441168696988e-05
89 3.512801558443904e-05
90 3.763173436126908e-05
91 3.750200156364884e-05
92 3.646034525293258e-05
93 3.7573781395528436e-05
94 3.654492994426298e-05
95 3.665968793712671e-05
96 3.619743535881124e-05
97 3.8442591528741166e-05
98 3.9100526159112524e-05
99 3.895186749135074e-05
100 3.683312746861887e-05
101 3.794512033833714e-05
102 3.66193675761947e-05
103 3.945529633187676e-05
104 3.853031748572027e-05
105 3.911849536562122e-05
106 3.937286298838699e-05
107 3.448721060650491e-05
108 3.9232039762809087e-05
109 3.741798297095861e-05
110 3.77513782222515e-05
111 3.804159958208346e-05
112 3.690511557372896e-05
113 3.9001949700195514e-05
114 3.820329035807084e-05
115 3.6825645973850915e-05
116 3.978530556947175e-05
117 3.777729000144525e-05
118 3.852481170118853e-05
119 3.7415187456243934e-05
120 3.5862673714181275e-05
121 3.830171791127935e-05
122 3.9263964564982086e-05
123 3.9102242799330086e-05
124 3.702343848793935e-05
125 3.610994861308762e-05
126 3.606194751330213e-05
127 3.724570664479441e-05
128 3.659327629720869e-05
129 3.728732522480961e-05
130 3.5755969717687665e-05
131 3.6242904320671924e-05
132 3.719354313430831e-05
133 3.918319353656679e-05
134 3.822973409063957e-05
135 3.9328393127307075e-05
136 3.6825975382874736e-05
137 3.89868595306806e-05
138 3.726822836385138e-05
139 3.69759135146339e-05
140 3.754037591126887e-05
141 3.4861400573402225e-05
142 3.869003859519207e-05
143 3.666115437945946e-05
144 3.951856551343537e-05
145 3.7511613918197224e-05
146 3.797127742200549e-05
147 3.8110799983928994e-05
148 3.89556210427586e-05
149 3.820576745954085e-05
150 3.936845174954855e-05
151 3.822319791437276e-05
152 3.9321262506905405e-05
153 3.944076189872689e-05
154 3.752285012056015e-05
155 4.056919821257389e-05
156 3.9939264748887884e-05
157 3.809927460476468e-05
158 3.792454104345314e-05
159 3.830831774199854e-05
160 3.879099728844376e-05
161 4.072683596494401e-05
162 3.685262664836232e-05
163 3.8859634461531444e-05
164 3.816052703677847e-05
165 3.8538147270541474e-05
166 3.520125357293836e-05
167 3.808117322980828e-05
168 3.8787930996967385e-05
169 3.7869128487640056e-05
170 3.6992622018292506e-05
171 3.772594998636019e-05
172 3.6784122701735e-05
173 3.9384733491675805e-05
174 3.74754462930078e-05
175 3.904685180494776e-05
176 3.8276438918908825e-05
177 3.875949072805465e-05
178 3.813674814434251e-05
179 3.8409688663444776e-05
180 3.7166194119755666e-05
181 3.7198501281912334e-05
182 3.8008795989804885e-05
183 3.88237083116037e-05
184 3.847651279014478e-05
185 3.8533261912296964e-05
186 3.701441282828673e-05
187 3.811766762537044e-05
188 3.7243918273988975e-05
189 3.705879386632056e-05
190 3.832807199219927e-05
191 3.638015686815824e-05
192 3.8238923681360025e-05
193 3.767763559357227e-05
194 3.876489543533475e-05
195 3.823606681157908e-05
196 3.7446097283678916e-05
197 3.724665165422158e-05
198 3.946155010658106e-05
199 3.808492266336537e-05
200 3.767145759036074e-05
201 3.7382588646331916e-05
202 3.809594664998065e-05
203 3.7624071964344075e-05
204 3.8148472504961435e-05
205 3.72153485618026e-05
206 3.6953928131107184e-05
207 3.6648623916362583e-05
208 3.7469451256713986e-05
209 3.71467146711078e-05
210 3.838942291039962e-05
211 3.828116404913026e-05
212 3.7804553853627565e-05
213 3.691377325629086e-05
214 3.580297167474607e-05
215 3.7241379343306046e-05
216 3.646324577800074e-05
217 3.600822653385788e-05
218 3.750492298817626e-05
219 3.799310445509571e-05
220 3.745098978529563e-05
221 3.7420321721160594e-05
222 3.75643312755847e-05
223 3.800174196890295e-05
224 3.894343442542968e-05
225 3.824792386568318e-05
226 3.960868155308797e-05
227 3.766169264124167e-05
228 3.518025115087902e-05
229 3.7858758024946166e-05
230 3.672729084102158e-05
231 4.00479965573012e-05
232 3.763327188584541e-05
233 3.731274429418186e-05
234 3.930473310125538e-05
235 3.893952644315306e-05
236 3.746793366263292e-05
237 3.9392633035915854e-05
238 3.688471021204478e-05
239 3.7745193920710644e-05
240 3.731307855054608e-05
241 3.85636092135587e-05
242 3.8527662161691715e-05
243 3.712415057485765e-05
244 3.76621695075616e-05
245 3.9416395644582224e-05
246 3.774531298719898e-05
247 3.8520437213933566e-05
248 3.717205695541676e-05
249 3.885836264531531e-05
250 3.881435833987838e-05
251 3.838746052144151e-05
252 3.7263656958047735e-05
253 4.000857165134151e-05
254 3.780921956569382e-05
255 3.965210145657456e-05
256 3.96303859318979e-05
257 3.799551649534072e-05
258 3.76859840655419e-05
259 3.7536916673386924e-05
260 3.8083308037832344e-05
261 3.7058119221175273e-05
262 3.859283631856462e-05
263 3.729407295721204e-05
264 3.9190317010162244e-05
265 3.688428259185268e-05
266 3.6145778221156245e-05
267 3.941441416584858e-05
268 3.822364125547311e-05
269 3.916299509316072e-05
270 3.639402127111002e-05
271 3.5729857366879535e-05
272 3.691352234015501e-05
273 3.8178464936416535e-05
274 3.995460892177945e-05
275 3.562889845612061e-05
276 3.92571177912063e-05
277 3.8167807232117924e-05
278 3.715295253926048e-05
279 3.846171234483954e-05
280 3.816710433297159e-05
281 3.88583680701516e-05
282 3.9592568465793945e-05
283 3.660998226459682e-05
284 3.9935583594329176e-05
285 3.8403621162722914e-05
286 3.843363420436783e-05
287 3.787194960238474e-05
288 3.832091500369533e-05
289 3.8076734625431666e-05
290 3.589975193774592e-05
291 3.780520288803107e-05
292 3.810613119876619e-05
293 4.0417072157967504e-05
294 3.648303079922388e-05
295 3.657951533999064e-05
296 3.6321692334175226e-05
297 3.6937519750643256e-05
298 3.59498564165192e-05
299 3.66936945712648e-05
