0 1.8235776179191214e-06
1 1.8164786730565311e-06
2 1.7896693459089403e-06
3 1.8114956029560104e-06
4 1.8014148830273896e-06
5 1.8026468082545923e-06
6 1.7925638712180588e-06
7 1.7898031132191674e-06
8 1.7764870763665096e-06
9 1.774136735803139e-06
10 1.8179177410159535e-06
11 1.8340857112447772e-06
12 1.7938659181568694e-06
13 1.8470931560764176e-06
14 1.7920075564550867e-06
15 1.7778692743606142e-06
16 1.817926482905305e-06
17 1.7732047145941756e-06
18 1.7876717374860162e-06
19 1.7921607915523298e-06
20 1.8394215257111402e-06
21 1.7956618937938267e-06
22 1.7913427708972536e-06
23 1.8136382312605575e-06
24 1.8122756760443425e-06
25 1.7992908959363735e-06
26 1.7742266728733702e-06
27 1.7945276508460162e-06
28 1.8001836107583674e-06
29 1.8023816818520497e-06
30 1.804909573726105e-06
31 1.761290225240291e-06
32 1.8121905462429187e-06
33 1.7679480139425868e-06
34 1.8067106583825338e-06
35 1.7990579265750243e-06
36 1.784638646130826e-06
37 1.8025770008509444e-06
38 1.8114462956392437e-06
39 1.8004577527817473e-06
40 1.7786612523507854e-06
41 1.8015328521137997e-06
42 1.7705200570314063e-06
43 1.8114500813771328e-06
44 1.7940057610733316e-06
45 1.7809646168875204e-06
46 1.7979697222662774e-06
47 1.770643872300663e-06
48 1.827414585132268e-06
49 1.7725909238384294e-06
50 1.7985214686734604e-06
51 1.7760419333727713e-06
52 1.8024283041649292e-06
53 1.7902371201714662e-06
54 1.8039021077170023e-06
55 1.802470348992512e-06
56 1.78286137253533e-06
57 1.8056055500612548e-06
58 1.797206654955498e-06
59 1.8401577842394036e-06
60 1.77639755513971e-06
61 1.7715140762488578e-06
62 1.795078967214234e-06
63 1.8108649096034582e-06
64 1.8143090462336902e-06
65 1.798369777264558e-06
66 1.8047327260037015e-06
67 1.7916678759103707e-06
68 1.8071741504542679e-06
69 1.8179963911695423e-06
70 1.7753045543478222e-06
71 1.774473401961736e-06
72 1.7862364570802923e-06
73 1.8159344322951281e-06
74 1.7852259107084582e-06
75 1.824847340369118e-06
76 1.8421919830714849e-06
77 1.8150668758391035e-06
78 1.7936832747850684e-06
79 1.8126094134711131e-06
80 1.8023108009771835e-06
81 1.7830727454605024e-06
82 1.7974888319377322e-06
83 1.7929006554057057e-06
84 1.8062351436928785e-06
85 1.8202357764600625e-06
86 1.8195233248427146e-06
87 1.8075749049570135e-06
88 1.7980895719910615e-06
89 1.7659227409850724e-06
90 1.7873721082077557e-06
91 1.7967091609991883e-06
92 1.7920494976673898e-06
93 1.8024290749916713e-06
94 1.788532024684466e-06
95 1.859341533744407e-06
96 1.7895003680245828e-06
97 1.8002964666074465e-06
98 1.7893925524290614e-06
99 1.8197257874000653e-06
100 1.7971357946234342e-06
101 1.7959796692056281e-06
102 1.7717018873638412e-06
103 1.8197675213484117e-06
104 1.792360979956627e-06
105 1.794274892005852e-06
106 1.8087060285685397e-06
107 1.7756420884716402e-06
108 1.8550140112813553e-06
109 1.806458373637594e-06
110 1.802776684361426e-06
111 1.792935264166688e-06
112 1.7688278278529196e-06
113 1.7787163072391047e-06
114 1.7951476052632392e-06
115 1.7970719406437874e-06
116 1.800176320913159e-06
117 1.7977694293264312e-06
118 1.8310997917817188e-06
119 1.8334525985747458e-06
120 1.7724472640958554e-06
121 1.8240950022695944e-06
122 1.823382538621103e-06
123 1.7780391234909931e-06
124 1.7869049819909122e-06
125 1.8013709677757488e-06
126 1.7710405277465486e-06
127 1.777052267098883e-06
128 1.7961472753960069e-06
129 1.7661660706191043e-06
130 1.806051374086797e-06
131 1.8110277636866012e-06
132 1.7901235021137577e-06
133 1.8199610584793306e-06
134 1.7837551648691775e-06
135 1.838206543374537e-06
136 1.7796527646146684e-06
137 1.7966933465945734e-06
138 1.8122815498553926e-06
139 1.813191884045205e-06
140 1.793922892064563e-06
141 1.7827265196925317e-06
142 1.794589141175177e-06
143 1.777120971750734e-06
144 1.8312382307800262e-06
145 1.779979559102896e-06
146 1.7807491334856093e-06
147 1.7987177368473368e-06
148 1.8015040825013385e-06
149 1.8185916162153932e-06
150 1.7933154967704863e-06
151 1.8149316400701e-06
152 1.8031035872637232e-06
153 1.8345220164189702e-06
154 1.779076910761858e-06
155 1.8427720016385279e-06
156 1.8189067315352323e-06
157 1.8292260515094649e-06
158 1.8138494824573252e-06
159 1.8040795337653923e-06
160 1.80794389242465e-06
161 1.8220008212551733e-06
162 1.788371018640214e-06
163 1.7738239628669433e-06
164 1.7771007230915518e-06
165 1.7842297516274323e-06
166 1.7315844844281797e-06
167 1.7826084530901467e-06
168 1.8114292105663658e-06
169 1.798053945795534e-06
170 1.800820408823141e-06
171 1.7980532387758976e-06
172 1.7906329042984252e-06
173 1.7964795614669256e-06
174 1.8224262844521531e-06
175 1.7971036236116243e-06
176 1.7975048541260745e-06
177 1.8219311346379985e-06
178 1.814146487657609e-06
179 1.8092013827832652e-06
180 1.7885977713988803e-06
181 1.7982386839828848e-06
182 1.787385312105632e-06
183 1.7983369048792308e-06
184 1.807065573171643e-06
185 1.8462386554265674e-06
186 1.7736995310414635e-06
187 1.8095737650188349e-06
188 1.8260202111427823e-06
189 1.8159771596149162e-06
190 1.8027831795176278e-06
191 1.807123816863499e-06
192 1.7970196358168808e-06
193 1.8407706515302108e-06
194 1.7765265072419041e-06
195 1.8096634845520053e-06
196 1.7929071409826223e-06
197 1.7824401966977055e-06
198 1.816265276339179e-06
199 1.7927831859796015e-06
200 1.8405462423669228e-06
201 1.7950646065712508e-06
202 1.7995769584808938e-06
203 1.7738866404623386e-06
204 1.808109677954455e-06
205 1.7827758646272995e-06
206 1.809169309741379e-06
207 1.7864854168256968e-06
208 1.8320562576411572e-06
209 1.7975637807528133e-06
210 1.8007020115593456e-06
211 1.7863987001154022e-06
212 1.7945528325122562e-06
213 1.7711858471708322e-06
214 1.8253530632518792e-06
215 1.7828664686632107e-06
216 1.7921832798659468e-06
217 1.781468781093727e-06
218 1.7873142066491109e-06
219 1.8069136673135895e-06
220 1.8075256568035928e-06
221 1.7972486197935729e-06
222 1.823122112576692e-06
223 1.7793923777663868e-06
224 1.8433802279859654e-06
225 1.8109267920332876e-06
226 1.8103228750426777e-06
227 1.782574626784932e-06
228 1.7822173414899998e-06
229 1.7667050460218325e-06
230 1.8119648159307964e-06
231 1.809731233468631e-06
232 1.7853129480056502e-06
233 1.8227466732144333e-06
234 1.7658592515222936e-06
235 1.8630520806724834e-06
236 1.7876324859724784e-06
237 1.8288728774967386e-06
238 1.7815586512609641e-06
239 1.7755362352856685e-06
240 1.7933388613394193e-06
241 1.8297006157529355e-06
242 1.7976559993697611e-06
243 1.828187527243295e-06
244 1.8217005128655224e-06
245 1.8181834044172835e-06
246 1.844503337830123e-06
247 1.775867145519179e-06
248 1.8278304483806676e-06
249 1.8174319058364772e-06
250 1.775084079032527e-06
251 1.8339270075856885e-06
252 1.8015846431933274e-06
253 1.842681586373639e-06
254 1.8027834838957914e-06
255 1.7846888344450876e-06
256 1.822594969891897e-06
257 1.8079832983916819e-06
258 1.8245087159073375e-06
259 1.7828523443146785e-06
260 1.8062913037987892e-06
261 1.770889681635336e-06
262 1.7874679238953098e-06
263 1.79334244315978e-06
264 1.8219741559410363e-06
265 1.8068427126202875e-06
266 1.8078775810486489e-06
267 1.810921068453113e-06
268 1.820966957589949e-06
269 1.8461935872703561e-06
270 1.7900185650467127e-06
271 1.8075825058519458e-06
272 1.7924775730720872e-06
273 1.820710767924793e-06
274 1.815159041001316e-06
275 1.796739555770683e-06
276 1.8098998642620864e-06
277 1.8026579741850914e-06
278 1.7951889241546803e-06
279 1.81130001534999e-06
280 1.8127657249083768e-06
281 1.7898001648629942e-06
282 1.8563106934866368e-06
283 1.8116216670023491e-06
284 1.806762194599614e-06
285 1.7672884468725187e-06
286 1.8241775202065753e-06
287 1.8208521907908929e-06
288 1.8188399850806038e-06
289 1.8274128072035452e-06
290 1.8296187818291142e-06
291 1.8094949520718202e-06
292 1.8181730394774322e-06
293 1.8003774868718745e-06
294 1.7940311323523968e-06
295 1.7890152117506386e-06
296 1.7936102329321042e-06
297 1.81085652930909e-06
298 1.802442616899593e-06
299 1.8040982076516976e-06
