0 -5.176520642065808e-05
1 -5.140789296134376e-05
2 -5.008163666832174e-05
3 -5.149614493326286e-05
4 -5.234478328517036e-05
5 -5.116295039227091e-05
6 -5.2221250459060406e-05
7 -5.069097231941289e-05
8 -5.1813157699695736e-05
9 -5.1811496539547444e-05
10 -5.079200123616451e-05
11 -5.179488020459644e-05
12 -5.064711149989474e-05
13 -5.2294400920590466e-05
14 -5.1875749442435106e-05
15 -5.24066712766703e-05
16 -5.135494491250928e-05
17 -5.1143492935992454e-05
18 -5.205951492146734e-05
19 -5.13808746899249e-05
20 -5.1861042044557564e-05
21 -5.101077876706767e-05
22 -5.1978419247152764e-05
23 -5.311366802408313e-05
24 -5.0471982156815185e-05
25 -5.209000296430232e-05
26 -5.1502893113191864e-05
27 -5.33111793775913e-05
28 -5.151000598385325e-05
29 -5.1680757577330085e-05
30 -5.107303676749761e-05
31 -5.12796643397123e-05
32 -5.2518972997469055e-05
33 -5.173388263827763e-05
34 -5.147809761784403e-05
35 -5.081799772486125e-05
36 -5.137010989098177e-05
37 -5.180238281340899e-05
38 -5.2864216608217685e-05
39 -5.3186092470492704e-05
40 -5.1802139328328575e-05
41 -5.1414406050521954e-05
42 -5.232518942913117e-05
43 -5.024569280575915e-05
44 -5.1833897605749605e-05
45 -5.19239273742082e-05
46 -5.125488110993355e-05
47 -5.099753379022251e-05
48 -5.168660791011177e-05
49 -5.214106490006309e-05
50 -5.093484842413175e-05
51 -5.1253452471049085e-05
52 -5.219071175278185e-05
53 -5.113187372618461e-05
54 -5.213966031052427e-05
55 -5.1673497978023676e-05
56 -5.157490199375815e-05
57 -5.095222636916956e-05
58 -5.2811709988135964e-05
59 -5.116711747469217e-05
60 -5.1059618696217854e-05
61 -5.256949451908792e-05
62 -5.0727849442232046e-05
63 -5.080085586761579e-05
64 -5.246152447799072e-05
65 -5.256378646794673e-05
66 -5.082933990385697e-05
67 -5.369250419137839e-05
68 -4.93333341234926e-05
69 -5.083463544729311e-05
70 -5.094605319315861e-05
71 -5.077858463107155e-05
72 -5.069890017996829e-05
73 -5.325290943504913e-05
74 -5.095497628293669e-05
75 -5.246026535211421e-05
76 -5.1132121678070334e-05
77 -5.271102395139344e-05
78 -5.0168513785233005e-05
79 -5.155677997949003e-05
80 -5.163252292382014e-05
81 -5.122102869320441e-05
82 -5.240002717752813e-05
83 -5.1396270500872536e-05
84 -5.0243050452669643e-05
85 -5.171422342733858e-05
86 -5.14811256977474e-05
87 -5.1058478407362484e-05
88 -5.083506765225848e-05
89 -5.0002048102445e-05
90 -4.9791992832594266e-05
91 -5.1202329513551775e-05
92 -5.0421221742731216e-05
93 -5.236753621781397e-05
94 -5.210229851295197e-05
95 -5.1299988516432783e-05
96 -5.221192023752718e-05
97 -5.1933304884739985e-05
98 -5.1753175577198285e-05
99 -5.177547216834217e-05
100 -5.125470005421046e-05
101 -5.058447029638046e-05
102 -5.201539843179058e-05
103 -5.057885123273423e-05
104 -5.170258358365093e-05
105 -5.233412912340879e-05
106 -5.2095906714499606e-05
107 -5.1637163819096574e-05
108 -5.292260256140233e-05
109 -5.1885152943066396e-05
110 -5.089861786264812e-05
111 -5.1153893403964974e-05
112 -5.123327414262279e-05
113 -5.1251464477889386e-05
114 -5.0934741303243356e-05
115 -5.224874181343626e-05
116 -5.0294945206794856e-05
117 -5.301903680738212e-05
118 -5.260685808533108e-05
119 -5.337159268179129e-05
120 -5.320314166649035e-05
121 -5.172070804418455e-05
122 -5.15909774214883e-05
123 -5.118498875123249e-05
124 -5.187519606763628e-05
125 -5.099390268522614e-05
126 -4.997781267723757e-05
127 -5.0179905249286266e-05
128 -5.15372097651285e-05
129 -5.054277696374693e-05
130 -5.2801515018964106e-05
131 -5.090870073522938e-05
132 -5.164216395411496e-05
133 -5.1174208508589926e-05
134 -5.163658356332787e-05
135 -5.228919350061879e-05
136 -5.010617477716254e-05
137 -5.087879975060622e-05
138 -5.083339140667411e-05
139 -5.079529164475572e-05
140 -5.204831563809449e-05
141 -5.208593131494494e-05
142 -5.081140036652075e-05
143 -5.050541578212618e-05
144 -5.299855133544077e-05
145 -5.257475883984648e-05
146 -5.21364017054979e-05
147 -5.20496791153429e-05
148 -5.12766613868125e-05
149 -5.116152828989726e-05
150 -5.2142069298650406e-05
151 -5.186020496121347e-05
152 -5.201986838949053e-05
153 -5.243577442368159e-05
154 -5.100072485574285e-05
155 -5.255732891932423e-05
156 -5.17600842851132e-05
157 -5.2144469969403726e-05
158 -4.983679230916808e-05
159 -5.174005278698236e-05
160 -5.1369030418654306e-05
161 -5.134689856837141e-05
162 -5.223670925763181e-05
163 -5.081444200951945e-05
164 -5.00362070406906e-05
165 -5.1074887644391e-05
166 -5.158513683779426e-05
167 -5.128925971896496e-05
168 -5.250442708488076e-05
169 -5.17749883143623e-05
170 -5.067783908066983e-05
171 -5.069463977189645e-05
172 -5.096109967879759e-05
173 -5.270319383785297e-05
174 -5.088472109218357e-05
175 -5.236973421375902e-05
176 -5.1771640895154956e-05
177 -5.068358396432295e-05
178 -5.281633075167156e-05
179 -4.993023381098234e-05
180 -5.163485626842613e-05
181 -5.187271101479816e-05
182 -5.1477739851524116e-05
183 -5.093175037657279e-05
184 -5.168512946484908e-05
185 -5.269646619890039e-05
186 -5.101047603006558e-05
187 -5.19371926473889e-05
188 -5.22044170691732e-05
189 -5.333169148530915e-05
190 -4.987254729589779e-05
191 -5.231705261269759e-05
192 -5.0954933339138574e-05
193 -5.341094013610618e-05
194 -5.092976448493622e-05
195 -5.1588428875511854e-05
196 -5.212546656791386e-05
197 -5.0934942817857725e-05
198 -5.187909466037384e-05
199 -5.157726019737218e-05
200 -5.085543810427664e-05
201 -5.234314212810654e-05
202 -5.261723907689549e-05
203 -5.202609649083272e-05
204 -5.182590923433529e-05
205 -5.2022182998709086e-05
206 -5.2036547638460934e-05
207 -5.1212028205513104e-05
208 -5.163295215362376e-05
209 -5.2240745108528555e-05
210 -5.193693714706978e-05
211 -5.1491864319696617e-05
212 -4.980844449962107e-05
213 -5.169390536801121e-05
214 -5.199974978244765e-05
215 -5.0752007779596016e-05
216 -5.2058811063919505e-05
217 -5.1327126976265025e-05
218 -5.152557869630564e-05
219 -5.149056528050643e-05
220 -5.253981065164836e-05
221 -5.2153565104384585e-05
222 -5.2611837209908796e-05
223 -5.166388333127077e-05
224 -5.176491414261928e-05
225 -5.182985200596601e-05
226 -5.206612985453842e-05
227 -5.204797414605203e-05
228 -5.118670232289366e-05
229 -5.090823504463444e-05
230 -5.1576244353392476e-05
231 -5.055916829107029e-05
232 -5.2100872777756146e-05
233 -5.206887954031243e-05
234 -5.152733725929865e-05
235 -5.342312230701687e-05
236 -5.247312176303755e-05
237 -5.2168510916759725e-05
238 -5.176841143503678e-05
239 -5.133109556876415e-05
240 -5.1522260262146374e-05
241 -5.009934125993582e-05
242 -5.2235937023558704e-05
243 -5.144537711257514e-05
244 -5.151033398715745e-05
245 -5.111764343373904e-05
246 -5.238361886147773e-05
247 -5.163828581194841e-05
248 -5.1199964193131365e-05
249 -5.04979911322465e-05
250 -5.0689763213850614e-05
251 -5.1501398752880155e-05
252 -5.2416895814038245e-05
253 -5.203378622808482e-05
254 -5.175225655536017e-05
255 -5.176801169466004e-05
256 -5.180990930483225e-05
257 -5.036028147109256e-05
258 -5.1916024632444666e-05
259 -5.1286307405017494e-05
260 -5.128761660719094e-05
261 -5.1893793837647404e-05
262 -5.186907008614174e-05
263 -5.209024817817073e-05
264 -5.179605510722448e-05
265 -5.163299789321971e-05
266 -5.130020620354896e-05
267 -5.1540842712170145e-05
268 -5.163589670978398e-05
269 -5.165375024018431e-05
270 -5.1202089120445055e-05
271 -5.157772560477526e-05
272 -5.127488242196695e-05
273 -5.1240708744533715e-05
274 -5.1175677903924656e-05
275 -5.1659345818516883e-05
276 -5.026869734351442e-05
277 -5.062286954740238e-05
278 -5.3306241435998555e-05
279 -5.2538195446292835e-05
280 -5.093474298994471e-05
281 -5.2077399180975367e-05
282 -5.185043301939181e-05
283 -4.9885623652392045e-05
284 -5.144160350840575e-05
285 -5.094747200221141e-05
286 -5.271101309231621e-05
287 -5.2170361024782664e-05
288 -5.3352636488574364e-05
289 -5.285209660813429e-05
290 -5.124229000406618e-05
291 -5.168994530095247e-05
292 -5.239824813203371e-05
293 -5.075679678188386e-05
294 -5.221142905474344e-05
295 -5.127722588207622e-05
296 -5.066269334762914e-05
297 -5.175688657796592e-05
298 -5.2488403237777854e-05
299 -5.080016051086057e-05
