0 1.9700558222947133e-06
1 1.8801606633276664e-06
2 1.9804030901405517e-06
3 1.945056706338298e-06
4 1.9203753494167204e-06
5 1.939819761361205e-06
6 1.9109462066862694e-06
7 1.9070971860832041e-06
8 1.8759523296534507e-06
9 1.969866202710824e-06
10 1.9392323341347847e-06
11 1.8928137113685137e-06
12 1.9481205492832397e-06
13 2.0063042983972054e-06
14 1.942209108230346e-06
15 1.9551017688995932e-06
16 1.9014080655420022e-06
17 1.8876472828765715e-06
18 1.9501008362250954e-06
19 1.8964264573416686e-06
20 1.8428410028217457e-06
21 1.95373089916091e-06
22 2.011002107262801e-06
23 1.8548527529233774e-06
24 1.8813265697453793e-06
25 1.941161055873918e-06
26 2.0354219380649185e-06
27 1.8974757966302231e-06
28 2.0080925208871356e-06
29 1.9800783443412985e-06
30 1.848129029241425e-06
31 1.9998151424500337e-06
32 2.0222523896420286e-06
33 1.932574151333757e-06
34 1.9229701555060525e-06
35 1.8843555796815105e-06
36 1.8879842294258412e-06
37 1.878113130916206e-06
38 1.877605764552022e-06
39 1.9703821712292554e-06
40 1.921166090126413e-06
41 1.96878011439197e-06
42 1.9367542692960108e-06
43 1.943085748150424e-06
44 1.9570031274661393e-06
45 1.9618292222840054e-06
46 1.8438475703826615e-06
47 1.828897822796688e-06
48 1.957837212902763e-06
49 1.9678962313658147e-06
50 1.944441528455794e-06
51 1.8905560735452052e-06
52 1.954259590773801e-06
53 1.9534559920569177e-06
54 1.942281164802904e-06
55 2.039991322042261e-06
56 1.983612571927124e-06
57 1.911308874996916e-06
58 1.8965910188897819e-06
59 1.8349089398726268e-06
60 2.0344678628231803e-06
61 1.908518527671261e-06
62 1.9761017916378893e-06
63 1.945956765521332e-06
64 1.894296564306574e-06
65 1.9016571786709022e-06
66 2.016668229068625e-06
67 1.8816073475999604e-06
68 1.9932776145352523e-06
69 1.931583590317862e-06
70 1.926898915317126e-06
71 1.9850767590224344e-06
72 2.0211772834953284e-06
73 1.961452588053339e-06
74 1.936624631969241e-06
75 2.0014310658345082e-06
76 1.92564660425052e-06
77 1.969697838743664e-06
78 1.9558543410224265e-06
79 2.034270655915135e-06
80 2.0046320281726685e-06
81 1.9192022890184466e-06
82 1.892583583466004e-06
83 1.9843205814945226e-06
84 1.9381683150880955e-06
85 1.9152398086988313e-06
86 1.9584777518025204e-06
87 1.8513257609932508e-06
88 1.9950689416534123e-06
89 1.8735147307496845e-06
90 1.9737041264434656e-06
91 1.968885100258877e-06
92 2.015844592098343e-06
93 1.9809526797613146e-06
94 1.91343082957825e-06
95 1.9098870647497303e-06
96 2.0004731055693572e-06
97 1.8767749715012558e-06
98 2.0719903636022414e-06
99 1.912928910661338e-06
100 1.8232690096679633e-06
101 1.993417029752555e-06
102 1.942304462591392e-06
103 1.8998603070297752e-06
104 2.030184111641399e-06
105 1.920561113564004e-06
106 1.946474572656144e-06
107 1.9302283727150997e-06
108 1.947870356851127e-06
109 2.088638441110348e-06
110 1.8820286255687527e-06
111 1.97989223654929e-06
112 2.0123720515237755e-06
113 1.8767862926595191e-06
114 1.9740077398450774e-06
115 1.916296571467374e-06
116 1.9051083727528662e-06
117 1.929890928816734e-06
118 1.940716923204534e-06
119 1.951733437323128e-06
120 1.988742638615165e-06
121 1.924167967542954e-06
122 1.9457696511730266e-06
123 2.0657418969758085e-06
124 1.9048467182543102e-06
125 1.8445808083903045e-06
126 1.9493225058863263e-06
127 1.8610300277659895e-06
128 1.9722907318835232e-06
129 1.9939326665772083e-06
130 1.948155874810402e-06
131 2.0544055539084465e-06
132 1.987164206356008e-06
133 2.019185234109692e-06
134 1.8752119480871398e-06
135 1.919688703984581e-06
136 1.9297950364954257e-06
137 1.947905756942592e-06
138 1.9766823574686806e-06
139 1.9827413277875502e-06
140 2.000711960419038e-06
141 1.9377785811393115e-06
142 1.9795517715917513e-06
143 1.9292814378574042e-06
144 1.9428077310930504e-06
145 1.954751352251133e-06
146 1.895685952780463e-06
147 2.024520488385875e-06
148 1.964167037161693e-06
149 1.8741851663729102e-06
150 1.9524062187638395e-06
151 1.8607387232609317e-06
152 1.9214321832446133e-06
153 1.963700324492726e-06
154 2.013605904406397e-06
155 1.9706016824141777e-06
156 1.8809839109224544e-06
157 2.0561975455086316e-06
158 1.996142847845357e-06
159 1.9994308019272238e-06
160 2.0076906968620877e-06
161 1.9863780298313666e-06
162 1.9618838372603647e-06
163 1.9710928674368735e-06
164 1.8935811171955854e-06
165 1.9941001610919058e-06
166 1.9388777501960383e-06
167 1.927392553403671e-06
168 1.8394147259006004e-06
169 1.9546149012393584e-06
170 1.927731538657419e-06
171 1.9545391662599172e-06
172 1.891569967108256e-06
173 1.988007323591268e-06
174 1.9273261530289525e-06
175 1.9861847516497166e-06
176 1.9863576913892816e-06
177 1.9755064680146136e-06
178 1.916258152123108e-06
179 1.84377751219848e-06
180 1.9589245422742763e-06
181 2.0866271940739585e-06
182 1.9020426354001245e-06
183 1.9967830743515605e-06
184 1.8285356301482047e-06
185 1.9265723114397142e-06
186 1.9562190363965715e-06
187 1.9027513066576457e-06
188 1.975904773839614e-06
189 1.938644443710436e-06
190 1.9027903837839199e-06
191 2.0147920855943695e-06
192 1.957308791250497e-06
193 1.9112566125468627e-06
194 1.8665349005235415e-06
195 1.893763778101884e-06
196 1.8920336720736584e-06
197 2.027219229478134e-06
198 2.0220393266451795e-06
199 1.996572067131817e-06
200 1.9949870793187366e-06
201 1.8941837317147456e-06
202 1.9481125985564543e-06
203 1.9909532175631775e-06
204 1.955934802206791e-06
205 1.925451182612179e-06
206 2.046142438914652e-06
207 1.9571679335254214e-06
208 1.8834171328991434e-06
209 1.975870431712087e-06
210 1.8697697426357027e-06
211 1.895534731367556e-06
212 1.933991911076414e-06
213 1.8530994652491835e-06
214 1.9388975100679416e-06
215 1.9249004935012914e-06
216 1.9457870661622563e-06
217 1.9170340594668706e-06
218 1.8820679390241663e-06
219 2.01736605713907e-06
220 1.8591975850455775e-06
221 1.9844939417148036e-06
222 1.9483483965441275e-06
223 1.977569221673414e-06
224 1.970011158177516e-06
225 2.0324376943743796e-06
226 1.8806487540818794e-06
227 1.9415118140122877e-06
228 1.987421838469862e-06
229 1.9662105479247124e-06
230 1.955844403869257e-06
231 2.0277183023177337e-06
232 2.015273100082716e-06
233 1.8266764960014966e-06
234 2.0238011485033785e-06
235 2.0019094442306744e-06
236 1.9786792104690517e-06
237 1.8188432482594613e-06
238 1.9762720872315023e-06
239 1.9485862870914124e-06
240 1.9835476050199814e-06
241 1.9319217967202304e-06
242 1.9784054685448013e-06
243 1.905231743017613e-06
244 1.9627569743186124e-06
245 2.0344569195616102e-06
246 1.8032211643522324e-06
247 1.8297360008745517e-06
248 1.8972469579622195e-06
249 1.94920842418661e-06
250 2.0307223661393394e-06
251 1.9550385743956295e-06
252 1.95179606005065e-06
253 1.947179070987538e-06
254 1.858828589898035e-06
255 1.956170487844584e-06
256 1.942022862786286e-06
257 1.941176334445499e-06
258 1.964857615378785e-06
259 1.9475808668414553e-06
260 1.9168203123856948e-06
261 1.991233958170224e-06
262 1.8802323718494659e-06
263 1.948397766638212e-06
264 1.919949429604728e-06
265 1.888328190830043e-06
266 2.019442901090006e-06
267 1.905958763605435e-06
268 1.9011223681981305e-06
269 1.978037263318962e-06
270 1.8642147073004957e-06
271 1.9514720823079545e-06
272 1.8981412515682792e-06
273 1.8972057246422998e-06
274 1.972757225306965e-06
275 1.995485824745142e-06
276 1.97969265895298e-06
277 2.0049071084912414e-06
278 1.947591714742933e-06
279 2.0223173892726353e-06
280 1.8965654859206139e-06
281 1.9270007230058764e-06
282 1.957336729132388e-06
283 1.978558761156503e-06
284 1.960239111778153e-06
285 2.023398875784289e-06
286 1.9412186805064687e-06
287 1.960518416703413e-06
288 1.9377093133046395e-06
289 1.8866099884009417e-06
290 2.0010850349315032e-06
291 1.960854461954806e-06
292 1.903837897955667e-06
293 1.963747985194828e-06
294 1.9366330494234438e-06
295 1.905376958300219e-06
296 1.9079100211385778e-06
297 1.9690101557095568e-06
298 2.027023163204869e-06
299 1.8926483260671367e-06
