0 -5.695161338837968e-06
1 -5.982216907559144e-06
2 -5.8378239987484775e-06
3 -5.765796142462297e-06
4 -5.867349775048538e-06
5 -5.977294814688901e-06
6 -5.935507813626647e-06
7 -6.165343600548649e-06
8 -5.819250764072283e-06
9 -5.858818747628422e-06
10 -6.113037306084052e-06
11 -6.151642462714937e-06
12 -5.77279920266696e-06
13 -5.802399629331231e-06
14 -5.97557929569847e-06
15 -6.014294838300519e-06
16 -5.990159361157736e-06
17 -6.187110410048353e-06
18 -6.049648236318893e-06
19 -6.079022465611911e-06
20 -6.3745799738613444e-06
21 -5.7759178875452e-06
22 -5.6281080412023945e-06
23 -6.013380415895228e-06
24 -6.145638384143021e-06
25 -6.228214947613583e-06
26 -5.783084248218816e-06
27 -5.999794340161961e-06
28 -5.568287169987123e-06
29 -5.735742064607706e-06
30 -6.32200012254607e-06
31 -5.670856834558591e-06
32 -5.832200545302537e-06
33 -5.769795423513511e-06
34 -6.04351113412168e-06
35 -6.169637303767216e-06
36 -6.069149065833286e-06
37 -6.225139339000495e-06
38 -6.301082123215521e-06
39 -5.669454302351106e-06
40 -6.0319086727591955e-06
41 -5.511987347443985e-06
42 -5.866432465685999e-06
43 -6.149728142921927e-06
44 -5.795796237340844e-06
45 -5.873041138144126e-06
46 -6.067056612618676e-06
47 -6.255739505346738e-06
48 -5.844805332492371e-06
49 -5.591880022196553e-06
50 -5.786219682636363e-06
51 -5.8412710757093915e-06
52 -5.9000527241238435e-06
53 -5.913699149505624e-06
54 -5.924174441856404e-06
55 -5.522403365823296e-06
56 -5.775168190574898e-06
57 -6.1290029839667285e-06
58 -5.883352878761766e-06
59 -6.226866282090554e-06
60 -5.859455279051875e-06
61 -5.7577889894687065e-06
62 -5.9678783495455055e-06
63 -5.791810071862811e-06
64 -5.741959325649885e-06
65 -6.133511781309241e-06
66 -5.579173471596344e-06
67 -6.144800139585399e-06
68 -5.739332275770758e-06
69 -6.212339599439028e-06
70 -5.783437106325234e-06
71 -5.724221025575266e-06
72 -5.643746143623766e-06
73 -5.900616781936257e-06
74 -5.972208890520018e-06
75 -5.8103507736780096e-06
76 -6.130995380464854e-06
77 -5.8495998655466e-06
78 -5.537643297686754e-06
79 -5.672513132999508e-06
80 -6.004697966235434e-06
81 -6.0412044412864185e-06
82 -5.922040645428228e-06
83 -5.9952204042178735e-06
84 -6.105296565731956e-06
85 -5.963557352557514e-06
86 -5.702676883448446e-06
87 -6.277280636663338e-06
88 -5.604855267140171e-06
89 -6.051089058125447e-06
90 -5.985499265253241e-06
91 -5.819700182639694e-06
92 -5.681893018407763e-06
93 -5.927178984716094e-06
94 -5.9753906816301815e-06
95 -6.01971075829125e-06
96 -5.9613361039320685e-06
97 -6.1566494723625305e-06
98 -5.56277286431542e-06
99 -5.66754517281844e-06
100 -6.27014936725944e-06
101 -6.051208246689076e-06
102 -5.912620746001452e-06
103 -5.907962143175873e-06
104 -5.712906784028576e-06
105 -5.949943149542433e-06
106 -6.1637547994804526e-06
107 -5.869171359640318e-06
108 -5.911564303900766e-06
109 -5.744535007656625e-06
110 -5.874403529855661e-06
111 -5.6818078811889185e-06
112 -5.740496281394183e-06
113 -6.085979511079523e-06
114 -5.861091299577594e-06
115 -5.9512470782850975e-06
116 -5.940514504010513e-06
117 -5.916210569074121e-06
118 -5.6514007480033496e-06
119 -5.996856215171367e-06
120 -5.678114889273829e-06
121 -6.0159189698413756e-06
122 -5.734246503878901e-06
123 -5.325498562386566e-06
124 -5.924062966566881e-06
125 -6.235090083670427e-06
126 -5.953237909142795e-06
127 -6.256026035738661e-06
128 -5.756770738222195e-06
129 -5.807219090596814e-06
130 -6.10107238153299e-06
131 -5.415561950546392e-06
132 -5.70765484914719e-06
133 -5.614498599487773e-06
134 -5.992787684661177e-06
135 -5.934509901546655e-06
136 -6.008767429954742e-06
137 -6.057358769898173e-06
138 -5.902157032951426e-06
139 -5.734514991074144e-06
140 -5.539098445274293e-06
141 -6.01925538325265e-06
142 -5.399397525746007e-06
143 -5.958323349706378e-06
144 -5.928348102507724e-06
145 -5.923198880487149e-06
146 -6.157848114308025e-06
147 -5.859017577043448e-06
148 -5.8827424997110195e-06
149 -6.118478201603228e-06
150 -5.820672038291387e-06
151 -6.046175252495064e-06
152 -5.976094320213659e-06
153 -5.873725472166075e-06
154 -5.781639332128593e-06
155 -5.986839790611423e-06
156 -5.964857369976717e-06
157 -5.3960171153564865e-06
158 -5.754266178755187e-06
159 -5.792754957330763e-06
160 -5.817850327976057e-06
161 -5.59963741238561e-06
162 -5.904820888707442e-06
163 -5.974145856248543e-06
164 -5.988794447810491e-06
165 -6.0671429624671095e-06
166 -5.769755416720025e-06
167 -5.877522865801714e-06
168 -6.1445703127112674e-06
169 -5.833725230576533e-06
170 -6.380918352044285e-06
171 -5.888401760907947e-06
172 -6.105982688720707e-06
173 -5.776323494166104e-06
174 -5.832377001547934e-06
175 -5.6528461304429234e-06
176 -5.9610792905166634e-06
177 -5.785395263105374e-06
178 -6.139227153878519e-06
179 -6.071503774916914e-06
180 -6.023102271760624e-06
181 -5.536841965129476e-06
182 -5.806447912347583e-06
183 -5.895320550590956e-06
184 -6.215758446452059e-06
185 -6.118048118715296e-06
186 -5.858871495127236e-06
187 -5.9044359187624286e-06
188 -6.020951832503718e-06
189 -6.05523385262788e-06
190 -6.024665322590374e-06
191 -5.8666536802384616e-06
192 -6.068977402607635e-06
193 -6.136990256651185e-06
194 -6.2282316481697475e-06
195 -5.920471078216578e-06
196 -6.320023291106639e-06
197 -5.551183346326236e-06
198 -5.90497391197907e-06
199 -5.406026714225677e-06
200 -5.570424952991105e-06
201 -5.836387891237798e-06
202 -6.04490951341448e-06
203 -5.7907900989115675e-06
204 -5.816884890311176e-06
205 -5.843704770509028e-06
206 -5.486361782627465e-06
207 -5.884050884746068e-06
208 -6.062358306928092e-06
209 -5.7618949024301235e-06
210 -6.146256174991193e-06
211 -6.224082340397553e-06
212 -6.054176333209561e-06
213 -6.373664168120924e-06
214 -5.9478150800415e-06
215 -6.242886349580818e-06
216 -5.956387738391294e-06
217 -5.750985708394825e-06
218 -6.200663841840522e-06
219 -5.61290724968815e-06
220 -6.095491163316231e-06
221 -5.827112829771451e-06
222 -6.078232895338621e-06
223 -5.647310824928937e-06
224 -5.821762553470579e-06
225 -5.917757606892405e-06
226 -6.032191492442849e-06
227 -5.710317262708532e-06
228 -5.9131888957769414e-06
229 -5.881028827685883e-06
230 -5.825088581087361e-06
231 -5.819096359712913e-06
232 -5.694204435607966e-06
233 -6.47186940938756e-06
234 -5.825506424462655e-06
235 -5.781081812081318e-06
236 -5.986063044484683e-06
237 -6.144984909914727e-06
238 -5.687648111857631e-06
239 -5.794898086219035e-06
240 -5.804593764546556e-06
241 -6.0050383363435534e-06
242 -5.686798810278132e-06
243 -5.954815643328854e-06
244 -6.024457122139788e-06
245 -5.732009229651695e-06
246 -6.218935012167291e-06
247 -6.222735250596486e-06
248 -5.8966996218405066e-06
249 -6.1543790899056525e-06
250 -5.547423760779738e-06
251 -5.792766816871708e-06
252 -5.919893255663777e-06
253 -6.157609599760819e-06
254 -6.025652557250981e-06
255 -5.688812034682024e-06
256 -5.806463805071879e-06
257 -5.9474574274559494e-06
258 -5.9086031452087245e-06
259 -6.017274565968757e-06
260 -6.119000915329303e-06
261 -5.670289878484886e-06
262 -6.033944911025478e-06
263 -5.863653018510274e-06
264 -5.962630201275441e-06
265 -5.901164879154939e-06
266 -5.983380018344315e-06
267 -6.168467714703527e-06
268 -6.033816500420697e-06
269 -5.756416843972922e-06
270 -6.197286012329662e-06
271 -5.875767882013213e-06
272 -6.128688386529756e-06
273 -6.109080393943931e-06
274 -5.804931586688366e-06
275 -5.947488333183177e-06
276 -5.8964323762276915e-06
277 -5.632660725370187e-06
278 -6.0510710984408285e-06
279 -5.613261628538514e-06
280 -6.206791329949237e-06
281 -5.982182584836892e-06
282 -5.939521929661667e-06
283 -5.961135397679111e-06
284 -5.863219839144661e-06
285 -5.750021379944641e-06
286 -5.932018873031383e-06
287 -5.8087787925865325e-06
288 -5.892573545875433e-06
289 -6.043405094486351e-06
290 -5.9977974089818724e-06
291 -5.703109964531111e-06
292 -6.110045857282514e-06
293 -5.9521196225937756e-06
294 -5.926179539753235e-06
295 -5.926887034768122e-06
296 -5.9073895975550605e-06
297 -5.9631503508500726e-06
298 -5.5105743300361404e-06
299 -6.080428109921796e-06
