0 1.1836100479210013e-06
1 1.126679865747053e-06
2 1.1429146257917553e-06
3 1.1627472689465066e-06
4 1.147972988765106e-06
5 1.1689236952343075e-06
6 1.1247899690397963e-06
7 1.135449394259411e-06
8 1.14597942551998e-06
9 1.1866376794356513e-06
10 1.1259807757214628e-06
11 1.1417170793797283e-06
12 1.1671488537453633e-06
13 1.1847716738309816e-06
14 1.1456744850390774e-06
15 1.131761786369758e-06
16 1.1421633543634298e-06
17 1.1341139312270854e-06
18 1.1580447462494276e-06
19 1.1222450265785708e-06
20 1.0885937170066723e-06
21 1.1372305100390495e-06
22 1.176782408587038e-06
23 1.1220734128745227e-06
24 1.1373058590376077e-06
25 1.156932544598106e-06
26 1.1876904645200746e-06
27 1.1472175192774672e-06
28 1.1971480235768912e-06
29 1.1788358318671327e-06
30 1.119308963330724e-06
31 1.182564918489908e-06
32 1.1782982866984375e-06
33 1.1425905790878514e-06
34 1.166731550554982e-06
35 1.1312134276678918e-06
36 1.1425032510855352e-06
37 1.1368830167702033e-06
38 1.1411651367867303e-06
39 1.1684881582482858e-06
40 1.1610733866067333e-06
41 1.160656352724951e-06
42 1.181074850556808e-06
43 1.1472496757608335e-06
44 1.152886170208988e-06
45 1.181831028567175e-06
46 1.1131973314012483e-06
47 1.1113387841242412e-06
48 1.1541394303443096e-06
49 1.1528462643988597e-06
50 1.152577706974309e-06
51 1.1578609859741281e-06
52 1.1784306546942e-06
53 1.1750667600280337e-06
54 1.1546385069436073e-06
55 1.1766338378410215e-06
56 1.174573481328369e-06
57 1.1600683347979332e-06
58 1.1501906042593433e-06
59 1.1332898321083948e-06
60 1.1896078344326586e-06
61 1.1416166819510431e-06
62 1.1455235822850286e-06
63 1.1591460742708903e-06
64 1.1398507879876086e-06
65 1.1289070567205359e-06
66 1.1794308717015194e-06
67 1.1433670677221473e-06
68 1.1586782622848594e-06
69 1.133534303899809e-06
70 1.1727204336807114e-06
71 1.1863530094093205e-06
72 1.179965150840181e-06
73 1.1489717458001474e-06
74 1.1537904242307638e-06
75 1.1721381875622953e-06
76 1.15252461991398e-06
77 1.151031806021181e-06
78 1.1734399072812315e-06
79 1.163769581197763e-06
80 1.175469290995374e-06
81 1.1577418218669542e-06
82 1.1413694562565901e-06
83 1.1947924491196997e-06
84 1.1680868692894845e-06
85 1.1641394298717674e-06
86 1.1520498716501803e-06
87 1.1133352029022008e-06
88 1.177788398531726e-06
89 1.135447072270896e-06
90 1.1728366848020721e-06
91 1.146810172732328e-06
92 1.187844475750038e-06
93 1.160034614047417e-06
94 1.138156969032188e-06
95 1.1387806833757524e-06
96 1.1776752098546682e-06
97 1.1255927378128762e-06
98 1.1751724695466644e-06
99 1.1409563756196732e-06
100 1.117766517583554e-06
101 1.1804381789359784e-06
102 1.1322833966019256e-06
103 1.1368221221534327e-06
104 1.2041389663829797e-06
105 1.1443754838874475e-06
106 1.1767191354644622e-06
107 1.1394532521831043e-06
108 1.1630530453627336e-06
109 1.1947058914343888e-06
110 1.1435631734323412e-06
111 1.1612006510959438e-06
112 1.1748397450616234e-06
113 1.1259122460663113e-06
114 1.1460472969216554e-06
115 1.1566157126993552e-06
116 1.1432409734172145e-06
117 1.1524656280891488e-06
118 1.166391323455582e-06
119 1.152474693057523e-06
120 1.177920652108997e-06
121 1.168200844956313e-06
122 1.170785126248493e-06
123 1.1794973009646494e-06
124 1.1502330004030031e-06
125 1.1227121041416825e-06
126 1.1472413864894048e-06
127 1.1315178903509132e-06
128 1.1561547669467987e-06
129 1.185681555962193e-06
130 1.1574175177114565e-06
131 1.185024714192127e-06
132 1.1760287361263044e-06
133 1.1924040607613383e-06
134 1.159052892867166e-06
135 1.1652471835055483e-06
136 1.1587906328081646e-06
137 1.162110808439872e-06
138 1.1542955778869814e-06
139 1.1735850035954688e-06
140 1.1803499819042332e-06
141 1.1614808200704603e-06
142 1.1701792451307302e-06
143 1.166450515065259e-06
144 1.1525984545856507e-06
145 1.1499417189924117e-06
146 1.1584023052239663e-06
147 1.1543709340382104e-06
148 1.1759194015590627e-06
149 1.1393230389343794e-06
150 1.1606009084799389e-06
151 1.1331683820409158e-06
152 1.1680507475246457e-06
153 1.1689629165984045e-06
154 1.1771661910327014e-06
155 1.163014208141748e-06
156 1.1301693884737251e-06
157 1.176611622454697e-06
158 1.1674977207608258e-06
159 1.1732307040031544e-06
160 1.1655629332321825e-06
161 1.1832828198766603e-06
162 1.1533864563120931e-06
163 1.1540071969464515e-06
164 1.1485406764163026e-06
165 1.144323461635987e-06
166 1.1503646526634844e-06
167 1.1634900984101078e-06
168 1.1555962554361301e-06
169 1.1598448315212357e-06
170 1.1440930053324188e-06
171 1.1396680428140221e-06
172 1.156386545476716e-06
173 1.1937382774829872e-06
174 1.1523419848074403e-06
175 1.1945013000217107e-06
176 1.172776943575732e-06
177 1.1765401508798462e-06
178 1.1511485661760815e-06
179 1.1364693219359342e-06
180 1.1715590585966113e-06
181 1.1959697488357755e-06
182 1.144591567789466e-06
183 1.1699276626047652e-06
184 1.1106118087475238e-06
185 1.1579180099154956e-06
186 1.1842094159894029e-06
187 1.154163489558812e-06
188 1.1698807568077233e-06
189 1.1602562463113253e-06
190 1.144654820646091e-06
191 1.1926664771603472e-06
192 1.1489862671009964e-06
193 1.1393429481824134e-06
194 1.13120147875584e-06
195 1.1544499990673316e-06
196 1.1462770780479048e-06
197 1.2007092086294022e-06
198 1.1947678143390352e-06
199 1.1824641958341387e-06
200 1.1885762847150556e-06
201 1.149973218969513e-06
202 1.161281680049052e-06
203 1.1697258909191511e-06
204 1.1663733917487777e-06
205 1.1584077478904532e-06
206 1.1871016632785413e-06
207 1.1726610976904782e-06
208 1.1488381915882532e-06
209 1.1616879493599871e-06
210 1.1342596678932039e-06
211 1.1371386189196802e-06
212 1.170565082321293e-06
213 1.1075918693282029e-06
214 1.144892954430513e-06
215 1.1426207046717564e-06
216 1.1624049896804763e-06
217 1.1604066744662112e-06
218 1.1342182444646969e-06
219 1.1859725085514976e-06
220 1.1239597551412298e-06
221 1.1714292085699496e-06
222 1.1449493415631854e-06
223 1.1663563146799621e-06
224 1.1597581879124753e-06
225 1.183748616612728e-06
226 1.1538969572433536e-06
227 1.159181045937452e-06
228 1.1794468623007198e-06
229 1.156161675431686e-06
230 1.160026566037074e-06
231 1.187056101658756e-06
232 1.1780588664934152e-06
233 1.1141411333734275e-06
234 1.16613787138726e-06
235 1.2041058469798012e-06
236 1.155310652698966e-06
237 1.0973563752646649e-06
238 1.1717579269617708e-06
239 1.1581996638515018e-06
240 1.1799174727489626e-06
241 1.1443202698432543e-06
242 1.1731367862393477e-06
243 1.1445609663833376e-06
244 1.143262861093325e-06
245 1.1774647786857565e-06
246 1.1105297524626385e-06
247 1.113000015666399e-06
248 1.1421626476044738e-06
249 1.1585848726884669e-06
250 1.1964070253972513e-06
251 1.1609300341521649e-06
252 1.156541842006625e-06
253 1.1601131267815756e-06
254 1.1422670092448297e-06
255 1.1853638177598403e-06
256 1.171135096597477e-06
257 1.1444920336992143e-06
258 1.1837222162832784e-06
259 1.1479771725215862e-06
260 1.1420811303734058e-06
261 1.1575576386228606e-06
262 1.1263195085955871e-06
263 1.1674895707514405e-06
264 1.1438939259319993e-06
265 1.1572654456881997e-06
266 1.1802309927234675e-06
267 1.1423813290998955e-06
268 1.1339421228510593e-06
269 1.194871872445533e-06
270 1.1378831596923577e-06
271 1.1613801895156017e-06
272 1.1606336694300892e-06
273 1.138892434221476e-06
274 1.1564251773356427e-06
275 1.1947954339074298e-06
276 1.1490705831667616e-06
277 1.1784188808024681e-06
278 1.1356122109947458e-06
279 1.2064367762901691e-06
280 1.1433872502720624e-06
281 1.1438772090374778e-06
282 1.1626254506269252e-06
283 1.1654283658747828e-06
284 1.1688337164752747e-06
285 1.1939497076255797e-06
286 1.1493958711347101e-06
287 1.1753634688183463e-06
288 1.1456309378724318e-06
289 1.1508939961914916e-06
290 1.155931490482723e-06
291 1.141576455332947e-06
292 1.138061876324416e-06
293 1.156543377996916e-06
294 1.153746570195109e-06
295 1.1352790130074286e-06
296 1.137585834969743e-06
297 1.1461134164120685e-06
298 1.1749564790051988e-06
299 1.1154633799887549e-06
