0 3.4996847108210218e-06
1 3.824778970603115e-06
2 3.832680165704586e-06
3 3.6825058361494707e-06
4 3.790721396712334e-06
5 3.6601452734192742e-06
6 3.7753483085742998e-06
7 3.858672378304625e-06
8 3.6956508131935934e-06
9 3.632689227478153e-06
10 4.0500919896659865e-06
11 3.926627824619868e-06
12 3.5199809427057045e-06
13 3.6606136276518327e-06
14 3.828582135971214e-06
15 3.927270238591278e-06
16 3.83914562578152e-06
17 3.928419879088264e-06
18 3.925615025822921e-06
19 3.9659383278256515e-06
20 4.074851099496818e-06
21 3.789474360676447e-06
22 3.6109593109397795e-06
23 3.7812731440262717e-06
24 3.90678840308113e-06
25 3.979969791340327e-06
26 3.6655150975360625e-06
27 3.7956566619667527e-06
28 3.4005143362292844e-06
29 3.6932583144960247e-06
30 4.014292208778085e-06
31 3.5375933236209483e-06
32 3.8103164697740836e-06
33 3.579157107904907e-06
34 3.7911701719072787e-06
35 3.970648511494097e-06
36 3.89575823830204e-06
37 3.73778792128267e-06
38 3.9629257289379695e-06
39 3.558094944608355e-06
40 3.7225090663054032e-06
41 3.6113775787090547e-06
42 3.643467040202909e-06
43 3.95802676646312e-06
44 3.684626619110828e-06
45 3.6228220303573182e-06
46 3.903433146402307e-06
47 4.083783420015362e-06
48 3.6732872047082663e-06
49 3.6192903885678154e-06
50 3.5548062289234328e-06
51 3.579896836508081e-06
52 3.625208009008566e-06
53 3.692604009894485e-06
54 3.6904073951944268e-06
55 3.578841420149812e-06
56 3.6064440975769604e-06
57 3.783319482319945e-06
58 3.6729138221910288e-06
59 3.82577850832914e-06
60 3.6556673472617203e-06
61 3.696156278583049e-06
62 3.907691675672577e-06
63 3.7082076628057426e-06
64 3.6299086486597233e-06
65 3.942430896264963e-06
66 3.511582985330155e-06
67 3.896719611668088e-06
68 3.657544878867287e-06
69 4.097589048712419e-06
70 3.56431997845518e-06
71 3.457601979514718e-06
72 3.5252110205264444e-06
73 3.7924578771368234e-06
74 3.877341207597302e-06
75 3.6876396891846535e-06
76 3.862076577352425e-06
77 3.731698683272449e-06
78 3.5521059684307687e-06
79 3.743628699584544e-06
80 3.7715931675859307e-06
81 3.87824329018066e-06
82 3.7297663142964127e-06
83 3.623377190498353e-06
84 3.744824071281804e-06
85 3.5885551298973247e-06
86 3.6235849395650676e-06
87 4.186213901655715e-06
88 3.471230176186551e-06
89 3.7611322097729346e-06
90 3.7159476188439104e-06
91 3.755508047124918e-06
92 3.556187758343589e-06
93 3.73319867830957e-06
94 3.781544747861939e-06
95 3.8055651914672235e-06
96 3.7319145892901466e-06
97 3.977873372357541e-06
98 3.4992295505666758e-06
99 3.7176859386833413e-06
100 4.00889909011382e-06
101 3.808403416170139e-06
102 3.933673492721228e-06
103 3.7418309731235634e-06
104 3.463317036282332e-06
105 3.799111174164666e-06
106 3.7018303118944658e-06
107 3.737789415855514e-06
108 3.7469260466182776e-06
109 3.636865421361734e-06
110 3.7439633657386962e-06
111 3.6018774403235116e-06
112 3.56826143111183e-06
113 3.761392998043203e-06
114 3.792597398039472e-06
115 3.663010884703589e-06
116 3.831432309291294e-06
117 3.784169643286446e-06
118 3.462837312569217e-06
119 3.818689323157633e-06
120 3.5288707723660043e-06
121 3.817444636449591e-06
122 3.5729735734889503e-06
123 3.579895689482623e-06
124 3.7546205516270468e-06
125 4.01962862875688e-06
126 3.7193125523571827e-06
127 4.012800549641007e-06
128 3.6177556852565807e-06
129 3.6429673468892017e-06
130 3.91721453516928e-06
131 3.4987936537389884e-06
132 3.662453029280598e-06
133 3.4151913470682675e-06
134 3.6898390227915613e-06
135 3.6583971439939973e-06
136 3.685702405282695e-06
137 3.848551078568249e-06
138 3.843562477725058e-06
139 3.640813877405569e-06
140 3.4212773503179567e-06
141 3.843349455429391e-06
142 3.4221410700423617e-06
143 3.67511027048931e-06
144 3.7364219342970346e-06
145 3.871935503210807e-06
146 3.885446412896787e-06
147 3.855123715941766e-06
148 3.581117739982142e-06
149 3.886663811800708e-06
150 3.72392101843993e-06
151 3.919994112134372e-06
152 3.6705955030797998e-06
153 3.6703268421505444e-06
154 3.6799949749544982e-06
155 3.811197869525651e-06
156 3.727814713282539e-06
157 3.5521784694317304e-06
158 3.6380049187320757e-06
159 3.777479407577007e-06
160 3.772178447322845e-06
161 3.481477386459813e-06
162 3.876305811589496e-06
163 3.871560073136202e-06
164 3.7916355703770863e-06
165 3.9746394563004434e-06
166 3.6068223143072855e-06
167 3.6916144516294763e-06
168 3.864779484409297e-06
169 3.6821091365250147e-06
170 4.105154528629747e-06
171 3.869803025576225e-06
172 3.7344544205545697e-06
173 3.4959936200834724e-06
174 3.576982413952256e-06
175 3.4221028062234e-06
176 3.7994192262882297e-06
177 3.6762027052892503e-06
178 3.8518993224758e-06
179 3.852717909532211e-06
180 3.651429675260017e-06
181 3.449809824383774e-06
182 3.706510793985204e-06
183 3.789105974443119e-06
184 3.9383210676590335e-06
185 3.8042038120111302e-06
186 3.574565276679188e-06
187 3.719407896299376e-06
188 3.7760778926795796e-06
189 3.7424093248681176e-06
190 3.7993842569534297e-06
191 3.615944077837399e-06
192 3.828241251530165e-06
193 3.927712643271549e-06
194 3.928197846614372e-06
195 3.702413448043435e-06
196 4.0470492281496485e-06
197 3.540732057917742e-06
198 3.6443465401178357e-06
199 3.371885831541492e-06
200 3.4978680846076266e-06
201 3.680746415700888e-06
202 3.947799839296089e-06
203 3.747622460627062e-06
204 3.579764718062877e-06
205 3.637120904080447e-06
206 3.5018624699841854e-06
207 3.6657472080058416e-06
208 3.722831244401855e-06
209 3.667969294296728e-06
210 4.028547177536392e-06
211 4.0371259096854255e-06
212 3.8222397522086655e-06
213 4.1152349630798285e-06
214 3.822214419515588e-06
215 4.023341035167894e-06
216 3.68474713714331e-06
217 3.5826477466486104e-06
218 3.950756087342009e-06
219 3.4650485603873793e-06
220 3.866775713411042e-06
221 3.513833104853423e-06
222 3.918580926200011e-06
223 3.626025122956738e-06
224 3.7363658355019295e-06
225 3.7977203156440684e-06
226 3.8027283984019954e-06
227 3.6828283760063614e-06
228 3.6747090271667304e-06
229 3.865982730438752e-06
230 3.687878888292725e-06
231 3.6858121940255024e-06
232 3.6228890550219613e-06
233 4.097760158242554e-06
234 3.854356304808017e-06
235 3.495779743619298e-06
236 3.916908413984997e-06
237 4.0647545287753916e-06
238 3.5828426625732132e-06
239 3.714976588677076e-06
240 3.5878434490989323e-06
241 3.893953661475037e-06
242 3.5630468503691902e-06
243 3.653904458192499e-06
244 3.947660583615051e-06
245 3.6121634555414806e-06
246 3.988960836329227e-06
247 4.058206495218553e-06
248 3.865730362044124e-06
249 3.920631579450117e-06
250 3.4243919115692305e-06
251 3.5851210382743667e-06
252 3.765524302044441e-06
253 3.890637018523803e-06
254 3.755528932973098e-06
255 3.418934001245337e-06
256 3.5707378241685667e-06
257 3.850433805016081e-06
258 3.633037403433124e-06
259 3.7131618298266607e-06
260 4.01549923016798e-06
261 3.654390503351795e-06
262 3.903756986117298e-06
263 3.6356780122910745e-06
264 3.6980049753383862e-06
265 3.705196183031376e-06
266 3.6918073084012067e-06
267 3.907009828555048e-06
268 3.888091835870474e-06
269 3.655283804736145e-06
270 3.836412601274767e-06
271 3.766337958846673e-06
272 3.7275722245609418e-06
273 3.952005351449186e-06
274 3.7673513416606913e-06
275 3.6563899151607306e-06
276 3.895463638634941e-06
277 3.6050744058102258e-06
278 3.898190538993321e-06
279 3.506344025954626e-06
280 3.914032371522222e-06
281 3.988515004378691e-06
282 3.7779263634452737e-06
283 3.9258184435352705e-06
284 3.728870992805747e-06
285 3.6145793717715067e-06
286 3.791089629315583e-06
287 3.58453985824362e-06
288 3.7947359139451384e-06
289 3.7391863198016465e-06
290 3.983749707669258e-06
291 3.715402086796059e-06
292 3.898880880198273e-06
293 3.872074418726713e-06
294 3.764146413700836e-06
295 3.8046809360955263e-06
296 3.6759281617251375e-06
297 3.8397278843654276e-06
298 3.5179637610634413e-06
299 3.960650005459288e-06
