0 5.694402929709613e-07
1 5.433771336946572e-07
2 5.282325200917741e-07
3 5.514707142013061e-07
4 5.400555865058266e-07
5 5.742904300611834e-07
6 5.390456820439611e-07
7 5.613109033722508e-07
8 5.396544681431498e-07
9 5.840118390299122e-07
10 5.506737890428752e-07
11 5.350091221272067e-07
12 5.665573925564715e-07
13 5.651468099196105e-07
14 5.499431631835808e-07
15 5.240834526479316e-07
16 5.241372574834839e-07
17 5.468502070464294e-07
18 5.642748856330699e-07
19 5.37897739075309e-07
20 5.278980903375124e-07
21 5.062902186107304e-07
22 5.38158532223445e-07
23 5.388977606756752e-07
24 5.494192941075707e-07
25 5.817933779142811e-07
26 5.72383402127609e-07
27 5.559683091534017e-07
28 5.786592456073383e-07
29 5.683273154917582e-07
30 5.473968414530753e-07
31 5.631504795549394e-07
32 5.686512425225254e-07
33 5.540962994782531e-07
34 5.674201137730368e-07
35 5.686215972319492e-07
36 5.350533774314754e-07
37 5.67601223876323e-07
38 5.650599996630092e-07
39 5.765654667048351e-07
40 5.564644713603588e-07
41 5.390929108925844e-07
42 5.734892162213466e-07
43 5.441429685203522e-07
44 5.319343599075943e-07
45 5.826404062448148e-07
46 5.251544804695288e-07
47 5.312270093227923e-07
48 5.647398287667154e-07
49 5.497809624657282e-07
50 5.828283754681254e-07
51 5.700136200916036e-07
52 5.737598311562603e-07
53 5.759679642934891e-07
54 5.493053617165455e-07
55 5.410632261891225e-07
56 5.478125120879228e-07
57 5.839277773742216e-07
58 5.562364977454978e-07
59 5.489927319961268e-07
60 6.134111961443668e-07
61 5.258342718609207e-07
62 5.441864170383116e-07
63 5.663395274592473e-07
64 5.354021041951261e-07
65 5.480046840590238e-07
66 5.673729810627249e-07
67 5.335298698407553e-07
68 5.714122956141435e-07
69 5.389979910458061e-07
70 5.429339624969344e-07
71 5.805032664267388e-07
72 5.38173770257829e-07
73 5.292348577150615e-07
74 5.706653387942302e-07
75 5.484420011753305e-07
76 5.694461613486361e-07
77 5.756495456099949e-07
78 5.571639807783219e-07
79 5.47079973650371e-07
80 5.624739128391616e-07
81 5.510158166281355e-07
82 5.71483450367178e-07
83 5.956910601292904e-07
84 5.808582586902297e-07
85 5.729784046588932e-07
86 5.609930916540663e-07
87 5.155057622197443e-07
88 5.52657076518048e-07
89 5.71375379938914e-07
90 5.773932603889253e-07
91 5.826997912082868e-07
92 5.851996505236017e-07
93 5.747097850836559e-07
94 5.222916747308111e-07
95 5.564929232015055e-07
96 6.049497600740419e-07
97 5.756793236331003e-07
98 5.795130170296371e-07
99 5.182040309217055e-07
100 5.1445696829623e-07
101 6.042951667696606e-07
102 5.116204525464637e-07
103 5.434831323371677e-07
104 5.955462572729641e-07
105 5.514502666003986e-07
106 5.891073860860148e-07
107 5.488985843367072e-07
108 5.465073652452703e-07
109 6.034707434670097e-07
110 5.333216032759198e-07
111 5.584658813990541e-07
112 5.742955789782867e-07
113 5.537770882182906e-07
114 5.340130254190961e-07
115 5.677337870902068e-07
116 5.641174779297521e-07
117 5.489824772659487e-07
118 5.63771096421032e-07
119 5.399085924016205e-07
120 5.320422830821489e-07
121 5.643489567031335e-07
122 5.631328148673266e-07
123 5.339707264483308e-07
124 5.633821281132704e-07
125 5.351181483347657e-07
126 5.635380980769854e-07
127 5.423949524999788e-07
128 5.592681051253915e-07
129 6.005827314402983e-07
130 5.692126940534529e-07
131 5.659204793471325e-07
132 5.530124156131395e-07
133 5.957081959803131e-07
134 5.569084288866247e-07
135 5.622765660411462e-07
136 5.722000623276453e-07
137 5.745112342962161e-07
138 5.459914393321597e-07
139 5.572856557864743e-07
140 5.783463283629828e-07
141 5.568267743894161e-07
142 5.538554279823729e-07
143 5.546587858261835e-07
144 5.608422558049219e-07
145 5.527210740434349e-07
146 5.51364065924998e-07
147 5.724401627532721e-07
148 5.646263553135631e-07
149 5.587377605537372e-07
150 5.384198316905366e-07
151 5.309239703731009e-07
152 5.723416439493907e-07
153 5.533120880992408e-07
154 5.701170435290836e-07
155 5.474231861533623e-07
156 5.392650591245522e-07
157 5.312776739812779e-07
158 5.636936967962604e-07
159 5.600003712957759e-07
160 5.516758041071834e-07
161 5.666609866118868e-07
162 5.590128995865459e-07
163 5.610985483180047e-07
164 5.364770625013206e-07
165 5.528246115277746e-07
166 5.394987406409337e-07
167 5.755376248970316e-07
168 5.567443636299168e-07
169 5.563431866295909e-07
170 5.699045931597294e-07
171 5.472375268645772e-07
172 5.80183402052964e-07
173 5.856667225948034e-07
174 5.544010706731296e-07
175 5.811419987105618e-07
176 5.392349707120178e-07
177 5.735148368818344e-07
178 5.891003776439336e-07
179 5.49858765886805e-07
180 6.104994756434065e-07
181 5.953317013843107e-07
182 5.564025547500856e-07
183 5.495470255789364e-07
184 5.359353157473613e-07
185 5.527707149422906e-07
186 5.821349011186736e-07
187 5.554163794048313e-07
188 5.632114287508018e-07
189 5.852810968241453e-07
190 5.609162092854812e-07
191 6.007226676307167e-07
192 5.667213501982309e-07
193 5.525901691319349e-07
194 5.284885212723669e-07
195 5.72195827832286e-07
196 5.687330960183938e-07
197 5.624539765612091e-07
198 6.130902377433292e-07
199 5.469847997753952e-07
200 5.878512668588099e-07
201 5.194834644615701e-07
202 5.377957230586229e-07
203 5.539450495726511e-07
204 5.638881782701654e-07
205 5.501957592107914e-07
206 5.816888798595515e-07
207 5.720030896074229e-07
208 5.619475607932231e-07
209 5.681924480552405e-07
210 5.427830611124948e-07
211 5.548152987706918e-07
212 5.604908670672722e-07
213 5.459317454199463e-07
214 5.433087993721395e-07
215 5.548312899406906e-07
216 5.730961496787137e-07
217 5.666337294219062e-07
218 5.562543434733451e-07
219 5.436434970004892e-07
220 5.288856151075709e-07
221 5.769807720876179e-07
222 5.662213554999065e-07
223 5.450317657987358e-07
224 5.622427051965074e-07
225 5.798426644500505e-07
226 5.672907676693715e-07
227 5.380297381603894e-07
228 6.030040442487572e-07
229 5.671902676880036e-07
230 5.477894078999126e-07
231 6.006220412566207e-07
232 5.771715895408945e-07
233 5.512659292833437e-07
234 5.647963211956493e-07
235 5.8860991888248e-07
236 5.579524575944793e-07
237 4.991452746301115e-07
238 5.704030448802155e-07
239 5.66867932263444e-07
240 5.81660850263297e-07
241 5.674869022168139e-07
242 5.722823728345016e-07
243 5.5158756861423e-07
244 5.406596446732488e-07
245 5.848154483584534e-07
246 5.5901137994154e-07
247 5.289505674507311e-07
248 5.337935233117468e-07
249 5.859030266499211e-07
250 5.872642935613217e-07
251 5.84183079342222e-07
252 5.469887104810888e-07
253 5.807056197740705e-07
254 5.682476988791915e-07
255 5.848861943809165e-07
256 5.536533492326643e-07
257 5.688630971310877e-07
258 5.94000013085884e-07
259 5.807216033066625e-07
260 5.540343938429494e-07
261 5.351112438948105e-07
262 5.453364017776286e-07
263 5.820965788647237e-07
264 5.650338861919753e-07
265 5.365994227449634e-07
266 6.000631830318611e-07
267 5.549109634894654e-07
268 5.550279328915096e-07
269 5.898743710399901e-07
270 5.368563805986143e-07
271 5.636917212975149e-07
272 5.653997295047467e-07
273 5.358801236058982e-07
274 5.617804563411353e-07
275 5.800965106091649e-07
276 5.475334537280107e-07
277 5.469453932636251e-07
278 5.60087745748562e-07
279 5.726677508258649e-07
280 5.5691243716118e-07
281 5.277933412678292e-07
282 5.652125142776316e-07
283 5.586829916591009e-07
284 5.460844825585551e-07
285 5.930679456236902e-07
286 5.482822580212256e-07
287 5.92279925803861e-07
288 5.37236303494379e-07
289 5.775022432169651e-07
290 5.506536821699683e-07
291 5.333868710615215e-07
292 5.533174619810379e-07
293 5.452473094017431e-07
294 5.4092302739216e-07
295 5.401054289319578e-07
296 5.715258985092226e-07
297 5.464834386466805e-07
298 5.687244558757924e-07
299 5.047105894779612e-07
