0 4.818857512356408e-06
1 5.115569797700079e-06
2 4.855258956928029e-06
3 4.919938269500108e-06
4 4.972791314836729e-06
5 5.042031656055478e-06
6 5.0533009658769565e-06
7 5.223241887946673e-06
8 5.051274782146359e-06
9 4.9327133439512875e-06
10 5.117191484858958e-06
11 5.216452181351651e-06
12 4.872140371588075e-06
13 4.8261394580359075e-06
14 5.01316152312248e-06
15 5.052172147509783e-06
16 5.138932476260555e-06
17 5.200183104579289e-06
18 5.092524133759279e-06
19 5.1633423547279455e-06
20 5.441816548394175e-06
21 4.832736487576757e-06
22 4.673304100492252e-06
23 5.1817347525659355e-06
24 5.254951730244848e-06
25 5.190676877224632e-06
26 4.764866328407359e-06
27 5.048357666187053e-06
28 4.6597254222955295e-06
29 4.845759302885807e-06
30 5.360401969307648e-06
31 4.7275344290300946e-06
32 4.823664885457321e-06
33 4.851794971039592e-06
34 5.090027094931931e-06
35 5.263885221489709e-06
36 5.215494264900694e-06
37 5.257137684759542e-06
38 5.3608936043187765e-06
39 4.800398259079071e-06
40 5.054636137725473e-06
41 4.7015790483798005e-06
42 4.9228411174904e-06
43 5.113107526296394e-06
44 4.8613060339300385e-06
45 4.908345575572631e-06
46 5.200336192338245e-06
47 5.385206713730217e-06
48 4.884700286652506e-06
49 4.730691326140116e-06
50 4.913508171422433e-06
51 5.041615693003955e-06
52 4.928879935696593e-06
53 4.9738376127139e-06
54 4.957129376893635e-06
55 4.599193984912193e-06
56 4.821643272028347e-06
57 5.177765241397433e-06
58 4.987473952177332e-06
59 5.340618086603483e-06
60 4.788906403877803e-06
61 4.9089480173102586e-06
62 4.88180220721953e-06
63 4.9477600495177045e-06
64 4.9733359295917276e-06
65 5.17656903837218e-06
66 4.628508987956694e-06
67 5.274367351905275e-06
68 4.741990637875601e-06
69 5.1707530060105385e-06
70 4.93717009727196e-06
71 4.786552339122661e-06
72 4.6837949243674875e-06
73 4.9284093083684614e-06
74 5.016980507675425e-06
75 4.814690468712778e-06
76 5.113969217377585e-06
77 4.86152062148813e-06
78 4.710725758062028e-06
79 4.6761625576902444e-06
80 4.976786074697065e-06
81 5.136978821639709e-06
82 5.0320226595107435e-06
83 4.978138281414129e-06
84 5.119737138278361e-06
85 5.032935272377058e-06
86 4.860858007019755e-06
87 5.419523309085467e-06
88 4.683383544014786e-06
89 5.166585422382607e-06
90 4.965030243633662e-06
91 4.864816721198234e-06
92 4.675046883055578e-06
93 4.932280421767106e-06
94 5.076562832016795e-06
95 5.1090271350235284e-06
96 4.897239710387556e-06
97 5.249467434890945e-06
98 4.497865978607261e-06
99 4.899965493682215e-06
100 5.384755867098082e-06
101 4.9721748437365145e-06
102 4.994481680524393e-06
103 5.04654380233321e-06
104 4.724615322435389e-06
105 5.067881351197119e-06
106 5.1767154757906555e-06
107 4.945362990729626e-06
108 4.979901388427229e-06
109 4.628531559257579e-06
110 5.07197957895584e-06
111 4.7210949521734045e-06
112 4.7545393669010235e-06
113 5.153849167648782e-06
114 4.9137649523429105e-06
115 5.0623274185984075e-06
116 4.990983393814194e-06
117 4.981381260458556e-06
118 4.797526830292834e-06
119 5.020214920045433e-06
120 4.81201352937595e-06
121 5.135854289177516e-06
122 4.928903517601978e-06
123 4.4925387024370594e-06
124 5.046442501803494e-06
125 5.384860419235092e-06
126 4.971349753116707e-06
127 5.37514195465917e-06
128 4.845639968328145e-06
129 4.835259537918231e-06
130 5.121313758574829e-06
131 4.501712124139219e-06
132 4.815181599992111e-06
133 4.660808044581419e-06
134 5.178683523939834e-06
135 5.0289267206370626e-06
136 4.99050162136099e-06
137 5.1185849461629884e-06
138 4.9154482015151225e-06
139 4.834773999010232e-06
140 4.6403330350039785e-06
141 5.027563116453801e-06
142 4.593454052901144e-06
143 5.064678279489008e-06
144 4.967411307019279e-06
145 4.955746909101657e-06
146 5.251410875716019e-06
147 4.831943460368045e-06
148 4.952516118776341e-06
149 5.291005223446996e-06
150 4.9455702154582505e-06
151 5.18372005574433e-06
152 5.044360327160987e-06
153 4.952989949440355e-06
154 4.744641724591779e-06
155 4.97202779368959e-06
156 5.070523283805311e-06
157 4.509938377288518e-06
158 4.8192632570270345e-06
159 4.829157687266465e-06
160 4.800729840328033e-06
161 4.701810407839107e-06
162 4.9598103487074845e-06
163 4.950423663055598e-06
164 5.099764707074956e-06
165 5.007149415307634e-06
166 4.933924599177423e-06
167 4.964700321645881e-06
168 5.3247707595561345e-06
169 4.921310852383788e-06
170 5.2702683147526e-06
171 4.943230754328016e-06
172 5.122935796372883e-06
173 4.8217881236293975e-06
174 4.903539347807586e-06
175 4.7214769028018775e-06
176 4.997686375623916e-06
177 4.8236860896658e-06
178 5.141139453281559e-06
179 5.2017180758999676e-06
180 4.939272908333285e-06
181 4.536331036145924e-06
182 5.004825763753823e-06
183 4.88194783278692e-06
184 5.399583065708475e-06
185 5.110900321403554e-06
186 4.942507825477613e-06
187 5.043001031786674e-06
188 4.9734945712422106e-06
189 5.07128463911521e-06
190 5.094252101670974e-06
191 4.830141800270239e-06
192 5.062862668653446e-06
193 5.135076939349856e-06
194 5.244241766839105e-06
195 5.040584716381934e-06
196 5.320551817084168e-06
197 4.68149924532794e-06
198 4.8544358501688135e-06
199 4.598309564515584e-06
200 4.674075778318962e-06
201 5.000579570574463e-06
202 5.08716013071914e-06
203 4.848736669774375e-06
204 4.93581866303522e-06
205 4.921386908497127e-06
206 4.558028103688584e-06
207 4.9420757650383364e-06
208 5.1437953697718565e-06
209 4.817884729075534e-06
210 5.2595290623242755e-06
211 5.233679762607485e-06
212 5.105252404082245e-06
213 5.371045986881425e-06
214 5.054900144249898e-06
215 5.216230205792402e-06
216 5.029884099346475e-06
217 4.903202043634365e-06
218 5.3005762325557035e-06
219 4.664925609496374e-06
220 5.248953206154526e-06
221 4.8240481357773515e-06
222 5.080507441316727e-06
223 4.746305264389987e-06
224 4.873593931117854e-06
225 4.7984781186887525e-06
226 5.13895585859224e-06
227 4.931556319304455e-06
228 4.902668949459491e-06
229 4.932271687459208e-06
230 4.893173043058017e-06
231 4.778043654968028e-06
232 4.769366032305646e-06
233 5.472751748529252e-06
234 4.810882422077513e-06
235 4.799861890241468e-06
236 5.004934038242174e-06
237 5.3117627396843265e-06
238 4.8066718726697884e-06
239 4.877943670018673e-06
240 4.849683679844526e-06
241 5.110748152314744e-06
242 4.805469947900779e-06
243 4.985568275127233e-06
244 5.006986001798193e-06
245 4.706649624126513e-06
246 5.394654284205497e-06
247 5.421662428837328e-06
248 5.060783468093753e-06
249 5.179952471355982e-06
250 4.61121199665146e-06
251 4.878502289765426e-06
252 4.995737654107971e-06
253 5.122145702679432e-06
254 5.155652130758215e-06
255 4.778180511502234e-06
256 4.928025710621102e-06
257 5.046163344352612e-06
258 4.993955588107099e-06
259 5.011618288203024e-06
260 5.17052268682449e-06
261 4.757731255330545e-06
262 5.116197898092691e-06
263 4.9180085753565226e-06
264 5.069181777719085e-06
265 5.107052508768247e-06
266 4.901672999693734e-06
267 5.210300315816635e-06
268 5.1526977139282095e-06
269 4.881771020066356e-06
270 5.280174066869454e-06
271 4.960176918588026e-06
272 5.133843548709701e-06
273 5.221899774800455e-06
274 4.840711905217419e-06
275 4.94686046374304e-06
276 4.904950646566788e-06
277 4.692794799285178e-06
278 5.072237726706997e-06
279 4.68719832813508e-06
280 5.243177423658053e-06
281 5.037665353716355e-06
282 5.007465743868805e-06
283 4.940747190861174e-06
284 4.9623335986478676e-06
285 4.727598012516624e-06
286 5.023975749724616e-06
287 4.909280794072275e-06
288 4.96929193295588e-06
289 5.126191888380914e-06
290 4.930420580054395e-06
291 4.7898771800035155e-06
292 5.190580462141221e-06
293 4.986475755537126e-06
294 5.028068317202393e-06
295 5.00537167929068e-06
296 4.985557394753484e-06
297 4.975161294017707e-06
298 4.580150391680485e-06
299 5.18695358835637e-06
