0 2.562638457840362e-06
1 2.5384048078283727e-06
2 2.738059004561744e-06
3 2.593284799130521e-06
4 2.5964141698509736e-06
5 2.5465160279445136e-06
6 2.584105916475313e-06
7 2.5642696273767655e-06
8 2.481221793185944e-06
9 2.5836482926274523e-06
10 2.710235616480163e-06
11 2.560847750651759e-06
12 2.5416191934731755e-06
13 2.6797639107111264e-06
14 2.631135906794297e-06
15 2.707061752600476e-06
16 2.5654086744061116e-06
17 2.5633161719264236e-06
18 2.659588499512388e-06
19 2.615397241385098e-06
20 2.5488826006743816e-06
21 2.6908637410684526e-06
22 2.7046070293668583e-06
23 2.4770106711351484e-06
24 2.532765511256139e-06
25 2.640122026414886e-06
26 2.7310370064627603e-06
27 2.5405978489397688e-06
28 2.5994835369339074e-06
29 2.6487961554613916e-06
30 2.5147665602170288e-06
31 2.641338549229227e-06
32 2.7562238809312642e-06
33 2.565504311382085e-06
34 2.5542447697799396e-06
35 2.5563606414040826e-06
36 2.546717287180112e-06
37 2.4648614077384795e-06
38 2.5219746215082243e-06
39 2.6021291655893688e-06
40 2.540632126039653e-06
41 2.6470739195503753e-06
42 2.542292662993757e-06
43 2.6695909108114767e-06
44 2.6390390771613977e-06
45 2.577215196245188e-06
46 2.5089851379170116e-06
47 2.5157646931274385e-06
48 2.6166343856355608e-06
49 2.6493422810435343e-06
50 2.5534496174680737e-06
51 2.449128095742922e-06
52 2.564945925375226e-06
53 2.5828453147108837e-06
54 2.5909108201376025e-06
55 2.7537452412821053e-06
56 2.6371120402754616e-06
57 2.5255099097383955e-06
58 2.5079693154077965e-06
59 2.4206593671469734e-06
60 2.7068086587096695e-06
61 2.565349028291288e-06
62 2.7375638532571697e-06
63 2.598795966929289e-06
64 2.511994541774798e-06
65 2.5971332241579224e-06
66 2.685182027694595e-06
67 2.5271378951440776e-06
68 2.6820590696690605e-06
69 2.696482792405001e-06
70 2.5094048286565236e-06
71 2.5734632562022216e-06
72 2.6908046188027574e-06
73 2.6675378211696003e-06
74 2.628749703030033e-06
75 2.692319394973596e-06
76 2.5945798614016446e-06
77 2.6612357050442425e-06
78 2.5873606721738493e-06
79 2.7989166941357754e-06
80 2.6999884261526744e-06
81 2.5856199948382337e-06
82 2.516436681274408e-06
83 2.5847467808719585e-06
84 2.556715206350901e-06
85 2.484181119390434e-06
86 2.61574602692182e-06
87 2.5858962446705714e-06
88 2.630146761174929e-06
89 2.4833611632137416e-06
90 2.628812658487964e-06
91 2.669011866105691e-06
92 2.6675497290425915e-06
93 2.6646103186495127e-06
94 2.5798805850498757e-06
95 2.5637763609941657e-06
96 2.6703924181567215e-06
97 2.5540795946939056e-06
98 2.7847405030422986e-06
99 2.5845263373171674e-06
100 2.4750906436841153e-06
101 2.6746995816074607e-06
102 2.699511084130718e-06
103 2.5434114875212246e-06
104 2.643633623026123e-06
105 2.5856459606799702e-06
106 2.5368712329872906e-06
107 2.603197333239981e-06
108 2.607147415324288e-06
109 2.81499144049175e-06
110 2.5068631937959267e-06
111 2.6534286438790293e-06
112 2.6726459707703427e-06
113 2.4957461477410766e-06
114 2.6990105100251096e-06
115 2.517966129033315e-06
116 2.578470168856077e-06
117 2.5986104042639728e-06
118 2.526241981963151e-06
119 2.6417642405616812e-06
120 2.623055386094528e-06
121 2.5630381012997276e-06
122 2.548769470473336e-06
123 2.817822808131296e-06
124 2.5402978868448233e-06
125 2.5079286995252157e-06
126 2.6165327504255793e-06
127 2.524332421689325e-06
128 2.635376852662264e-06
129 2.636364355102655e-06
130 2.644382486905297e-06
131 2.751643092632334e-06
132 2.6610207554382926e-06
133 2.6288558670496383e-06
134 2.4411074893491925e-06
135 2.520300826340031e-06
136 2.552059627124987e-06
137 2.615086984305016e-06
138 2.7052341163773058e-06
139 2.6440022416532013e-06
140 2.6137483163836665e-06
141 2.6151914407976978e-06
142 2.6064425703976246e-06
143 2.5403079453683505e-06
144 2.60549993869421e-06
145 2.676984679779412e-06
146 2.533002797802954e-06
147 2.7942958669061725e-06
148 2.5668169427599787e-06
149 2.5090513035149248e-06
150 2.6197905419405024e-06
151 2.5256622936944016e-06
152 2.5167959531859583e-06
153 2.6103020553488088e-06
154 2.70764441106819e-06
155 2.6710656799803765e-06
156 2.509735833957969e-06
157 2.793470187610046e-06
158 2.670986374323413e-06
159 2.714863178152776e-06
160 2.7434137800550265e-06
161 2.603797239346259e-06
162 2.6871299226179978e-06
163 2.6968683292431503e-06
164 2.5296074963688163e-06
165 2.774521992298749e-06
166 2.5763456428188238e-06
167 2.54641746736008e-06
168 2.4213957811635774e-06
169 2.6107467686556413e-06
170 2.6537385879323097e-06
171 2.6912137626313334e-06
172 2.4865603960736067e-06
173 2.579955606766378e-06
174 2.5367706605891943e-06
175 2.5660915815621514e-06
176 2.6814158234116163e-06
177 2.634802474389959e-06
178 2.569010960393211e-06
179 2.4604373305171397e-06
180 2.573704065157105e-06
181 2.768348633934175e-06
182 2.530753954448341e-06
183 2.711375568082903e-06
184 2.4627004694820253e-06
185 2.577544143601167e-06
186 2.547684294302434e-06
187 2.5208066919976243e-06
188 2.655338161531383e-06
189 2.570113665196745e-06
190 2.542218656821918e-06
191 2.6578279807820702e-06
192 2.6495172936967512e-06
193 2.599987039627716e-06
194 2.5238208720178984e-06
195 2.4969821970262416e-06
196 2.5769776066986526e-06
197 2.6803756979229043e-06
198 2.672687474111513e-06
199 2.6092219372234174e-06
200 2.6166265161571912e-06
201 2.515099592950199e-06
202 2.664385344417011e-06
203 2.698104425753697e-06
204 2.567163894522484e-06
205 2.544502271033124e-06
206 2.7227556755531712e-06
207 2.590540656452755e-06
208 2.474729867598729e-06
209 2.652293743906495e-06
210 2.556622215389551e-06
211 2.6057800531434e-06
212 2.5808672714339664e-06
213 2.5659890128881365e-06
214 2.627243531116945e-06
215 2.6449204793124977e-06
216 2.567719544317944e-06
217 2.514263760856869e-06
218 2.545362950829101e-06
219 2.6605041002026203e-06
220 2.507703456671077e-06
221 2.5994806657640016e-06
222 2.662229675501783e-06
223 2.6518163380012286e-06
224 2.6582214812622373e-06
225 2.7652159516203633e-06
226 2.4947769602811066e-06
227 2.596628910702416e-06
228 2.6339640054145683e-06
229 2.683387688259924e-06
230 2.613266100019509e-06
231 2.7131807839264656e-06
232 2.6909924867117887e-06
233 2.494783726612249e-06
234 2.792070191645933e-06
235 2.5963457486463822e-06
236 2.7181615505663107e-06
237 2.5262058644294145e-06
238 2.6159570728370203e-06
239 2.617130939407769e-06
240 2.6096905979773624e-06
241 2.62568728681222e-06
242 2.6070286269509335e-06
243 2.5174671874177703e-06
244 2.716466059230227e-06
245 2.7247669767418757e-06
246 2.4334569926876886e-06
247 2.5044571506603982e-06
248 2.575781512142896e-06
249 2.6334243400818855e-06
250 2.649347762165933e-06
251 2.5775927879161422e-06
252 2.628886705375736e-06
253 2.625927345300939e-06
254 2.44496907302294e-06
255 2.5165820631516867e-06
256 2.540802372711273e-06
257 2.6363712127817107e-06
258 2.5680535475890023e-06
259 2.599929721622967e-06
260 2.6384541197839776e-06
261 2.691263686230361e-06
262 2.5634738390193324e-06
263 2.5667353166074007e-06
264 2.546342036788588e-06
265 2.4851909691709834e-06
266 2.6957334802803685e-06
267 2.5734197977518946e-06
268 2.5772129178813617e-06
269 2.6006715737992417e-06
270 2.480441608300298e-06
271 2.6214100334456332e-06
272 2.4877933339553884e-06
273 2.584054546439734e-06
274 2.6810708650744996e-06
275 2.6285485924323925e-06
276 2.7342463999961237e-06
277 2.6881755230393466e-06
278 2.665460206244499e-06
279 2.6511865609898894e-06
280 2.554483967791368e-06
281 2.6668616356111107e-06
282 2.628943090499337e-06
283 2.7179276898507512e-06
284 2.6227331345115046e-06
285 2.6866426360587272e-06
286 2.615474981346553e-06
287 2.5686509024668105e-06
288 2.6270620266681895e-06
289 2.482214331691738e-06
290 2.7871852534741033e-06
291 2.6707522197796713e-06
292 2.5786521901892157e-06
293 2.6849362804288636e-06
294 2.6007851122570414e-06
295 2.58407110720983e-06
296 2.5360174909802404e-06
297 2.6907515027567966e-06
298 2.706767272665725e-06
299 2.6155954030954584e-06
