0 -8.782872696701574e-06
1 -8.868889610537326e-06
2 -8.699629436698292e-06
3 -8.714669322053151e-06
4 -8.690580853930589e-06
5 -9.056243407902921e-06
6 -8.929319092924882e-06
7 -9.167163175953422e-06
8 -8.759565837309474e-06
9 -8.848845547142962e-06
10 -8.813846867106115e-06
11 -8.967372540044004e-06
12 -8.892747603517779e-06
13 -8.801193302398205e-06
14 -8.784327395647132e-06
15 -8.919140771027012e-06
16 -8.93506130998076e-06
17 -9.007734170212343e-06
18 -8.855940675664698e-06
19 -8.916914325927115e-06
20 -9.303700257927022e-06
21 -8.61980843720977e-06
22 -8.555612173042468e-06
23 -8.997400327981467e-06
24 -9.019608497071501e-06
25 -8.985458888372259e-06
26 -8.733653047216322e-06
27 -8.77971146258693e-06
28 -8.654688239817756e-06
29 -8.62037222199881e-06
30 -9.11723511291052e-06
31 -8.691078841557467e-06
32 -8.589105715083345e-06
33 -8.82408774401943e-06
34 -8.887620945228739e-06
35 -8.921391696442176e-06
36 -8.949647520365674e-06
37 -9.344660630119752e-06
38 -9.177798663283593e-06
39 -8.708736534322055e-06
40 -8.971289209386563e-06
41 -8.389590096456291e-06
42 -8.762927093124833e-06
43 -8.97736400675194e-06
44 -8.801465301157195e-06
45 -8.857446691863184e-06
46 -8.89527916076108e-06
47 -8.964833290768289e-06
48 -8.777164895572493e-06
49 -8.513695210033499e-06
50 -8.935114120652767e-06
51 -8.917765295383698e-06
52 -8.887228025114771e-06
53 -8.855199998712167e-06
54 -8.920700457550863e-06
55 -8.499848730760276e-06
56 -8.8326981677328e-06
57 -9.101560311626728e-06
58 -8.802965430525573e-06
59 -9.228463982957195e-06
60 -8.751258063265745e-06
61 -8.669663811504574e-06
62 -8.624906642370535e-06
63 -8.721469465991733e-06
64 -8.811396199143076e-06
65 -8.932813674929216e-06
66 -8.644056645958405e-06
67 -9.086951621839088e-06
68 -8.562513469560768e-06
69 -8.838580181296646e-06
70 -8.837644851297038e-06
71 -8.871960168024645e-06
72 -8.778610029698795e-06
73 -8.763233272220023e-06
74 -8.659875948054016e-06
75 -8.745741276808658e-06
76 -8.974290219495575e-06
77 -8.70088732675027e-06
78 -8.408458859359448e-06
79 -8.503145194851852e-06
80 -9.046760438781219e-06
81 -8.869734742133599e-06
82 -8.779469653493222e-06
83 -9.051583985729817e-06
84 -9.111026777066433e-06
85 -9.056160369755904e-06
86 -8.764194460852102e-06
87 -8.966573000027843e-06
88 -8.745555332040995e-06
89 -9.019723486451342e-06
90 -8.970337374589464e-06
91 -8.623008802360877e-06
92 -8.567552398518049e-06
93 -8.909890596652736e-06
94 -8.999696080609402e-06
95 -8.933443157414181e-06
96 -8.789589776068591e-06
97 -8.878747205957288e-06
98 -8.576347356717327e-06
99 -8.55476448821847e-06
100 -9.054839502952098e-06
101 -8.86262205019205e-06
102 -8.701950701983077e-06
103 -8.865257729989583e-06
104 -8.87656741445859e-06
105 -8.877170323983e-06
106 -9.29974316002853e-06
107 -8.777876511370338e-06
108 -8.81933478921305e-06
109 -8.658399878442466e-06
110 -8.789540721411185e-06
111 -8.615981627394371e-06
112 -8.796744458828115e-06
113 -9.0372349386046e-06
114 -8.80720155856442e-06
115 -9.017510079335508e-06
116 -8.63341274480825e-06
117 -8.733396460501465e-06
118 -8.777825012883931e-06
119 -8.890573142092605e-06
120 -8.887462473807056e-06
121 -8.925593414773339e-06
122 -8.856177379842456e-06
123 -8.2843226006798e-06
124 -8.815077356809944e-06
125 -9.048452766832714e-06
126 -8.971585772039204e-06
127 -9.083611611635656e-06
128 -8.851222761500822e-06
129 -8.686286027349634e-06
130 -8.910729522565776e-06
131 -8.372746466552623e-06
132 -8.659679346572264e-06
133 -8.76143223059667e-06
134 -9.036669584170195e-06
135 -8.956124359033754e-06
136 -8.952023068675317e-06
137 -8.942826926088595e-06
138 -8.687898840232265e-06
139 -8.730937113608427e-06
140 -8.602686537973818e-06
141 -8.797135305023691e-06
142 -8.439532733056101e-06
143 -9.069348976534738e-06
144 -8.854924667258373e-06
145 -8.664771079867734e-06
146 -9.070139878850466e-06
147 -8.623898505771569e-06
148 -9.019094558271486e-06
149 -9.06349707274569e-06
150 -8.782551377949722e-06
151 -8.808295090317004e-06
152 -8.952404542099282e-06
153 -8.947877032280012e-06
154 -8.598714376010993e-06
155 -8.894009747499701e-06
156 -8.939040652166732e-06
157 -8.41779813426135e-06
158 -8.78342199253073e-06
159 -8.57935907019523e-06
160 -8.677557637471842e-06
161 -8.634619055104593e-06
162 -8.665777232321081e-06
163 -8.724107976258461e-06
164 -8.862276211142794e-06
165 -8.867609599189974e-06
166 -8.964614686641852e-06
167 -8.710073912106392e-06
168 -8.982249640487416e-06
169 -8.830843077530645e-06
170 -8.977223075441896e-06
171 -8.681425633315938e-06
172 -9.023358504406713e-06
173 -8.906782857554916e-06
174 -8.890776318534974e-06
175 -8.75312269129383e-06
176 -8.938657553137809e-06
177 -8.61558256599006e-06
178 -8.986215060240227e-06
179 -8.836044538487386e-06
180 -8.935287866888816e-06
181 -8.67562876356214e-06
182 -8.714313435195966e-06
183 -8.753435755411637e-06
184 -9.165942927350425e-06
185 -9.083595951983389e-06
186 -8.973683810028523e-06
187 -8.814217194402522e-06
188 -8.939800471433638e-06
189 -9.018409284606815e-06
190 -8.84938761322986e-06
191 -8.852732266521072e-06
192 -9.03803022782982e-06
193 -8.86606393467751e-06
194 -9.033026711583156e-06
195 -8.807543640701675e-06
196 -9.054377536586681e-06
197 -8.54642728332652e-06
198 -8.891513607409283e-06
199 -8.584422560129893e-06
200 -8.504159996349569e-06
201 -8.821165354085233e-06
202 -8.800926157839072e-06
203 -8.697529303007989e-06
204 -8.958141058219377e-06
205 -8.785557723732023e-06
206 -8.437748852459234e-06
207 -8.880133554930928e-06
208 -9.021433661202011e-06
209 -8.68978399161318e-06
210 -8.789199151750424e-06
211 -8.933545792895062e-06
212 -8.91997575668638e-06
213 -9.069875672111302e-06
214 -8.890565159184682e-06
215 -9.010721831132974e-06
216 -8.969177515221521e-06
217 -8.736818563807678e-06
218 -9.085672651762119e-06
219 -8.784415620970834e-06
220 -9.09272837639849e-06
221 -8.981343641320809e-06
222 -8.865378169691509e-06
223 -8.560012683226034e-06
224 -8.6850434221208e-06
225 -8.67489471738604e-06
226 -8.84231854451356e-06
227 -8.727732961127549e-06
228 -8.854506115767286e-06
229 -8.544959195927526e-06
230 -8.721555429371438e-06
231 -8.650751304872246e-06
232 -8.674091229935817e-06
233 -9.231852603613983e-06
234 -8.583517296922878e-06
235 -8.895513383573195e-06
236 -8.773559172977402e-06
237 -8.863314652164675e-06
238 -8.698912458758387e-06
239 -8.645780686480349e-06
240 -8.823088394471857e-06
241 -8.839760422434479e-06
242 -8.68855620478946e-06
243 -8.919594850273159e-06
244 -8.778953701159403e-06
245 -8.685602899830248e-06
246 -8.963123157593645e-06
247 -9.037573217475332e-06
248 -8.648156253819937e-06
249 -9.007939312813888e-06
250 -8.577990695091433e-06
251 -8.845965979171929e-06
252 -8.901719041010198e-06
253 -8.967528637985409e-06
254 -8.843154625924217e-06
255 -8.816136275016709e-06
256 -8.915644688279374e-06
257 -8.802206837176934e-06
258 -8.969297139185627e-06
259 -9.06107853254931e-06
260 -8.823110191549231e-06
261 -8.626134512698e-06
262 -8.780377944521832e-06
263 -8.801971634701652e-06
264 -9.028992717747579e-06
265 -8.897018621457495e-06
266 -9.03743136592911e-06
267 -9.035310838966253e-06
268 -8.871478732831638e-06
269 -8.594292125802326e-06
270 -9.202095781741572e-06
271 -8.721541161094408e-06
272 -9.05434233213703e-06
273 -8.956859881180203e-06
274 -8.59288635476473e-06
275 -9.020505009163844e-06
276 -8.609546076128765e-06
277 -8.57543923005765e-06
278 -8.897368729393718e-06
279 -8.624940320580829e-06
280 -9.075611275702695e-06
281 -8.583217336007761e-06
282 -8.871124757296875e-06
283 -8.585805403853812e-06
284 -8.832751267077468e-06
285 -8.625583751983383e-06
286 -8.830898250934239e-06
287 -8.881496627289912e-06
288 -8.750912519108017e-06
289 -8.927148568450564e-06
290 -8.63801324556998e-06
291 -8.547064731497189e-06
292 -9.007481664198086e-06
293 -8.7756071522224e-06
294 -8.904410889359517e-06
295 -8.777987752336006e-06
296 -8.875438861459679e-06
297 -8.84908276339377e-06
298 -8.456192981172885e-06
299 -8.997577649114596e-06
