0 -6.972260549670689e-08
1 4.100669702168318e-08
2 -2.0134378828598054e-08
3 4.7549128610569736e-08
4 1.4239897082607632e-07
5 5.8758740615159604e-08
6 2.9608485181053112e-08
7 2.468810447490387e-08
8 -4.110294492108629e-08
9 -4.946827246156262e-09
10 3.149510517487415e-08
11 3.5485242484984266e-08
12 1.8268117492382644e-08
13 -7.894020881175931e-09
14 -4.0903403998419315e-09
15 4.280978620865285e-08
16 2.7180471868703495e-08
17 -1.2434646706007517e-07
18 1.1231093064520222e-07
19 4.510564680666572e-08
20 -4.041092517935007e-08
21 1.70337560104615e-08
22 -4.5582266321222365e-08
23 1.0836073229125207e-07
24 9.177664905288364e-09
25 -4.698273846910852e-08
26 7.021973984520031e-08
27 3.333921835393399e-08
28 4.798272645864936e-08
29 7.066628818665252e-08
30 -9.493561364888823e-08
31 -4.231361286842526e-08
32 -1.9711874940189298e-08
33 3.4287230783428815e-08
34 -5.3403392564441307e-08
35 2.471493401855203e-08
36 9.488794739083388e-08
37 -2.845879163832602e-08
38 -3.90026182296399e-08
39 -5.468867184067829e-08
40 -4.47427263908113e-08
41 2.5621418769397063e-08
42 -5.3650864904903236e-08
43 9.39065107208322e-09
44 -6.752419588628306e-08
45 -1.2136016861468464e-10
46 1.1095250247136732e-07
47 4.949980055385799e-08
48 -3.4003764307863905e-09
49 -6.001456714034751e-09
50 1.5790761508041162e-08
51 -2.9275941516262308e-08
52 -2.9861645409288433e-08
53 1.595459049976308e-08
54 -5.2085640768844135e-08
55 -6.2786996106107905e-09
56 -1.3347177456460803e-08
57 5.360305601416e-09
58 6.724925438477952e-09
59 1.515628630442422e-08
60 -2.0854953548983512e-08
61 -5.1031428159165564e-08
62 1.0118362731619156e-07
63 -2.178275079929698e-08
64 -3.906437517760624e-08
65 -1.1553450125993862e-08
66 1.1301509600214787e-08
67 1.5439104929496273e-08
68 5.090491159463144e-08
69 -6.72653657675693e-08
70 -5.6568707977959e-08
71 1.2013536667558714e-07
72 2.983022244255971e-08
73 2.8214284090586804e-08
74 9.948660487647003e-08
75 2.9668570124864486e-08
76 -3.07805944144649e-08
77 1.1298147319172177e-08
78 -4.962859784545886e-08
79 -6.450510675415447e-08
80 2.8395514964192274e-08
81 -2.101950003173367e-08
82 4.066660900248119e-08
83 4.5179527396257236e-08
84 4.6954814656324246e-08
85 -3.5728843252182826e-08
86 7.051821956666833e-08
87 9.024968218143372e-08
88 9.354062342162138e-09
89 1.9129015329249175e-08
90 1.013538216830402e-09
91 -1.2668934736649982e-08
92 -8.933457086185651e-08
93 -3.2220530554405825e-08
94 -3.7200690066266574e-08
95 2.7135529870995252e-08
96 6.234210217066082e-08
97 -4.764208657036661e-08
98 1.2357900782885458e-08
99 1.3483390216543198e-08
100 4.137300615407153e-08
101 1.0229565201077149e-07
102 -1.2090350907562569e-08
103 -2.2476081098910087e-08
104 4.294162766576444e-08
105 1.6535181807995456e-08
106 7.649674451434913e-08
107 2.1404352204509346e-08
108 1.0712966662328913e-08
109 -2.643592693109803e-08
110 1.613820317831788e-08
111 2.7329282529514964e-08
112 -8.008374349959267e-08
113 3.12473642333712e-08
114 5.332293328677739e-09
115 1.1664493406409253e-08
116 -2.6284993573404735e-08
117 -3.7299757612947546e-08
118 -5.978925571892589e-08
119 -4.09776635674295e-08
120 9.596261734361545e-09
121 -1.833281666578696e-08
122 2.1836582047050957e-09
123 8.084799613173253e-08
124 -3.551916426197688e-08
125 2.667118107831031e-08
126 6.945856337817725e-08
127 6.4159928123034e-08
128 3.69051941894508e-09
129 -1.5049977202278137e-07
130 1.934796672458914e-08
131 2.8622428220945418e-08
132 1.1805342939225387e-08
133 4.900344939740831e-08
134 1.8082710703610206e-08
135 -3.004024236758365e-08
136 2.0619576290833695e-08
137 8.667307217945405e-09
138 -2.064585542336885e-08
139 1.4575545433789109e-08
140 7.744177382776145e-08
141 4.273364806649402e-08
142 1.080600058973422e-08
143 -9.167161889996424e-08
144 -7.811026854785838e-09
145 -3.956672621342962e-08
146 8.501129139343583e-09
147 2.7070757552099003e-08
148 3.2479054278224125e-08
149 4.6789982819327676e-08
150 -1.2930020797652404e-08
151 -9.216508284998979e-08
152 3.842144941517689e-08
153 5.790733019190622e-08
154 1.9739431947003856e-08
155 6.947179623359909e-08
156 -1.6930863889183064e-08
157 1.0218437929522475e-07
158 -5.1823393188278586e-09
159 3.075888352539484e-08
160 -1.1029146953384772e-08
161 -1.6263865019817265e-08
162 1.0333554798689806e-07
163 4.2285772406201955e-08
164 -6.554604274291004e-08
165 9.331844911273081e-09
166 -4.697146809757325e-08
167 2.8958330558813843e-08
168 2.495004720403412e-08
169 5.721955024717478e-08
170 2.689771900107183e-08
171 6.947236865083848e-08
172 5.3838240986415394e-08
173 -4.6947003464253016e-08
174 -6.290991998058025e-08
175 4.2054237769417075e-08
176 7.3607683508610515e-09
177 -3.5480021345907564e-08
178 2.6982385140021193e-08
179 -1.2784663879405569e-08
180 -2.787766798126744e-09
181 4.916632457954893e-09
182 1.4714092491254335e-08
183 1.9766085627966944e-08
184 5.382632970240082e-08
185 -4.428589028146938e-09
186 -2.310330032626245e-08
187 4.5139829131645326e-08
188 -7.080418393668121e-08
189 -4.6740128715827505e-08
190 3.437880809590727e-08
191 -1.0973896520494156e-07
192 5.813675723612452e-08
193 1.137750874938748e-07
194 -3.543570112146994e-08
195 2.9809194973215936e-08
196 1.0548166720796334e-08
197 -1.2882944658874545e-08
198 -2.8434812038088103e-08
199 -3.0424179845174096e-08
200 6.284328303290228e-09
201 -3.153063576080313e-08
202 9.930017303487154e-08
203 5.1599195054085274e-08
204 -1.3472300737332383e-08
205 -8.66089397179092e-08
206 -5.872887938359363e-08
207 2.645399109031191e-08
208 5.758101686352467e-08
209 3.394206966031192e-09
210 -1.9236963910232147e-08
211 -1.16913868877507e-07
212 -1.4008411901739593e-08
213 6.73189956305642e-08
214 -1.5858598743267988e-08
215 -3.609247405786675e-08
216 -4.424744417389262e-09
217 -3.754099811304604e-08
218 -7.812222237536992e-08
219 9.998012108492778e-09
220 2.3913210034776084e-08
221 3.792211978973094e-08
222 -3.9738432697947016e-08
223 -8.956908746875351e-08
224 -6.103003497590974e-09
225 1.5155223628240523e-08
226 4.792698954255959e-08
227 3.432599936134187e-08
228 -8.456796861689392e-09
229 -1.437894366617859e-08
230 4.122626903313881e-08
231 -3.1593675275751983e-08
232 3.4191221120139076e-08
233 1.4604013147413949e-08
234 -8.498530587406388e-08
235 1.2387648267752599e-08
236 5.4072307246623587e-08
237 3.4448728075178865e-08
238 4.526903389470959e-09
239 -1.6582104275166517e-08
240 5.1254183181908484e-08
241 1.211860085982131e-08
242 -4.099030746700361e-09
243 1.8135541464818485e-08
244 3.4288959865711314e-08
245 5.93813975675005e-08
246 3.174739629325746e-08
247 -8.277973961107673e-09
248 3.1046462255362064e-08
249 2.562656910891213e-08
250 -5.0856895314187125e-08
251 -2.9067557061500492e-08
252 6.033339880005135e-08
253 -8.379770554137119e-09
254 1.4353510163631405e-08
255 -1.7247033098541367e-08
256 -2.2108879349130928e-08
257 5.7307534030014655e-08
258 1.0549277141555775e-09
259 4.13114470168317e-09
260 1.7970858984199944e-08
261 5.57945585206839e-09
262 3.9373085921621724e-08
263 4.828765933112546e-08
264 7.44605147980947e-09
265 3.844758965510275e-08
266 -7.357112396085189e-08
267 2.847577036717855e-08
268 -2.619236514156832e-08
269 -9.370017412808913e-09
270 5.3317431778297384e-08
271 5.1998560986575056e-09
272 8.753059014068898e-08
273 -3.6014786129563774e-08
274 1.0372162545587453e-08
275 4.243922236188462e-08
276 -6.072766913760502e-08
277 7.390017751402194e-08
278 -5.196464438139061e-08
279 -4.244155353914631e-08
280 6.247737326233795e-08
281 -4.1007321629173047e-08
282 -5.4637963980197876e-08
283 -5.263452702562359e-08
284 9.46190320097085e-09
285 -5.8566979724460524e-08
286 -5.063767603279806e-08
287 4.868615526580521e-08
288 -4.0793157351475687e-08
289 1.579807999321303e-08
290 3.654847666294726e-08
291 -4.7104950926806015e-08
292 -5.833542836176428e-08
293 -8.788476313822452e-08
294 1.5758710101842483e-08
295 8.702104057059532e-09
296 -3.859049639232596e-09
297 -5.092380410544252e-08
298 -1.1326325457300155e-08
299 5.2809456311737896e-08
