0 8.014161141857852e-07
1 9.39107750313166e-07
2 8.59748343301414e-07
3 9.001818374928554e-07
4 1.0498422932106225e-06
5 9.57868089975068e-07
6 9.085147459070811e-07
7 9.124153903025954e-07
8 8.496920509490012e-07
9 8.69373239755429e-07
10 9.188472767109268e-07
11 9.341965592827533e-07
12 8.809470572857007e-07
13 8.719939682661507e-07
14 8.793175889362107e-07
15 9.576394966878923e-07
16 9.480878608621962e-07
17 7.519490437622658e-07
18 9.95657139702397e-07
19 9.138889050862141e-07
20 8.44929100392994e-07
21 8.810103294351152e-07
22 8.215235000322433e-07
23 1.007653724406897e-06
24 8.761969312734007e-07
25 8.596897868770763e-07
26 9.808842332073338e-07
27 9.463575688785709e-07
28 9.87119177675985e-07
29 9.795776503151034e-07
30 8.06503734682804e-07
31 8.460529588906731e-07
32 8.701810981111041e-07
33 9.075973564653581e-07
34 8.360528268877239e-07
35 9.548791394751067e-07
36 9.527988765881268e-07
37 8.630185355290006e-07
38 8.586370503652965e-07
39 8.242583012704885e-07
40 8.222625767788606e-07
41 8.733236916013407e-07
42 8.674075363092314e-07
43 8.513940668652742e-07
44 8.25442851682401e-07
45 9.005084064345436e-07
46 9.96593533605781e-07
47 9.512950168342124e-07
48 8.663373427270585e-07
49 8.870055572254636e-07
50 9.15384855240597e-07
51 8.722862875814e-07
52 8.483876366683884e-07
53 9.233588631599323e-07
54 8.409454665706442e-07
55 9.274125978391956e-07
56 8.843827940129702e-07
57 8.290112910196408e-07
58 9.089880101108029e-07
59 9.150462214643626e-07
60 8.762269033203935e-07
61 8.094164673646295e-07
62 1.0217243245134164e-06
63 8.53715159602515e-07
64 8.210778032599734e-07
65 8.527091347749953e-07
66 9.1941163856749e-07
67 8.831698376448976e-07
68 9.355263722744174e-07
69 8.068116347381118e-07
70 8.339760628605658e-07
71 1.0214085958728618e-06
72 8.931353826436918e-07
73 8.881483124146725e-07
74 9.733943662317785e-07
75 8.800439384751227e-07
76 8.868593258669372e-07
77 9.175935514268689e-07
78 8.316294198418417e-07
79 8.16976905722888e-07
80 8.991697731216926e-07
81 8.654949531019754e-07
82 8.734412859221537e-07
83 9.512854467776641e-07
84 9.772415916444558e-07
85 8.012763997567119e-07
86 9.887363877196944e-07
87 9.593467521723827e-07
88 9.095445234994474e-07
89 9.0926475033583e-07
90 9.025789703999914e-07
91 8.903247587429415e-07
92 7.763750695569684e-07
93 8.631562618526169e-07
94 8.288005257198644e-07
95 9.208739857020455e-07
96 9.351258047541364e-07
97 8.305002998883939e-07
98 9.032547386004353e-07
99 9.156380981507333e-07
100 9.232333840377269e-07
101 1.0111405082940317e-06
102 8.62358010663231e-07
103 8.655239031494686e-07
104 9.418598793636123e-07
105 9.029889538209868e-07
106 9.782303973042306e-07
107 9.100396442562775e-07
108 9.046286892833723e-07
109 8.513897198257408e-07
110 9.138467176616594e-07
111 9.162791199605429e-07
112 8.305700477336168e-07
113 9.274708258273195e-07
114 8.836876808785997e-07
115 8.967169452004583e-07
116 8.767732458770045e-07
117 8.318567262668968e-07
118 8.118610048646918e-07
119 8.38596187106462e-07
120 9.281520270184185e-07
121 8.579568968943313e-07
122 8.879273103777006e-07
123 9.414072461571462e-07
124 8.63246507309806e-07
125 9.080506209612211e-07
126 9.76749455064083e-07
127 9.799008444025323e-07
128 9.057178013343514e-07
129 7.340787367597239e-07
130 9.152927989853755e-07
131 9.253087600021474e-07
132 8.972862240060212e-07
133 9.487538635798886e-07
134 9.20792074390783e-07
135 8.703321282500348e-07
136 8.952177005154336e-07
137 8.991527112581071e-07
138 8.608359160373004e-07
139 8.817342316280747e-07
140 9.755495216666196e-07
141 9.289780101258585e-07
142 9.110254213518332e-07
143 7.689354504065194e-07
144 8.824607359371149e-07
145 8.308609443596844e-07
146 8.670826511974119e-07
147 9.136001114256298e-07
148 9.135909316899718e-07
149 9.278459615024755e-07
150 8.744223420474493e-07
151 8.00497967870656e-07
152 9.53201252577587e-07
153 9.370475168940295e-07
154 9.24622133201917e-07
155 9.596437465041533e-07
156 8.54595512324796e-07
157 9.8199944364432e-07
158 8.435504580236488e-07
159 9.412862318485379e-07
160 8.898566273863405e-07
161 8.654418598797352e-07
162 9.90836578958201e-07
163 9.25372705527998e-07
164 8.303520162557385e-07
165 8.796132830129989e-07
166 8.224829327571775e-07
167 9.127202279872711e-07
168 8.979224941199741e-07
169 9.378444359978465e-07
170 8.968418942180543e-07
171 9.489900569515334e-07
172 9.218519132650778e-07
173 8.547629450772692e-07
174 8.149210198369933e-07
175 9.459602033853226e-07
176 9.25561885097285e-07
177 8.313917368491155e-07
178 9.270819962161361e-07
179 8.64747565031382e-07
180 8.642621912943645e-07
181 8.860385421787479e-07
182 9.013274278879838e-07
183 9.526558963869367e-07
184 9.125110492443725e-07
185 8.513749411892026e-07
186 8.480738570874893e-07
187 9.554393746842378e-07
188 8.271629118974813e-07
189 8.15302509452791e-07
190 9.14925507010663e-07
191 7.835934042856846e-07
192 9.518354058814127e-07
193 1.0188685013814878e-06
194 8.546328783647167e-07
195 9.168232373040794e-07
196 9.135398477759697e-07
197 8.685068998512613e-07
198 8.760295412844172e-07
199 8.855461930453843e-07
200 9.120744609590498e-07
201 8.73112459102471e-07
202 9.700602325476976e-07
203 9.446374441951222e-07
204 8.838020997482107e-07
205 8.02691910254545e-07
206 8.090850338387082e-07
207 9.103150671043262e-07
208 9.231887331956035e-07
209 8.959359558513998e-07
210 8.695806892239947e-07
211 7.695832818007741e-07
212 8.887803664769198e-07
213 9.640923032996258e-07
214 8.923872074690778e-07
215 8.451608333351922e-07
216 9.009046859779413e-07
217 8.369415799653173e-07
218 8.345470016482829e-07
219 9.092250743327317e-07
220 9.653373380047949e-07
221 9.413525012532442e-07
222 8.240324679895802e-07
223 8.234308464091526e-07
224 8.519827716118315e-07
225 8.80636263865874e-07
226 9.376089858620846e-07
227 9.253231774506487e-07
228 8.981537995129503e-07
229 8.701973756517723e-07
230 9.071414489662318e-07
231 8.524873930286385e-07
232 8.918845016440208e-07
233 9.199701589637834e-07
234 8.30380966393175e-07
235 9.153107284121788e-07
236 9.330363513143207e-07
237 9.364963649393667e-07
238 8.723596127837266e-07
239 8.646278877765691e-07
240 9.24484510515905e-07
241 8.97721067050075e-07
242 8.872948930453717e-07
243 9.158789655464454e-07
244 9.278168827441678e-07
245 9.286616158837581e-07
246 9.121097565290165e-07
247 8.454757779519071e-07
248 9.330572384546504e-07
249 9.238708888617105e-07
250 8.173169246058521e-07
251 8.960536969012478e-07
252 9.529841380805202e-07
253 9.147088531671402e-07
254 9.058600529381182e-07
255 8.925570473449487e-07
256 8.759069990278386e-07
257 9.797079143362433e-07
258 9.147411702520021e-07
259 9.051766735912733e-07
260 9.008518781423446e-07
261 9.423505913816351e-07
262 9.526739802832893e-07
263 9.483051014905882e-07
264 9.090984734681852e-07
265 9.203046296546631e-07
266 7.98969142142567e-07
267 9.417695690426871e-07
268 8.911643775682103e-07
269 8.777975300526035e-07
270 9.383043679271821e-07
271 8.72744313755301e-07
272 9.642650869705223e-07
273 8.300252145182179e-07
274 9.050992481980758e-07
275 9.55857678004511e-07
276 8.437386916853883e-07
277 9.328645097206331e-07
278 8.337861242290739e-07
279 8.384786712416062e-07
280 9.575936124056717e-07
281 8.258028993013758e-07
282 8.152099309616951e-07
283 8.119630132373286e-07
284 8.994829815717384e-07
285 7.930954316980721e-07
286 7.907656718280887e-07
287 9.11487499294138e-07
288 8.3267137188227e-07
289 9.198547919468135e-07
290 9.338827002169715e-07
291 8.306638508166973e-07
292 8.414422496390338e-07
293 8.082852143798336e-07
294 8.928837912948234e-07
295 8.824181383215181e-07
296 8.676894369364771e-07
297 8.338165812034974e-07
298 8.605606546773494e-07
299 9.659077991915463e-07
