0 1.0606746820893752e-06
1 9.451044339784715e-07
2 1.0531353196167586e-06
3 1.0293402389526017e-06
4 8.638102573601575e-07
5 9.345938868924962e-07
6 9.932846311445865e-07
7 9.583980297144843e-07
8 1.039860808628965e-06
9 1.0098133098292054e-06
10 9.844335303880539e-07
11 9.432854610530241e-07
12 9.804847927103238e-07
13 1.0106661442207676e-06
14 1.016647892561385e-06
15 9.431821630057885e-07
16 9.234277443165064e-07
17 1.0999718672284981e-06
18 9.011602342835717e-07
19 9.780417606104832e-07
20 1.0516355380048526e-06
21 1.011208317219127e-06
22 1.0476117918217435e-06
23 9.160124570824553e-07
24 9.364055714094604e-07
25 9.994444644170998e-07
26 9.137341577838523e-07
27 1.0181412788274191e-06
28 8.798975241544831e-07
29 9.461674098393448e-07
30 1.0755295132954846e-06
31 1.032398338197403e-06
32 1.0013839704501118e-06
33 9.479228499963804e-07
34 1.023913142061615e-06
35 9.697871462716195e-07
36 9.610917749568086e-07
37 1.0290542704790867e-06
38 1.026745473471383e-06
39 1.0386828646953024e-06
40 1.027845708726102e-06
41 9.842940722153695e-07
42 1.0234786856621834e-06
43 9.928894319192429e-07
44 1.1006728333151855e-06
45 1.0043899029491892e-06
46 9.410377373376911e-07
47 9.457802487239209e-07
48 9.68985756153535e-07
49 9.94717811563506e-07
50 9.89094595238129e-07
51 1.0075735377029865e-06
52 1.0427426420332898e-06
53 9.768379759161427e-07
54 1.0427182167939752e-06
55 1.0017762687080196e-06
56 9.728698819387577e-07
57 1.00840455305412e-06
58 9.71115650288655e-07
59 9.919470812939033e-07
60 1.048043310991868e-06
61 1.0269525592784596e-06
62 9.188886859146583e-07
63 1.0021687989970647e-06
64 1.075019813588456e-06
65 1.0049677067456773e-06
66 1.0014667865279358e-06
67 1.0028385603664905e-06
68 9.61703179600475e-07
69 1.0506766219503925e-06
70 1.0812078362736388e-06
71 9.103559885247663e-07
72 1.0402955559581578e-06
73 1.0069527125382471e-06
74 9.086465765493367e-07
75 9.898287442733739e-07
76 9.635737502937477e-07
77 9.95192543229267e-07
78 1.0142631358836025e-06
79 1.0317153113782902e-06
80 9.535230984127583e-07
81 1.0357034777178252e-06
82 9.987727817503362e-07
83 9.444213489112129e-07
84 9.323976613277905e-07
85 1.0746896497362858e-06
86 9.337874187197789e-07
87 9.588358472011705e-07
88 9.854265067320537e-07
89 9.842320174027028e-07
90 9.850089117083109e-07
91 9.673465192010324e-07
92 1.060359734146815e-06
93 1.0172967816849416e-06
94 1.0201147761458877e-06
95 9.473008131938651e-07
96 9.870767294538907e-07
97 9.891316226461802e-07
98 9.898990362708832e-07
99 9.35836389083968e-07
100 1.0029446462048993e-06
101 9.397922140432373e-07
102 9.978559462224883e-07
103 1.0416797670732642e-06
104 9.496732924056865e-07
105 1.0037703311883042e-06
106 9.385738951292243e-07
107 1.0175517606955963e-06
108 9.766940836720748e-07
109 1.0340628531053482e-06
110 9.697357828680123e-07
111 9.600955172893834e-07
112 1.0555200577065654e-06
113 9.731790516598325e-07
114 1.006886551996731e-06
115 1.0149021702287845e-06
116 9.942877101748747e-07
117 1.0217089470460386e-06
118 1.0524802028765299e-06
119 1.0544003600269306e-06
120 9.736130807758389e-07
121 1.0123849282003972e-06
122 9.689432174742272e-07
123 9.707616227385428e-07
124 1.0344637272380936e-06
125 9.937519021692314e-07
126 9.269736083813031e-07
127 9.634235472640313e-07
128 9.79249074475088e-07
129 1.070600565814026e-06
130 9.735725411560924e-07
131 9.8100429386189e-07
132 9.743075044415333e-07
133 9.02749429704044e-07
134 1.0099483912499282e-06
135 1.0062243641789614e-06
136 9.690259813953605e-07
137 9.883136085274834e-07
138 1.0253244241436572e-06
139 9.785258801231898e-07
140 9.357699571770338e-07
141 9.989097392779015e-07
142 9.627036377426676e-07
143 1.1199348279619614e-06
144 9.97489250607044e-07
145 1.0800614583621006e-06
146 1.0197485501417e-06
147 9.671847476842363e-07
148 9.774641037856013e-07
149 9.374490088837642e-07
150 9.869052937985895e-07
151 1.0500034039965765e-06
152 1.0119351398153491e-06
153 9.683976618336723e-07
154 9.410946966249572e-07
155 9.412526694281987e-07
156 1.0436777464963745e-06
157 9.440379025554719e-07
158 1.0747421635492975e-06
159 9.827018917143513e-07
160 9.668657512485326e-07
161 1.004052324398355e-06
162 9.261071177723243e-07
163 9.477798150927829e-07
164 1.0830123309919352e-06
165 1.0152788560324058e-06
166 1.045933963024733e-06
167 9.491911637313081e-07
168 1.0139448749721754e-06
169 9.60754226960717e-07
170 1.0421548458584403e-06
171 9.505215450161808e-07
172 9.383038297607956e-07
173 1.0498246956563074e-06
174 1.0160724294946701e-06
175 9.349153732690599e-07
176 9.643746834402735e-07
177 1.0272505900845369e-06
178 1.000150465457077e-06
179 1.0120149600317179e-06
180 1.0095713954516229e-06
181 1.0064517053526648e-06
182 1.009999689843939e-06
183 9.742843447384618e-07
184 9.179579323593721e-07
185 1.038111370552207e-06
186 1.0056049852047458e-06
187 9.933430277606466e-07
188 1.065409872567874e-06
189 1.018940951245031e-06
190 1.0026177339084466e-06
191 1.1051586191569573e-06
192 9.137662596459623e-07
193 8.954728248960353e-07
194 1.0016256186609843e-06
195 9.718555134915625e-07
196 9.619238118637878e-07
197 1.03410392862294e-06
198 1.0296551817741024e-06
199 1.0288212245199257e-06
200 9.78410006097506e-07
201 9.715803077028124e-07
202 8.962700292255913e-07
203 9.472537917808551e-07
204 9.78347298467472e-07
205 1.055776799097424e-06
206 1.102841803718413e-06
207 9.756182493081377e-07
208 9.799658567806552e-07
209 9.776482607048975e-07
210 9.881868248258533e-07
211 1.08573406864716e-06
212 1.004629881563091e-06
213 9.511885088948932e-07
214 9.952088226283858e-07
215 1.0317385802015045e-06
216 9.665897936617963e-07
217 1.0418568001038987e-06
218 1.0291050463957034e-06
219 9.808071708851676e-07
220 9.49944660783206e-07
221 9.490243678920302e-07
222 1.0199906912473169e-06
223 1.0161550851763096e-06
224 1.011334367896949e-06
225 1.0366434785948788e-06
226 9.794267091636916e-07
227 9.664917030875528e-07
228 9.523379796193039e-07
229 1.000483552202275e-06
230 1.0108874141405865e-06
231 1.0145062868553484e-06
232 1.0119157653983826e-06
233 1.005889260638933e-06
234 1.0384771720882673e-06
235 9.902743526368538e-07
236 9.844699974793401e-07
237 9.542372610037577e-07
238 1.0200776443637392e-06
239 1.0206801773953317e-06
240 9.775379487058454e-07
241 9.609628080064527e-07
242 9.902229774426974e-07
243 9.97906969910686e-07
244 9.832336842273241e-07
245 9.71407633319397e-07
246 9.728927425211956e-07
247 1.0453062834842547e-06
248 1.0031422206673155e-06
249 9.477305581595158e-07
250 1.0412148330092437e-06
251 9.97836585719294e-07
252 9.184081906031334e-07
253 9.967896615182878e-07
254 9.776926551867118e-07
255 1.0407687211776143e-06
256 9.526276766783902e-07
257 9.87701970238775e-07
258 9.767865661774992e-07
259 9.447464262259419e-07
260 9.597886807130994e-07
261 9.514847257137737e-07
262 9.893226948265203e-07
263 9.685693735300022e-07
264 1.0188160265626444e-06
265 1.0443046994477803e-06
266 1.0487511993480532e-06
267 9.66687357801294e-07
268 1.0206340078608047e-06
269 9.68067146190967e-07
270 9.462078159794189e-07
271 9.952283637621025e-07
272 1.0181395312693997e-06
273 1.0271133565194316e-06
274 9.847155653050226e-07
275 9.635021219706872e-07
276 1.0083868703195254e-06
277 9.083746411951515e-07
278 1.0409108106664092e-06
279 1.0490033738769047e-06
280 9.486110918677391e-07
281 1.0586748587040707e-06
282 1.0409813242705782e-06
283 1.0737937990049048e-06
284 9.64585105091615e-07
285 1.0274268762155781e-06
286 1.1030682011179913e-06
287 9.915287083505504e-07
288 1.0531468943413786e-06
289 9.823264124109647e-07
290 9.821218623218494e-07
291 1.0087301283134937e-06
292 1.0590040002837915e-06
293 1.0361259771058666e-06
294 1.0097407705435537e-06
295 9.775018572237239e-07
296 9.79443721870098e-07
297 1.0218943611294411e-06
298 9.951954294227135e-07
299 9.55321326767281e-07
