0 -9.371494083170635e-07
1 -8.748989005400897e-07
2 -9.132085911491738e-07
3 -8.415028555207096e-07
4 -8.072765123363474e-07
5 -8.627674730563153e-07
6 -8.731918596438751e-07
7 -8.818145390052929e-07
8 -9.346626233493211e-07
9 -8.936086123318504e-07
10 -8.84825303568482e-07
11 -8.843007639518426e-07
12 -8.630073677348482e-07
13 -9.002291327285683e-07
14 -9.010541402972282e-07
15 -8.888103894797257e-07
16 -8.990928074703756e-07
17 -9.837974742656017e-07
18 -8.089122854541382e-07
19 -8.545430742860749e-07
20 -9.314252807509635e-07
21 -8.74092696434823e-07
22 -9.192791279565094e-07
23 -8.277289102280199e-07
24 -8.708760168201581e-07
25 -9.514906165620485e-07
26 -8.625792383416628e-07
27 -8.970768516532972e-07
28 -9.010132035707094e-07
29 -8.634672757393313e-07
30 -9.852838583127409e-07
31 -9.286799598001737e-07
32 -9.188687282875736e-07
33 -8.601304863124604e-07
34 -9.398112790297271e-07
35 -9.133939255898751e-07
36 -8.074244108486779e-07
37 -9.252040356627243e-07
38 -9.387093778771125e-07
39 -9.325078134424808e-07
40 -9.100595794933635e-07
41 -8.477619391510524e-07
42 -9.66083853535328e-07
43 -8.622530344881649e-07
44 -9.574519894748799e-07
45 -9.050181187126076e-07
46 -8.139721695446142e-07
47 -8.75795675988447e-07
48 -8.865388274430093e-07
49 -9.071189128248287e-07
50 -8.976115863679757e-07
51 -9.360208028317249e-07
52 -9.18218030689347e-07
53 -9.044407911659392e-07
54 -9.450853003950709e-07
55 -9.437664770269443e-07
56 -9.20146967779929e-07
57 -8.451095923065832e-07
58 -9.064715331822019e-07
59 -8.960005155961068e-07
60 -9.272639686713239e-07
61 -9.130009080093971e-07
62 -8.486754111531495e-07
63 -9.074441092670623e-07
64 -9.102527381549914e-07
65 -8.949351198984851e-07
66 -9.102092040835254e-07
67 -8.763322829945051e-07
68 -8.592472751374242e-07
69 -9.357229308780043e-07
70 -9.529570484357728e-07
71 -8.20473205794127e-07
72 -8.649474303574893e-07
73 -8.624863806868178e-07
74 -8.110058955712109e-07
75 -8.474053413654734e-07
76 -9.445360126994948e-07
77 -9.111548044029707e-07
78 -9.303851591977885e-07
79 -9.404287239088137e-07
80 -8.695714206451282e-07
81 -9.157339238077976e-07
82 -8.235058268106084e-07
83 -8.807977551190868e-07
84 -9.035994376123184e-07
85 -8.899143966772675e-07
86 -8.706103032852524e-07
87 -8.171549163591334e-07
88 -9.067746073188455e-07
89 -8.905350701323755e-07
90 -9.040342179238567e-07
91 -9.172450266966713e-07
92 -9.510819774630486e-07
93 -9.335132923442097e-07
94 -9.06699156571578e-07
95 -8.892559576609928e-07
96 -8.470689716136251e-07
97 -9.280426678746761e-07
98 -8.884273481501722e-07
99 -8.953670396722562e-07
100 -8.705553654445634e-07
101 -8.419772123755555e-07
102 -9.008249584203482e-07
103 -9.135567841739151e-07
104 -8.814759850144602e-07
105 -8.865761981435344e-07
106 -8.597065945070216e-07
107 -8.900884202239348e-07
108 -8.97035875568519e-07
109 -9.147190491018044e-07
110 -8.954897714545334e-07
111 -8.785441239090635e-07
112 -9.776569139787534e-07
113 -8.787499844439166e-07
114 -8.974544588121082e-07
115 -8.922248351066299e-07
116 -9.293766139702695e-07
117 -9.1607334406452e-07
118 -9.280432987425306e-07
119 -9.242267732200161e-07
120 -9.200378038818695e-07
121 -9.022206493629168e-07
122 -8.949544444411867e-07
123 -8.169961422820464e-07
124 -9.386716865423007e-07
125 -8.774531884151237e-07
126 -8.606194942535216e-07
127 -8.727932679020477e-07
128 -9.044607880870565e-07
129 -1.0053021860940253e-06
130 -8.893066228695061e-07
131 -8.874537774976804e-07
132 -8.854404797409028e-07
133 -8.695761729982952e-07
134 -8.996620534898388e-07
135 -9.315856521357912e-07
136 -8.767154948042397e-07
137 -8.969046246749759e-07
138 -9.099779052419473e-07
139 -8.782984105397533e-07
140 -8.490710527737634e-07
141 -8.691493049174543e-07
142 -8.973141183693803e-07
143 -9.533361160249704e-07
144 -9.051954564296336e-07
145 -9.157526591692267e-07
146 -8.680053096195023e-07
147 -8.769962615722777e-07
148 -8.699096586913767e-07
149 -8.5522954758938e-07
150 -9.028835124093805e-07
151 -9.728365393605441e-07
152 -8.959752951973428e-07
153 -8.525333952960307e-07
154 -8.976008361727293e-07
155 -8.467740209457354e-07
156 -9.010853736642735e-07
157 -8.16757090856237e-07
158 -8.776687233285517e-07
159 -8.977446579939117e-07
160 -9.219597020779294e-07
161 -9.07085408668351e-07
162 -8.218419058091737e-07
163 -8.620720414272177e-07
164 -9.623665806056573e-07
165 -8.841865644620887e-07
166 -9.193974546236456e-07
167 -8.749096041440545e-07
168 -8.727533650875864e-07
169 -8.499566236497174e-07
170 -8.759794201028774e-07
171 -8.381046048155797e-07
172 -8.375364201797547e-07
173 -9.492706107111918e-07
174 -9.40416506993978e-07
175 -8.772910987602971e-07
176 -9.175825583329669e-07
177 -9.116811058125088e-07
178 -8.881345783378933e-07
179 -8.991723597624869e-07
180 -8.846017165257567e-07
181 -8.968496654573294e-07
182 -8.894728444789221e-07
183 -9.237399664023326e-07
184 -8.313972739842791e-07
185 -8.801609277958607e-07
186 -9.001820770844616e-07
187 -8.853949607459033e-07
188 -9.62217610665263e-07
189 -9.139247591655984e-07
190 -8.723331265639191e-07
191 -9.909479571838416e-07
192 -8.602156562653867e-07
193 -8.241267497568949e-07
194 -9.279796548214318e-07
195 -8.738909822960587e-07
196 -9.03033305495141e-07
197 -9.076555427365747e-07
198 -9.388236475979933e-07
199 -9.454822913501434e-07
200 -9.069403047289703e-07
201 -9.355471798735547e-07
202 -8.054126582000585e-07
203 -8.668442793531017e-07
204 -9.171325376452074e-07
205 -9.693472270647153e-07
206 -9.260629454574103e-07
207 -8.792772834641469e-07
208 -8.435295580714597e-07
209 -8.98306771074486e-07
210 -9.116605428512719e-07
211 -9.888209053059035e-07
212 -9.198881898036401e-07
213 -8.541913911858623e-07
214 -9.261622303398484e-07
215 -9.273493037377686e-07
216 -9.121456393294987e-07
217 -9.222243029642726e-07
218 -9.778172775519323e-07
219 -9.006668918490402e-07
220 -9.226377459044869e-07
221 -8.836907550814255e-07
222 -9.142854930884122e-07
223 -9.876962545856947e-07
224 -8.853781558008055e-07
225 -8.720448756151336e-07
226 -8.692777799021225e-07
227 -8.771360548866398e-07
228 -9.210140856035573e-07
229 -9.038833519629902e-07
230 -8.501219657883398e-07
231 -9.230651542355857e-07
232 -8.533521791283485e-07
233 -9.021541402389901e-07
234 -9.869260813387237e-07
235 -9.025364205592237e-07
236 -8.53654797732208e-07
237 -8.836273666370354e-07
238 -8.865589722104997e-07
239 -9.08468863977017e-07
240 -8.553955463656505e-07
241 -8.854702771818872e-07
242 -9.047456001997562e-07
243 -8.925975056451199e-07
244 -8.764018512397876e-07
245 -8.414074945135572e-07
246 -8.748722142046612e-07
247 -8.854423936677097e-07
248 -8.941200347960548e-07
249 -8.838060495083969e-07
250 -9.266752379852932e-07
251 -9.519050767817139e-07
252 -8.570532533413044e-07
253 -9.369327570648384e-07
254 -8.913692270493747e-07
255 -9.330828629253099e-07
256 -9.17696941149501e-07
257 -8.86441041830264e-07
258 -9.181592844641516e-07
259 -9.0934595184227e-07
260 -8.800858990056404e-07
261 -9.355239593959404e-07
262 -8.888855388334953e-07
263 -8.761058107079047e-07
264 -9.119312947108215e-07
265 -8.769951023731207e-07
266 -9.388405694177903e-07
267 -8.97835596095671e-07
268 -9.464419599625676e-07
269 -8.99047898450807e-07
270 -8.588028951913153e-07
271 -8.777050579652953e-07
272 -8.336917510142563e-07
273 -9.090911954485857e-07
274 -8.979974807388288e-07
275 -8.874812528030602e-07
276 -9.613932007231492e-07
277 -8.139910998272942e-07
278 -9.352674228453117e-07
279 -9.285986114993504e-07
280 -8.625200409068322e-07
281 -9.206392052061656e-07
282 -9.248086405877706e-07
283 -9.278433743195152e-07
284 -8.919402911317299e-07
285 -9.125529030580944e-07
286 -9.069182951509514e-07
287 -8.480705931122709e-07
288 -9.18713105386765e-07
289 -9.017032758333894e-07
290 -8.795631726572685e-07
291 -9.267246050497078e-07
292 -9.532759621158485e-07
293 -9.729294577408462e-07
294 -8.813755279442714e-07
295 -8.826703915827782e-07
296 -8.879073286449623e-07
297 -9.367861800538261e-07
298 -8.946496329621557e-07
299 -8.832930248726122e-07
