0 -1.6406447727347469e-06
1 -1.625564084339069e-06
2 -1.64571029113852e-06
3 -1.583154533596818e-06
4 -1.597500229665001e-06
5 -1.6207898251641027e-06
6 -1.618370479362167e-06
7 -1.6263428329345687e-06
8 -1.6622944464202795e-06
9 -1.6226976648188023e-06
10 -1.6424223879415014e-06
11 -1.6409105790771355e-06
12 -1.5875635302335322e-06
13 -1.6310150984637614e-06
14 -1.637037572001956e-06
15 -1.6516592248966755e-06
16 -1.652580185627264e-06
17 -1.6748488403732211e-06
18 -1.5745574218181084e-06
19 -1.5997247029769176e-06
20 -1.6581900228180545e-06
21 -1.611176908563565e-06
22 -1.6322917539924614e-06
23 -1.6060237828977072e-06
24 -1.5916339902067537e-06
25 -1.6845881924836428e-06
26 -1.6303354473738607e-06
27 -1.663644684222207e-06
28 -1.672368934776458e-06
29 -1.6340618667405233e-06
30 -1.7026528235315558e-06
31 -1.647530516469998e-06
32 -1.6526164740647227e-06
33 -1.5948595043633723e-06
34 -1.65698097993805e-06
35 -1.6779274778966935e-06
36 -1.5626979472918913e-06
37 -1.656174176813231e-06
38 -1.6703689934486564e-06
39 -1.6447607756553822e-06
40 -1.6112510796217104e-06
41 -1.570658921068363e-06
42 -1.7008306868445696e-06
43 -1.584088689600622e-06
44 -1.680040787057004e-06
45 -1.6424764284928747e-06
46 -1.5839023328150466e-06
47 -1.6368277683707962e-06
48 -1.6085381967004518e-06
49 -1.6418745511838172e-06
50 -1.6456858125728462e-06
51 -1.6745990021980645e-06
52 -1.6457965327966952e-06
53 -1.6576052248812079e-06
54 -1.669386275835707e-06
55 -1.7065451807218649e-06
56 -1.6609862651611164e-06
57 -1.5486335360752413e-06
58 -1.65149946299643e-06
59 -1.6415738160573424e-06
60 -1.668498169730336e-06
61 -1.6132217074749718e-06
62 -1.632878539563468e-06
63 -1.6308409658184712e-06
64 -1.6247353308930386e-06
65 -1.6211963840913856e-06
66 -1.6647627066509003e-06
67 -1.6124647255247664e-06
68 -1.6104443888280587e-06
69 -1.6387599976473518e-06
70 -1.683950813604704e-06
71 -1.6024344128892715e-06
72 -1.6083687104649685e-06
73 -1.6006059726136475e-06
74 -1.5678360856927346e-06
75 -1.5726638202466501e-06
76 -1.68148937177929e-06
77 -1.6680749889911574e-06
78 -1.6448992440228114e-06
79 -1.6471783374508468e-06
80 -1.6102288216191801e-06
81 -1.6471563721687548e-06
82 -1.540890711442735e-06
83 -1.641624700153959e-06
84 -1.6835905555498193e-06
85 -1.5946488914118297e-06
86 -1.644469117221323e-06
87 -1.5731787400063068e-06
88 -1.65811151108159e-06
89 -1.6389224116451843e-06
90 -1.6397768192178542e-06
91 -1.6508847235326835e-06
92 -1.6479677558065865e-06
93 -1.6676056311876516e-06
94 -1.6140249603765267e-06
95 -1.6428677904565264e-06
96 -1.6026397587586638e-06
97 -1.6427832571015983e-06
98 -1.6252088278444906e-06
99 -1.635483247023906e-06
100 -1.6267686651617606e-06
101 -1.6257363790861184e-06
102 -1.6285248298005534e-06
103 -1.6386849917148087e-06
104 -1.6430952204968662e-06
105 -1.6282994573816504e-06
106 -1.635977980860957e-06
107 -1.6417162721253162e-06
108 -1.6409293261496893e-06
109 -1.6411975801340355e-06
110 -1.6416489124897213e-06
111 -1.6211980957774666e-06
112 -1.7004254260266343e-06
113 -1.6241557277501164e-06
114 -1.6420170934291935e-06
115 -1.6352833314374042e-06
116 -1.6616662651721923e-06
117 -1.6334878895867458e-06
118 -1.6311571586486572e-06
119 -1.6429575800952387e-06
120 -1.6785826367966726e-06
121 -1.6228541956735758e-06
122 -1.6277945447074627e-06
123 -1.5646114933969784e-06
124 -1.6747718902048834e-06
125 -1.623358593000361e-06
126 -1.626359534834526e-06
127 -1.6442026554087856e-06
128 -1.6441609591061468e-06
129 -1.684564118366556e-06
130 -1.63263984778685e-06
131 -1.6405209353378887e-06
132 -1.6200276591478028e-06
133 -1.62291308531145e-06
134 -1.6526919825427378e-06
135 -1.6640478372086167e-06
136 -1.6156769049524103e-06
137 -1.6385016532053426e-06
138 -1.636614446351334e-06
139 -1.614406876276336e-06
140 -1.61379750688265e-06
141 -1.6232777353246006e-06
142 -1.6379467640920433e-06
143 -1.6545139504533498e-06
144 -1.6365118255939411e-06
145 -1.6302268863669884e-06
146 -1.5884647641557558e-06
147 -1.6192335672597308e-06
148 -1.6126415090980273e-06
149 -1.5960506719022126e-06
150 -1.6259730621556399e-06
151 -1.6811837655883383e-06
152 -1.6660916103435638e-06
153 -1.6066458800547789e-06
154 -1.6462522436263249e-06
155 -1.602256719828447e-06
156 -1.626157533238439e-06
157 -1.5823843279332282e-06
158 -1.600693721006573e-06
159 -1.659800993007503e-06
160 -1.6642868953874086e-06
161 -1.6349198859093757e-06
162 -1.590507529904229e-06
163 -1.6056058096137945e-06
164 -1.6921245796299352e-06
165 -1.6221242762449696e-06
166 -1.629214494359287e-06
167 -1.6186225779672025e-06
168 -1.6147751766077905e-06
169 -1.599486288566337e-06
170 -1.627536363038126e-06
171 -1.5888040643435458e-06
172 -1.5718645830939255e-06
173 -1.682338186094367e-06
174 -1.6515757879422214e-06
175 -1.6306012293725495e-06
176 -1.6715037792432298e-06
177 -1.6272939870892501e-06
178 -1.6396509690816515e-06
179 -1.6233519648893378e-06
180 -1.6081723676553235e-06
181 -1.6397399270788662e-06
182 -1.632315837192804e-06
183 -1.693325555721842e-06
184 -1.561419334062552e-06
185 -1.6023696498908991e-06
186 -1.6148586878305039e-06
187 -1.6515633061576575e-06
188 -1.6831227787362007e-06
189 -1.619794057871051e-06
190 -1.6223509431655904e-06
191 -1.7011480246839237e-06
192 -1.6152710691537767e-06
193 -1.600892413010753e-06
194 -1.6526155741324404e-06
195 -1.6167731565258992e-06
196 -1.648124698287636e-06
197 -1.639355971347937e-06
198 -1.6799926233079086e-06
199 -1.6874602893350722e-06
200 -1.6507901898633193e-06
201 -1.6669413037781902e-06
202 -1.5562252625597318e-06
203 -1.6250037405451774e-06
204 -1.6533138678575983e-06
205 -1.6822438262697452e-06
206 -1.6327316546260803e-06
207 -1.6249910075939115e-06
208 -1.5937885835925814e-06
209 -1.6348237422203191e-06
210 -1.6372251569063832e-06
211 -1.6900242805637355e-06
212 -1.6571156412339413e-06
213 -1.6148362855402048e-06
214 -1.6645658277012039e-06
215 -1.655571502874269e-06
216 -1.6490071501615083e-06
217 -1.6456432164730844e-06
218 -1.7003259780064964e-06
219 -1.6450395839910737e-06
220 -1.692420086352693e-06
221 -1.640250036759425e-06
222 -1.628027015441376e-06
223 -1.7076465845379944e-06
224 -1.608231449213874e-06
225 -1.6052634635176814e-06
226 -1.6284780810069302e-06
227 -1.6261890616710585e-06
228 -1.662142248320657e-06
229 -1.6280672769288606e-06
230 -1.5869793186198686e-06
231 -1.6509800979883386e-06
232 -1.589653753050196e-06
233 -1.6522157773877956e-06
234 -1.7120019332147982e-06
235 -1.6502280845696088e-06
236 -1.605663036919561e-06
237 -1.6361440359058768e-06
238 -1.6218917946036922e-06
239 -1.6381383178226683e-06
240 -1.6075762907728661e-06
241 -1.6195828814072833e-06
242 -1.6399777962909746e-06
243 -1.6386710949604223e-06
244 -1.6240926653628463e-06
245 -1.5880955489102754e-06
246 -1.6235322644862367e-06
247 -1.6095767038739539e-06
248 -1.656748859260261e-06
249 -1.625640899274437e-06
250 -1.6414107124560633e-06
251 -1.697913123403647e-06
252 -1.6129137572724567e-06
253 -1.692941951240106e-06
254 -1.6333252771942534e-06
255 -1.6791282334271642e-06
256 -1.6417219622102098e-06
257 -1.6630433344710334e-06
258 -1.6662976976468137e-06
259 -1.6554760452130695e-06
260 -1.6158316793383061e-06
261 -1.6986260525902144e-06
262 -1.650924784705515e-06
263 -1.6377806613681045e-06
264 -1.6667184657272079e-06
265 -1.6391649571567356e-06
266 -1.6383088989900904e-06
267 -1.6550539945409364e-06
268 -1.6945462866231077e-06
269 -1.6212015094637263e-06
270 -1.6111154050210469e-06
271 -1.6022886083068562e-06
272 -1.6047302321873104e-06
273 -1.6215043999357897e-06
274 -1.6407488029377756e-06
275 -1.6504638346932202e-06
276 -1.6898436292161337e-06
277 -1.5484381319733732e-06
278 -1.6511324615964536e-06
279 -1.6501821516811147e-06
280 -1.6275300804551946e-06
281 -1.6417660171569122e-06
282 -1.6315812029747007e-06
283 -1.6437961417189668e-06
284 -1.6287812070481615e-06
285 -1.6075512076323923e-06
286 -1.612072006976224e-06
287 -1.5933761189768442e-06
288 -1.6345227158760674e-06
289 -1.6534437334864955e-06
290 -1.632972722728057e-06
291 -1.6402200367496521e-06
292 -1.678653347433173e-06
293 -1.6857294283288752e-06
294 -1.6202018679713135e-06
295 -1.6149205771455116e-06
296 -1.6118479196017153e-06
297 -1.6567590373712007e-06
298 -1.617640822834463e-06
299 -1.654603709936136e-06
