0 -2.4698175070073265e-06
1 -2.526482785832065e-06
2 -2.5259532744519604e-06
3 -2.5026144856191547e-06
4 -2.5745273925809603e-06
5 -2.538236402194044e-06
6 -2.5250534750258172e-06
7 -2.5238822336107573e-06
8 -2.5270830880024034e-06
9 -2.5002552157633726e-06
10 -2.5639871842231e-06
11 -2.5566908179621613e-06
12 -2.4626386244406772e-06
13 -2.507184643759862e-06
14 -2.524795340454425e-06
15 -2.5656522292580372e-06
16 -2.5491686437438097e-06
17 -2.4769310749338426e-06
18 -2.5182747119299667e-06
19 -2.5096224723764573e-06
20 -2.5236063104144978e-06
21 -2.508456098504943e-06
22 -2.4805050024316886e-06
23 -2.5685028273081517e-06
24 -2.4579169447726387e-06
25 -2.547878548228963e-06
26 -2.5637666651347215e-06
27 -2.600071602089671e-06
28 -2.583434656635773e-06
29 -2.5735183661536276e-06
30 -2.5360799812677275e-06
31 -2.4952245856932613e-06
32 -2.5250049189386423e-06
33 -2.478294283045744e-06
34 -2.4959240931514907e-06
35 -2.589039245006123e-06
36 -2.504807061023445e-06
37 -2.526249543803556e-06
38 -2.5372154430109507e-06
39 -2.484524533191423e-06
40 -2.434662315271437e-06
41 -2.455170348316532e-06
42 -2.5532719253788426e-06
43 -2.4617651389457367e-06
44 -2.535229366834206e-06
45 -2.523711139776911e-06
46 -2.5357411048140014e-06
47 -2.554896691722374e-06
48 -2.4680024067099296e-06
49 -2.515547021615832e-06
50 -2.5443078727792607e-06
51 -2.5516066387188286e-06
52 -2.5193769828150826e-06
53 -2.560414093878176e-06
54 -2.5207518520467553e-06
55 -2.6129329502101598e-06
56 -2.54725912093233e-06
57 -2.402835723248648e-06
58 -2.5370891077724324e-06
59 -2.536758717862932e-06
60 -2.5554114309588996e-06
61 -2.4386596313282446e-06
62 -2.589301465968054e-06
63 -2.49167322503718e-06
64 -2.4844264818136706e-06
65 -2.494979991081692e-06
66 -2.5705442637656885e-06
67 -2.506928993893659e-06
68 -2.5247122325244528e-06
69 -2.4652129506306905e-06
70 -2.5510542207820947e-06
71 -2.5669871909340436e-06
72 -2.5227355040913136e-06
73 -2.5015551175683134e-06
74 -2.5016054696448925e-06
75 -2.4564938523784355e-06
76 -2.5378738032853267e-06
77 -2.5802262656909512e-06
78 -2.4865465806882865e-06
79 -2.4673742592620697e-06
80 -2.5051094201957762e-06
81 -2.5231380965005102e-06
82 -2.4204586365275095e-06
83 -2.5606995065127916e-06
84 -2.621964934979357e-06
85 -2.4518791327122995e-06
86 -2.580136492147426e-06
87 -2.509655899285649e-06
88 -2.5618833838148024e-06
89 -2.544648551849211e-06
90 -2.512440293808261e-06
91 -2.5157364337910757e-06
92 -2.459470409441712e-06
93 -2.537760235355285e-06
94 -2.4504720067032063e-06
95 -2.550598923397735e-06
96 -2.5290508026800414e-06
97 -2.4831974535132695e-06
98 -2.5104150871487495e-06
99 -2.5160860478280554e-06
100 -2.5547815723439565e-06
101 -2.590907499041833e-06
102 -2.498226790052807e-06
103 -2.498973728414147e-06
104 -2.564825451922853e-06
105 -2.523891687303433e-06
106 -2.5873437326818632e-06
107 -2.5535027386803646e-06
108 -2.535212401024825e-06
109 -2.5090666027881214e-06
110 -2.5357777453074264e-06
111 -2.5131521525596304e-06
112 -2.5428064562249344e-06
113 -2.5213411880904926e-06
114 -2.5423259481982657e-06
115 -2.531553083190205e-06
116 -2.5239128981850624e-06
117 -2.48480035677142e-06
118 -2.4563514358898157e-06
119 -2.4934388758407274e-06
120 -2.5810696013563543e-06
121 -2.478080840104887e-06
122 -2.5013603619155524e-06
123 -2.4883468764081206e-06
124 -2.5508493891785835e-06
125 -2.530800378174229e-06
126 -2.5562116269149275e-06
127 -2.583009557190542e-06
128 -2.523699622506741e-06
129 -2.453561997584088e-06
130 -2.5233963037017415e-06
131 -2.55057818733477e-06
132 -2.503343242126233e-06
133 -2.5292396169588167e-06
134 -2.5610504334676575e-06
135 -2.530561453909808e-06
136 -2.508796851281531e-06
137 -2.5260365509574194e-06
138 -2.505730458734468e-06
139 -2.502494666308226e-06
140 -2.5434326734274466e-06
141 -2.5459845099888397e-06
142 -2.521460740015299e-06
143 -2.4820232134224106e-06
144 -2.505403852672966e-06
145 -2.4782213114055333e-06
146 -2.4570803597244852e-06
147 -2.5146006893139404e-06
148 -2.5114238158334443e-06
149 -2.4881763771272166e-06
150 -2.4815253023303326e-06
151 -2.5003441724006853e-06
152 -2.6060346352158122e-06
153 -2.528148286751177e-06
154 -2.5367068362617607e-06
155 -2.519700400107704e-06
156 -2.4986984833319806e-06
157 -2.531122901416365e-06
158 -2.4879713534572024e-06
159 -2.5777890128309013e-06
160 -2.5423795221954686e-06
161 -2.5046980726311096e-06
162 -2.536304206964832e-06
163 -2.503055355382337e-06
164 -2.556720968480744e-06
165 -2.5204846131207655e-06
166 -2.46909967661154e-06
167 -2.519624482560422e-06
168 -2.520283143590041e-06
169 -2.513687025561733e-06
170 -2.5561460063229506e-06
171 -2.5073167746944385e-06
172 -2.4623553945085057e-06
173 -2.548827875414557e-06
174 -2.4847297571242283e-06
175 -2.538205434321419e-06
176 -2.57092567633672e-06
177 -2.4786818164057197e-06
178 -2.5499654921885274e-06
179 -2.488860584167089e-06
180 -2.478761187987812e-06
181 -2.540190602921196e-06
182 -2.5284839178736336e-06
183 -2.609297305304948e-06
184 -2.445815172361415e-06
185 -2.479572255257547e-06
186 -2.4632950657970703e-06
187 -2.5826576579556877e-06
188 -2.527664378933916e-06
189 -2.4535935534331683e-06
190 -2.539508308762678e-06
191 -2.527214425882935e-06
192 -2.5241860933584514e-06
193 -2.5544601532536474e-06
194 -2.5054444635676127e-06
195 -2.518010867236441e-06
196 -2.53357854509732e-06
197 -2.5095782291173418e-06
198 -2.5574405151395783e-06
199 -2.5619159435149748e-06
200 -2.5346610613440565e-06
201 -2.5217615530218106e-06
202 -2.480695002740098e-06
203 -2.5488584978178035e-06
204 -2.5278695360965935e-06
205 -2.512347673949341e-06
206 -2.4758852161047763e-06
207 -2.5273117228103584e-06
208 -2.5207401620658814e-06
209 -2.5158549831574264e-06
210 -2.4956841318651893e-06
211 -2.5011165439871123e-06
212 -2.533813432014416e-06
213 -2.543607055136892e-06
214 -2.53311056592638e-06
215 -2.521856263003652e-06
216 -2.518901111527998e-06
217 -2.5088505900715242e-06
218 -2.533467696111405e-06
219 -2.535329816445867e-06
220 -2.607262655792696e-06
221 -2.5528540478561343e-06
222 -2.472369931945482e-06
223 -2.534241512758491e-06
224 -2.475220044322939e-06
225 -2.5018728299117756e-06
226 -2.5590027129673566e-06
227 -2.5286352413191235e-06
228 -2.5341742146439565e-06
229 -2.487789953819092e-06
230 -2.486580656679513e-06
231 -2.519758969999486e-06
232 -2.49282449751838e-06
233 -2.5519841359790723e-06
234 -2.5517551897164487e-06
235 -2.5430422481447376e-06
236 -2.52830430575222e-06
237 -2.541403769982927e-06
238 -2.5135105723703207e-06
239 -2.51175860390458e-06
240 -2.528392814103653e-06
241 -2.4992467653178896e-06
242 -2.5165693521548503e-06
243 -2.536047371594028e-06
244 -2.5266787239849777e-06
245 -2.502835336716771e-06
246 -2.5334727906544606e-06
247 -2.487120581101357e-06
248 -2.5821135937625654e-06
249 -2.5083581559356838e-06
250 -2.490205584786139e-06
251 -2.569713944883407e-06
252 -2.5298505835330913e-06
253 -2.5906679431316072e-06
254 -2.524022172781451e-06
255 -2.5645893386301494e-06
256 -2.4889732740902904e-06
257 -2.6047677219304256e-06
258 -2.5552490197735145e-06
259 -2.5441442400412428e-06
260 -2.4982481333738457e-06
261 -2.595043595196544e-06
262 -2.5740498325910577e-06
263 -2.560583476369613e-06
264 -2.5749050880174027e-06
265 -2.5822961222982068e-06
266 -2.4577936315963322e-06
267 -2.5608045996751818e-06
268 -2.579890886924775e-06
269 -2.4732908808524934e-06
270 -2.5227920678876794e-06
271 -2.4743827497880837e-06
272 -2.5656539226311588e-06
273 -2.4690419822083655e-06
274 -2.526730298885341e-06
275 -2.5719853131915833e-06
276 -2.5418339702095756e-06
277 -2.4467723529744154e-06
278 -2.4928829876422484e-06
279 -2.5040034577738538e-06
280 -2.5608418050339805e-06
281 -2.505519733041469e-06
282 -2.465584584985181e-06
283 -2.4958079571335875e-06
284 -2.51031191712477e-06
285 -2.4302456923144853e-06
286 -2.465749416246596e-06
287 -2.509392788575593e-06
288 -2.486313927291158e-06
289 -2.5583126634551273e-06
290 -2.54635217489755e-06
291 -2.4772890439570097e-06
292 -2.534434833589461e-06
293 -2.513790821028051e-06
294 -2.515990875585523e-06
295 -2.4974852557200036e-06
296 -2.480689608834335e-06
297 -2.5084485300488777e-06
298 -2.484542687546219e-06
299 -2.5925668466126646e-06
