0 1.4228952986203006e-07
1 1.4951782716565596e-07
2 1.373208140881135e-07
3 1.3765625286441172e-07
4 1.499702856553112e-07
5 1.490077753718953e-07
6 1.4307530445408276e-07
7 1.4882434933060252e-07
8 1.4127565104669135e-07
9 1.4331127470986863e-07
10 1.4702188106392764e-07
11 1.4784073653406044e-07
12 1.4682540493260369e-07
13 1.4300661676214573e-07
14 1.436511366341357e-07
15 1.492265229990317e-07
16 1.49753152276205e-07
17 1.4366040003980277e-07
18 1.497179156915948e-07
19 1.4926817544576055e-07
20 1.4363129476653126e-07
21 1.4375148664303064e-07
22 1.4695643205672962e-07
23 1.4539558285255587e-07
24 1.5231648730606156e-07
25 1.4948574599025907e-07
26 1.501171059025934e-07
27 1.3732570851162923e-07
28 1.5757355260302493e-07
29 1.4574040590913377e-07
30 1.4774251101756532e-07
31 1.4237107796602208e-07
32 1.4808989140770777e-07
33 1.5146568984337368e-07
34 1.472968819623242e-07
35 1.4694626941436404e-07
36 1.4288065562557958e-07
37 1.4555172215003437e-07
38 1.45059265115108e-07
39 1.488953761554878e-07
40 1.513839281207867e-07
41 1.4477709611032684e-07
42 1.478942591052079e-07
43 1.4493450095589355e-07
44 1.410448987384995e-07
45 1.4523773713964214e-07
46 1.423370190754356e-07
47 1.5127003471369553e-07
48 1.52156526450167e-07
49 1.4634731481766844e-07
50 1.475444242924047e-07
51 1.5103239594878593e-07
52 1.430096659629193e-07
53 1.487728691915405e-07
54 1.4682830878567423e-07
55 1.4638688739209858e-07
56 1.4761888877780967e-07
57 1.4597336375396258e-07
58 1.4835640670831717e-07
59 1.4584022468181796e-07
60 1.3896845855470787e-07
61 1.4833444820649943e-07
62 1.4827180310391534e-07
63 1.4532926942722236e-07
64 1.4106498796250607e-07
65 1.5108698008508532e-07
66 1.4669915553580275e-07
67 1.4618063801748624e-07
68 1.463478887497345e-07
69 1.4290390643297672e-07
70 1.4038714311930974e-07
71 1.484213330087071e-07
72 1.40294380116308e-07
73 1.4530149041346822e-07
74 1.4836826399272078e-07
75 1.479446965759035e-07
76 1.5821808374398928e-07
77 1.4576399111152438e-07
78 1.51566601796962e-07
79 1.4805089088525672e-07
80 1.509685606553738e-07
81 1.4315312351388735e-07
82 1.4500567586116824e-07
83 1.4906267890609027e-07
84 1.4881121612194446e-07
85 1.3721968283406066e-07
86 1.459557758181575e-07
87 1.4295179342972323e-07
88 1.4938225460420078e-07
89 1.4619308506373098e-07
90 1.4844707210141356e-07
91 1.5444771350592444e-07
92 1.4863642521029995e-07
93 1.4679584972983638e-07
94 1.4690621988145568e-07
95 1.5393881670734634e-07
96 1.4563890841496545e-07
97 1.5447752426827848e-07
98 1.4696250064867427e-07
99 1.499458149634934e-07
100 1.4121002270480553e-07
101 1.448821457789043e-07
102 1.5134824135115076e-07
103 1.4340472147841906e-07
104 1.5038168942309157e-07
105 1.4512752241916454e-07
106 1.472524482887821e-07
107 1.4396576363391223e-07
108 1.4515372189758234e-07
109 1.4656735875371251e-07
110 1.4723398354964915e-07
111 1.4728229982947041e-07
112 1.4830259404628861e-07
113 1.4532390780851393e-07
114 1.4609761008574388e-07
115 1.4524663369833877e-07
116 1.490239015664944e-07
117 1.5091815276437992e-07
118 1.451972407974756e-07
119 1.4462380353641936e-07
120 1.4852792166902886e-07
121 1.4790415273545792e-07
122 1.487995704688379e-07
123 1.409706653914229e-07
124 1.4478292706810524e-07
125 1.4508702865854588e-07
126 1.4703001533256738e-07
127 1.4627512761142103e-07
128 1.4950166761436797e-07
129 1.4882928330236872e-07
130 1.470104469933656e-07
131 1.4502125290727025e-07
132 1.451114812995647e-07
133 1.5464640874255174e-07
134 1.446600624415526e-07
135 1.4596607896495443e-07
136 1.5062974417894782e-07
137 1.4904171417324102e-07
138 1.4426411074097683e-07
139 1.5027914968527983e-07
140 1.4736538522715776e-07
141 1.3922193114674953e-07
142 1.499261420871943e-07
143 1.3689538254273265e-07
144 1.4892271305110336e-07
145 1.4304342410779807e-07
146 1.4121607957372292e-07
147 1.490663326775398e-07
148 1.439982862175123e-07
149 1.5217689953778723e-07
150 1.4740938806752136e-07
151 1.4844407655746892e-07
152 1.4134217631630923e-07
153 1.4907142103417965e-07
154 1.5388070468817307e-07
155 1.4498722003259198e-07
156 1.4117341279718223e-07
157 1.4557929781081326e-07
158 1.3476536201193842e-07
159 1.4532613577717377e-07
160 1.5277110834858244e-07
161 1.4805504593551032e-07
162 1.4863513118759769e-07
163 1.509002212254516e-07
164 1.4083334511677719e-07
165 1.4568324237926104e-07
166 1.4467342434025088e-07
167 1.5006640483477127e-07
168 1.4245511931988064e-07
169 1.4719140566587878e-07
170 1.3853139921315187e-07
171 1.450686165467624e-07
172 1.4675641495481295e-07
173 1.4298261409104326e-07
174 1.526014020312573e-07
175 1.4875993944197444e-07
176 1.4760385362348764e-07
177 1.4737659367530167e-07
178 1.4186807660619935e-07
179 1.44723798314503e-07
180 1.47465958406468e-07
181 1.4333729304163028e-07
182 1.4577161553246833e-07
183 1.4836047465391286e-07
184 1.5098361631898412e-07
185 1.4018624639702968e-07
186 1.466128692160148e-07
187 1.3721969251425668e-07
188 1.4365695573820615e-07
189 1.5096778096365072e-07
190 1.4172901269126115e-07
191 1.4314735089594167e-07
192 1.5588623582592023e-07
193 1.4732585283602708e-07
194 1.487539000120769e-07
195 1.404962682969408e-07
196 1.5426227386538986e-07
197 1.4588372349361598e-07
198 1.5041728754318772e-07
199 1.455594808722836e-07
200 1.5032129776564383e-07
201 1.5481021771046978e-07
202 1.4721231148095007e-07
203 1.4656394799123454e-07
204 1.5163697953774355e-07
205 1.4726600997800269e-07
206 1.3393629287201866e-07
207 1.4582190771307294e-07
208 1.400697736231932e-07
209 1.4750935506913315e-07
210 1.4933773718639077e-07
211 1.4945537939334903e-07
212 1.4555114316317353e-07
213 1.4566626040610922e-07
214 1.4742671276837575e-07
215 1.4479766859119338e-07
216 1.4957888857256003e-07
217 1.4601900095058405e-07
218 1.5011772130704837e-07
219 1.4732888513792755e-07
220 1.4901065927088777e-07
221 1.499938819024264e-07
222 1.517263052305045e-07
223 1.527345654517003e-07
224 1.480337301116676e-07
225 1.3970313810858527e-07
226 1.4344498904870734e-07
227 1.4678654917465807e-07
228 1.54355022350661e-07
229 1.49532965833131e-07
230 1.4219021038004944e-07
231 1.4289357895609078e-07
232 1.4355307920935556e-07
233 1.4196851320056885e-07
234 1.5145254978904947e-07
235 1.4468841430838598e-07
236 1.391026063973078e-07
237 1.4751122412405162e-07
238 1.3837500837860752e-07
239 1.4429219263686786e-07
240 1.438729217980608e-07
241 1.4978319115427563e-07
242 1.454335940544631e-07
243 1.4582453671370925e-07
244 1.440977978687045e-07
245 1.4617318636712992e-07
246 1.4606281033641708e-07
247 1.4122141683661155e-07
248 1.4619268663868337e-07
249 1.5172627727916704e-07
250 1.4689070675560896e-07
251 1.474700545834365e-07
252 1.515473475500526e-07
253 1.4635181997029566e-07
254 1.4460943495013166e-07
255 1.4318323316461126e-07
256 1.54558674770648e-07
257 1.4252414354984302e-07
258 1.4921786353888232e-07
259 1.5171275757825758e-07
260 1.5030754662180722e-07
261 1.528378506178469e-07
262 1.3669667302104358e-07
263 1.4303358532192756e-07
264 1.4417590077365635e-07
265 1.3595909494593125e-07
266 1.4354262623675142e-07
267 1.4964445948485025e-07
268 1.4854061115566427e-07
269 1.529006650036841e-07
270 1.500795095638958e-07
271 1.431238794050049e-07
272 1.343509187892649e-07
273 1.4625989265125917e-07
274 1.477653725078271e-07
275 1.430289732283983e-07
276 1.5016940156355873e-07
277 1.5048794490033533e-07
278 1.4787488568558757e-07
279 1.4609491253248013e-07
280 1.490492891094449e-07
281 1.4287417529038842e-07
282 1.4905627611907587e-07
283 1.4492941022921145e-07
284 1.472484166769299e-07
285 1.4735624100821973e-07
286 1.3894309613057006e-07
287 1.4173670667726477e-07
288 1.4143372625448198e-07
289 1.450489134134529e-07
290 1.46275055804014e-07
291 1.48609925322723e-07
292 1.4240598932600554e-07
293 1.490388347121885e-07
294 1.4586962567501015e-07
295 1.5124837965755967e-07
296 1.486801701955032e-07
297 1.4529117876395287e-07
298 1.4772822067439132e-07
299 1.4934474514006467e-07
