0 -2.3842909107614064e-06
1 -2.4285492192556473e-06
2 -2.430771911318636e-06
3 -2.395973627938081e-06
4 -2.4605289658424775e-06
5 -2.4364340357389223e-06
6 -2.4238191556040337e-06
7 -2.4255555556737244e-06
8 -2.4357962284232225e-06
9 -2.4047698079750583e-06
10 -2.461316685088781e-06
11 -2.4553123167525407e-06
12 -2.366505125060785e-06
13 -2.4127029144907277e-06
14 -2.42762205790323e-06
15 -2.466667788120637e-06
16 -2.4532039724518625e-06
17 -2.397605215435572e-06
18 -2.409207892295977e-06
19 -2.4073195452290854e-06
20 -2.431916475414052e-06
21 -2.408537075823473e-06
22 -2.3910536420022976e-06
23 -2.45644758900501e-06
24 -2.3636076235000403e-06
25 -2.4586557539917593e-06
26 -2.458869685553981e-06
27 -2.494161109247271e-06
28 -2.4876543344570756e-06
29 -2.467493375742412e-06
30 -2.4532761307280175e-06
31 -2.407318290215051e-06
32 -2.4328073131779243e-06
33 -2.3821153387291687e-06
34 -2.410825408778288e-06
35 -2.4914317456838536e-06
36 -2.393703151815632e-06
37 -2.4339623090304088e-06
38 -2.446338282331361e-06
39 -2.397647852351732e-06
40 -2.350294650362418e-06
41 -2.3553032950232793e-06
42 -2.4683454406116834e-06
43 -2.3645616699810793e-06
44 -2.445990096832699e-06
45 -2.428843520601291e-06
46 -2.425125404963512e-06
47 -2.4540441948196447e-06
48 -2.376922957054387e-06
49 -2.4229422580735024e-06
50 -2.4465698442669516e-06
51 -2.4591668834139314e-06
52 -2.4250667013702454e-06
53 -2.4627342682822085e-06
54 -2.433387718323842e-06
55 -2.5167712505395823e-06
56 -2.4519819248760634e-06
57 -2.3085272168808347e-06
58 -2.4432155215483908e-06
59 -2.439486895970411e-06
60 -2.4602917892501044e-06
61 -2.3534337029963965e-06
62 -2.4810290054475063e-06
63 -2.4006403204667872e-06
64 -2.39130461775836e-06
65 -2.4003424588179075e-06
66 -2.472249902009098e-06
67 -2.40756081271845e-06
68 -2.4222682861771515e-06
69 -2.380351189168236e-06
70 -2.460412640357224e-06
71 -2.4552461503989383e-06
72 -2.41852635200805e-06
73 -2.4005794840849795e-06
74 -2.3935498916221045e-06
75 -2.357575912685041e-06
76 -2.4520408627072325e-06
77 -2.4804306694769657e-06
78 -2.399642968690356e-06
79 -2.3860364751756945e-06
80 -2.4069684062775926e-06
81 -2.4288854693336516e-06
82 -2.3207933617783795e-06
83 -2.4592905566470586e-06
84 -2.519380919912081e-06
85 -2.356925046792171e-06
86 -2.476456614500693e-06
87 -2.4006004475985884e-06
88 -2.463454464668911e-06
89 -2.4446630009455565e-06
90 -2.4201289238880343e-06
91 -2.425698296482109e-06
92 -2.3786805380109603e-06
93 -2.4465206558887526e-06
94 -2.3633268995821485e-06
95 -2.451541538455412e-06
96 -2.4239314280107042e-06
97 -2.3969589393384328e-06
98 -2.4140016346764535e-06
99 -2.422170509326264e-06
100 -2.449258333847128e-06
101 -2.479571203801737e-06
102 -2.4052621875988606e-06
103 -2.4083587654976047e-06
104 -2.462943307791486e-06
105 -2.4254493140700094e-06
106 -2.479107708664268e-06
107 -2.4525255900038977e-06
108 -2.4379260153436616e-06
109 -2.4164560521826486e-06
110 -2.439109659376931e-06
111 -2.416181649165905e-06
112 -2.4580096523350565e-06
113 -2.4230779270462033e-06
114 -2.4436622353343026e-06
115 -2.4335221264564805e-06
116 -2.4346664870071247e-06
117 -2.3956252817929246e-06
118 -2.3719861920991776e-06
119 -2.4047104229856947e-06
120 -2.4851335085716436e-06
121 -2.388101942363934e-06
122 -2.408236733637203e-06
123 -2.3814975781485504e-06
124 -2.4580487036308614e-06
125 -2.429482007171986e-06
126 -2.452149800093281e-06
127 -2.4773756315047114e-06
128 -2.430265148499687e-06
129 -2.382485547304438e-06
130 -2.4270012936623422e-06
131 -2.450299957447345e-06
132 -2.4070104827946415e-06
133 -2.4300303148802634e-06
134 -2.461376230167275e-06
135 -2.439920073538913e-06
136 -2.410649512629713e-06
137 -2.4305978044212237e-06
138 -2.4124946178907174e-06
139 -2.4055953361357064e-06
140 -2.4393269248009517e-06
141 -2.4415292843644217e-06
142 -2.426784189727859e-06
143 -2.3970113719508673e-06
144 -2.4134865522830723e-06
145 -2.389276810364772e-06
146 -2.3622014097933636e-06
147 -2.4162531312329137e-06
148 -2.4121295805083022e-06
149 -2.390447946541465e-06
150 -2.391774161751779e-06
151 -2.4199102919663838e-06
152 -2.499922095299081e-06
153 -2.4242072146147127e-06
154 -2.442044170655836e-06
155 -2.417168380354971e-06
156 -2.403874607234304e-06
157 -2.420422894823345e-06
158 -2.3875293451411903e-06
159 -2.4772863468319407e-06
160 -2.4506882459567687e-06
161 -2.411539781844817e-06
162 -2.42754636704216e-06
163 -2.404344866720558e-06
164 -2.4665142470529795e-06
165 -2.420339402313407e-06
166 -2.3815533647532897e-06
167 -2.419760794792869e-06
168 -2.4186075324192095e-06
169 -2.4107573563600332e-06
170 -2.4493396258992716e-06
171 -2.403037101890649e-06
172 -2.363269943893025e-06
173 -2.458574162525089e-06
174 -2.400123559608038e-06
175 -2.438405361323162e-06
176 -2.4744768491847328e-06
177 -2.388824063954987e-06
178 -2.44893154834683e-06
179 -2.3960935748322412e-06
180 -2.3841419318490696e-06
181 -2.4406912842289127e-06
182 -2.4302935541933327e-06
183 -2.511680082557888e-06
184 -2.3477778987775782e-06
185 -2.382356219673239e-06
186 -2.3739193911647496e-06
187 -2.4785475421781517e-06
188 -2.4417952035578133e-06
189 -2.3671776905858446e-06
190 -2.4359354070374186e-06
191 -2.4450439332893303e-06
192 -2.424772260887924e-06
193 -2.4449394862228103e-06
194 -2.4175552912795637e-06
195 -2.417631601722624e-06
196 -2.4397108661200952e-06
197 -2.4177652946595986e-06
198 -2.4656618834376677e-06
199 -2.471186026723053e-06
200 -2.440859294013888e-06
201 -2.435007966872693e-06
202 -2.3740571781529087e-06
203 -2.445033300972631e-06
204 -2.435396575791741e-06
205 -2.4294947288883408e-06
206 -2.3862019717625242e-06
207 -2.4277523252623532e-06
208 -2.413821656828754e-06
209 -2.4209763673510262e-06
210 -2.405803036739656e-06
211 -2.4217487681347167e-06
212 -2.440726148061694e-06
213 -2.4385036386647784e-06
214 -2.443407486308073e-06
215 -2.4305569813009023e-06
216 -2.428063054349399e-06
217 -2.417141485908986e-06
218 -2.4520304058145747e-06
219 -2.439511306246864e-06
220 -2.5097211896935412e-06
221 -2.4525133413683224e-06
222 -2.3847001007614383e-06
223 -2.454462602590566e-06
224 -2.3820351701896313e-06
225 -2.400758765347487e-06
226 -2.4532121680653204e-06
227 -2.4299651489530194e-06
228 -2.4440555087559257e-06
229 -2.397000051302306e-06
230 -2.3852823790837804e-06
231 -2.4271405827292946e-06
232 -2.390390876146027e-06
233 -2.4544389376563708e-06
234 -2.4687211046235036e-06
235 -2.4473341720247415e-06
236 -2.423175978495883e-06
237 -2.442460140656358e-06
238 -2.4151444781769665e-06
239 -2.417863069585777e-06
240 -2.4242861378758243e-06
241 -2.40409384302323e-06
242 -2.4230650107653507e-06
243 -2.4381556494091798e-06
244 -2.4273010102970054e-06
245 -2.399003198464359e-06
246 -2.4321748294073558e-06
247 -2.390636480835783e-06
248 -2.479380948977531e-06
249 -2.414264219417635e-06
250 -2.4011729895581055e-06
251 -2.4810988456580605e-06
252 -2.4276842684419345e-06
253 -2.495742256843972e-06
254 -2.4273910685233305e-06
255 -2.4712583706191852e-06
256 -2.4024593765257274e-06
257 -2.4998859721776744e-06
258 -2.4608574843927086e-06
259 -2.449592050282493e-06
260 -2.4027565859733663e-06
261 -2.5024839588165205e-06
262 -2.471398033469085e-06
263 -2.4582971591812496e-06
264 -2.4760868442080144e-06
265 -2.4732848274234125e-06
266 -2.374426792216556e-06
267 -2.4630811297808193e-06
268 -2.4871781024266264e-06
269 -2.3844548142814483e-06
270 -2.4217086809369326e-06
271 -2.3794445794857108e-06
272 -2.4527052588196425e-06
273 -2.3795183122044346e-06
274 -2.4321456807950443e-06
275 -2.4701844639284444e-06
276 -2.455479365387897e-06
277 -2.3447523959672263e-06
278 -2.4063582661264273e-06
279 -2.4150368479017357e-06
280 -2.4557556059393532e-06
281 -2.413137807465879e-06
282 -2.379238821801835e-06
283 -2.406282313783646e-06
284 -2.4153587690167908e-06
285 -2.3445913284011237e-06
286 -2.372367702420162e-06
287 -2.4050427422057935e-06
288 -2.3962606543692204e-06
289 -2.4594020154098986e-06
290 -2.444792775158136e-06
291 -2.391826659895624e-06
292 -2.445686463097387e-06
293 -2.431403185007011e-06
294 -2.4167795157733125e-06
295 -2.4010912268598154e-06
296 -2.3866254815255087e-06
297 -2.4196093950308006e-06
298 -2.390953299240108e-06
299 -2.487478669725086e-06
