0 -2.1207473456408935e-06
1 -2.141733022246319e-06
2 -2.1502442720828346e-06
3 -2.101640828416036e-06
4 -2.148259853149827e-06
5 -2.143993894125005e-06
6 -2.1344331998940286e-06
7 -2.13953483660129e-06
8 -2.16065026265584e-06
9 -2.125078236954627e-06
10 -2.1672068721179706e-06
11 -2.163318421471448e-06
12 -2.087529335884593e-06
13 -2.1336314691466823e-06
14 -2.1445782055072836e-06
15 -2.175772348165623e-06
16 -2.1681463664548574e-06
17 -2.14316796367126e-06
18 -2.107642094514533e-06
19 -2.116791268364818e-06
20 -2.1564874351728602e-06
21 -2.122085786966447e-06
22 -2.1211177807112443e-06
23 -2.148690569084922e-06
24 -2.0876368099286456e-06
25 -2.1844102871985635e-06
26 -2.1611428051453704e-06
27 -2.1950809756825634e-06
28 -2.19844739851448e-06
29 -2.1677014778318234e-06
30 -2.1889750417271423e-06
31 -2.1379712798892827e-06
32 -2.1553105174009277e-06
33 -2.100753817429801e-06
34 -2.144601104953155e-06
35 -2.201659355174174e-06
36 -2.0919869841101497e-06
37 -2.1571120198958417e-06
38 -2.170700595373449e-06
39 -2.1307905461657375e-06
40 -2.088841187131862e-06
41 -2.0727119433732754e-06
42 -2.198248812832594e-06
43 -2.0844012437317635e-06
44 -2.1740063558261673e-06
45 -2.1483532855250574e-06
46 -2.1208043684654745e-06
47 -2.1615350212579544e-06
48 -2.103531414296922e-06
49 -2.1450796895409948e-06
50 -2.160347427771924e-06
51 -2.1802203375999647e-06
52 -2.1466655456067017e-06
53 -2.1752766704498474e-06
54 -2.1630048904995373e-06
55 -2.2285349309820502e-06
56 -2.169787778175327e-06
57 -2.03590832837147e-06
58 -2.161631160722437e-06
59 -2.154366602488981e-06
60 -2.177847991848405e-06
61 -2.0911452560254585e-06
62 -2.1759086710343307e-06
63 -2.126762108654121e-06
64 -2.1172015222449412e-06
65 -2.121849856823614e-06
66 -2.183764182807417e-06
67 -2.1220968218077135e-06
68 -2.1305324695052608e-06
69 -2.1178099311370834e-06
70 -2.184566930475799e-06
71 -2.1470085514221927e-06
72 -2.1261535208768634e-06
73 -2.1128738489677437e-06
74 -2.0950725705397017e-06
75 -2.075419367474669e-06
76 -2.180701043691107e-06
77 -2.189722288670534e-06
78 -2.132246966146108e-06
79 -2.126084490844108e-06
80 -2.1216968825186144e-06
81 -2.1498798163094415e-06
82 -2.0397437381803953e-06
83 -2.1663713813714866e-06
84 -2.2205299986172854e-06
85 -2.083100984031792e-06
86 -2.178294799107154e-06
87 -2.101024407844477e-06
88 -2.1755010560769663e-06
89 -2.155812156488299e-06
90 -2.142737988876942e-06
91 -2.1510455422807114e-06
92 -2.121236894701e-06
93 -2.169832671819544e-06
94 -2.0974399263714005e-06
95 -2.1623186526248735e-06
96 -2.1279889246204693e-06
97 -2.130044819835722e-06
98 -2.1320237018639096e-06
99 -2.1421450343657995e-06
100 -2.152675048710279e-06
101 -2.1711545159196587e-06
102 -2.128397696592539e-06
103 -2.1347944368715076e-06
104 -2.169086212038737e-06
105 -2.1399389966287035e-06
106 -2.175259672862398e-06
107 -2.1616245631180773e-06
108 -2.1530173549362895e-06
109 -2.140139044160974e-06
110 -2.154441408983734e-06
111 -2.1321352306931787e-06
112 -2.1907759084218246e-06
113 -2.1372697772175276e-06
114 -2.156531271344057e-06
115 -2.1478242652278763e-06
116 -2.1608315567870976e-06
117 -2.124852866238157e-06
118 -2.109951144753937e-06
119 -2.1343280070021617e-06
120 -2.1981415800779523e-06
121 -2.116146222149945e-06
122 -2.1303162115491465e-06
123 -2.086091627581729e-06
124 -2.1792620639962104e-06
125 -2.139851872827589e-06
126 -2.1556161493998743e-06
127 -2.1778547439878875e-06
128 -2.1505646568880436e-06
129 -2.1395392279255246e-06
130 -2.143414189362436e-06
131 -2.1601782219239513e-06
132 -2.1255971880496014e-06
133 -2.141398564974622e-06
134 -2.1718406895017093e-06
135 -2.1644859146901016e-06
136 -2.125895169815504e-06
137 -2.148060869994921e-06
138 -2.1357375847357063e-06
139 -2.1225107581702374e-06
140 -2.1428378673522834e-06
141 -2.1467942381171243e-06
142 -2.1456906951316614e-06
143 -2.1338554606070035e-06
144 -2.137172082176335e-06
145 -2.119534240144435e-06
146 -2.0853344208388583e-06
147 -2.1309018304274733e-06
148 -2.1255520553328656e-06
149 -2.10629160404131e-06
150 -2.119887206224185e-06
151 -2.1603544403869153e-06
152 -2.199790848987643e-06
153 -2.129977205426575e-06
154 -2.1589264017147537e-06
155 -2.1246008221698214e-06
156 -2.1257543591601652e-06
157 -2.1169402018508916e-06
158 -2.1037992625547987e-06
159 -2.1848068378364933e-06
160 -2.171656821170091e-06
161 -2.1346369210720057e-06
162 -2.1253717087880094e-06
163 -2.118355023878937e-06
164 -2.191483828661651e-06
165 -2.133507854634957e-06
166 -2.114515576891492e-06
167 -2.132404835580601e-06
168 -2.1294359791938122e-06
169 -2.1189520243284815e-06
170 -2.1521662054996055e-06
171 -2.109742076717693e-06
172 -2.079313116855723e-06
173 -2.183135286468807e-06
174 -2.1356344858644424e-06
175 -2.1492745363952805e-06
176 -2.1883079058563804e-06
177 -2.117915755255868e-06
178 -2.158598322688348e-06
179 -2.1205568979843293e-06
180 -2.1066939546554663e-06
181 -2.15339889802925e-06
182 -2.144632435689245e-06
183 -2.2204122544739553e-06
184 -2.0658170426888067e-06
185 -2.102344410245428e-06
186 -2.1040911085063235e-06
187 -2.1814871072189077e-06
188 -2.1736540430127668e-06
189 -2.1021507743377026e-06
190 -2.142975743121787e-06
191 -2.1829670937907197e-06
192 -2.135320669917321e-06
193 -2.1404326235265226e-06
194 -2.1467022381382294e-06
195 -2.130134589715968e-06
196 -2.1581914197619564e-06
197 -2.1409604206400993e-06
198 -2.186734412832699e-06
199 -2.1934190992439594e-06
200 -2.159838490225937e-06
201 -2.1638735668945614e-06
202 -2.0786570022595396e-06
203 -2.1501744937915958e-06
204 -2.1572682422082946e-06
205 -2.1661687619751007e-06
206 -2.117681279877044e-06
207 -2.1400280292861406e-06
208 -2.1172943984046702e-06
209 -2.1405117906687976e-06
210 -2.132966381523518e-06
211 -2.164630786283518e-06
212 -2.1618618679272722e-06
213 -2.1420245457205895e-06
214 -2.1676665111259883e-06
215 -2.15490578779662e-06
216 -2.151751371722711e-06
217 -2.1423251630141884e-06
218 -2.188238733174522e-06
219 -2.156131879517408e-06
220 -2.218905678656991e-06
221 -2.1617043107812724e-06
222 -2.116284993218405e-06
223 -2.1929086808375283e-06
224 -2.1058882162053145e-06
225 -2.114288173872385e-06
226 -2.1559144731331755e-06
227 -2.1424358544478215e-06
228 -2.1672241820935133e-06
229 -2.1236181083843894e-06
230 -2.098036210053428e-06
231 -2.1505603633508505e-06
232 -2.101742707828842e-06
233 -2.167906353708542e-06
234 -2.2026044604170345e-06
235 -2.1632431879812194e-06
236 -2.1283702531340606e-06
237 -2.1541155742362504e-06
238 -2.130645489389231e-06
239 -2.1396446819179804e-06
240 -2.1301655708621624e-06
241 -2.1240178767952512e-06
242 -2.1441488120930724e-06
243 -2.1522636254094297e-06
244 -2.139634030358141e-06
245 -2.106822687587906e-06
246 -2.1418150906880604e-06
247 -2.110612597771542e-06
248 -2.1841746798460863e-06
249 -2.1336119320873997e-06
250 -2.1311201536132747e-06
251 -2.204603429651272e-06
252 -2.1352913800694073e-06
253 -2.2102837465908978e-06
254 -2.1437152479942374e-06
255 -2.189695293375137e-06
256 -2.1337004496832463e-06
257 -2.1995863145676063e-06
258 -2.1782047953967645e-06
259 -2.166916278755717e-06
260 -2.1217708620091307e-06
261 -2.21804711496462e-06
262 -2.1770192967163355e-06
263 -2.1640508987621002e-06
264 -2.186704764947392e-06
265 -2.171434105883928e-06
266 -2.1142263994312996e-06
267 -2.174846535122696e-06
268 -2.205763445513424e-06
269 -2.1138137745277267e-06
270 -2.131023733707938e-06
271 -2.101530722427565e-06
272 -2.144971961174765e-06
273 -2.1098313912091385e-06
274 -2.1502713392735454e-06
275 -2.176488209638708e-06
276 -2.185098147079814e-06
277 -2.0579489744619025e-06
278 -2.139001726557667e-06
279 -2.1435890518661317e-06
280 -2.157854911138541e-06
281 -2.137947298937445e-06
282 -2.1141675845568142e-06
283 -2.135087713445224e-06
284 -2.1347550064182597e-06
285 -2.0829450146614493e-06
286 -2.099844324066598e-06
287 -2.112241249328977e-06
288 -2.1251865953780712e-06
289 -2.1710848336871387e-06
290 -2.153481518969257e-06
291 -2.126092999145089e-06
292 -2.173687582820785e-06
293 -2.168830338275359e-06
294 -2.1309968565020322e-06
295 -2.1197868624988656e-06
296 -2.1098627955985352e-06
297 -2.148821992905872e-06
298 -2.1148262950313392e-06
299 -2.1882232954525557e-06
