0 2.914370232866488e-07
1 2.703786323570392e-07
2 2.961617150210869e-07
3 3.017196045500818e-07
4 2.326194334856572e-07
5 2.610935817184532e-07
6 2.7665397692257955e-07
7 2.653469855131549e-07
8 2.883870343003796e-07
9 2.8538072632720186e-07
10 2.7606462357605e-07
11 2.640403407037669e-07
12 2.6173934562797447e-07
13 2.931648565952393e-07
14 2.893758106223128e-07
15 2.693057687838119e-07
16 2.5862799487819816e-07
17 3.057729250513546e-07
18 2.52957112539143e-07
19 2.701201971669582e-07
20 2.809998355959725e-07
21 2.796073171161911e-07
22 2.8421444391954204e-07
23 2.5956551364419446e-07
24 2.5521117191514915e-07
25 2.741243992827117e-07
26 2.548444176166978e-07
27 2.967951448748441e-07
28 2.376995467892316e-07
29 2.703979303590784e-07
30 3.0329442190672167e-07
31 2.8365125555775926e-07
32 2.77857267807384e-07
33 2.47800309497489e-07
34 2.752713090062258e-07
35 2.728062236005541e-07
36 2.72531970106819e-07
37 2.840750382972584e-07
38 2.714630989836288e-07
39 2.73317467466568e-07
40 2.7524403094754625e-07
41 2.7170589329873763e-07
42 2.8228408635821554e-07
43 2.689050599300757e-07
44 2.9430395677515303e-07
45 2.860939967729281e-07
46 2.7221858827463217e-07
47 2.5655596482254886e-07
48 2.6463869640910934e-07
49 2.8225210969894936e-07
50 2.7726108272715305e-07
51 2.6351236106884593e-07
52 2.877093577703949e-07
53 2.5819935567823216e-07
54 2.953171684595879e-07
55 2.8819218938103744e-07
56 2.613786805781038e-07
57 2.7137259695541544e-07
58 2.737807246681663e-07
59 2.7260153792216573e-07
60 3.024987498621731e-07
61 2.7716265881281084e-07
62 2.551190235886239e-07
63 2.7055575539723147e-07
64 2.893247378968722e-07
65 2.626646597335155e-07
66 2.6989222713171174e-07
67 2.6906145990284755e-07
68 2.6417399833632053e-07
69 3.028061197530804e-07
70 2.925767216725344e-07
71 2.628212741989721e-07
72 2.8394218576670074e-07
73 2.648701599775063e-07
74 2.5780584003940276e-07
75 2.6267414237410163e-07
76 2.5083259262993677e-07
77 2.610098072732277e-07
78 2.665530109424425e-07
79 2.817100398334911e-07
80 2.5508948394896883e-07
81 2.802227511498792e-07
82 2.7626718568572476e-07
83 2.596267103271881e-07
84 2.6947435392228685e-07
85 2.93283316545235e-07
86 2.7049077450323406e-07
87 2.608541910614574e-07
88 2.7759562464824e-07
89 2.8186876987871823e-07
90 2.8075118967661457e-07
91 2.4982513397457004e-07
92 2.74339916133376e-07
93 2.793996093226661e-07
94 2.7026320405190715e-07
95 2.411989662475372e-07
96 2.695838402842587e-07
97 2.6762868648598544e-07
98 2.8427663122528425e-07
99 2.711182556723458e-07
100 2.859228189758047e-07
101 2.7431862682061614e-07
102 2.727135637906801e-07
103 2.902070515767557e-07
104 2.4917839246463124e-07
105 2.7416383450464587e-07
106 2.5138166670343754e-07
107 2.793057112105403e-07
108 2.871220522660793e-07
109 2.8252813231978985e-07
110 2.828995359281263e-07
111 2.6757115533274637e-07
112 2.7551010761796054e-07
113 2.7587606841876757e-07
114 2.7056509973390754e-07
115 2.7289232251380014e-07
116 2.7469791079997104e-07
117 2.8006760618490024e-07
118 2.7287538562992774e-07
119 2.8457376966762647e-07
120 2.6995380377182477e-07
121 2.848579514761522e-07
122 2.718412788233927e-07
123 2.6477101359614214e-07
124 2.9420234004077505e-07
125 2.8353981694953275e-07
126 2.6107986970534277e-07
127 2.75612219283292e-07
128 2.709058585812787e-07
129 2.8383336872787395e-07
130 2.63010256429429e-07
131 2.725620493635539e-07
132 2.721543150708328e-07
133 2.447960146836003e-07
134 2.795766378947919e-07
135 2.8351861107844793e-07
136 2.576311795852285e-07
137 2.695425504992647e-07
138 2.8264820201730403e-07
139 2.4924993459573025e-07
140 2.6174438333681474e-07
141 2.8784851340590706e-07
142 2.7134163773934224e-07
143 3.10328419585879e-07
144 2.6820376368795854e-07
145 2.931805154927883e-07
146 2.807182402684385e-07
147 2.690683536491338e-07
148 2.763660018686771e-07
149 2.5296431986940204e-07
150 2.6670857005622704e-07
151 2.7649423338597985e-07
152 2.727183220979218e-07
153 2.753389997530314e-07
154 2.481624624832201e-07
155 2.6156138649426545e-07
156 2.8804792459824357e-07
157 2.6899780448855734e-07
158 3.123631451803259e-07
159 2.790439197436112e-07
160 2.703546992866476e-07
161 2.7105324705033166e-07
162 2.530595307941956e-07
163 2.7511453456575333e-07
164 2.9648165041539525e-07
165 2.848944129271035e-07
166 2.8164923239516427e-07
167 2.626245534905568e-07
168 2.7912197163136875e-07
169 2.676204206361699e-07
170 2.8799474763309565e-07
171 2.694684672227976e-07
172 2.608372987476692e-07
173 2.876738498019808e-07
174 2.651076919233613e-07
175 2.533666377627501e-07
176 2.637775354244611e-07
177 2.8007181744396546e-07
178 2.8653555515174076e-07
179 2.8202186150591135e-07
180 2.76773157648946e-07
181 2.704851710759874e-07
182 2.7763069688435747e-07
183 2.6553691605102316e-07
184 2.534272947323098e-07
185 2.896827765447796e-07
186 2.889964800421223e-07
187 2.873037936010838e-07
188 2.941106403757211e-07
189 2.6320309634919694e-07
190 2.668184708709943e-07
191 3.042061385047579e-07
192 2.462479990008428e-07
193 2.575681089020087e-07
194 2.756973924701618e-07
195 2.881588432592502e-07
196 2.564368326539472e-07
197 2.8110470300186915e-07
198 2.702266360239112e-07
199 2.9522275434209803e-07
200 2.7653775755364967e-07
201 2.5922269383193447e-07
202 2.5249821454485045e-07
203 2.69287248237656e-07
204 2.749171973340778e-07
205 2.6971892264890486e-07
206 3.0563411929863304e-07
207 2.6903076449915846e-07
208 2.718906231198745e-07
209 2.709386930955745e-07
210 2.656232184000919e-07
211 2.91432537779137e-07
212 2.811008486950713e-07
213 2.6620872364158577e-07
214 2.8246171586484375e-07
215 2.891385058869984e-07
216 2.669653486934434e-07
217 2.756314126456484e-07
218 2.863262396323567e-07
219 2.7702705392180694e-07
220 2.5677675526911024e-07
221 2.6470864343258597e-07
222 2.540035168145855e-07
223 2.7403652965826307e-07
224 2.752750772957333e-07
225 2.947157746388514e-07
226 2.6740520735764385e-07
227 2.6908102861002566e-07
228 2.486491925643066e-07
229 2.7410219806002804e-07
230 2.84730628770409e-07
231 2.8581156057081183e-07
232 2.712545278682633e-07
233 2.879037786737916e-07
234 2.831905051539901e-07
235 2.8122931584827426e-07
236 2.8682394635266925e-07
237 2.633499801435056e-07
238 2.9046529743894483e-07
239 2.8529531814140585e-07
240 2.7457213078247654e-07
241 2.5972235760833125e-07
242 2.815618105525413e-07
243 2.8346174608625533e-07
244 2.842751793606241e-07
245 2.6827770632013426e-07
246 2.6674253971141447e-07
247 2.900783812397233e-07
248 2.7911116221498935e-07
249 2.7263714281986976e-07
250 2.7246996958750226e-07
251 2.803159783068718e-07
252 2.5056103447465136e-07
253 2.7067265683010587e-07
254 2.8246789747227657e-07
255 2.847556963935587e-07
256 2.6298067316055795e-07
257 2.8761435427786517e-07
258 2.684517675539938e-07
259 2.5189070680655984e-07
260 2.555359049894885e-07
261 2.5792092442507257e-07
262 2.9611545365943924e-07
263 2.8129762646195417e-07
264 2.717530273134231e-07
265 3.037165886921681e-07
266 2.896673132595329e-07
267 2.678245415569362e-07
268 2.75664691486563e-07
269 2.6088604838358026e-07
270 2.4947688418680884e-07
271 2.8151953702601975e-07
272 2.9506619486140505e-07
273 2.797408445874317e-07
274 2.752555806700778e-07
275 2.702279761581173e-07
276 2.602119688445874e-07
277 2.456244763493817e-07
278 2.8461448081771836e-07
279 2.8479593622061644e-07
280 2.7421866054202653e-07
281 2.901651014740679e-07
282 2.811783965930007e-07
283 2.9912995609286203e-07
284 2.701097202889452e-07
285 2.7617696444178377e-07
286 2.960188521665805e-07
287 2.8034488213710923e-07
288 2.7680146590292676e-07
289 2.7062447887370783e-07
290 2.6925636537936193e-07
291 2.707828753278602e-07
292 2.984329330727499e-07
293 2.8208671421002626e-07
294 2.723227080363389e-07
295 2.610556588997225e-07
296 2.758483047339218e-07
297 2.7908854629838854e-07
298 2.7435965799467836e-07
299 2.577160285349757e-07
