0 -6.544033170620677e-07
1 -6.512979763826737e-07
2 -6.330620304919265e-07
3 -6.687645790537385e-07
4 -6.561472503956734e-07
5 -7.03408538363278e-07
6 -6.933490492557372e-07
7 -6.744338973630399e-07
8 -6.887837609559666e-07
9 -6.669704310471051e-07
10 -6.907290445217482e-07
11 -6.554534040701897e-07
12 -6.651233669415804e-07
13 -6.563057396923921e-07
14 -6.529413443429166e-07
15 -6.41121638004547e-07
16 -6.558539937138749e-07
17 -6.429211930331272e-07
18 -6.621606000453645e-07
19 -6.822732306746351e-07
20 -6.912632455208015e-07
21 -6.638185495492053e-07
22 -6.493136411313701e-07
23 -6.591776185789662e-07
24 -6.902156850813742e-07
25 -6.469502479292811e-07
26 -6.704519274729364e-07
27 -6.857322666737144e-07
28 -6.627026167568166e-07
29 -6.491269233612708e-07
30 -6.678601858884646e-07
31 -6.636837200715276e-07
32 -6.661070656372412e-07
33 -6.567285441321921e-07
34 -6.721781157103987e-07
35 -6.751632754894554e-07
36 -6.809551221366998e-07
37 -6.819660736965323e-07
38 -6.532524455044929e-07
39 -6.674651680880938e-07
40 -6.362241594925575e-07
41 -6.510086607155678e-07
42 -6.955864812783706e-07
43 -6.68270058738618e-07
44 -6.802699621646912e-07
45 -6.63722527403161e-07
46 -6.755884117956944e-07
47 -6.523072484937385e-07
48 -6.67377696389134e-07
49 -6.40870653982491e-07
50 -6.731970763789417e-07
51 -6.545634389005655e-07
52 -6.808720439318391e-07
53 -6.704582036072301e-07
54 -6.552634721834174e-07
55 -6.62432112654697e-07
56 -6.629736073676986e-07
57 -6.799478857163188e-07
58 -6.603996495129624e-07
59 -6.656267149974288e-07
60 -6.378246744025628e-07
61 -6.559434558401347e-07
62 -6.778769048830884e-07
63 -6.548431891414744e-07
64 -6.701079669311404e-07
65 -6.665114825800578e-07
66 -6.557685523259736e-07
67 -6.515605644016282e-07
68 -6.628982065699252e-07
69 -6.868185153072414e-07
70 -6.648396800937713e-07
71 -6.30134178138566e-07
72 -6.517579988526015e-07
73 -6.507546415669761e-07
74 -6.664361026429774e-07
75 -6.404505386859248e-07
76 -6.388173304945752e-07
77 -6.761625752404685e-07
78 -6.535401262739297e-07
79 -6.593748081796519e-07
80 -6.719700321389791e-07
81 -6.40658937773903e-07
82 -6.921241136476999e-07
83 -6.493610275369547e-07
84 -6.72241563494693e-07
85 -6.577566552798886e-07
86 -6.718052147631384e-07
87 -6.634697737562269e-07
88 -6.487950287991526e-07
89 -6.718918645407071e-07
90 -6.805915189559343e-07
91 -6.589118191280118e-07
92 -6.870347870979295e-07
93 -6.811114232591155e-07
94 -6.780841927517404e-07
95 -6.503411762917853e-07
96 -6.550704023523163e-07
97 -6.911288006639134e-07
98 -6.760656389078854e-07
99 -6.352514838464188e-07
100 -6.584051673184984e-07
101 -6.464566061727171e-07
102 -6.652684977295919e-07
103 -6.437037097341586e-07
104 -6.547697676560416e-07
105 -6.514359791473822e-07
106 -6.66973993522315e-07
107 -6.403826044249932e-07
108 -6.336612725581851e-07
109 -6.545002973435721e-07
110 -6.565946530274106e-07
111 -6.711956224238745e-07
112 -6.788220877879283e-07
113 -6.743370185926055e-07
114 -6.931003543063919e-07
115 -6.872963557480084e-07
116 -6.370125022204408e-07
117 -6.512128837892305e-07
118 -6.91452158611424e-07
119 -6.439763255350472e-07
120 -6.52521088895482e-07
121 -6.667900932349156e-07
122 -6.588508506404626e-07
123 -6.524979452935344e-07
124 -6.954616394419012e-07
125 -6.761340043235453e-07
126 -6.701766487379424e-07
127 -6.529792572560619e-07
128 -6.402263653601227e-07
129 -6.724745241169556e-07
130 -6.496740060087733e-07
131 -6.181506545446154e-07
132 -6.838585768241955e-07
133 -6.823072335383421e-07
134 -6.746485732857795e-07
135 -6.68107271455692e-07
136 -6.855204229820246e-07
137 -6.621714700352853e-07
138 -6.809409787364011e-07
139 -6.712334385545735e-07
140 -6.410727490385639e-07
141 -6.542259120097048e-07
142 -6.545388960589217e-07
143 -6.543755825283505e-07
144 -6.629050212336487e-07
145 -6.377835288873192e-07
146 -6.54467163270417e-07
147 -6.785784357976121e-07
148 -6.619530165775757e-07
149 -6.655978443225096e-07
150 -6.653470286569673e-07
151 -6.43455743863832e-07
152 -6.692409133871775e-07
153 -6.701025203437678e-07
154 -6.601963322682319e-07
155 -6.757177916026063e-07
156 -6.42523327201606e-07
157 -6.452097186886781e-07
158 -6.487448284695799e-07
159 -6.542276586024212e-07
160 -6.651535850764036e-07
161 -6.711478651920521e-07
162 -6.713404667444777e-07
163 -6.817446908925029e-07
164 -6.49651155541621e-07
165 -6.389158736091115e-07
166 -6.696302050129629e-07
167 -6.641391265185903e-07
168 -6.609090415511041e-07
169 -6.590451596545876e-07
170 -6.51080213654229e-07
171 -6.593026262117811e-07
172 -6.647312370934029e-07
173 -6.683996645186712e-07
174 -6.601841309623507e-07
175 -6.585924985731852e-07
176 -6.549183867512247e-07
177 -6.820481202678839e-07
178 -6.657310553192721e-07
179 -6.812535820980319e-07
180 -6.516360752060932e-07
181 -6.643087233660184e-07
182 -6.397420516126154e-07
183 -6.989851503894644e-07
184 -6.623142870205067e-07
185 -6.533681578138492e-07
186 -6.565705016452832e-07
187 -6.62256767468567e-07
188 -6.546639816279492e-07
189 -6.618215180122783e-07
190 -6.586791076179936e-07
191 -6.557236787342471e-07
192 -6.423583400745123e-07
193 -6.312261446000659e-07
194 -6.392679123455784e-07
195 -6.398936068380145e-07
196 -6.473526301987454e-07
197 -6.538421172309335e-07
198 -6.565752695282302e-07
199 -6.498630825819563e-07
200 -6.545823709148254e-07
201 -6.706017690219399e-07
202 -6.731193419850077e-07
203 -6.550996104149774e-07
204 -6.742552558622255e-07
205 -6.578308210027049e-07
206 -6.615932481055356e-07
207 -6.555535276976105e-07
208 -6.723666788820182e-07
209 -6.228979914687719e-07
210 -6.922746160878158e-07
211 -6.42140980350413e-07
212 -6.520977181677778e-07
213 -6.438890273807253e-07
214 -6.793655384240075e-07
215 -6.728185832767306e-07
216 -6.58037966288313e-07
217 -6.532698220282109e-07
218 -6.69763796347497e-07
219 -6.322858573696407e-07
220 -6.486187729363748e-07
221 -6.621882001437242e-07
222 -6.623268597077058e-07
223 -6.711564449234059e-07
224 -6.354521355807635e-07
225 -6.737811427052557e-07
226 -6.502375643043435e-07
227 -6.53175071519119e-07
228 -6.601186880669197e-07
229 -6.79222119012869e-07
230 -6.519818953985323e-07
231 -6.616621864205541e-07
232 -6.75952861672106e-07
233 -6.498815192199844e-07
234 -6.761110766633884e-07
235 -6.578170249821035e-07
236 -6.505872237174463e-07
237 -6.266004365021252e-07
238 -6.900707911873321e-07
239 -6.707385584156404e-07
240 -6.629017276765331e-07
241 -6.529684374736453e-07
242 -6.688891386278778e-07
243 -6.471937035645847e-07
244 -6.589644542914077e-07
245 -6.731735156310051e-07
246 -6.623782170558243e-07
247 -6.579953023698356e-07
248 -6.301906471163877e-07
249 -6.433196338139878e-07
250 -6.462635560351392e-07
251 -6.625509257004708e-07
252 -6.667773295224964e-07
253 -6.854740525423312e-07
254 -6.761513003474334e-07
255 -6.914399022391139e-07
256 -6.68892742269594e-07
257 -6.686628496462767e-07
258 -6.663382564050872e-07
259 -6.689315058833183e-07
260 -6.503856172274259e-07
261 -6.592437700775516e-07
262 -6.340058407788566e-07
263 -6.67449993270441e-07
264 -6.526387918515349e-07
265 -6.813236720562497e-07
266 -6.729667953650527e-07
267 -6.585996856199564e-07
268 -6.608141524268168e-07
269 -6.368700866234294e-07
270 -6.655326736021899e-07
271 -6.510403077973375e-07
272 -6.749315895286631e-07
273 -6.93306107515487e-07
274 -6.346417149134697e-07
275 -6.658052270928028e-07
276 -6.312399271363527e-07
277 -6.522729024848446e-07
278 -6.509547730235968e-07
279 -6.372036694817977e-07
280 -6.600538705514074e-07
281 -6.441595555606494e-07
282 -6.620744543473454e-07
283 -6.384318522816323e-07
284 -6.459853727645161e-07
285 -6.873629209418886e-07
286 -6.434502447065797e-07
287 -6.843569903461044e-07
288 -6.595601225494093e-07
289 -6.665081144340416e-07
290 -6.76961283014723e-07
291 -6.662733132628296e-07
292 -6.465869775440597e-07
293 -6.725502051118595e-07
294 -6.512029620864582e-07
295 -6.644398786630414e-07
296 -6.563323554425323e-07
297 -6.629322765422199e-07
298 -6.494818810833927e-07
299 -6.661691113663261e-07
