0 -2.62649300183641e-06
1 -2.364754924013773e-06
2 -3.04412516313449e-06
3 -2.6323684661247855e-06
4 -2.753255550191016e-06
5 -2.6638987489369486e-06
6 -2.6386075755574375e-06
7 -3.709088377832664e-06
8 -3.4052473622457044e-06
9 -2.601333136764276e-06
10 -2.87592011323942e-06
11 -3.0221438769218757e-06
12 -2.898122919886939e-06
13 -2.8327528755658587e-06
14 -3.089208820572378e-06
15 -2.6513793618693765e-06
16 -2.8604950219666272e-06
17 -3.4119788331579758e-06
18 -3.1759940626255482e-06
19 -3.176153012517595e-06
20 -3.1319716156862423e-06
21 -2.438811722889655e-06
22 -3.0480360023345253e-06
23 -3.150524216795596e-06
24 -2.5387958882427834e-06
25 -2.921917899366257e-06
26 -2.8552566020180887e-06
27 -2.912946289221126e-06
28 -3.3687632058093778e-06
29 -3.277417077827161e-06
30 -2.2627119408742757e-06
31 -3.183195857554092e-06
32 -2.7412234494369677e-06
33 -2.5758404088529275e-06
34 -2.5239769761787542e-06
35 -3.4540431153869023e-06
36 -2.986958456401289e-06
37 -2.9560075744614283e-06
38 -2.412460768033932e-06
39 -3.0418262841748868e-06
40 -2.3126102699775565e-06
41 -2.842279871593298e-06
42 -2.7820792889183568e-06
43 -2.8241968204452953e-06
44 -3.412110197189779e-06
45 -3.0456367789234907e-06
46 -2.729521939892192e-06
47 -2.357026265843165e-06
48 -3.14933478348652e-06
49 -2.999521970476687e-06
50 -2.95079107156491e-06
51 -3.199881333861171e-06
52 -2.9099489774201393e-06
53 -2.832698753464259e-06
54 -3.1753741009014537e-06
55 -2.4397685364598975e-06
56 -3.0455852788783713e-06
57 -2.4529829858079395e-06
58 -2.8352481026608896e-06
59 -2.2949428312689006e-06
60 -2.9830457882140056e-06
61 -3.1300650474125743e-06
62 -2.744954883020229e-06
63 -2.3906509745817796e-06
64 -3.171561047343473e-06
65 -3.6031251689913996e-06
66 -2.544183482548871e-06
67 -2.827162648088342e-06
68 -2.8424977150285062e-06
69 -3.2651131357171826e-06
70 -2.6970715020981823e-06
71 -3.3430847626050536e-06
72 -2.424705898909742e-06
73 -2.99977979865389e-06
74 -3.2279315517619064e-06
75 -2.5383189100973043e-06
76 -2.428403698473865e-06
77 -2.990402801811248e-06
78 -2.793505487346089e-06
79 -2.9996364721835006e-06
80 -3.4319190677649804e-06
81 -3.0564004219954626e-06
82 -3.2874268039545337e-06
83 -2.6569451134346194e-06
84 -3.2690815726580877e-06
85 -2.5686215228249214e-06
86 -2.767069400940844e-06
87 -2.5330473412053723e-06
88 -2.586909557950843e-06
89 -2.8288328198130683e-06
90 -3.106508076190348e-06
91 -2.8764394283948105e-06
92 -2.8622468498113185e-06
93 -2.820431061721322e-06
94 -2.8360777558557944e-06
95 -2.1936375612393667e-06
96 -2.7208879211061034e-06
97 -3.0552443314300335e-06
98 -2.793838843233963e-06
99 -3.2652002402680437e-06
100 -2.8010096155675737e-06
101 -3.0490550978861695e-06
102 -3.306968037080201e-06
103 -2.552055652233958e-06
104 -2.962410937150475e-06
105 -3.056575675634578e-06
106 -2.590827658477753e-06
107 -2.896027992329921e-06
108 -2.536757365109489e-06
109 -2.9468147080252207e-06
110 -2.9048524888220416e-06
111 -2.74369901114379e-06
112 -2.6817590033919793e-06
113 -2.6873936487771317e-06
114 -2.5609689731686516e-06
115 -2.6114978924335927e-06
116 -2.9602198572636957e-06
117 -2.8497337021792666e-06
118 -3.5549610232863526e-06
119 -2.771827211377561e-06
120 -2.2312916827528092e-06
121 -2.377277938953358e-06
122 -2.32509514956331e-06
123 -3.1850585599315786e-06
124 -3.406598125436579e-06
125 -3.2973166955428777e-06
126 -2.79546514620473e-06
127 -3.011984617128614e-06
128 -3.1000426366853933e-06
129 -2.8120042782322124e-06
130 -2.912381618044157e-06
131 -2.459759603901833e-06
132 -2.79385349809178e-06
133 -2.3552241271382725e-06
134 -3.2622848510752596e-06
135 -2.353913400907422e-06
136 -3.1941666788035953e-06
137 -2.698621688642082e-06
138 -2.5928576200445567e-06
139 -2.2794491977057595e-06
140 -3.3694350237423934e-06
141 -2.4366591984473337e-06
142 -2.3262271869452934e-06
143 -2.215921856002215e-06
144 -3.1684668966259946e-06
145 -2.49887372131306e-06
146 -3.3939268637423705e-06
147 -2.9337626150176303e-06
148 -2.699315916431363e-06
149 -3.4785273270905744e-06
150 -3.0519750176573662e-06
151 -2.7420456930356226e-06
152 -3.0776414680842214e-06
153 -3.3677619182032166e-06
154 -2.8106852294881706e-06
155 -2.5501534828555462e-06
156 -2.3893804517482434e-06
157 -2.295837506517471e-06
158 -2.883232937466389e-06
159 -3.3617990618769404e-06
160 -2.7724024969138533e-06
161 -3.533196017867887e-06
162 -2.7090313188334433e-06
163 -3.1267436231498584e-06
164 -2.745890675410968e-06
165 -2.6451898688536565e-06
166 -2.8119044188051546e-06
167 -3.63574117172071e-06
168 -2.620454447137351e-06
169 -2.7482752251252425e-06
170 -2.776589541134398e-06
171 -2.695154952188945e-06
172 -2.798271072188499e-06
173 -3.41497748974982e-06
174 -2.6478886594951527e-06
175 -2.8319713312029495e-06
176 -3.024946566357576e-06
177 -2.6917302491420444e-06
178 -2.4315531871401334e-06
179 -3.1449605947515244e-06
180 -2.7199227793277214e-06
181 -2.718381334750067e-06
182 -2.250031954900096e-06
183 -3.4176135160874536e-06
184 -1.7618779295166817e-06
185 -2.505897453848447e-06
186 -2.9903197568996948e-06
187 -2.34677545521054e-06
188 -2.548598279926699e-06
189 -2.8684707592697974e-06
190 -3.148463319153911e-06
191 -2.6273620732937917e-06
192 -2.6268008213159135e-06
193 -2.1411296264721144e-06
194 -2.9005795218195878e-06
195 -2.9140930762331543e-06
196 -3.0199458830351986e-06
197 -2.5862350781100735e-06
198 -2.5388926157084532e-06
199 -2.267437519083081e-06
200 -3.1570258724761963e-06
201 -2.8617506276788863e-06
202 -2.5769788304296894e-06
203 -2.7806976774392313e-06
204 -3.014091899087981e-06
205 -2.79656662509563e-06
206 -2.71043936916562e-06
207 -3.4293899122934867e-06
208 -3.1236448329176205e-06
209 -3.0787910892506614e-06
210 -3.4436407412897457e-06
211 -2.7629498660888767e-06
212 -3.2191644746784773e-06
213 -2.6800371148993283e-06
214 -3.7919433369380425e-06
215 -2.5461521540462236e-06
216 -2.4889816019742063e-06
217 -2.93405776765097e-06
218 -2.5771136651599683e-06
219 -1.9545727697373893e-06
220 -3.3369102400843e-06
221 -2.5693620688216994e-06
222 -2.9539448800237423e-06
223 -2.9189226239086683e-06
224 -1.6422084287921854e-06
225 -2.0254922929799607e-06
226 -3.3203150746158777e-06
227 -2.623292901063512e-06
228 -2.580012362916377e-06
229 -3.2446834879887153e-06
230 -3.338889287688214e-06
231 -2.576739907493291e-06
232 -3.1748922119986164e-06
233 -2.9565836735769054e-06
234 -2.7601758572865706e-06
235 -2.4129376922909805e-06
236 -2.7272758370416275e-06
237 -2.5130234783499323e-06
238 -3.116113674742723e-06
239 -2.9586326265468744e-06
240 -2.49483405210137e-06
241 -2.519391847187567e-06
242 -2.7209911232953315e-06
243 -3.0972762050779295e-06
244 -3.006203710574663e-06
245 -2.5786338657088676e-06
246 -2.8194249723260577e-06
247 -3.473476081068579e-06
248 -2.2557180777217137e-06
249 -3.194269236315549e-06
250 -2.7969194453638053e-06
251 -2.817476581297111e-06
252 -3.2180392652422544e-06
253 -3.0920619912195957e-06
254 -3.107171742949407e-06
255 -3.0304515358833276e-06
256 -2.7611821835835364e-06
257 -2.9877341199344374e-06
258 -3.3709471160699717e-06
259 -2.0633405724352267e-06
260 -2.9110625553032566e-06
261 -2.7999977867720795e-06
262 -3.115121104764893e-06
263 -3.4491198981615365e-06
264 -3.6017468067649893e-06
265 -3.4701751749769087e-06
266 -2.6923171724252864e-06
267 -2.76895764547963e-06
268 -2.8002618328628366e-06
269 -3.0358611961772297e-06
270 -2.0626902351543387e-06
271 -2.801511392438466e-06
272 -3.007023371618205e-06
273 -2.251348829466229e-06
274 -3.5062879555600245e-06
275 -3.0879523616448553e-06
276 -2.602520136812478e-06
277 -2.8908637245902446e-06
278 -3.034693322711902e-06
279 -3.112651771576343e-06
280 -2.4299820308504777e-06
281 -2.477833987329712e-06
282 -3.7842174208698776e-06
283 -3.3805425128414198e-06
284 -2.434034250751159e-06
285 -2.7642911981559316e-06
286 -3.0725391526912407e-06
287 -3.2252168072041863e-06
288 -3.584398584005222e-06
289 -3.294899754990256e-06
290 -3.007446519666462e-06
291 -3.26116436793812e-06
292 -2.6105935200269452e-06
293 -2.9301390757746367e-06
294 -2.631279160112434e-06
295 -2.5763947861339065e-06
296 -3.6350404228666716e-06
297 -2.5034851997941053e-06
298 -2.1116703023006693e-06
299 -2.232207157445165e-06
