0 -1.4411397156671382e-05
1 -1.4151288729489225e-05
2 -1.4892873693316685e-05
3 -1.4526786431214768e-05
4 -1.4402676699865317e-05
5 -1.4855881553466916e-05
6 -1.4991188191571587e-05
7 -1.5284037023719958e-05
8 -1.5198361751780066e-05
9 -1.4715485534983508e-05
10 -1.504394625299138e-05
11 -1.4451982133835699e-05
12 -1.4843468511444757e-05
13 -1.4734521844758423e-05
14 -1.4792749336054288e-05
15 -1.4247439564851561e-05
16 -1.4667603453494767e-05
17 -1.4769646203190111e-05
18 -1.4517329444081183e-05
19 -1.5152291097674663e-05
20 -1.5070783593597345e-05
21 -1.4516171559722445e-05
22 -1.4689429934262807e-05
23 -1.4760840899791259e-05
24 -1.4833985416425772e-05
25 -1.4701491631729114e-05
26 -1.4583211002286633e-05
27 -1.48639861914958e-05
28 -1.4948210712337813e-05
29 -1.4705455977208806e-05
30 -1.4308785448074932e-05
31 -1.5040632538499958e-05
32 -1.4508232175118728e-05
33 -1.4466737278469252e-05
34 -1.4505557746865312e-05
35 -1.5233237069103826e-05
36 -1.492226197027696e-05
37 -1.4771852896982125e-05
38 -1.4256132089798831e-05
39 -1.4566936481650714e-05
40 -1.3987714721947418e-05
41 -1.4853449375983236e-05
42 -1.5056765967837454e-05
43 -1.4202618080578315e-05
44 -1.4973086246307978e-05
45 -1.4590356787121815e-05
46 -1.4905378540802755e-05
47 -1.4458106913561217e-05
48 -1.500841567972013e-05
49 -1.459032849449382e-05
50 -1.4718480672990192e-05
51 -1.4720416862955026e-05
52 -1.4659971444959988e-05
53 -1.4488363946717628e-05
54 -1.5021428607097895e-05
55 -1.425659766900794e-05
56 -1.5037888203623882e-05
57 -1.4694753937473115e-05
58 -1.4457503981171763e-05
59 -1.4355611143340084e-05
60 -1.467101894184453e-05
61 -1.481871217400673e-05
62 -1.5053170133319845e-05
63 -1.4530862734547327e-05
64 -1.5133900280803185e-05
65 -1.4971804531374282e-05
66 -1.4063194801867822e-05
67 -1.442160558775046e-05
68 -1.4788197596150777e-05
69 -1.4988937189178162e-05
70 -1.45445070733803e-05
71 -1.4474164289072427e-05
72 -1.4541649773474767e-05
73 -1.4498344496718315e-05
74 -1.4727012245654635e-05
75 -1.4583154873648781e-05
76 -1.4173019971733199e-05
77 -1.4595522322601771e-05
78 -1.4600713170823379e-05
79 -1.479077356140829e-05
80 -1.53609531460519e-05
81 -1.4498865617325535e-05
82 -1.5432444595382835e-05
83 -1.4550196516929678e-05
84 -1.5179797196565976e-05
85 -1.4464679979437295e-05
86 -1.4676406351340214e-05
87 -1.445795456249548e-05
88 -1.4368819847351439e-05
89 -1.4628883025282607e-05
90 -1.4934049638819445e-05
91 -1.4832055874654646e-05
92 -1.4602307832740682e-05
93 -1.4892189905476914e-05
94 -1.4733057344854813e-05
95 -1.4207444761021662e-05
96 -1.4483891275905437e-05
97 -1.5195196366792985e-05
98 -1.5041911061669852e-05
99 -1.4331965341853477e-05
100 -1.4700103285226126e-05
101 -1.4698921452577452e-05
102 -1.5033185477367953e-05
103 -1.4261503376051345e-05
104 -1.4777144263836709e-05
105 -1.4449581229446314e-05
106 -1.437822353634094e-05
107 -1.454369471912044e-05
108 -1.4250463227218259e-05
109 -1.4643626125096105e-05
110 -1.4840077789140432e-05
111 -1.4713724639459099e-05
112 -1.488372312785432e-05
113 -1.4721326374241921e-05
114 -1.466817047230916e-05
115 -1.4680606425863285e-05
116 -1.4500739692177493e-05
117 -1.4574563758051731e-05
118 -1.558263181418486e-05
119 -1.4338126598220353e-05
120 -1.4216590151844349e-05
121 -1.4490809561670173e-05
122 -1.4396644699769152e-05
123 -1.486853939868744e-05
124 -1.5433371680819812e-05
125 -1.525828084602341e-05
126 -1.4673245535864745e-05
127 -1.478493695747292e-05
128 -1.4363669891612179e-05
129 -1.4735296408477702e-05
130 -1.4323833767667887e-05
131 -1.3896789733738984e-05
132 -1.5183171438587756e-05
133 -1.461802593950877e-05
134 -1.510563117392033e-05
135 -1.4344109351372506e-05
136 -1.525519478177947e-05
137 -1.4521467926988412e-05
138 -1.4432105486878095e-05
139 -1.4437734645400105e-05
140 -1.5214080458696673e-05
141 -1.407420843781388e-05
142 -1.425098067166621e-05
143 -1.425723713571573e-05
144 -1.4951638021119323e-05
145 -1.4241716171972503e-05
146 -1.488527609527267e-05
147 -1.4562020333694623e-05
148 -1.4750744144667035e-05
149 -1.5242950740149977e-05
150 -1.4829786319093886e-05
151 -1.4464463847712914e-05
152 -1.5067729800953067e-05
153 -1.5034534445464916e-05
154 -1.4604012268173732e-05
155 -1.4313749811335166e-05
156 -1.4063984060886862e-05
157 -1.4019799545093487e-05
158 -1.4505173011779286e-05
159 -1.4927151476945217e-05
160 -1.4614465282855116e-05
161 -1.5513217101106307e-05
162 -1.4775787302951467e-05
163 -1.471321889693066e-05
164 -1.442182635730283e-05
165 -1.4657316211720762e-05
166 -1.4816842613353857e-05
167 -1.5104203161863929e-05
168 -1.4583281126583615e-05
169 -1.4615762561448595e-05
170 -1.4307173859898848e-05
171 -1.453273249549577e-05
172 -1.4311043813187765e-05
173 -1.50313092182365e-05
174 -1.4367565550611354e-05
175 -1.4624626078446625e-05
176 -1.4703212544095288e-05
177 -1.4811143554365817e-05
178 -1.460019431452842e-05
179 -1.491546158255116e-05
180 -1.4071861094744184e-05
181 -1.4368637914065962e-05
182 -1.386052575789089e-05
183 -1.5603774516506627e-05
184 -1.4104385991167603e-05
185 -1.4438972798769566e-05
186 -1.4699121989465112e-05
187 -1.4174975174506884e-05
188 -1.4384512921459473e-05
189 -1.4663856434360325e-05
190 -1.50872031706549e-05
191 -1.435993343388519e-05
192 -1.420186676237206e-05
193 -1.3898313441917105e-05
194 -1.4636658244673692e-05
195 -1.4505458794849643e-05
196 -1.4605827698962536e-05
197 -1.444496222408469e-05
198 -1.4403880995843595e-05
199 -1.4340077067781207e-05
200 -1.465359538874459e-05
201 -1.4619989929893987e-05
202 -1.4726712775386744e-05
203 -1.4634509295083998e-05
204 -1.5034520191386435e-05
205 -1.4351092134506632e-05
206 -1.462330371790259e-05
207 -1.5002002706795586e-05
208 -1.448744145818624e-05
209 -1.4311769591492061e-05
210 -1.540211629194588e-05
211 -1.3997348488775375e-05
212 -1.4941470626798347e-05
213 -1.4569704853654864e-05
214 -1.5187004565546684e-05
215 -1.4367230807817218e-05
216 -1.4239794068572419e-05
217 -1.4583412783160559e-05
218 -1.476615422649751e-05
219 -1.378310843454279e-05
220 -1.4672755774450294e-05
221 -1.4467703918495872e-05
222 -1.4677408295430286e-05
223 -1.4982488014503936e-05
224 -1.3936327134816848e-05
225 -1.435468327232861e-05
226 -1.4735177676266498e-05
227 -1.4506339993378484e-05
228 -1.4364380762484559e-05
229 -1.5425709365489186e-05
230 -1.4929792708100947e-05
231 -1.4405467831647421e-05
232 -1.4988995081205428e-05
233 -1.4802862928760713e-05
234 -1.45954976131532e-05
235 -1.4538474316210586e-05
236 -1.4597728148351393e-05
237 -1.4291126475333818e-05
238 -1.518259658007263e-05
239 -1.4869457057116048e-05
240 -1.4343106380914677e-05
241 -1.4264145145536431e-05
242 -1.4644148694463884e-05
243 -1.4547653983147003e-05
244 -1.4601788018079173e-05
245 -1.4601402845146813e-05
246 -1.4607963376569781e-05
247 -1.485190723343521e-05
248 -1.3799096240412664e-05
249 -1.4640530705417892e-05
250 -1.4290025851198437e-05
251 -1.4469640435401607e-05
252 -1.5079153334955807e-05
253 -1.5275404920077888e-05
254 -1.4985941541876882e-05
255 -1.4988451465552335e-05
256 -1.4838962819926532e-05
257 -1.4716771028604664e-05
258 -1.5100814634427757e-05
259 -1.4269094921993405e-05
260 -1.4552212157935202e-05
261 -1.4468224426467354e-05
262 -1.4479343806576873e-05
263 -1.5235423278205745e-05
264 -1.5258558066363444e-05
265 -1.517873091258994e-05
266 -1.475018028638251e-05
267 -1.4472626769222367e-05
268 -1.4759857884755322e-05
269 -1.4506783913682278e-05
270 -1.4195057988957735e-05
271 -1.4393964580947736e-05
272 -1.494940383008071e-05
273 -1.4700002376919294e-05
274 -1.4961043857477249e-05
275 -1.4578658470340784e-05
276 -1.3706768801687516e-05
277 -1.4605680132081453e-05
278 -1.4723649316342138e-05
279 -1.4526893772519273e-05
280 -1.413514143952066e-05
281 -1.4240411483186767e-05
282 -1.5494177077508968e-05
283 -1.4680663720475199e-05
284 -1.444643013063448e-05
285 -1.4495135397509427e-05
286 -1.4631684306233766e-05
287 -1.5164060825161242e-05
288 -1.526150548427249e-05
289 -1.49512199222026e-05
290 -1.478710007121928e-05
291 -1.4538052901818573e-05
292 -1.4284369101122212e-05
293 -1.4747009271161797e-05
294 -1.4485396448173519e-05
295 -1.433739715576546e-05
296 -1.5158779997236987e-05
297 -1.4385003357696515e-05
298 -1.4196650622085583e-05
299 -1.4419932617855344e-05
