0 -1.0297149075714692e-05
1 -1.000409089644669e-05
2 -1.0800505995725974e-05
3 -1.0356524044622482e-05
4 -1.0378585499870576e-05
5 -1.054725754025916e-05
6 -1.0615694984156407e-05
7 -1.1421545589533163e-05
8 -1.1185433554270375e-05
9 -1.043023172923995e-05
10 -1.0785155144870532e-05
11 -1.0568385973558005e-05
12 -1.0692742924465e-05
13 -1.0599582952936824e-05
14 -1.0779386208052202e-05
15 -1.0217477121585835e-05
16 -1.0577477270121824e-05
17 -1.0968803174518996e-05
18 -1.0695396958210142e-05
19 -1.1018867774150507e-05
20 -1.0960485187629662e-05
21 -1.0246172589883679e-05
22 -1.0702114242331478e-05
23 -1.0818136900676913e-05
24 -1.0457844252886966e-05
25 -1.0632741963862937e-05
26 -1.053130749274623e-05
27 -1.0724501640399553e-05
28 -1.1044502423365596e-05
29 -1.0867456488874124e-05
30 -1.0013126107533994e-05
31 -1.0996645834989862e-05
32 -1.0420421298432638e-05
33 -1.0297807786788892e-05
34 -1.0289308986398377e-05
35 -1.1243675716734776e-05
36 -1.0785734469870555e-05
37 -1.0705247968948545e-05
38 -1.009906782741802e-05
39 -1.0641759084161305e-05
40 -9.887439235289937e-06
41 -1.066788754569759e-05
42 -1.0735895635281408e-05
43 -1.0324793611158765e-05
44 -1.1068838241667967e-05
45 -1.0653457342191183e-05
46 -1.0612452720669815e-05
47 -1.0156457940455566e-05
48 -1.0927177032131293e-05
49 -1.0610746389737475e-05
50 -1.065091848101483e-05
51 -1.082180860594721e-05
52 -1.060229815261273e-05
53 -1.0483327637968611e-05
54 -1.0970988654186177e-05
55 -1.0106761109791407e-05
56 -1.0871778584702567e-05
57 -1.0337955697250162e-05
58 -1.0450568078118312e-05
59 -1.0064352802403586e-05
60 -1.065755054148268e-05
61 -1.0820003777035523e-05
62 -1.069437583420908e-05
63 -1.0208511064388291e-05
64 -1.100219678638675e-05
65 -1.1199808766677873e-05
66 -1.008375049662143e-05
67 -1.0437256603435183e-05
68 -1.0653192853029657e-05
69 -1.0983021851326078e-05
70 -1.041730075675709e-05
71 -1.0754239670710789e-05
72 -1.0247698762853591e-05
73 -1.0567106309112239e-05
74 -1.083739450514549e-05
75 -1.033196424428385e-05
76 -1.0045716914615309e-05
77 -1.0623835257611199e-05
78 -1.0482429468793518e-05
79 -1.0732371091719272e-05
80 -1.128479748959834e-05
81 -1.0605467762577989e-05
82 -1.123010886788957e-05
83 -1.04012466275224e-05
84 -1.1091465630974583e-05
85 -1.0300458880454158e-05
86 -1.0535418875703049e-05
87 -1.026899607941415e-05
88 -1.0255232788120768e-05
89 -1.0545276449281508e-05
90 -1.0882232895169746e-05
91 -1.0670414504574158e-05
92 -1.0535171342628992e-05
93 -1.066047877095017e-05
94 -1.0601554126898984e-05
95 -9.912367378173692e-06
96 -1.0386362384845012e-05
97 -1.098455839972102e-05
98 -1.0734003768767934e-05
99 -1.066539678718413e-05
100 -1.0567442760724118e-05
101 -1.0709099488042276e-05
102 -1.1045892321458526e-05
103 -1.0166451120230253e-05
104 -1.0699858961298743e-05
105 -1.0582418811023716e-05
106 -1.0270529430971897e-05
107 -1.055048316679307e-05
108 -1.014676771153717e-05
109 -1.0615740579045384e-05
110 -1.0702900348858316e-05
111 -1.0534240056626911e-05
112 -1.057898219103316e-05
113 -1.0494645346046231e-05
114 -1.0405243847023121e-05
115 -1.0434367144971504e-05
116 -1.0541882545913857e-05
117 -1.0519009644795933e-05
118 -1.1480333681922186e-05
119 -1.033623622751299e-05
120 -9.958120945394077e-06
121 -1.0191098104192997e-05
122 -1.0108756370408631e-05
123 -1.0873998933883778e-05
124 -1.130760476610784e-05
125 -1.1135503592145123e-05
126 -1.0540553124149892e-05
127 -1.0749328724888432e-05
128 -1.0579035071506688e-05
129 -1.0582129577885156e-05
130 -1.0439372105644555e-05
131 -9.926564854606624e-06
132 -1.0804979090013454e-05
133 -1.0245830052330527e-05
134 -1.1044029751175845e-05
135 -1.0095113993608104e-05
136 -1.1085449342351193e-05
137 -1.0393841089572217e-05
138 -1.0299329062765639e-05
139 -1.0117938110987289e-05
140 -1.116922306287841e-05
141 -1.000427479565432e-05
142 -1.003932606935852e-05
143 -9.967992900230069e-06
144 -1.0912205104407659e-05
145 -1.013567405290901e-05
146 -1.1015421402404288e-05
147 -1.0574018315601832e-05
148 -1.0523048465995698e-05
149 -1.1258640753974547e-05
150 -1.0768857235801725e-05
151 -1.0403514294680551e-05
152 -1.0923915718273954e-05
153 -1.107897684300183e-05
154 -1.0531183334431537e-05
155 -1.0207612587053695e-05
156 -9.984002396773467e-06
157 -9.885973828390693e-06
158 -1.0504633469618581e-05
159 -1.1009857739915484e-05
160 -1.0482279302505415e-05
161 -1.143231023599638e-05
162 -1.053175987509982e-05
163 -1.074562328901811e-05
164 -1.0372550215997975e-05
165 -1.04576402282752e-05
166 -1.0630644014864354e-05
167 -1.1285767762341192e-05
168 -1.0382353642784514e-05
169 -1.048798414127458e-05
170 -1.0337280625402162e-05
171 -1.0414866615873376e-05
172 -1.0346823991484679e-05
173 -1.1113521822110367e-05
174 -1.030391754267873e-05
175 -1.053728281644788e-05
176 -1.070877722810093e-05
177 -1.055985824811205e-05
178 -1.026019422286807e-05
179 -1.0894791917871691e-05
180 -1.0174001225883525e-05
181 -1.0324021998790555e-05
182 -9.776853668510138e-06
183 -1.140658627755628e-05
184 -9.589998938731978e-06
185 -1.0238735765885337e-05
186 -1.06671978816485e-05
187 -1.0003702018052194e-05
188 -1.0235750400312144e-05
189 -1.0577181969959758e-05
190 -1.098035307112388e-05
191 -1.0281050251101849e-05
192 -1.0205394798473925e-05
193 -9.727460808236897e-06
194 -1.0579080146843875e-05
195 -1.051048298006241e-05
196 -1.0643931244739233e-05
197 -1.0294310895517389e-05
198 -1.0246666579423684e-05
199 -1.0043632189515772e-05
200 -1.0769806527712037e-05
201 -1.0548070678599674e-05
202 -1.0434686217614101e-05
203 -1.0503088225210826e-05
204 -1.0852266198278786e-05
205 -1.0377985581840081e-05
206 -1.0471077910336743e-05
207 -1.1106752627752577e-05
208 -1.0673874581465543e-05
209 -1.0531838827204672e-05
210 -1.1321635974868738e-05
211 -1.0174957082968489e-05
212 -1.094145360907837e-05
213 -1.04145813181073e-05
214 -1.1417661185212544e-05
215 -1.0229822348683793e-05
216 -1.0150926017318831e-05
217 -1.0579733231484013e-05
218 -1.0443346080373216e-05
219 -9.576004825707941e-06
220 -1.0880987441432217e-05
221 -1.0306909726026285e-05
222 -1.0653761893523636e-05
223 -1.0768912808013323e-05
224 -9.433010380327026e-06
225 -9.897632987008846e-06
226 -1.0894137078569532e-05
227 -1.0345883346964218e-05
228 -1.0242081797846497e-05
229 -1.1207137151576076e-05
230 -1.1012391929874237e-05
231 -1.0253792327985284e-05
232 -1.0921270515109863e-05
233 -1.0716829144594917e-05
234 -1.0473102109008692e-05
235 -1.0214411405830555e-05
236 -1.0466029760084497e-05
237 -1.0167330721579203e-05
238 -1.1008906751426626e-05
239 -1.0738090977507552e-05
240 -1.0186986482466798e-05
241 -1.0162860742362014e-05
242 -1.0481513412065837e-05
243 -1.0671711510612057e-05
244 -1.0622338228764951e-05
245 -1.0360735974667497e-05
246 -1.0518915697229427e-05
247 -1.1055004334828701e-05
248 -9.750051049635654e-06
249 -1.077138703669678e-05
250 -1.0359468745490638e-05
251 -1.0452749850808339e-05
252 -1.1020488145784414e-05
253 -1.1034732754666412e-05
254 -1.0906824546671787e-05
255 -1.0847385424834961e-05
256 -1.060172406223456e-05
257 -1.0684685813645738e-05
258 -1.1108929557621141e-05
259 -9.878401893610946e-06
260 -1.0546361183990033e-05
261 -1.045537581653874e-05
262 -1.064340149271027e-05
263 -1.1233643843202452e-05
264 -1.1341587456809757e-05
265 -1.1212633094588232e-05
266 -1.0513091748338147e-05
267 -1.0420357387605943e-05
268 -1.0584423743965486e-05
269 -1.0608471114652385e-05
270 -9.842392920767029e-06
271 -1.0394502786390784e-05
272 -1.0820887278737975e-05
273 -1.0213562576178649e-05
274 -1.1125312198240314e-05
275 -1.066660653122104e-05
276 -9.931673713369012e-06
277 -1.0563092235592125e-05
278 -1.0720171966017382e-05
279 -1.0656744503390455e-05
280 -1.002414593100263e-05
281 -1.01396384324193e-05
282 -1.1586259330224033e-05
283 -1.0916986426471215e-05
284 -1.0190216669662313e-05
285 -1.04358264349881e-05
286 -1.0699865571646458e-05
287 -1.1051430452057424e-05
288 -1.1333662028691975e-05
289 -1.0997981527328825e-05
290 -1.0722194657096423e-05
291 -1.0762223969860512e-05
292 -1.0218885908684905e-05
293 -1.0675323717446285e-05
294 -1.033728267562112e-05
295 -1.0247875661739029e-05
296 -1.131510865210132e-05
297 -1.0216525102915216e-05
298 -9.867200584229152e-06
299 -1.0062819827625306e-05
