0 -2.3187851684104664e-06
1 -2.327497735126765e-06
2 -2.2813822552079415e-06
3 -2.3517169878203753e-06
4 -2.3741077300154975e-06
5 -2.290092612871091e-06
6 -2.3054299955104687e-06
7 -2.447000584175058e-06
8 -2.3859569131160816e-06
9 -2.2417015804985334e-06
10 -2.356701719569838e-06
11 -2.439907650473227e-06
12 -2.322636726606938e-06
13 -2.328807319535556e-06
14 -2.3798952150510384e-06
15 -2.3276983328059693e-06
16 -2.3610488304918956e-06
17 -2.4151469540465396e-06
18 -2.455765745962561e-06
19 -2.353462381257671e-06
20 -2.3992057662024936e-06
21 -2.346915577953983e-06
22 -2.3928534502043576e-06
23 -2.4376856119175366e-06
24 -2.267053662700036e-06
25 -2.3441636382531713e-06
26 -2.374330168680787e-06
27 -2.379475573739206e-06
28 -2.421251065833931e-06
29 -2.451853767072344e-06
30 -2.252530506276815e-06
31 -2.4239262583671676e-06
32 -2.344857919223048e-06
33 -2.3114320223090378e-06
34 -2.3373154820924592e-06
35 -2.3834465830882507e-06
36 -2.3459507967721356e-06
37 -2.4418168907733903e-06
38 -2.32636291365422e-06
39 -2.4190768889155933e-06
40 -2.3206927333338427e-06
41 -2.3097939616195774e-06
42 -2.3322403134218426e-06
43 -2.469591064754225e-06
44 -2.408930723092975e-06
45 -2.4297529519645983e-06
46 -2.2995861901344217e-06
47 -2.261089286214259e-06
48 -2.3460684355993764e-06
49 -2.3289959381599558e-06
50 -2.338470457212637e-06
51 -2.4351970596529286e-06
52 -2.3494342110149065e-06
53 -2.4500115525075174e-06
54 -2.378657879779843e-06
55 -2.36607564436754e-06
56 -2.2723240805519774e-06
57 -2.2649477497946757e-06
58 -2.3720152042925953e-06
59 -2.2914907166655373e-06
60 -2.358184849465677e-06
61 -2.392635123859229e-06
62 -2.244097001333247e-06
63 -2.2322962640784816e-06
64 -2.2927129483809442e-06
65 -2.4798988952628505e-06
66 -2.4455142602151394e-06
67 -2.3928115730411787e-06
68 -2.4283727082031096e-06
69 -2.3570313357537173e-06
70 -2.3562250223401463e-06
71 -2.368695110148077e-06
72 -2.2722680357880244e-06
73 -2.366938844879124e-06
74 -2.4455296406438802e-06
75 -2.234294006284331e-06
76 -2.3179289478621495e-06
77 -2.4287846784223468e-06
78 -2.2993667576878157e-06
79 -2.3700156860025717e-06
80 -2.3639763924295025e-06
81 -2.3860638986545485e-06
82 -2.3428509453328953e-06
83 -2.364220773263608e-06
84 -2.3480848307396756e-06
85 -2.3327191767963984e-06
86 -2.3600747652534305e-06
87 -2.315476014996404e-06
88 -2.328844848678231e-06
89 -2.4015429911971723e-06
90 -2.4385417345650654e-06
91 -2.3047459442949525e-06
92 -2.3740453995222234e-06
93 -2.3219816162411784e-06
94 -2.3759918099427706e-06
95 -2.2524916257814536e-06
96 -2.3095167288662426e-06
97 -2.3579489481347655e-06
98 -2.2818069075354765e-06
99 -2.52502801416463e-06
100 -2.369642539314331e-06
101 -2.342721010355935e-06
102 -2.391047918954654e-06
103 -2.3228414394805253e-06
104 -2.337812001643627e-06
105 -2.4151879325898937e-06
106 -2.3800626409812147e-06
107 -2.396771777896733e-06
108 -2.2628996721619807e-06
109 -2.357102586508589e-06
110 -2.353889340632898e-06
111 -2.3585021432509934e-06
112 -2.3051533812781425e-06
113 -2.3017948960859076e-06
114 -2.3828139820760144e-06
115 -2.328633240125664e-06
116 -2.320396464504342e-06
117 -2.3512497769928973e-06
118 -2.3933425555169805e-06
119 -2.3380604545277837e-06
120 -2.284535516793401e-06
121 -2.3116491047566192e-06
122 -2.2657832432426e-06
123 -2.3290913574958524e-06
124 -2.3679454523251704e-06
125 -2.314064912223322e-06
126 -2.3473760189032838e-06
127 -2.4205620089154122e-06
128 -2.4315713356085123e-06
129 -2.3516504546317226e-06
130 -2.4418198605605877e-06
131 -2.317167457880722e-06
132 -2.282059012347576e-06
133 -2.322298269611022e-06
134 -2.373961243535951e-06
135 -2.304173608315116e-06
136 -2.3344075371690468e-06
137 -2.3292590191268737e-06
138 -2.3824183279348105e-06
139 -2.3471600547768994e-06
140 -2.333033111257538e-06
141 -2.3442130524741443e-06
142 -2.326028631814844e-06
143 -2.291908344627815e-06
144 -2.374181253088624e-06
145 -2.324670994346721e-06
146 -2.4250800944383814e-06
147 -2.4253502433863115e-06
148 -2.33802817407781e-06
149 -2.3933616952888856e-06
150 -2.315815436147343e-06
151 -2.3591236791738853e-06
152 -2.34556732681034e-06
153 -2.4214885807670596e-06
154 -2.41390998225987e-06
155 -2.4104034231706298e-06
156 -2.3683413108389865e-06
157 -2.3140399111553605e-06
158 -2.35157194812468e-06
159 -2.372285620244143e-06
160 -2.350711059300293e-06
161 -2.3643171530682177e-06
162 -2.302868567866858e-06
163 -2.378573082435012e-06
164 -2.310543314292835e-06
165 -2.3436893907438384e-06
166 -2.3546108274382204e-06
167 -2.4831268402678144e-06
168 -2.306578795039434e-06
169 -2.3476067688842793e-06
170 -2.395413306710054e-06
171 -2.401060980644515e-06
172 -2.3957393855773498e-06
173 -2.4448047933091287e-06
174 -2.400860388371652e-06
175 -2.369673908648009e-06
176 -2.4129167407921016e-06
177 -2.353938942099414e-06
178 -2.2284682467637367e-06
179 -2.4476853693636025e-06
180 -2.414827599199549e-06
181 -2.342481331611402e-06
182 -2.309275691933257e-06
183 -2.3704100058489955e-06
184 -2.1387889917759205e-06
185 -2.332963526667042e-06
186 -2.3666108110978804e-06
187 -2.316126230517341e-06
188 -2.2927573868717846e-06
189 -2.3330663025525997e-06
190 -2.367797016713273e-06
191 -2.3565562328070247e-06
192 -2.3791708049603994e-06
193 -2.245270985412706e-06
194 -2.3151347670711356e-06
195 -2.2975248791458004e-06
196 -2.3838037037790614e-06
197 -2.3215220561574987e-06
198 -2.3498559551637985e-06
199 -2.2516267891798165e-06
200 -2.456650989842786e-06
201 -2.354634093080803e-06
202 -2.303535653626269e-06
203 -2.311078938427817e-06
204 -2.2904897524036066e-06
205 -2.4062500105438624e-06
206 -2.328546194527734e-06
207 -2.447818948100159e-06
208 -2.549960947738027e-06
209 -2.384715197515061e-06
210 -2.3735854276725423e-06
211 -2.430161940312659e-06
212 -2.375970982688618e-06
213 -2.3115816876889975e-06
214 -2.4842747297477736e-06
215 -2.3553878650123542e-06
216 -2.4210677132553555e-06
217 -2.380454675371618e-06
218 -2.2491209816083564e-06
219 -2.3319409801967616e-06
220 -2.452735963124772e-06
221 -2.3724047058025417e-06
222 -2.387096883037204e-06
223 -2.3266473839330495e-06
224 -2.1291661576031203e-06
225 -2.251208748247117e-06
226 -2.4024262912145537e-06
227 -2.3059006738840517e-06
228 -2.3513000182024927e-06
229 -2.33539952276665e-06
230 -2.402863264083361e-06
231 -2.275447557749534e-06
232 -2.3181282166169205e-06
233 -2.374469567424423e-06
234 -2.3572440760507325e-06
235 -2.2211905427962133e-06
236 -2.3518392415950474e-06
237 -2.269992249881626e-06
238 -2.358191821586468e-06
239 -2.3663640982684734e-06
240 -2.349268975155212e-06
241 -2.3548728137863948e-06
242 -2.3254389071224886e-06
243 -2.4339987074138713e-06
244 -2.3475942046380055e-06
245 -2.2852315612067546e-06
246 -2.34701556249499e-06
247 -2.466138332573542e-06
248 -2.3297493455942843e-06
249 -2.402711655853382e-06
250 -2.4273423354442586e-06
251 -2.397901814524703e-06
252 -2.386146142601513e-06
253 -2.344159209078997e-06
254 -2.3927505634215074e-06
255 -2.3516317761171507e-06
256 -2.2916314946993145e-06
257 -2.384939503516156e-06
258 -2.3594994343815467e-06
259 -2.2870540323508366e-06
260 -2.352450310846994e-06
261 -2.3962651367470216e-06
262 -2.4133391677007945e-06
263 -2.3891581624886995e-06
264 -2.39330318155666e-06
265 -2.4126919974923822e-06
266 -2.314158324100654e-06
267 -2.354519115549138e-06
268 -2.294530112532127e-06
269 -2.423201650878851e-06
270 -2.2894907908084956e-06
271 -2.354028547583799e-06
272 -2.3495244272903967e-06
273 -2.2541506732744917e-06
274 -2.417551183644613e-06
275 -2.4473929276867175e-06
276 -2.463446176977193e-06
277 -2.3346977633755294e-06
278 -2.3736049674679823e-06
279 -2.3935893401449846e-06
280 -2.3028760555505342e-06
281 -2.3770130732832022e-06
282 -2.4035861396517495e-06
283 -2.457507637312782e-06
284 -2.2554027287751954e-06
285 -2.3749613582557823e-06
286 -2.4098226711844753e-06
287 -2.34628486105677e-06
288 -2.4036524271948102e-06
289 -2.4023754159770232e-06
290 -2.343694725266287e-06
291 -2.4895000695002214e-06
292 -2.323274373715138e-06
293 -2.397097279772956e-06
294 -2.300882395091351e-06
295 -2.410916272283985e-06
296 -2.426672039187663e-06
297 -2.345519035129976e-06
298 -2.2437877685259817e-06
299 -2.2897647220743176e-06
