0 -2.002129500962065e-06
1 -2.093851787294664e-06
2 -1.9153230506225193e-06
3 -1.7789493542397162e-06
4 -1.9136310286234426e-06
5 -1.728160865822371e-06
6 -1.8665759687686425e-06
7 -1.3796073428437942e-06
8 -1.5139559010766544e-06
9 -1.9490144128079717e-06
10 -1.6666152572528542e-06
11 -1.7735113933953465e-06
12 -1.8185474063942367e-06
13 -1.9441919619685516e-06
14 -1.7916736589968679e-06
15 -1.9823165082195736e-06
16 -1.7827922971520956e-06
17 -1.6270926826158937e-06
18 -1.6258606693984808e-06
19 -1.611842774735423e-06
20 -1.6518698720446808e-06
21 -1.953811216715092e-06
22 -1.796390093150199e-06
23 -1.7401984705532324e-06
24 -1.8774647031218544e-06
25 -1.8236205573442788e-06
26 -1.8426317688614204e-06
27 -1.8196825742967044e-06
28 -1.6623115261748954e-06
29 -1.662490853699992e-06
30 -2.1094322094676697e-06
31 -1.7818338585078473e-06
32 -1.9034901208885776e-06
33 -2.0107286458452365e-06
34 -1.958963992755255e-06
35 -1.5878832832461794e-06
36 -1.6964049803507303e-06
37 -1.6587630254934102e-06
38 -2.1868322380992983e-06
39 -1.77682046515278e-06
40 -2.1187174643924024e-06
41 -1.9917768940558495e-06
42 -1.6872611379496902e-06
43 -1.8283913473400126e-06
44 -1.4407610959127833e-06
45 -1.7179707497364341e-06
46 -1.8018591038953177e-06
47 -2.236091416656165e-06
48 -1.7290953074346203e-06
49 -1.754972425334186e-06
50 -1.737804821618324e-06
51 -1.6796557957225183e-06
52 -1.8400342123419616e-06
53 -1.8235824528537174e-06
54 -1.7895921889700554e-06
55 -1.9597168918465315e-06
56 -1.7648782389218373e-06
57 -2.0002362189385115e-06
58 -1.8310552525515127e-06
59 -2.153383305843409e-06
60 -1.9208197760644152e-06
61 -1.7080840758818275e-06
62 -1.849872565614081e-06
63 -2.138661649816953e-06
64 -1.7303156349484376e-06
65 -1.502719309183511e-06
66 -2.0323673014379208e-06
67 -1.9408534468843814e-06
68 -1.8041648196352273e-06
69 -1.487281310667525e-06
70 -1.9272817924941554e-06
71 -1.661166900084264e-06
72 -2.134922148448097e-06
73 -1.7853482416468135e-06
74 -1.6100698514562404e-06
75 -2.1747921237504926e-06
76 -2.093007932369918e-06
77 -1.670634150002683e-06
78 -1.8602147063344755e-06
79 -1.7738426901952078e-06
80 -1.5121402816805831e-06
81 -1.7575350783745697e-06
82 -1.511370329798197e-06
83 -1.9896699603321234e-06
84 -1.6248600232616667e-06
85 -1.9998426637252844e-06
86 -1.9832116744507644e-06
87 -2.0541731569389117e-06
88 -2.006430139837524e-06
89 -1.7846288270695633e-06
90 -1.6033751756629109e-06
91 -1.8680842276234177e-06
92 -1.7564819731518867e-06
93 -1.806593131175445e-06
94 -1.7383638869480948e-06
95 -2.0980333035277696e-06
96 -1.9019836608077818e-06
97 -1.7293646251780154e-06
98 -1.9212146654324934e-06
99 -1.738295870725201e-06
100 -1.8672946156840686e-06
101 -1.864167376136137e-06
102 -1.6280990910261351e-06
103 -1.9909110406499886e-06
104 -1.8577718085202405e-06
105 -1.7714768829326185e-06
106 -2.020464777029718e-06
107 -1.9568645115970638e-06
108 -2.1443702646410713e-06
109 -1.7957836150365052e-06
110 -1.8907644334575875e-06
111 -1.9045968679296452e-06
112 -1.8193301957615477e-06
113 -1.8740172161967843e-06
114 -1.8590923616604636e-06
115 -1.8516776219417764e-06
116 -1.9027402697514282e-06
117 -1.8371613107818104e-06
118 -1.3642844189822215e-06
119 -1.8570287659453013e-06
120 -2.143884084214676e-06
121 -2.001636201370535e-06
122 -2.121595407314683e-06
123 -1.813370158775157e-06
124 -1.4359282267205552e-06
125 -1.5896531166834812e-06
126 -1.8293895939752653e-06
127 -1.8326377349259052e-06
128 -1.8166802963438276e-06
129 -1.8102723420072037e-06
130 -1.8131807835777035e-06
131 -2.1943566252769508e-06
132 -1.8013707392100988e-06
133 -2.0007295393985505e-06
134 -1.543113736289728e-06
135 -2.0937085706891146e-06
136 -1.5301456283126942e-06
137 -1.8716384323189785e-06
138 -1.9320714946952775e-06
139 -2.1304470412883646e-06
140 -1.6446297340697017e-06
141 -2.0015360064690976e-06
142 -2.124650244757007e-06
143 -2.108200978812013e-06
144 -1.6556072510176626e-06
145 -2.0994129922381936e-06
146 -1.5185618981124979e-06
147 -1.6957648754367769e-06
148 -1.8453472026457142e-06
149 -1.5185990785371855e-06
150 -1.7881367039802678e-06
151 -1.9380067695493676e-06
152 -1.7363002764506371e-06
153 -1.5231918246950908e-06
154 -1.910138722358322e-06
155 -1.8198159383455182e-06
156 -2.167359725879112e-06
157 -2.1198803232812015e-06
158 -1.8475361368004498e-06
159 -1.6498218294381728e-06
160 -1.7419494091350238e-06
161 -1.4849413388498089e-06
162 -1.853902501137662e-06
163 -1.5418797339956803e-06
164 -1.9283738008168496e-06
165 -2.0654244193066335e-06
166 -1.8200955623123078e-06
167 -1.3888805112956544e-06
168 -1.9457700311520444e-06
169 -1.9284018742395556e-06
170 -1.881119107166459e-06
171 -1.875837234950079e-06
172 -1.7911310169438138e-06
173 -1.547662266574247e-06
174 -1.9124956094923315e-06
175 -1.8600505614837135e-06
176 -1.7443255978963688e-06
177 -1.864302246360514e-06
178 -1.993804142250373e-06
179 -1.6062689157163097e-06
180 -1.843313537229408e-06
181 -1.894894418640015e-06
182 -2.1213761847078164e-06
183 -1.4223899889122e-06
184 -2.3714179481006353e-06
185 -1.9163572131855333e-06
186 -1.6735011334159139e-06
187 -2.0830684297474263e-06
188 -2.0462966652973694e-06
189 -1.8504932435877187e-06
190 -1.6595067199606324e-06
191 -2.0119219455377897e-06
192 -2.0257736037818997e-06
193 -2.3301449777810935e-06
194 -1.8979878635163945e-06
195 -1.8864151113715833e-06
196 -1.8073935111673573e-06
197 -2.0379346065070707e-06
198 -1.9763065982314827e-06
199 -2.1826479135732055e-06
200 -1.7859817621542411e-06
201 -1.8086940025892999e-06
202 -1.908044843194169e-06
203 -1.9395926324425806e-06
204 -1.6858813426080935e-06
205 -1.8513861026521185e-06
206 -1.9763712602791454e-06
207 -1.5628630776638105e-06
208 -1.7446194920532252e-06
209 -1.9353092066479964e-06
210 -1.4929563158100781e-06
211 -1.999183434602516e-06
212 -1.700814678120806e-06
213 -2.016483915895121e-06
214 -1.3080095834755024e-06
215 -1.918295590831655e-06
216 -2.075864814867657e-06
217 -1.835663976669928e-06
218 -1.9566387798637743e-06
219 -2.4008690972902225e-06
220 -1.6332005611054333e-06
221 -1.9877234819793607e-06
222 -1.8268725945671995e-06
223 -1.651211491554571e-06
224 -2.6127578077475084e-06
225 -2.144137401285617e-06
226 -1.6943397557357567e-06
227 -1.971306836344806e-06
228 -1.879082125104354e-06
229 -1.571673839085338e-06
230 -1.651071679912028e-06
231 -2.0515160024141597e-06
232 -1.739175496968416e-06
233 -1.8197722658411363e-06
234 -1.7454520358636014e-06
235 -2.128654690898743e-06
236 -1.884471990346279e-06
237 -2.1945892837862786e-06
238 -1.6554011056768602e-06
239 -1.694655537203379e-06
240 -2.0289779289474766e-06
241 -2.0232008563103805e-06
242 -1.9233597524085576e-06
243 -1.7814292936542788e-06
244 -1.7755401110842003e-06
245 -1.9531814048432633e-06
246 -1.8928359951530662e-06
247 -1.5805443835496644e-06
248 -2.2030213993496274e-06
249 -1.8045645870649228e-06
250 -1.9875015906918367e-06
251 -1.818404283124002e-06
252 -1.7107375166614094e-06
253 -1.6256378799599488e-06
254 -1.7208257742430034e-06
255 -1.6492939912604905e-06
256 -1.8889017239424377e-06
257 -1.7538660027425681e-06
258 -1.5715105995963833e-06
259 -2.113685568204002e-06
260 -1.8935886419166503e-06
261 -1.9733468975283775e-06
262 -1.900578992384768e-06
263 -1.5741778889829599e-06
264 -1.5694536066921799e-06
265 -1.3772864839821698e-06
266 -1.849345952085176e-06
267 -1.9189589458381973e-06
268 -1.947073872208784e-06
269 -1.8894639196909972e-06
270 -2.1714375133104055e-06
271 -1.8390153921767263e-06
272 -1.810006515508279e-06
273 -2.0391419540670986e-06
274 -1.5922601141782508e-06
275 -1.5966833596093163e-06
276 -2.089143187291341e-06
277 -1.9108649918244383e-06
278 -1.852510218574845e-06
279 -1.7949408253249838e-06
280 -2.0885698131812823e-06
281 -2.1385478779957193e-06
282 -1.5677258622135582e-06
283 -1.6542903360614525e-06
284 -2.0945008200269323e-06
285 -1.8859977050453218e-06
286 -1.8193347271944563e-06
287 -1.5831707699955747e-06
288 -1.538133608880983e-06
289 -1.673945397433537e-06
290 -1.667240808969859e-06
291 -1.5095090128528065e-06
292 -2.090057268176261e-06
293 -1.8043760664017757e-06
294 -1.9840565757751693e-06
295 -1.9359941017740605e-06
296 -1.54046420675952e-06
297 -1.961885380454852e-06
298 -2.2082285573159116e-06
299 -2.0812604125805143e-06
