0 1.5485464569780382e-05
1 1.5572149324413694e-05
2 1.5408727070040224e-05
3 1.5480506514204407e-05
4 1.537211771273894e-05
5 1.5700542707814763e-05
6 1.5913310191154766e-05
7 1.4984749319495157e-05
8 1.5215259990638423e-05
9 1.5685382631015762e-05
10 1.5666098387047707e-05
11 1.5134349702883929e-05
12 1.5521836029070577e-05
13 1.5564015448514364e-05
14 1.526944835405019e-05
15 1.5275164728777902e-05
16 1.5415620508006513e-05
17 1.4936033361395451e-05
18 1.4993370016021698e-05
19 1.541751898351758e-05
20 1.5471704662698636e-05
21 1.57632412684187e-05
22 1.5246219814841365e-05
23 1.526828038246365e-05
24 1.582168254840429e-05
25 1.5381889810115666e-05
26 1.540254879206353e-05
27 1.5588656610894925e-05
28 1.5170019776483537e-05
29 1.5089318775365295e-05
30 1.5752856892082102e-05
31 1.55226183130202e-05
32 1.5429612090679744e-05
33 1.5591585181604884e-05
34 1.5680456825190298e-05
35 1.527561428405767e-05
36 1.5454972661530106e-05
37 1.543467521711984e-05
38 1.5692449139172602e-05
39 1.5208100362866508e-05
40 1.5509413906258e-05
41 1.5664724133105364e-05
42 1.5762588236950018e-05
43 1.5182758075796623e-05
44 1.5019971493442898e-05
45 1.51669657821857e-05
46 1.5676375018533816e-05
47 1.58440742123829e-05
48 1.5357271823114197e-05
49 1.5158596880306185e-05
50 1.5323511934986395e-05
51 1.5164093617448006e-05
52 1.5374874650580558e-05
53 1.539961582744316e-05
54 1.5456629767238842e-05
55 1.555597723978842e-05
56 1.5465452543919163e-05
57 1.5858392844343897e-05
58 1.528615447651089e-05
59 1.5805824031335295e-05
60 1.5349660189896927e-05
61 1.5241180247988143e-05
62 1.5750632334345326e-05
63 1.5801019941874693e-05
64 1.541851227060946e-05
65 1.490955018020102e-05
66 1.5401626086504137e-05
67 1.5351239688475792e-05
68 1.5642035103537292e-05
69 1.5141467846680902e-05
70 1.5554204592673966e-05
71 1.469281514027423e-05
72 1.583567122466123e-05
73 1.5113717841845757e-05
74 1.5082200133591906e-05
75 1.5752765352090095e-05
76 1.5482455763323683e-05
77 1.5224566456992795e-05
78 1.5350511132462477e-05
79 1.5403196447839314e-05
80 1.5282276043943597e-05
81 1.5063266796392748e-05
82 1.546443154477284e-05
83 1.5617357228625397e-05
84 1.5372902530279107e-05
85 1.563397000464834e-05
86 1.561965603789901e-05
87 1.565109304073771e-05
88 1.5512119272877768e-05
89 1.543865050338222e-05
90 1.5421585490909065e-05
91 1.5537143656966318e-05
92 1.5333384967841022e-05
93 1.5587930552042647e-05
94 1.5489084839539725e-05
95 1.569550711647894e-05
96 1.539673619472854e-05
97 1.5680571717934207e-05
98 1.5814458330599335e-05
99 1.4847307609370324e-05
100 1.5560333012403308e-05
101 1.5263088431601186e-05
102 1.5256204904447762e-05
103 1.540487396686211e-05
104 1.543408479682288e-05
105 1.5064086198888768e-05
106 1.5569156906723362e-05
107 1.540630444832218e-05
108 1.5426991044642003e-05
109 1.5296997403252933e-05
110 1.5570230474861284e-05
111 1.5592501655988745e-05
112 1.5735203496340432e-05
113 1.562881110805519e-05
114 1.5765561710621317e-05
115 1.5693928870653e-05
116 1.5181200518971391e-05
117 1.5338587320902942e-05
118 1.5320866634676425e-05
119 1.5184183428426779e-05
120 1.5770382386179595e-05
121 1.5779407952897333e-05
122 1.580640977592295e-05
123 1.5246112236666917e-05
124 1.5368671120948253e-05
125 1.531041655383187e-05
126 1.5496250051631455e-05
127 1.5466719379119632e-05
128 1.5037432455661273e-05
129 1.55145455372007e-05
130 1.5158189800708232e-05
131 1.5301845973397723e-05
132 1.5862471011253056e-05
133 1.5926217584135757e-05
134 1.525761235300816e-05
135 1.5725691231508548e-05
136 1.5460865831259758e-05
137 1.5448645295525793e-05
138 1.5578891816106415e-05
139 1.597002799021195e-05
140 1.525565238953936e-05
141 1.5396133998906324e-05
142 1.5745341881384513e-05
143 1.577451539944762e-05
144 1.5286699329387038e-05
145 1.5531105922421805e-05
146 1.499180867990664e-05
147 1.5276896249331963e-05
148 1.5638900099441875e-05
149 1.5214020083005436e-05
150 1.5303734427680088e-05
151 1.542900415983888e-05
152 1.5534669708199064e-05
153 1.5145946341346948e-05
154 1.5530655719900577e-05
155 1.5468893437574047e-05
156 1.5564443435712895e-05
157 1.551127070013166e-05
158 1.5285530531962915e-05
159 1.5053094802053338e-05
160 1.5368253870231314e-05
161 1.5337207928651116e-05
162 1.5609386770960815e-05
163 1.5035360557115762e-05
164 1.5354129303177217e-05
165 1.5764396556262207e-05
166 1.5598853803311707e-05
167 1.4917853769769622e-05
168 1.560683644420583e-05
169 1.5553738616841404e-05
170 1.5240263280287018e-05
171 1.5528650178438613e-05
172 1.5172641579360343e-05
173 1.5131829453108597e-05
174 1.549153644893249e-05
175 1.5411786552607997e-05
176 1.5321061051107808e-05
177 1.5764000000836405e-05
178 1.572888199077689e-05
179 1.534536353678341e-05
180 1.5080397091380766e-05
181 1.531913443915536e-05
182 1.5452459997734362e-05
183 1.550514243773185e-05
184 1.608550811686483e-05
185 1.5597593840242083e-05
186 1.5252610344110441e-05
187 1.5615319560097787e-05
188 1.5559013497361562e-05
189 1.5405302881904703e-05
190 1.545771260168076e-05
191 1.5516240545718e-05
192 1.5421318497433742e-05
193 1.5624031635574163e-05
194 1.5340255048325845e-05
195 1.519177279622948e-05
196 1.5243604974944894e-05
197 1.5565373252926855e-05
198 1.5586044597062903e-05
199 1.5830780276403225e-05
200 1.5230994168226512e-05
201 1.5348720922277468e-05
202 1.5757312742244396e-05
203 1.545599337613056e-05
204 1.5467402139897465e-05
205 1.5276914772761637e-05
206 1.56301473921707e-05
207 1.5091951424266045e-05
208 1.5158774500899154e-05
209 1.5012461446057175e-05
210 1.536279949214999e-05
211 1.5097974690743985e-05
212 1.5253648034154693e-05
213 1.5563425149791647e-05
214 1.4795687329928866e-05
215 1.553163848273648e-05
216 1.5642759758049568e-05
217 1.532517887653945e-05
218 1.574704381975455e-05
219 1.58384152541873e-05
220 1.4961383514393113e-05
221 1.565574382132929e-05
222 1.541375764893691e-05
223 1.5499980521224166e-05
224 1.6158780507260494e-05
225 1.6050878099199544e-05
226 1.5004248871275138e-05
227 1.5543182476071288e-05
228 1.5434762898517056e-05
229 1.556240241179333e-05
230 1.5131420793689875e-05
231 1.5512033848052968e-05
232 1.527869155069549e-05
233 1.5482642498063194e-05
234 1.5415988159279375e-05
235 1.5716046140967396e-05
236 1.5527167561631063e-05
237 1.5570072868224623e-05
238 1.557911419469458e-05
239 1.5423099432736036e-05
240 1.5600837578964674e-05
241 1.5525396763383742e-05
242 1.5581491171254445e-05
243 1.5162571777776959e-05
244 1.5169541122834148e-05
245 1.5628207766141243e-05
246 1.5419600728031578e-05
247 1.4948533221583896e-05
248 1.5427177075661527e-05
249 1.5101474398615031e-05
250 1.534971870383344e-05
251 1.5342987012060363e-05
252 1.5428695491544654e-05
253 1.5583376125530345e-05
254 1.5468863698194702e-05
255 1.544886069161133e-05
256 1.5637797083389e-05
257 1.5343468603445122e-05
258 1.5169692066949426e-05
259 1.5939337865308604e-05
260 1.5306814745438222e-05
261 1.547739929478473e-05
262 1.509257477488018e-05
263 1.5224971429840005e-05
264 1.510404732848255e-05
265 1.509205735630238e-05
266 1.563983200339472e-05
267 1.5412651163147116e-05
268 1.556591485860262e-05
269 1.5207943496155148e-05
270 1.5918206150773283e-05
271 1.52552096900006e-05
272 1.5534947346393214e-05
273 1.604472828525451e-05
274 1.4948297632503551e-05
275 1.5057367786860859e-05
276 1.5081106041865495e-05
277 1.536605625981952e-05
278 1.5334459446476126e-05
279 1.5053024177348732e-05
280 1.5443676855083653e-05
281 1.5643430571218503e-05
282 1.5178612436486847e-05
283 1.4963544374649556e-05
284 1.5675953512621153e-05
285 1.5459710371380753e-05
286 1.525679305461918e-05
287 1.5361565536514395e-05
288 1.5132189435746043e-05
289 1.5215686036485042e-05
290 1.5310014632009618e-05
291 1.4901595030410915e-05
292 1.5417166791837664e-05
293 1.550384225575212e-05
294 1.551628163863174e-05
295 1.5554188089052458e-05
296 1.5030212871625487e-05
297 1.561946010066162e-05
298 1.5842424062920096e-05
299 1.58864251913768e-05
