0 -1.3900745940411298e-05
1 -1.3734789554357327e-05
2 -1.4251309050002865e-05
3 -1.4020515927728048e-05
4 -1.3779870558986124e-05
5 -1.441092459400183e-05
6 -1.4576082581941955e-05
7 -1.4249077847166725e-05
8 -1.4353266554508043e-05
9 -1.4316564228653682e-05
10 -1.44835051713711e-05
11 -1.366864069034031e-05
12 -1.4244557112016014e-05
13 -1.4157179844175232e-05
14 -1.407026363281931e-05
15 -1.3699655867682149e-05
16 -1.4043845529934438e-05
17 -1.3824398654210027e-05
18 -1.3643078501347612e-05
19 -1.4451526012936263e-05
20 -1.4353468495869055e-05
21 -1.4108587862636785e-05
22 -1.3963588056415452e-05
23 -1.394401767229827e-05
24 -1.4478430001394578e-05
25 -1.4051957246854835e-05
26 -1.3952329377151728e-05
27 -1.4231900743209044e-05
28 -1.4054818263226248e-05
29 -1.3789963635873582e-05
30 -1.4025740949125538e-05
31 -1.4249132900737062e-05
32 -1.39324464057109e-05
33 -1.3994498063555958e-05
34 -1.4059736543012655e-05
35 -1.4355362855825655e-05
36 -1.4280105582733041e-05
37 -1.4059086361434841e-05
38 -1.3824528672819877e-05
39 -1.3798034374677068e-05
40 -1.356369308196184e-05
41 -1.4305488341818246e-05
42 -1.4551057520443173e-05
43 -1.3462200978964119e-05
44 -1.4071203994146285e-05
45 -1.3817359643521308e-05
46 -1.4441044602587116e-05
47 -1.4150876487812144e-05
48 -1.4300922634121654e-05
49 -1.3889987713180656e-05
50 -1.4072006174336648e-05
51 -1.3875061104239475e-05
52 -1.4018300261990615e-05
53 -1.379969517151727e-05
54 -1.4256606773009684e-05
55 -1.3799188041960278e-05
56 -1.4427947552998038e-05
57 -1.4358625701896376e-05
58 -1.3807463749748283e-05
59 -1.4051943379296666e-05
60 -1.3983730473602442e-05
61 -1.4063405139389282e-05
62 -1.463163505535702e-05
63 -1.42248114450652e-05
64 -1.4459191682950293e-05
65 -1.3922817220916377e-05
66 -1.347092531812808e-05
67 -1.3757271372117246e-05
68 -1.4145113488602668e-05
69 -1.4190023476851344e-05
70 -1.3999173753611733e-05
71 -1.3545564232196077e-05
72 -1.4184557973143895e-05
73 -1.3767447901175771e-05
74 -1.3864929249139067e-05
75 -1.4197054762394514e-05
76 -1.3744618037261223e-05
77 -1.384824321903536e-05
78 -1.4057658702103163e-05
79 -1.4101313188429944e-05
80 -1.4539145879492021e-05
81 -1.3721105406476643e-05
82 -1.472483411289631e-05
83 -1.40194989870324e-05
84 -1.4432193101920933e-05
85 -1.3974028179672553e-05
86 -1.4111356865078654e-05
87 -1.4009644292955082e-05
88 -1.3860385625413418e-05
89 -1.3991897323825848e-05
90 -1.4170214267895295e-05
91 -1.4258645474006645e-05
92 -1.3985062682894707e-05
93 -1.4375552334054723e-05
94 -1.4118312674409807e-05
95 -1.3947832811505961e-05
96 -1.3939694551199386e-05
97 -1.4548920149043726e-05
98 -1.4565478769510027e-05
99 -1.3340060911629579e-05
100 -1.4105383901524465e-05
101 -1.3979064678714735e-05
102 -1.420546099703256e-05
103 -1.3772395097417612e-05
104 -1.4122675582166867e-05
105 -1.3658113604040516e-05
106 -1.3852772302724751e-05
107 -1.3848902966683833e-05
108 -1.38006217428614e-05
109 -1.3967195957572136e-05
110 -1.4225019726011775e-05
111 -1.4169457418805415e-05
112 -1.4425577562504172e-05
113 -1.4240577142367788e-05
114 -1.4201602554752204e-05
115 -1.4210368743953962e-05
116 -1.3817823460174214e-05
117 -1.3945768970738613e-05
118 -1.4712417959316798e-05
119 -1.3729739162731243e-05
120 -1.3899849997282014e-05
121 -1.412657619082389e-05
122 -1.4066796545620913e-05
123 -1.4128147738005693e-05
124 -1.4639699742502363e-05
125 -1.4540485134217154e-05
126 -1.4096145185434327e-05
127 -1.406257847827381e-05
128 -1.3494025920449867e-05
129 -1.4162360193233774e-05
130 -1.356249358831823e-05
131 -1.3383243569964315e-05
132 -1.4729597601060374e-05
133 -1.4299792106800383e-05
134 -1.4338052786854849e-05
135 -1.3992519446637975e-05
136 -1.455317710977563e-05
137 -1.3991341811077418e-05
138 -1.3906612266382713e-05
139 -1.4107534798341258e-05
140 -1.441133713518087e-05
141 -1.3591863967570996e-05
142 -1.3873413000616575e-05
143 -1.3952986067610795e-05
144 -1.4201210053726705e-05
145 -1.3764518888039517e-05
146 -1.3969113887621455e-05
147 -1.3840364194928272e-05
148 -1.4245795925605934e-05
149 -1.4354974554573407e-05
150 -1.415961434947616e-05
151 -1.3866924720435749e-05
152 -1.4398519007828683e-05
153 -1.4167953463759153e-05
154 -1.3965550737330514e-05
155 -1.3775861852254868e-05
156 -1.3597779310475285e-05
157 -1.3634155161377336e-05
158 -1.3843525869239282e-05
159 -1.4077097820246026e-05
160 -1.4053644911763101e-05
161 -1.4653632498321932e-05
162 -1.430055633441334e-05
163 -1.3955357875903422e-05
164 -1.3844389094556149e-05
165 -1.4150121881390199e-05
166 -1.4247750679833816e-05
167 -1.4056140455026914e-05
168 -1.4114323843396975e-05
169 -1.4050182672255143e-05
170 -1.3656566728069195e-05
171 -1.3958746785175002e-05
172 -1.3651742458085789e-05
173 -1.4118110439902213e-05
174 -1.3779980017103242e-05
175 -1.4012524001950203e-05
176 -1.3950379895736205e-05
177 -1.430710981374211e-05
178 -1.4290971498807584e-05
179 -1.4122896747499214e-05
180 -1.3406428722941127e-05
181 -1.3799886510929222e-05
182 -1.3460879104267646e-05
183 -1.4834957621350993e-05
184 -1.412537017208015e-05
185 -1.3989325324461044e-05
186 -1.4005531708559155e-05
187 -1.3783624768964377e-05
188 -1.3921267325146815e-05
189 -1.4051644456750363e-05
190 -1.435882123755193e-05
191 -1.3815335480501854e-05
192 -1.3599805897142691e-05
193 -1.3605882259596408e-05
194 -1.4010883067637473e-05
195 -1.3861840904842298e-05
196 -1.3875240421533198e-05
197 -1.3957343777732642e-05
198 -1.3920073592398418e-05
199 -1.4039000579972289e-05
200 -1.3808617869023891e-05
201 -1.399798935297075e-05
202 -1.4301518611977392e-05
203 -1.408879771350421e-05
204 -1.4424640501522287e-05
205 -1.368287855527136e-05
206 -1.4085185265574037e-05
207 -1.4075062165275953e-05
208 -1.3581351870994663e-05
209 -1.3476701053510151e-05
210 -1.456722162040939e-05
211 -1.327748376008361e-05
212 -1.4154176068745545e-05
213 -1.4061621866807143e-05
214 -1.4078129013035843e-05
215 -1.3869811180739962e-05
216 -1.3706929946578245e-05
217 -1.3904303795038443e-05
218 -1.4389729457804035e-05
219 -1.3520974792355578e-05
220 -1.3721916973988462e-05
221 -1.3963726893195898e-05
222 -1.3971968086258973e-05
223 -1.4400791026078462e-05
224 -1.400823115537433e-05
225 -1.4212199133950383e-05
226 -1.3843619206700387e-05
227 -1.4010709245047378e-05
228 -1.3853961220141271e-05
229 -1.4736604859829231e-05
230 -1.405256014176352e-05
231 -1.3958009234525917e-05
232 -1.4295884720593511e-05
233 -1.4134490380884124e-05
234 -1.4019917033912112e-05
235 -1.4245834881860887e-05
236 -1.4027450260444729e-05
237 -1.383935996661625e-05
238 -1.4506733234384579e-05
239 -1.4235450453272915e-05
240 -1.3881897107069754e-05
241 -1.3763865490434494e-05
242 -1.4113954573716259e-05
243 -1.3724289619659819e-05
244 -1.3898328356876377e-05
245 -1.417432645207581e-05
246 -1.4011331695561356e-05
247 -1.3866775816962303e-05
248 -1.3385147553218958e-05
249 -1.3805883758963697e-05
250 -1.3596161619356128e-05
251 -1.3814758353399212e-05
252 -1.4314879571891713e-05
253 -1.4641659729577914e-05
254 -1.4256330299539542e-05
255 -1.4329155987982737e-05
256 -1.4340023091834583e-05
257 -1.4016444203301423e-05
258 -1.427229431739311e-05
259 -1.4068654253488473e-05
260 -1.3891144783554433e-05
261 -1.3810918237022873e-05
262 -1.3649756925589679e-05
263 -1.4374269317842365e-05
264 -1.4305979295330638e-05
265 -1.427833722741152e-05
266 -1.4268455434143643e-05
267 -1.3875071704999054e-05
268 -1.4227542548534563e-05
269 -1.3735896196206404e-05
270 -1.3978689655492808e-05
271 -1.3754961408327797e-05
272 -1.4296312572038084e-05
273 -1.4497501199571853e-05
274 -1.3996712076620519e-05
275 -1.3778328467065175e-05
276 -1.300367408165295e-05
277 -1.396692099195169e-05
278 -1.4000408936736399e-05
279 -1.3720822212350246e-05
280 -1.3705182702238492e-05
281 -1.3736069917556013e-05
282 -1.4472392751465622e-05
283 -1.369721133612016e-05
284 -1.4087755526684004e-05
285 -1.3887350278767601e-05
286 -1.3850924578051789e-05
287 -1.444298502317029e-05
288 -1.4315546849265336e-05
289 -1.4107862586636454e-05
290 -1.411303984048679e-05
291 -1.3590473705582823e-05
292 -1.3769017510111335e-05
293 -1.4073680392110065e-05
294 -1.3989733415716946e-05
295 -1.3776511748135367e-05
296 -1.4148506005227923e-05
297 -1.3915323640466668e-05
298 -1.3970100851817555e-05
299 -1.4144496944781734e-05
