0 -1.850377416304992e-06
1 -1.923653104056086e-06
2 -1.7631371354635776e-06
3 -1.6471429333878446e-06
4 -1.879983194630002e-06
5 -1.4827763502998473e-06
6 -1.5916101039753837e-06
7 -1.5500423418031977e-06
8 -1.5347141715474752e-06
9 -1.642811738808021e-06
10 -1.5145780416817372e-06
11 -1.8642012267906787e-06
12 -1.6848777278375254e-06
13 -1.7996595664292678e-06
14 -1.7700115581552927e-06
15 -1.8773517653941092e-06
16 -1.7101072876091353e-06
17 -1.7718892343713744e-06
18 -1.7849803518531066e-06
19 -1.52227970832864e-06
20 -1.6112602764866162e-06
21 -1.7612387580808308e-06
22 -1.794686807425692e-06
23 -1.828492055318915e-06
24 -1.5542285508881857e-06
25 -1.7583463077503623e-06
26 -1.7745539437942065e-06
27 -1.7369274465341876e-06
28 -1.757036455786989e-06
29 -1.831280609870743e-06
30 -1.777131250860476e-06
31 -1.8136798126436325e-06
32 -1.805022463601479e-06
33 -1.8248823652977818e-06
34 -1.7715809476842736e-06
35 -1.620084202623373e-06
36 -1.5989811012414463e-06
37 -1.697756318633745e-06
38 -2.0034572151456777e-06
39 -1.8313091822636504e-06
40 -1.9749739319330717e-06
41 -1.7991603949248808e-06
42 -1.4956950442437993e-06
43 -1.9444691739320044e-06
44 -1.536626565012385e-06
45 -1.7943479936872506e-06
46 -1.5634730125614914e-06
47 -1.8999866458830492e-06
48 -1.6557821207009291e-06
49 -1.7206816374992762e-06
50 -1.6499391350015141e-06
51 -1.7810103205104743e-06
52 -1.7571920773421575e-06
53 -1.8676111106279214e-06
54 -1.7798816753895723e-06
55 -1.8317428724320334e-06
56 -1.5742388617093238e-06
57 -1.677259168307606e-06
58 -1.802501073384719e-06
59 -1.847020746456484e-06
60 -1.876062939211172e-06
61 -1.717916958286893e-06
62 -1.5357013093895017e-06
63 -1.783595388319302e-06
64 -1.581116831733424e-06
65 -1.7341658678987926e-06
66 -2.0520570665732746e-06
67 -1.9299409487019373e-06
68 -1.7835120800861453e-06
69 -1.495334631612459e-06
70 -1.8051789315222617e-06
71 -1.8010302091503634e-06
72 -1.8429170172416746e-06
73 -1.7993144531207756e-06
74 -1.7376218490473903e-06
75 -1.8558832509901867e-06
76 -1.9151987403006183e-06
77 -1.7348316979924433e-06
78 -1.6921460176257532e-06
79 -1.7300602313270075e-06
80 -1.4967018119770302e-06
81 -1.8174054000071977e-06
82 -1.3970727997858846e-06
83 -1.8674517495057758e-06
84 -1.552440990581111e-06
85 -1.8457656291921328e-06
86 -1.8553349199820519e-06
87 -1.8534627839811313e-06
88 -1.8679391357823915e-06
89 -1.7568568794963408e-06
90 -1.6431025192926547e-06
91 -1.7022330260302858e-06
92 -1.6777394530869188e-06
93 -1.6027029992932438e-06
94 -1.6739721564948417e-06
95 -1.7744116154624042e-06
96 -1.7575183029469767e-06
97 -1.6072236085374057e-06
98 -1.6512944621134023e-06
99 -2.0305363268171955e-06
100 -1.7801390898880646e-06
101 -1.8327738872174805e-06
102 -1.657472125788366e-06
103 -1.848026086380293e-06
104 -1.7734061123145143e-06
105 -1.8549852567168695e-06
106 -1.9150495786291193e-06
107 -1.963576726934872e-06
108 -1.927375737679519e-06
109 -1.7573297102373531e-06
110 -1.7831499899029482e-06
111 -1.777644338749029e-06
112 -1.5905339256876582e-06
113 -1.6590892463024645e-06
114 -1.7075391388142003e-06
115 -1.6651156225615353e-06
116 -1.8471766121554635e-06
117 -1.77558924717666e-06
118 -1.3777325773284625e-06
119 -1.7951828247439854e-06
120 -1.8761072514879493e-06
121 -1.7695939161742475e-06
122 -1.8324960537856474e-06
123 -1.7462426417301243e-06
124 -1.3890161281905456e-06
125 -1.4691084722641985e-06
126 -1.7154802987318382e-06
127 -1.839116042914711e-06
128 -1.97865088820536e-06
129 -1.6884958904068815e-06
130 -1.9195129695895742e-06
131 -2.097550056590023e-06
132 -1.514228892932801e-06
133 -1.7115706657078003e-06
134 -1.522510529264383e-06
135 -1.832397263963139e-06
136 -1.4334111967521926e-06
137 -1.7285831437067065e-06
138 -1.834316464268606e-06
139 -1.8815467299568314e-06
140 -1.613623342270369e-06
141 -1.8969741890709482e-06
142 -1.910671736724554e-06
143 -1.8465214717271213e-06
144 -1.6414799588176147e-06
145 -1.9511005264115706e-06
146 -1.6473804236761344e-06
147 -1.7397991561765932e-06
148 -1.6782612737855488e-06
149 -1.567254197226143e-06
150 -1.687078875345679e-06
151 -1.8725872899235325e-06
152 -1.6331410779307125e-06
153 -1.5976586986814122e-06
154 -1.8830439939096385e-06
155 -1.7753825464046335e-06
156 -2.05225562332556e-06
157 -1.930937871720663e-06
158 -1.8042964135843588e-06
159 -1.6868800303496987e-06
160 -1.6337618798654962e-06
161 -1.4743051679096272e-06
162 -1.6336685488374786e-06
163 -1.562520849046082e-06
164 -1.8116173013063156e-06
165 -1.908105366369751e-06
166 -1.6969695202887673e-06
167 -1.6247301879522694e-06
168 -1.7418125224197325e-06
169 -1.808870712948406e-06
170 -1.8838438518164587e-06
171 -1.8177649268154533e-06
172 -1.8009771368749286e-06
173 -1.671634296278147e-06
174 -1.8770128086109141e-06
175 -1.7918939555860347e-06
176 -1.796125109595345e-06
177 -1.6950795813932774e-06
178 -1.6378993459937563e-06
179 -1.676826705460713e-06
180 -1.8965220390864712e-06
181 -1.7912648876200426e-06
182 -1.960165185616281e-06
183 -1.345202708911499e-06
184 -1.8012225836009577e-06
185 -1.7511869697730977e-06
186 -1.6524744838281063e-06
187 -1.8755827121782505e-06
188 -1.8476894811862257e-06
189 -1.747041798558684e-06
190 -1.6212610281654896e-06
191 -1.9077282500292867e-06
192 -2.000907767098158e-06
193 -2.0445116521139056e-06
194 -1.798300644362991e-06
195 -1.794925169099101e-06
196 -1.8132495688514135e-06
197 -1.873291449140528e-06
198 -1.8378268752572225e-06
199 -1.8721027702829786e-06
200 -1.902426502541566e-06
201 -1.7324528637704692e-06
202 -1.669056209933673e-06
203 -1.7794404737670663e-06
204 -1.5210037589062412e-06
205 -1.8693493851835482e-06
206 -1.8237831808879927e-06
207 -1.6992297481320229e-06
208 -1.9867764494697774e-06
209 -2.039068190056985e-06
210 -1.4801964366184599e-06
211 -2.0913643714877987e-06
212 -1.7134426904074864e-06
213 -1.8414073633497403e-06
214 -1.5602494673947191e-06
215 -1.7952190959182645e-06
216 -2.0319448643526987e-06
217 -1.8024062465523247e-06
218 -1.6333508487880414e-06
219 -2.174046011244295e-06
220 -1.8300977710610822e-06
221 -1.865451089532135e-06
222 -1.8213984326304988e-06
223 -1.5097232318656347e-06
224 -2.0097723668981088e-06
225 -1.7258212528356294e-06
226 -1.8022743421995321e-06
227 -1.8032176992270661e-06
228 -1.7688138008004976e-06
229 -1.438793228093102e-06
230 -1.7387153639706361e-06
231 -1.820103532922428e-06
232 -1.6233062867406436e-06
233 -1.769866639188259e-06
234 -1.6549487837048052e-06
235 -1.7541076985055087e-06
236 -1.7920335746319075e-06
237 -1.983354418224268e-06
238 -1.5493311618949888e-06
239 -1.609377628063987e-06
240 -1.8729407323870138e-06
241 -1.9058282488311551e-06
242 -1.7609803167126142e-06
243 -1.8905653665427127e-06
244 -1.7460964986073829e-06
245 -1.7093223292849382e-06
246 -1.796322948861524e-06
247 -1.7755753321105885e-06
248 -2.0637246045720265e-06
249 -1.880469786122613e-06
250 -2.028504818231396e-06
251 -1.8101971766635423e-06
252 -1.6862592078167439e-06
253 -1.490635196310344e-06
254 -1.6971672840895108e-06
255 -1.5593976488329332e-06
256 -1.670300006295177e-06
257 -1.7372794155626031e-06
258 -1.5733425972500046e-06
259 -1.7751942313667004e-06
260 -1.8373464127208945e-06
261 -1.9586618170915163e-06
262 -2.0036445628582475e-06
263 -1.6023389548421421e-06
264 -1.6548131020724564e-06
265 -1.4602834085497127e-06
266 -1.6410759125503977e-06
267 -1.8334663265532348e-06
268 -1.7530123533187665e-06
269 -1.9497740893417874e-06
270 -1.8458887299613397e-06
271 -1.8024452360238311e-06
272 -1.7101591859715856e-06
273 -1.623821567858368e-06
274 -1.7428627266213499e-06
275 -1.7065113781857798e-06
276 -2.2292177416265813e-06
277 -1.828823198506182e-06
278 -1.8395076078887064e-06
279 -1.8726640265910122e-06
280 -1.9017136233107342e-06
281 -2.0419871773114575e-06
282 -1.6618131507561448e-06
283 -1.8746452407754885e-06
284 -1.8040533703369216e-06
285 -1.8136811573438732e-06
286 -1.872648314654992e-06
287 -1.5017877018040506e-06
288 -1.623389965367085e-06
289 -1.7303813527593761e-06
290 -1.5981420322833224e-06
291 -1.7465942717921086e-06
292 -1.9469646355856033e-06
293 -1.7711444124115378e-06
294 -1.809228218969663e-06
295 -1.9003575702372936e-06
296 -1.6916128021714976e-06
297 -1.8128463577023681e-06
298 -1.8625477877867737e-06
299 -1.7779756768069063e-06
